lower bound for relaxed s_ij: 1228847.22

#####################################################

solved with: SP.constructive_heuristics.GeneralHeuristic
time limit: 3600.0 s
time to solve: 0,00 s
objective value: 1331876.33

stacks (top to bottom):
stack 0:    511 244 807 333 252 382 72 
stack 1:    74 305 214 202 174 58 932 
stack 2:    281 126 306 515 164 876 250 
stack 3:    725 268 429 452 919 491 177 
stack 4:    918 654 428 891 275 534 354 
stack 5:    759 507 750 650 203 482 57 
stack 6:    539 578 458 681 194 837 196 
stack 7:    933 279 570 369 624 435 898 
stack 8:    366 274 422 524 572 171 671 
stack 9:    616 221 971 950 785 329 871 
stack 10:    127 557 197 477 12 136 392 
stack 11:    149 30 563 925 317 705 531 
stack 12:    420 787 614 828 754 339 89 
stack 13:    436 719 908 639 494 542 835 
stack 14:    451 52 315 256 993 60 833 
stack 15:    613 999 459 827 124 304 869 
stack 16:    368 936 921 385 227 470 389 
stack 17:    585 745 213 675 280 445 6 
stack 18:    896 574 263 588 599 184 806 
stack 19:    615 591 985 138 659 642 513 
stack 20:    798 942 497 223 386 884 814 
stack 21:    243 582 25 480 819 40 870 
stack 22:    703 232 845 111 987 105 601 
stack 23:    633 166 119 155 387 321 152 
stack 24:    656 207 361 490 90 163 737 
stack 25:    91 608 641 865 118 872 580 
stack 26:    550 337 974 593 751 509 75 
stack 27:    323 718 602 663 852 519 940 
stack 28:    481 191 962 439 376 461 348 
stack 29:    65 747 903 55 190 181 183 
stack 30:    332 905 308 776 964 506 922 
stack 31:    212 211 313 186 18 198 545 
stack 32:    314 447 147 701 818 627 630 
stack 33:    36 696 26 831 796 779 425 
stack 34:    210 473 594 311 355 418 731 
stack 35:    934 185 620 732 134 554 510 
stack 36:    758 2 102 505 961 821 883 
stack 37:    636 180 672 658 777 982 43 
stack 38:    943 158 928 295 889 109 948 
stack 39:    498 287 249 864 780 393 377 
stack 40:    298 755 87 34 790 914 618 
stack 41:    285 748 78 479 707 169 358 
stack 42:    95 586 175 783 261 740 103 
stack 43:    466 713 156 417 116 410 998 
stack 44:    414 277 327 120 907 583 289 
stack 45:    902 730 530 151 218 734 697 
stack 46:    895 347 686 283 547 370 669 
stack 47:    695 976 62 139 706 165 501 
stack 48:    684 46 535 9 949 360 915 
stack 49:    930 685 760 21 952 899 32 
stack 50:    106 237 316 603 581 215 901 
stack 51:    527 566 947 931 981 838 114 
stack 52:    770 765 700 927 723 600 140 
stack 53:    478 794 5 231 446 632 189 
stack 54:    401 848 340 666 520 858 668 
stack 55:    182 673 812 322 456 944 44 
stack 56:    469 735 887 617 45 66 282 
stack 57:    235 142 272 832 388 567 682 
stack 58:    464 782 10 206 956 661 568 
stack 59:    879 430 517 504 880 651 625 
stack 60:    621 117 584 334 307 216 351 
stack 61:    257 288 551 781 53 496 168 
stack 62:    857 958 893 273 381 135 788 
stack 63:    604 744 924 343 187 637 662 
stack 64:    154 51 704 31 873 148 850 
stack 65:    141 512 664 356 297 860 874 
stack 66:    647 188 61 319 571 255 271 
stack 67:    415 540 342 724 331 153 565 
stack 68:    769 204 199 693 241 407 939 
stack 69:    595 628 64 396 811 242 345 
stack 70:    728 844 97 83 717 909 0 
stack 71:    159 33 560 859 408 564 698 
stack 72:    129 910 7 596 757 741 391 
stack 73:    533 607 970 228 853 536 371 
stack 74:    820 431 416 722 813 4 128 
stack 75:    123 687 743 146 692 789 537 
stack 76:    771 972 753 442 988 800 488 
stack 77:    764 968 894 846 173 640 677 
stack 78:    398 448 390 100 612 946 443 
stack 79:    977 225 27 16 674 104 979 
stack 80:    484 229 991 660 48 462 449 
stack 81:    219 299 344 720 766 792 802 
stack 82:    847 558 489 85 916 404 63 
stack 83:    455 208 320 284 39 691 476 
stack 84:    379 556 20 22 157 471 130 
stack 85:    733 318 826 729 855 84 205 
stack 86:    200 468 843 992 41 405 170 
stack 87:    665 523 906 326 917 559 522 
stack 88:    756 797 259 330 438 122 573 
stack 89:    823 938 239 253 3 774 56 
stack 90:    107 609 143 167 412 94 260 
stack 91:    67 913 552 518 384 246 808 
stack 92:    433 912 453 364 296 137 849 
stack 93:    35 851 978 145 365 359 768 
stack 94:    626 746 709 980 8 997 372 
stack 95:    411 59 162 373 113 115 809 
stack 96:    817 240 380 966 160 967 702 
stack 97:    96 172 293 965 945 13 606 
stack 98:    192 996 312 990 413 810 716 
stack 99:    92 657 892 248 324 773 678 
stack 100:    888 236 79 81 440 592 444 
stack 101:    577 525 47 247 76 286 923 
stack 102:    179 708 17 310 409 561 643 
stack 103:    217 226 367 49 840 610 649 
stack 104:    973 483 516 538 454 688 834 
stack 105:    399 437 251 70 233 278 532 
stack 106:    667 441 775 50 576 882 575 
stack 107:    71 875 150 935 290 303 487 
stack 108:    544 98 597 234 861 54 886 
stack 109:    648 363 954 397 969 644 450 
stack 110:    652 897 890 784 195 265 680 
stack 111:    983 421 635 953 460 736 937 
stack 112:    309 694 619 193 427 80 403 
stack 113:    715 375 941 854 803 423 82 
stack 114:    238 201 121 424 132 486 866 
stack 115:    598 653 521 590 711 749 541 
stack 116:    362 714 739 492 989 176 986 
stack 117:    543 721 569 645 824 679 474 
stack 118:    885 108 670 579 842 144 994 
stack 119:    804 555 264 868 841 761 957 
stack 120:    689 623 500 224 676 42 546 
stack 121:    528 929 349 605 553 209 508 
stack 122:    762 881 485 353 267 529 301 
stack 123:    400 262 738 73 292 710 493 
stack 124:    374 829 911 88 220 904 230 
stack 125:    434 394 302 825 346 395 499 
stack 126:    589 752 68 562 963 526 125 
stack 127:    258 99 900 548 432 465 133 
stack 128:    29 699 995 863 276 161 836 
stack 129:    402 38 959 549 960 328 712 
stack 130:    799 69 587 801 805 926 457 
stack 131:    350 341 24 270 955 335 683 
stack 132:    975 772 815 77 634 419 631 
stack 133:    690 131 878 325 357 23 93 
stack 134:    110 86 28 294 816 727 101 
stack 135:    300 406 383 622 463 266 11 
stack 136:    763 638 269 503 112 19 839 
stack 137:    495 646 951 178 793 822 472 
stack 138:    1 222 795 254 15 37 336 
stack 139:    862 778 867 338 467 352 475 
stack 140:    611 502 378 629 
stack 141:    291 742 514 830 
stack 142:    245 655 767 791 984 14 
stack 143:    856 426 726 
stack 144:    786 
stack 145:    877 
stack 146:    
stack 147:    920 
stack 148:    
stack 149:    
stack 150:    
stack 151:    
stack 152:    
stack 153:    
stack 154:    
stack 155:    
stack 156:    
stack 157:    
stack 158:    
stack 159:    
stack 160:    
stack 161:    
stack 162:    
stack 163:    
stack 164:    
stack 165:    
stack 166:    
stack 167:    
stack 168:    
stack 169:    
stack 170:    
stack 171:    
