lower bound for relaxed s_ij: 1228844.86

#####################################################

solved with: SP.constructive_heuristics.GeneralHeuristic
time limit: 3600.0 s
time to solve: 0,00 s
objective value: 1330137.11

stacks (top to bottom):
stack 0:    333 199 997 743 963 655 612 
stack 1:    443 338 508 829 573 794 866 
stack 2:    363 693 114 445 57 527 476 
stack 3:    506 460 427 396 255 707 444 
stack 4:    942 785 943 668 59 276 274 
stack 5:    235 577 454 837 629 292 564 
stack 6:    46 310 149 765 634 500 49 
stack 7:    106 93 393 290 497 411 205 
stack 8:    375 177 336 763 640 864 156 
stack 9:    840 542 656 845 419 196 85 
stack 10:    213 767 610 352 590 159 392 
stack 11:    455 853 293 203 592 635 291 
stack 12:    42 239 757 515 780 711 179 
stack 13:    700 317 835 219 369 909 153 
stack 14:    816 25 434 539 681 288 858 
stack 15:    876 941 620 734 75 974 593 
stack 16:    708 39 529 836 774 526 929 
stack 17:    637 584 602 520 9 586 474 
stack 18:    822 659 787 717 616 648 554 
stack 19:    64 775 332 117 104 189 912 
stack 20:    503 718 365 133 650 714 589 
stack 21:    125 215 404 90 473 10 73 
stack 22:    279 260 630 738 402 723 538 
stack 23:    852 322 321 306 669 838 691 
stack 24:    428 739 368 277 80 695 301 
stack 25:    958 608 0 263 889 666 820 
stack 26:    426 825 804 848 898 598 662 
stack 27:    53 224 888 29 278 534 901 
stack 28:    202 865 709 747 551 615 357 
stack 29:    750 218 391 600 33 206 440 
stack 30:    166 334 844 136 609 860 543 
stack 31:    748 849 862 389 211 397 115 
stack 32:    130 275 259 380 401 146 410 
stack 33:    917 703 413 702 995 490 672 
stack 34:    541 231 238 725 578 601 78 
stack 35:    493 280 710 501 436 386 803 
stack 36:    398 661 210 495 638 65 395 
stack 37:    233 418 374 422 907 893 154 
stack 38:    272 186 17 890 891 682 502 
stack 39:    581 762 759 452 550 63 463 
stack 40:    856 407 325 953 50 335 499 
stack 41:    3 284 985 517 736 971 241 
stack 42:    884 766 194 251 728 168 472 
stack 43:    181 311 887 919 142 356 18 
stack 44:    957 722 47 345 232 88 914 
stack 45:    847 403 776 955 684 627 109 
stack 46:    533 885 570 732 755 297 720 
stack 47:    113 906 915 871 430 854 265 
stack 48:    304 812 453 27 192 555 390 
stack 49:    559 585 258 945 548 678 343 
stack 50:    56 111 540 67 833 458 128 
stack 51:    74 528 560 180 201 868 456 
stack 52:    77 351 982 892 283 300 498 
stack 53:    262 675 726 361 373 692 212 
stack 54:    141 475 448 20 144 70 416 
stack 55:    415 802 654 429 951 342 370 
stack 56:    242 15 697 227 487 623 252 
stack 57:    24 788 37 562 188 103 611 
stack 58:    191 819 981 157 7 689 639 
stack 59:    875 228 652 903 565 464 171 
stack 60:    488 783 28 348 569 874 764 
stack 61:    911 60 132 273 208 294 967 
stack 62:    643 587 84 966 326 801 751 
stack 63:    198 512 719 271 446 204 696 
stack 64:    733 653 950 220 209 248 513 
stack 65:    976 68 673 131 250 846 924 
stack 66:    354 337 467 979 607 773 381 
stack 67:    516 366 23 753 264 937 811 
stack 68:    731 108 908 525 857 97 989 
stack 69:    809 918 394 582 405 878 869 
stack 70:    98 579 62 483 617 984 164 
stack 71:    22 952 447 465 591 328 40 
stack 72:    82 621 71 671 449 162 31 
stack 73:    792 486 99 970 599 644 749 
stack 74:    94 514 882 480 309 772 987 
stack 75:    658 831 902 789 112 329 145 
stack 76:    346 563 556 318 32 632 320 
stack 77:    815 834 596 928 818 547 843 
stack 78:    701 604 339 605 190 572 954 
stack 79:    842 594 44 626 687 850 261 
stack 80:    270 484 990 745 217 12 101 
stack 81:    172 221 771 877 851 400 388 
stack 82:    216 760 872 226 510 66 8 
stack 83:    795 174 646 808 721 377 552 
stack 84:    576 509 769 625 870 331 530 
stack 85:    123 412 170 944 567 975 408 
stack 86:    921 674 441 253 936 247 5 
stack 87:    137 580 716 496 364 466 758 
stack 88:    468 4 948 904 680 949 223 
stack 89:    993 859 267 358 690 107 727 
stack 90:    962 667 83 930 694 883 664 
stack 91:    706 536 269 595 417 282 686 
stack 92:    230 946 151 633 118 642 489 
stack 93:    663 813 184 939 778 197 425 
stack 94:    182 938 511 494 810 1 704 
stack 95:    81 312 143 384 307 362 800 
stack 96:    371 287 79 839 89 575 698 
stack 97:    461 229 603 665 791 471 19 
stack 98:    147 43 313 173 195 922 439 
stack 99:    160 423 768 433 705 761 814 
stack 100:    961 95 421 76 988 657 670 
stack 101:    730 660 683 86 451 724 330 
stack 102:    926 477 880 54 994 895 524 
stack 103:    72 735 886 6 597 34 972 
stack 104:    152 45 992 998 566 797 161 
stack 105:    431 742 129 507 296 645 185 
stack 106:    376 127 485 910 927 996 824 
stack 107:    314 207 900 631 879 925 781 
stack 108:    786 807 289 305 140 470 200 
stack 109:    479 817 340 350 355 964 176 
stack 110:    931 916 647 973 521 134 740 
stack 111:    378 323 796 92 256 11 713 
stack 112:    308 793 116 469 935 437 268 
stack 113:    896 522 863 828 406 784 266 
stack 114:    41 905 399 175 537 383 353 
stack 115:    969 744 14 519 96 298 699 
stack 116:    873 38 960 688 135 968 299 
stack 117:    139 553 983 349 798 30 685 
stack 118:    913 535 324 225 120 158 561 
stack 119:    628 712 855 826 442 752 977 
stack 120:    544 583 379 257 119 21 830 
stack 121:    69 618 799 478 138 821 641 
stack 122:    435 249 36 48 756 741 491 
stack 123:    327 2 286 549 481 545 897 
stack 124:    385 827 303 193 613 770 382 
stack 125:    58 148 122 932 651 178 372 
stack 126:    315 285 933 894 91 236 450 
stack 127:    121 169 344 782 457 240 546 
stack 128:    622 234 965 532 920 243 432 
stack 129:    806 214 420 438 729 558 867 
stack 130:    881 359 737 245 940 102 557 
stack 131:    302 619 222 841 574 13 165 
stack 132:    715 244 35 26 899 649 568 
stack 133:    52 110 155 414 55 51 677 
stack 134:    295 387 588 100 126 16 624 
stack 135:    87 991 163 61 978 959 777 
stack 136:    779 805 614 636 409 504 459 
stack 137:    754 986 482 934 679 746 360 
stack 138:    319 999 167 956 531 861 
stack 139:    347 316 
stack 140:    505 254 980 246 571 518 105 
stack 141:    367 424 187 823 790 281 523 
stack 142:    676 606 150 832 492 
stack 143:    947 462 
stack 144:    124 237 923 
stack 145:    183 341 
stack 146:    
stack 147:    
stack 148:    
stack 149:    
stack 150:    
stack 151:    
stack 152:    
stack 153:    
stack 154:    
stack 155:    
stack 156:    
stack 157:    
stack 158:    
stack 159:    
stack 160:    
stack 161:    
stack 162:    
stack 163:    
stack 164:    
stack 165:    
stack 166:    
stack 167:    
stack 168:    
stack 169:    
stack 170:    
stack 171:    
