lower bound for relaxed s_ij: 1228855.72

#####################################################

solved with: SP.constructive_heuristics.GeneralHeuristic
time limit: 3600.0 s
time to solve: 0,00 s
objective value: 1330930.99

stacks (top to bottom):
stack 0:    834 969 965 805 603 587 897 
stack 1:    998 967 867 626 640 446 840 
stack 2:    959 980 356 354 43 632 287 
stack 3:    206 870 79 804 976 667 782 
stack 4:    579 887 574 19 661 562 304 
stack 5:    447 134 28 707 512 539 952 
stack 6:    599 849 380 987 208 366 305 
stack 7:    182 76 230 900 554 489 939 
stack 8:    701 645 827 668 423 322 719 
stack 9:    974 150 88 727 255 191 189 
stack 10:    91 219 498 227 813 178 463 
stack 11:    679 326 545 845 333 776 695 
stack 12:    344 460 982 979 186 612 144 
stack 13:    891 279 646 67 809 316 478 
stack 14:    98 221 416 387 38 434 656 
stack 15:    381 339 899 93 328 82 272 
stack 16:    183 376 797 439 882 335 596 
stack 17:    705 800 669 977 555 5 878 
stack 18:    593 938 341 734 842 712 525 
stack 19:    672 12 990 586 781 412 725 
stack 20:    530 280 52 159 291 730 995 
stack 21:    762 818 158 125 362 686 893 
stack 22:    226 480 913 83 886 116 875 
stack 23:    62 517 133 542 401 955 812 
stack 24:    825 737 687 748 859 190 624 
stack 25:    528 213 94 65 680 491 472 
stack 26:    115 552 771 682 431 901 553 
stack 27:    301 582 864 66 962 838 201 
stack 28:    678 80 961 880 914 398 589 
stack 29:    293 167 890 145 452 428 563 
stack 30:    895 650 44 836 95 600 568 
stack 31:    407 535 435 41 72 163 343 
stack 32:    427 252 721 984 276 405 211 
stack 33:    564 231 256 103 21 85 869 
stack 34:    270 107 415 207 546 289 106 
stack 35:    795 181 240 253 13 898 139 
stack 36:    24 760 112 944 0 732 135 
stack 37:    724 406 618 193 905 689 638 
stack 38:    475 637 522 424 430 903 629 
stack 39:    37 336 147 90 309 39 445 
stack 40:    673 250 597 736 634 379 729 
stack 41:    548 7 630 986 622 6 345 
stack 42:    740 844 334 402 948 35 698 
stack 43:    128 778 837 940 224 619 862 
stack 44:    168 956 991 527 572 234 714 
stack 45:    120 960 264 170 467 229 288 
stack 46:    410 690 843 349 664 871 323 
stack 47:    502 718 496 830 777 556 541 
stack 48:    299 457 450 174 477 935 907 
stack 49:    538 464 888 759 25 31 217 
stack 50:    683 358 573 164 756 934 483 
stack 51:    733 831 104 857 543 758 271 
stack 52:    391 823 456 118 856 429 283 
stack 53:    290 978 355 931 2 773 928 
stack 54:    239 471 198 644 932 267 367 
stack 55:    75 399 269 55 963 745 688 
stack 56:    485 364 143 946 492 815 703 
stack 57:    803 320 966 92 524 243 432 
stack 58:    500 652 720 200 265 549 466 
stack 59:    382 949 105 340 941 685 863 
stack 60:    578 908 676 613 319 479 140 
stack 61:    203 169 81 708 927 767 981 
stack 62:    58 108 920 915 285 559 706 
stack 63:    259 922 160 884 157 216 342 
stack 64:    764 534 816 770 923 352 332 
stack 65:    254 78 484 132 896 532 347 
stack 66:    989 361 635 9 388 268 806 
stack 67:    14 59 298 750 551 26 820 
stack 68:    654 302 536 350 930 610 557 
stack 69:    786 1 653 507 774 442 74 
stack 70:    60 400 228 763 244 700 300 
stack 71:    992 621 655 768 641 509 607 
stack 72:    523 964 631 242 409 742 711 
stack 73:    205 370 225 296 180 284 109 
stack 74:    363 136 440 754 248 749 303 
stack 75:    854 465 277 576 817 993 177 
stack 76:    476 868 47 368 508 113 124 
stack 77:    531 824 262 172 346 518 911 
stack 78:    657 983 560 220 514 788 390 
stack 79:    833 791 318 426 89 129 544 
stack 80:    383 196 580 263 569 889 247 
stack 81:    64 747 811 826 910 16 218 
stack 82:    566 802 321 783 275 292 769 
stack 83:    312 369 210 649 616 418 741 
stack 84:    715 313 437 917 850 642 755 
stack 85:    15 29 799 970 194 222 906 
stack 86:    393 223 877 866 50 421 606 
stack 87:    310 537 510 832 117 717 317 
stack 88:    99 784 821 919 61 4 665 
stack 89:    801 594 408 601 372 674 151 
stack 90:    331 473 926 954 921 885 306 
stack 91:    474 561 286 57 636 199 794 
stack 92:    155 495 728 384 722 40 453 
stack 93:    852 241 126 662 373 872 425 
stack 94:    462 699 68 692 533 493 357 
stack 95:    403 520 469 153 22 765 881 
stack 96:    761 506 798 314 994 693 87 
stack 97:    743 547 691 184 348 808 325 
stack 98:    46 214 497 753 709 943 810 
stack 99:    260 902 581 501 847 796 86 
stack 100:    595 188 212 482 766 251 591 
stack 101:    375 359 34 675 752 176 519 
stack 102:    69 835 45 237 658 550 822 
stack 103:    807 443 929 611 454 627 604 
stack 104:    3 677 233 614 63 148 505 
stack 105:    71 841 202 996 33 540 744 
stack 106:    620 8 258 53 851 567 392 
stack 107:    245 468 17 455 130 122 448 
stack 108:    274 56 988 420 584 787 490 
stack 109:    583 577 294 746 110 643 209 
stack 110:    161 119 96 504 156 735 266 
stack 111:    238 54 585 972 281 663 20 
stack 112:    985 311 97 876 775 757 308 
stack 113:    947 77 951 780 602 779 953 
stack 114:    997 879 828 42 441 360 909 
stack 115:    772 639 615 814 70 503 10 
stack 116:    918 102 785 696 716 633 704 
stack 117:    588 481 936 731 458 684 396 
stack 118:    570 84 605 11 461 404 235 
stack 119:    149 521 365 950 694 422 282 
stack 120:    937 419 628 723 386 511 958 
stack 121:    111 236 154 516 486 351 385 
stack 122:    670 397 257 374 146 488 127 
stack 123:    23 215 204 337 18 123 904 
stack 124:    278 329 173 166 327 894 192 
stack 125:    792 710 846 933 592 565 789 
stack 126:    32 273 916 999 617 558 666 
stack 127:    973 681 855 114 451 330 515 
stack 128:    142 411 623 848 957 175 338 
stack 129:    726 121 819 137 924 444 185 
stack 130:    945 625 975 152 513 27 659 
stack 131:    171 608 395 839 739 371 470 
stack 132:    487 702 609 232 48 738 295 
stack 133:    751 394 499 187 494 790 865 
stack 134:    197 324 971 100 179 433 571 
stack 135:    195 138 51 389 651 377 861 
stack 136:    261 883 378 892 307 30 413 
stack 137:    73 697 165 315 131 436 925 
stack 138:    249 660 671 529 449 829 793 
stack 139:    912 860 647 858 575 968 713 
stack 140:    459 853 414 162 353 141 874 
stack 141:    526 49 
stack 142:    101 246 36 873 
stack 143:    297 438 590 
stack 144:    942 417 648 
stack 145:    
stack 146:    598 
stack 147:    
stack 148:    
stack 149:    
stack 150:    
stack 151:    
stack 152:    
stack 153:    
stack 154:    
stack 155:    
stack 156:    
stack 157:    
stack 158:    
stack 159:    
stack 160:    
stack 161:    
stack 162:    
stack 163:    
stack 164:    
stack 165:    
stack 166:    
stack 167:    
stack 168:    
stack 169:    
stack 170:    
stack 171:    
