lower bound for relaxed s_ij: 1228860.6

#####################################################

solved with: SP.constructive_heuristics.GeneralHeuristic
time limit: 3600.0 s
time to solve: 0,00 s
objective value: 1331827.87

stacks (top to bottom):
stack 0:    267 881 422 665 681 426 343 
stack 1:    913 82 261 941 521 889 311 
stack 2:    772 483 220 779 294 474 647 
stack 3:    271 516 720 270 826 487 794 
stack 4:    112 806 861 988 908 931 451 
stack 5:    697 756 923 253 281 104 439 
stack 6:    798 914 611 651 388 43 204 
stack 7:    967 468 844 250 538 415 955 
stack 8:    349 702 329 205 122 184 857 
stack 9:    383 209 606 809 455 298 73 
stack 10:    542 788 587 396 771 962 946 
stack 11:    180 921 307 134 996 876 842 
stack 12:    313 244 891 243 405 990 420 
stack 13:    28 553 35 291 840 886 462 
stack 14:    116 523 958 505 614 527 511 
stack 15:    493 229 603 54 87 38 301 
stack 16:    624 501 578 162 971 709 453 
stack 17:    308 997 0 148 342 174 79 
stack 18:    560 88 862 64 637 688 749 
stack 19:    775 581 216 643 444 53 899 
stack 20:    933 515 11 285 873 922 428 
stack 21:    513 479 717 97 667 287 868 
stack 22:    49 727 476 740 672 107 19 
stack 23:    463 633 39 91 37 460 555 
stack 24:    590 391 755 879 458 103 602 
stack 25:    714 676 817 201 539 531 722 
stack 26:    532 508 795 332 563 852 947 
stack 27:    224 884 678 547 239 760 314 
stack 28:    105 905 909 524 934 992 46 
stack 29:    608 238 192 339 181 153 394 
stack 30:    440 494 113 374 843 409 721 
stack 31:    71 759 437 101 792 265 482 
stack 32:    594 790 565 65 492 50 605 
stack 33:    887 964 127 810 598 586 151 
stack 34:    155 789 703 631 370 939 3 
stack 35:    632 910 109 345 845 6 968 
stack 36:    175 906 381 156 774 926 912 
stack 37:    773 350 273 186 404 133 385 
stack 38:    803 242 477 522 445 623 830 
stack 39:    824 90 366 940 470 982 330 
stack 40:    973 503 556 807 998 498 481 
stack 41:    801 497 502 783 222 86 30 
stack 42:    302 711 693 469 627 819 189 
stack 43:    680 604 119 777 419 917 484 
stack 44:    848 467 787 543 569 953 108 
stack 45:    358 617 236 966 295 364 894 
stack 46:    851 382 561 979 690 942 400 
stack 47:    61 157 408 500 359 212 202 
stack 48:    289 145 762 325 572 22 168 
stack 49:    600 780 689 800 193 976 791 
stack 50:    696 75 595 361 118 724 161 
stack 51:    23 395 159 975 333 165 573 
stack 52:    448 535 872 636 336 576 441 
stack 53:    814 283 519 767 276 15 866 
stack 54:    618 839 832 182 235 657 782 
stack 55:    758 888 277 704 692 700 666 
stack 56:    117 280 904 764 612 833 225 
stack 57:    316 369 506 936 188 564 490 
stack 58:    719 510 635 320 471 673 430 
stack 59:    867 264 170 275 94 213 27 
stack 60:    363 674 619 655 446 199 995 
stack 61:    324 26 765 949 978 13 847 
stack 62:    875 41 849 7 924 166 821 
stack 63:    959 44 677 249 196 5 286 
stack 64:    141 615 752 855 129 927 735 
stack 65:    859 293 514 983 713 620 687 
stack 66:    106 661 582 549 671 95 652 
stack 67:    536 850 274 691 315 815 954 
stack 68:    829 310 353 326 812 496 227 
stack 69:    214 745 319 138 424 256 882 
stack 70:    723 185 813 29 902 937 865 
stack 71:    593 233 125 255 447 715 152 
stack 72:    31 507 475 935 403 454 928 
stack 73:    486 864 84 863 853 610 825 
stack 74:    299 81 517 589 658 785 499 
stack 75:    137 78 183 977 387 541 682 
stack 76:    198 960 435 751 21 191 114 
stack 77:    58 230 18 354 140 858 944 
stack 78:    835 278 452 656 827 433 802 
stack 79:    425 248 742 111 377 206 601 
stack 80:    208 948 753 52 580 641 668 
stack 81:    373 24 380 69 179 124 528 
stack 82:    378 102 552 414 616 190 793 
stack 83:    642 149 303 20 412 738 537 
stack 84:    429 548 211 362 279 874 639 
stack 85:    62 76 911 566 132 649 160 
stack 86:    121 823 348 237 146 344 554 
stack 87:    932 120 741 93 167 718 895 
stack 88:    648 1 427 897 491 878 418 
stack 89:    66 597 399 818 139 885 670 
stack 90:    684 763 154 918 584 786 811 
stack 91:    150 970 32 588 368 252 89 
stack 92:    662 219 518 974 530 950 328 
stack 93:    943 218 969 546 929 981 986 
stack 94:    8 464 45 679 356 100 743 
stack 95:    805 169 485 318 577 143 290 
stack 96:    707 659 461 384 465 951 296 
stack 97:    411 371 434 796 747 200 376 
stack 98:    312 223 83 625 799 628 177 
stack 99:    365 401 187 317 123 985 272 
stack 100:    304 568 171 288 831 144 80 
stack 101:    232 443 596 776 663 331 260 
stack 102:    638 347 733 459 217 488 938 
stack 103:    609 579 900 48 51 480 893 
stack 104:    585 999 10 583 438 300 215 
stack 105:    739 716 406 142 99 393 402 
stack 106:    16 613 732 626 85 254 675 
stack 107:    98 449 397 728 136 685 945 
stack 108:    952 925 644 268 282 710 965 
stack 109:    413 558 877 757 128 860 164 
stack 110:    984 178 416 2 489 335 390 
stack 111:    778 770 896 575 669 450 916 
stack 112:    334 545 297 736 784 367 557 
stack 113:    994 989 305 221 856 768 769 
stack 114:    660 392 9 284 36 621 478 
stack 115:    258 725 247 634 629 135 309 
stack 116:    4 417 355 592 245 77 195 
stack 117:    834 571 12 357 495 372 898 
stack 118:    698 207 746 650 327 110 890 
stack 119:    972 907 607 34 292 512 442 
stack 120:    197 241 993 322 622 130 398 
stack 121:    40 664 351 17 956 712 96 
stack 122:    360 729 559 892 730 431 915 
stack 123:    574 472 901 47 56 203 25 
stack 124:    466 228 748 630 797 653 737 
stack 125:    686 263 131 60 525 838 562 
stack 126:    694 540 407 903 176 386 816 
stack 127:    708 808 163 147 436 251 599 
stack 128:    705 828 33 234 14 695 504 
stack 129:    473 194 92 567 55 115 67 
stack 130:    74 919 726 645 72 340 509 
stack 131:    766 266 961 699 68 920 551 
stack 132:    389 654 991 854 846 338 820 
stack 133:    323 781 306 987 701 246 240 
stack 134:    883 456 750 257 421 529 520 
stack 135:    42 963 930 534 59 269 226 
stack 136:    550 57 172 423 262 869 231 
stack 137:    804 880 706 533 570 837 761 
stack 138:    70 822 337 158 379 432 841 
stack 139:    870 836 640 259 734 63 346 
stack 140:    321 731 683 744 126 526 591 
stack 141:    544 210 457 352 341 754 375 
stack 142:    646 980 410 871 
stack 143:    173 957 
stack 144:    
stack 145:    
stack 146:    
stack 147:    
stack 148:    
stack 149:    
stack 150:    
stack 151:    
stack 152:    
stack 153:    
stack 154:    
stack 155:    
stack 156:    
stack 157:    
stack 158:    
stack 159:    
stack 160:    
stack 161:    
stack 162:    
stack 163:    
stack 164:    
stack 165:    
stack 166:    
stack 167:    
stack 168:    
stack 169:    
stack 170:    
stack 171:    
