lower bound for relaxed s_ij: 1228841.16

#####################################################

solved with: SP.constructive_heuristics.GeneralHeuristic
time limit: 3600.0 s
time to solve: 0,00 s
objective value: 1326876.84

stacks (top to bottom):
stack 0:    441 308 548 883 661 445 837 
stack 1:    440 475 843 732 68 418 500 
stack 2:    907 904 422 631 665 899 632 
stack 3:    281 28 30 204 802 468 242 
stack 4:    214 582 183 959 145 880 713 
stack 5:    368 299 806 472 293 829 102 
stack 6:    856 786 342 966 834 12 677 
stack 7:    754 249 39 10 532 336 57 
stack 8:    135 18 499 648 153 813 523 
stack 9:    118 26 302 543 676 673 453 
stack 10:    274 130 697 514 243 785 132 
stack 11:    505 975 790 645 232 509 0 
stack 12:    994 903 554 762 745 377 454 
stack 13:    970 290 347 284 37 176 110 
stack 14:    792 477 432 24 603 426 864 
stack 15:    643 694 476 965 615 807 844 
stack 16:    641 820 768 849 701 300 964 
stack 17:    35 931 389 773 949 63 909 
stack 18:    257 940 985 234 181 424 761 
stack 19:    889 33 738 593 256 498 947 
stack 20:    857 485 772 390 149 510 614 
stack 21:    305 247 393 850 303 7 971 
stack 22:    599 459 581 669 488 322 571 
stack 23:    226 225 240 331 425 729 628 
stack 24:    483 86 544 469 373 430 166 
stack 25:    602 297 31 577 640 549 311 
stack 26:    622 104 217 470 85 618 710 
stack 27:    876 934 875 905 838 900 81 
stack 28:    706 349 782 14 639 935 238 
stack 29:    202 809 827 671 315 894 516 
stack 30:    793 285 711 756 817 925 137 
stack 31:    133 125 478 667 596 819 279 
stack 32:    54 83 62 851 101 4 429 
stack 33:    223 323 522 494 165 113 616 
stack 34:    84 557 27 117 186 182 521 
stack 35:    944 451 658 556 65 764 575 
stack 36:    392 937 51 316 920 526 541 
stack 37:    586 998 148 610 704 45 15 
stack 38:    201 159 725 702 921 629 139 
stack 39:    536 407 3 527 465 718 910 
stack 40:    508 399 995 839 504 280 164 
stack 41:    630 329 119 115 917 507 528 
stack 42:    656 143 326 693 50 173 481 
stack 43:    519 565 237 210 222 71 88 
stack 44:    82 545 958 890 683 546 996 
stack 45:    902 131 770 282 147 188 157 
stack 46:    824 961 684 926 272 116 963 
stack 47:    993 520 321 696 335 479 818 
stack 48:    450 401 977 946 94 52 482 
stack 49:    20 269 107 592 600 728 254 
stack 50:    755 44 328 178 211 709 38 
stack 51:    162 633 794 863 551 260 277 
stack 52:    271 207 746 604 360 869 306 
stack 53:    495 617 501 42 330 731 672 
stack 54:    836 197 911 825 986 558 304 
stack 55:    382 847 460 506 41 353 67 
stack 56:    579 343 461 420 25 720 685 
stack 57:    194 334 455 199 759 888 727 
stack 58:    437 662 231 588 141 682 262 
stack 59:    324 675 357 812 574 555 638 
stack 60:    414 419 168 457 716 808 473 
stack 61:    9 503 914 705 209 361 955 
stack 62:    421 471 228 363 230 263 760 
stack 63:    680 436 76 689 416 487 163 
stack 64:    901 427 369 707 712 160 490 
stack 65:    267 606 542 865 91 338 511 
stack 66:    620 928 169 444 391 594 413 
stack 67:    826 213 779 984 270 375 601 
stack 68:    751 216 464 404 317 397 776 
stack 69:    447 341 885 21 492 938 893 
stack 70:    275 327 325 47 866 77 870 
stack 71:    370 605 803 362 833 879 775 
stack 72:    915 924 743 151 179 255 670 
stack 73:    730 387 882 840 816 719 624 
stack 74:    781 286 609 997 981 423 796 
stack 75:    800 787 69 496 734 623 70 
stack 76:    355 611 664 855 5 853 403 
stack 77:    686 663 989 561 789 871 982 
stack 78:    550 350 653 886 646 248 388 
stack 79:    848 570 351 583 276 657 72 
stack 80:    172 89 736 859 466 724 8 
stack 81:    292 835 534 868 265 49 587 
stack 82:    695 356 830 405 652 365 348 
stack 83:    409 690 191 862 449 983 394 
stack 84:    918 109 359 319 525 212 386 
stack 85:    105 780 726 312 458 354 752 
stack 86:    753 320 538 763 777 767 861 
stack 87:    988 846 627 99 692 564 644 
stack 88:    196 758 484 215 572 208 740 
stack 89:    922 462 244 200 58 766 307 
stack 90:    933 621 798 991 873 884 229 
stack 91:    943 941 769 559 700 29 489 
stack 92:    967 318 167 2 134 398 540 
stack 93:    310 828 180 668 553 531 236 
stack 94:    452 891 502 295 815 674 852 
stack 95:    595 456 198 346 637 845 969 
stack 96:    717 443 814 737 314 679 144 
stack 97:    294 923 175 120 80 142 973 
stack 98:    378 371 174 380 649 860 474 
stack 99:    783 598 177 385 822 358 289 
stack 100:    660 497 978 227 156 431 11 
stack 101:    585 251 491 239 791 823 98 
stack 102:    811 607 408 919 189 75 654 
stack 103:    273 309 345 539 659 90 140 
stack 104:    691 126 439 877 529 799 97 
stack 105:    801 562 778 945 951 287 184 
stack 106:    150 372 552 171 810 224 612 
stack 107:    625 533 956 46 744 666 804 
stack 108:    187 805 832 948 434 929 739 
stack 109:    578 530 245 688 681 741 93 
stack 110:    897 932 962 406 205 241 40 
stack 111:    259 379 435 53 972 953 887 
stack 112:    340 881 493 979 733 446 61 
stack 113:    749 714 161 376 152 438 170 
stack 114:    795 757 990 735 589 22 220 
stack 115:    566 185 448 13 974 218 906 
stack 116:    100 95 467 78 655 980 111 
stack 117:    364 442 952 480 203 92 535 
stack 118:    400 821 895 233 252 352 374 
stack 119:    591 337 127 264 878 626 34 
stack 120:    206 64 678 235 892 987 136 
stack 121:    954 797 765 433 192 74 874 
stack 122:    999 155 858 6 913 344 103 
stack 123:    651 636 60 266 547 568 79 
stack 124:    698 412 867 486 774 410 872 
stack 125:    608 936 512 723 428 158 17 
stack 126:    268 124 146 513 635 395 43 
stack 127:    841 515 59 219 908 930 976 
stack 128:    650 939 384 129 190 1 590 
stack 129:    154 687 580 301 992 48 912 
stack 130:    73 56 298 313 831 96 66 
stack 131:    715 950 288 415 642 402 383 
stack 132:    128 193 246 573 854 960 221 
stack 133:    138 367 569 253 576 722 647 
stack 134:    748 518 957 896 417 524 708 
stack 135:    567 283 597 560 634 122 250 
stack 136:    121 784 36 898 114 563 699 
stack 137:    742 291 195 296 339 942 927 
stack 138:    19 703 278 333 517 381 87 
stack 139:    112 537 258 747 613 106 396 
stack 140:    55 261 411 584 366 771 842 
stack 141:    332 23 750 619 463 
stack 142:    108 
stack 143:    916 16 721 788 
stack 144:    32 
stack 145:    123 
stack 146:    968 
stack 147:    
stack 148:    
stack 149:    
stack 150:    
stack 151:    
stack 152:    
stack 153:    
stack 154:    
stack 155:    
stack 156:    
stack 157:    
stack 158:    
stack 159:    
stack 160:    
stack 161:    
stack 162:    
stack 163:    
stack 164:    
stack 165:    
stack 166:    
stack 167:    
stack 168:    
stack 169:    
stack 170:    
stack 171:    
