lower bound for relaxed s_ij: 1228865.4

#####################################################

solved with: SP.constructive_heuristics.GeneralHeuristic
time limit: 3600.0 s
time to solve: 0,00 s
objective value: 1332458.09

stacks (top to bottom):
stack 0:    365 199 871 124 869 654 264 
stack 1:    426 36 57 872 205 827 484 
stack 2:    310 209 241 763 890 329 178 
stack 3:    40 677 425 135 648 12 920 
stack 4:    345 945 413 724 635 840 225 
stack 5:    918 934 270 594 196 616 553 
stack 6:    106 75 601 467 51 850 138 
stack 7:    430 799 342 712 114 778 960 
stack 8:    352 30 910 305 973 735 207 
stack 9:    271 796 371 997 564 32 632 
stack 10:    175 24 924 618 951 58 122 
stack 11:    976 690 375 250 16 95 581 
stack 12:    673 217 49 183 325 54 897 
stack 13:    698 757 657 316 998 800 245 
stack 14:    510 274 43 544 868 889 590 
stack 15:    151 18 717 747 76 502 653 
stack 16:    900 450 985 607 79 752 226 
stack 17:    873 659 822 592 333 5 157 
stack 18:    23 44 66 125 992 343 887 
stack 19:    569 567 838 720 315 120 979 
stack 20:    922 220 649 725 991 221 263 
stack 21:    107 899 422 443 748 870 357 
stack 22:    665 867 634 373 170 81 953 
stack 23:    454 159 682 923 737 646 119 
stack 24:    788 93 994 740 332 958 929 
stack 25:    273 354 622 188 580 281 458 
stack 26:    488 636 212 60 190 390 984 
stack 27:    308 177 322 685 596 728 709 
stack 28:    173 412 926 990 19 572 179 
stack 29:    785 705 772 438 499 402 251 
stack 30:    835 415 227 287 10 89 219 
stack 31:    197 466 631 745 470 294 486 
stack 32:    555 94 240 571 115 642 116 
stack 33:    668 8 988 279 164 589 478 
stack 34:    100 22 523 67 789 420 554 
stack 35:    986 472 540 406 538 798 937 
stack 36:    708 379 952 131 730 863 252 
stack 37:    883 377 621 851 874 262 256 
stack 38:    376 833 547 41 269 185 736 
stack 39:    954 101 331 767 335 503 194 
stack 40:    231 848 64 694 85 168 768 
stack 41:    123 904 802 200 153 815 382 
stack 42:    605 498 324 98 427 442 703 
stack 43:    267 473 222 556 861 437 223 
stack 44:    353 702 753 625 337 749 511 
stack 45:    449 996 38 389 746 692 330 
stack 46:    485 487 593 369 585 739 884 
stack 47:    395 600 810 47 409 916 664 
stack 48:    374 536 791 606 521 392 11 
stack 49:    999 363 278 74 238 535 722 
stack 50:    744 82 591 475 400 936 15 
stack 51:    608 268 627 577 460 908 248 
stack 52:    587 906 660 396 2 666 481 
stack 53:    172 716 163 84 62 161 528 
stack 54:    700 718 277 695 766 661 629 
stack 55:    298 189 83 575 894 817 598 
stack 56:    103 507 1 229 414 962 303 
stack 57:    723 92 678 517 266 489 959 
stack 58:    837 31 779 452 568 423 811 
stack 59:    651 919 150 9 706 421 417 
stack 60:    165 500 282 515 533 195 786 
stack 61:    939 855 455 995 508 239 296 
stack 62:    53 386 433 896 758 126 80 
stack 63:    432 857 578 950 180 731 805 
stack 64:    943 169 743 145 783 111 582 
stack 65:    341 816 733 719 309 639 626 
stack 66:    989 497 56 550 637 764 630 
stack 67:    320 975 658 541 610 663 537 
stack 68:    583 78 368 691 980 318 465 
stack 69:    576 858 434 167 20 349 512 
stack 70:    715 742 977 643 704 254 361 
stack 71:    323 403 258 727 181 314 445 
stack 72:    312 935 784 866 836 154 407 
stack 73:    644 509 771 408 687 130 942 
stack 74:    311 907 824 853 213 914 699 
stack 75:    558 524 549 91 697 255 428 
stack 76:    276 136 102 506 895 366 803 
stack 77:    562 831 903 46 645 972 726 
stack 78:    401 968 941 808 843 482 862 
stack 79:    829 441 602 174 828 520 59 
stack 80:    780 246 118 210 970 707 552 
stack 81:    529 901 807 729 63 275 468 
stack 82:    104 155 214 652 55 738 545 
stack 83:    965 234 191 676 187 781 42 
stack 84:    762 152 483 142 321 0 72 
stack 85:    166 204 232 741 834 946 680 
stack 86:    453 90 721 388 546 667 283 
stack 87:    88 29 878 456 760 782 338 
stack 88:    435 948 462 358 215 981 865 
stack 89:    823 370 476 956 494 774 424 
stack 90:    61 978 399 754 33 696 290 
stack 91:    818 451 301 346 307 247 288 
stack 92:    565 669 845 68 37 681 208 
stack 93:    416 193 711 947 909 519 584 
stack 94:    505 440 928 595 495 604 146 
stack 95:    350 813 34 790 921 249 457 
stack 96:    71 73 881 493 160 530 955 
stack 97:    186 50 385 902 448 688 228 
stack 98:    272 14 97 944 45 679 447 
stack 99:    144 940 351 613 297 372 313 
stack 100:    216 218 974 436 378 148 99 
stack 101:    617 285 917 672 814 253 380 
stack 102:    418 362 355 291 683 109 710 
stack 103:    444 461 563 326 518 619 480 
stack 104:    364 812 893 573 875 113 628 
stack 105:    879 404 431 319 504 336 184 
stack 106:    132 304 756 539 387 566 548 
stack 107:    393 139 841 839 842 806 777 
stack 108:    260 755 419 854 701 203 121 
stack 109:    876 551 898 932 327 69 25 
stack 110:    201 257 856 684 574 982 633 
stack 111:    886 192 244 429 809 522 787 
stack 112:    821 614 70 206 662 117 35 
stack 113:    983 931 770 859 28 3 603 
stack 114:    469 198 534 847 526 819 108 
stack 115:    609 233 299 384 137 7 149 
stack 116:    714 411 775 243 820 410 560 
stack 117:    561 328 641 86 797 360 993 
stack 118:    471 966 930 647 300 17 339 
stack 119:    140 405 670 491 640 773 26 
stack 120:    162 650 182 344 242 112 96 
stack 121:    398 289 849 949 825 211 127 
stack 122:    732 891 713 844 882 6 280 
stack 123:    230 969 559 638 971 612 48 
stack 124:    913 237 885 340 611 459 793 
stack 125:    259 295 804 588 394 513 880 
stack 126:    302 860 65 570 397 492 176 
stack 127:    490 734 671 147 367 158 912 
stack 128:    105 474 623 496 171 391 110 
stack 129:    761 795 13 134 615 776 801 
stack 130:    439 143 347 284 527 557 911 
stack 131:    39 359 514 525 27 286 599 
stack 132:    141 877 656 852 87 915 531 
stack 133:    689 128 624 925 888 961 751 
stack 134:    334 864 759 832 686 
stack 135:    446 655 292 356 830 4 464 
stack 136:    675 542 957 579 905 235 306 
stack 137:    224 967 927 938 769 21 597 
stack 138:    794 543 586 133 892 532 202 
stack 139:    674 501 77 620 348 693 317 
stack 140:    516 156 265 750 381 477 52 
stack 141:    261 826 964 987 765 
stack 142:    963 236 129 
stack 143:    383 293 463 
stack 144:    933 
stack 145:    479 846 792 
stack 146:    
stack 147:    
stack 148:    
stack 149:    
stack 150:    
stack 151:    
stack 152:    
stack 153:    
stack 154:    
stack 155:    
stack 156:    
stack 157:    
stack 158:    
stack 159:    
stack 160:    
stack 161:    
stack 162:    
stack 163:    
stack 164:    
stack 165:    
stack 166:    
stack 167:    
stack 168:    
stack 169:    
stack 170:    
stack 171:    
