lower bound for relaxed s_ij: 1228832.66

#####################################################

solved with: SP.constructive_heuristics.GeneralHeuristic
time limit: 3600.0 s
time to solve: 0,00 s
objective value: 1332167.21

stacks (top to bottom):
stack 0:    447 233 540 295 883 425 162 
stack 1:    897 215 830 906 82 623 100 
stack 2:    15 392 354 92 779 408 66 
stack 3:    559 499 284 176 32 41 652 
stack 4:    759 845 656 957 785 123 75 
stack 5:    390 713 558 905 553 42 318 
stack 6:    316 930 259 765 640 2 9 
stack 7:    626 694 238 918 641 232 179 
stack 8:    168 501 525 341 560 812 674 
stack 9:    45 754 328 389 327 50 121 
stack 10:    57 580 562 722 47 160 922 
stack 11:    462 384 764 497 423 102 998 
stack 12:    265 563 864 212 583 863 279 
stack 13:    909 999 686 458 904 853 336 
stack 14:    53 371 268 396 901 846 308 
stack 15:    138 926 597 385 875 91 908 
stack 16:    120 226 305 768 388 874 513 
stack 17:    642 699 795 122 312 337 675 
stack 18:    807 243 679 470 878 0 452 
stack 19:    840 857 964 153 442 902 353 
stack 20:    161 372 777 645 192 163 955 
stack 21:    745 402 48 456 288 313 127 
stack 22:    299 98 861 365 183 133 828 
stack 23:    205 923 635 16 93 382 332 
stack 24:    434 260 180 724 561 928 257 
stack 25:    33 688 424 227 732 489 101 
stack 26:    96 348 672 291 38 77 729 
stack 27:    576 683 568 129 797 374 323 
stack 28:    413 4 136 142 607 381 578 
stack 29:    726 466 428 19 757 594 601 
stack 30:    952 539 17 782 178 155 451 
stack 31:    924 629 61 865 90 985 687 
stack 32:    650 794 280 369 933 837 255 
stack 33:    951 209 344 469 678 829 695 
stack 34:    303 235 145 71 174 893 386 
stack 35:    579 617 293 590 528 264 548 
stack 36:    151 809 131 761 208 228 920 
stack 37:    914 239 884 848 514 881 608 
stack 38:    1 251 503 468 444 326 518 
stack 39:    792 356 786 273 714 43 655 
stack 40:    435 523 849 438 149 231 942 
stack 41:    56 872 347 781 709 685 762 
stack 42:    599 275 643 440 459 342 88 
stack 43:    995 362 165 636 644 31 216 
stack 44:    107 334 991 950 544 360 29 
stack 45:    146 59 403 770 173 888 730 
stack 46:    947 230 110 67 646 592 939 
stack 47:    310 262 616 378 377 104 967 
stack 48:    204 752 6 978 119 931 58 
stack 49:    464 494 147 965 490 169 248 
stack 50:    421 816 697 427 80 346 944 
stack 51:    276 445 743 702 296 213 760 
stack 52:    111 184 716 554 479 887 508 
stack 53:    246 453 871 894 596 919 37 
stack 54:    69 825 719 913 784 799 407 
stack 55:    220 524 860 156 20 191 912 
stack 56:    737 858 34 895 46 707 582 
stack 57:    335 612 682 564 140 258 791 
stack 58:    546 109 956 211 81 159 457 
stack 59:    613 838 315 826 615 654 712 
stack 60:    882 483 441 763 363 535 859 
stack 61:    570 780 890 309 689 319 95 
stack 62:    915 668 3 647 460 966 842 
stack 63:    217 555 203 571 527 294 631 
stack 64:    750 249 108 749 454 415 819 
stack 65:    7 229 124 269 990 317 355 
stack 66:    605 244 975 465 485 22 221 
stack 67:    307 416 547 550 681 164 778 
stack 68:    338 450 648 23 818 521 621 
stack 69:    461 393 199 73 534 512 963 
stack 70:    401 410 302 54 429 705 298 
stack 71:    330 247 892 116 194 35 704 
stack 72:    412 936 426 747 132 21 522 
stack 73:    488 126 917 823 277 271 649 
stack 74:    481 411 125 304 76 387 420 
stack 75:    606 611 484 787 242 603 835 
stack 76:    598 399 932 431 789 195 531 
stack 77:    831 532 742 256 898 664 254 
stack 78:    455 190 624 449 170 214 847 
stack 79:    586 171 604 982 537 854 733 
stack 80:    115 117 89 911 509 364 885 
stack 81:    467 167 725 274 968 152 357 
stack 82:    473 855 741 529 26 11 856 
stack 83:    515 186 671 720 973 241 112 
stack 84:    542 739 193 638 653 278 349 
stack 85:    680 633 822 934 94 609 39 
stack 86:    736 379 433 270 776 551 530 
stack 87:    767 422 478 844 843 832 55 
stack 88:    72 448 406 801 900 28 753 
stack 89:    405 253 391 868 684 771 150 
stack 90:    400 395 68 948 188 361 717 
stack 91:    339 552 14 634 366 921 996 
stack 92:    79 128 198 189 569 97 740 
stack 93:    196 811 135 766 703 10 333 
stack 94:    519 808 602 896 500 297 673 
stack 95:    734 517 575 667 358 817 941 
stack 96:    223 796 206 718 959 306 880 
stack 97:    620 929 706 352 417 158 397 
stack 98:    414 992 728 637 783 409 993 
stack 99:    439 83 879 814 430 748 201 
stack 100:    486 916 723 87 798 971 600 
stack 101:    181 663 773 676 755 587 803 
stack 102:    738 804 27 588 618 839 836 
stack 103:    727 474 200 802 44 436 516 
stack 104:    925 867 972 394 834 824 721 
stack 105:    143 866 320 538 202 873 487 
stack 106:    949 927 493 218 283 78 979 
stack 107:    710 8 691 475 311 105 70 
stack 108:    788 287 731 746 172 383 36 
stack 109:    480 589 651 40 506 373 536 
stack 110:    224 630 113 398 565 345 549 
stack 111:    472 977 154 690 960 359 85 
stack 112:    591 99 25 185 252 627 806 
stack 113:    852 862 987 51 976 492 5 
stack 114:    572 236 476 708 419 696 139 
stack 115:    628 958 772 292 187 60 769 
stack 116:    404 148 981 282 851 261 970 
stack 117:    660 557 52 84 272 237 984 
stack 118:    367 595 756 491 106 744 343 
stack 119:    670 86 210 157 886 662 177 
stack 120:    632 321 669 903 505 290 495 
stack 121:    810 545 657 953 610 63 507 
stack 122:    937 899 815 989 735 520 711 
stack 123:    340 103 114 245 820 375 876 
stack 124:    74 30 751 511 813 946 331 
stack 125:    350 502 567 64 841 827 289 
stack 126:    240 324 325 622 267 175 141 
stack 127:    698 701 891 625 581 432 666 
stack 128:    207 935 437 850 62 12 351 
stack 129:    182 300 533 380 940 585 130 
stack 130:    692 774 285 498 463 496 281 
stack 131:    446 219 510 639 197 250 266 
stack 132:    118 574 758 543 677 961 821 
stack 133:    370 24 376 482 974 805 907 
stack 134:    286 593 65 659 693 584 665 
stack 135:    322 566 477 225 134 166 658 
stack 136:    234 889 222 700 329 314 954 
stack 137:    988 504 870 962 833 556 877 
stack 138:    619 573 800 986 715 614 301 
stack 139:    418 443 526 983 997 943 793 
stack 140:    869 938 471 661 790 994 137 
stack 141:    49 368 13 577 910 
stack 142:    541 775 980 
stack 143:    18 
stack 144:    144 945 263 
stack 145:    969 
stack 146:    
stack 147:    
stack 148:    
stack 149:    
stack 150:    
stack 151:    
stack 152:    
stack 153:    
stack 154:    
stack 155:    
stack 156:    
stack 157:    
stack 158:    
stack 159:    
stack 160:    
stack 161:    
stack 162:    
stack 163:    
stack 164:    
stack 165:    
stack 166:    
stack 167:    
stack 168:    
stack 169:    
stack 170:    
stack 171:    
