lower bound for relaxed s_ij: 1228855.8

#####################################################

solved with: SP.constructive_heuristics.GeneralHeuristic
time limit: 3600.0 s
time to solve: 0,00 s
objective value: 1330894.63

stacks (top to bottom):
stack 0:    20 340 972 470 305 944 822 
stack 1:    922 150 573 626 165 841 932 
stack 2:    838 536 15 823 965 265 207 
stack 3:    464 854 993 213 113 181 631 
stack 4:    466 842 342 471 300 733 302 
stack 5:    574 183 561 381 986 453 187 
stack 6:    430 308 313 718 469 855 245 
stack 7:    727 439 133 11 163 14 81 
stack 8:    279 653 957 26 655 415 341 
stack 9:    800 623 433 155 144 587 292 
stack 10:    456 813 661 10 668 348 48 
stack 11:    319 621 833 750 721 347 649 
stack 12:    751 815 262 682 423 920 903 
stack 13:    616 652 784 360 312 663 158 
stack 14:    468 924 910 219 310 53 418 
stack 15:    531 780 564 575 256 868 608 
stack 16:    321 168 343 926 775 872 131 
stack 17:    218 62 805 441 745 510 974 
stack 18:    879 270 192 548 865 420 963 
stack 19:    382 505 739 237 161 756 482 
stack 20:    171 664 125 912 532 555 732 
stack 21:    700 951 594 275 389 38 175 
stack 22:    888 807 857 956 708 337 883 
stack 23:    112 322 586 6 147 692 876 
stack 24:    172 792 913 287 632 164 722 
stack 25:    837 152 457 798 589 959 500 
stack 26:    769 411 241 962 472 714 635 
stack 27:    40 900 672 253 357 39 835 
stack 28:    116 201 231 863 301 162 431 
stack 29:    191 691 884 811 629 909 636 
stack 30:    602 177 293 754 100 203 266 
stack 31:    200 193 997 556 57 261 458 
stack 32:    257 268 286 34 285 866 858 
stack 33:    832 242 704 880 537 518 408 
stack 34:    249 757 459 126 781 267 452 
stack 35:    409 396 189 473 186 770 617 
stack 36:    987 747 329 552 752 51 22 
stack 37:    671 362 562 445 97 658 907 
stack 38:    140 860 809 539 740 673 78 
stack 39:    461 64 933 790 79 734 173 
stack 40:    846 755 251 24 891 559 153 
stack 41:    849 83 395 132 66 182 221 
stack 42:    660 416 404 839 419 291 479 
stack 43:    146 346 697 514 414 233 606 
stack 44:    778 827 527 670 601 244 111 
stack 45:    263 686 643 758 103 565 844 
stack 46:    538 724 749 487 613 535 365 
stack 47:    71 303 856 553 848 391 953 
stack 48:    501 996 440 881 17 195 551 
stack 49:    534 390 455 506 675 46 777 
stack 50:    130 650 437 578 693 776 569 
stack 51:    977 945 725 31 628 875 603 
stack 52:    709 592 680 861 273 23 315 
stack 53:    637 591 720 612 517 269 434 
stack 54:    54 783 528 964 935 825 493 
stack 55:    136 373 818 923 282 797 768 
stack 56:    773 988 946 955 746 49 934 
stack 57:    810 243 214 558 892 361 260 
stack 58:    145 830 405 795 224 226 467 
stack 59:    483 19 930 332 576 42 376 
stack 60:    557 571 676 108 149 276 633 
stack 61:    662 998 867 674 989 646 669 
stack 62:    492 460 748 99 59 104 252 
stack 63:    344 595 701 447 298 604 894 
stack 64:    446 968 369 334 975 583 318 
stack 65:    893 401 13 862 741 278 56 
stack 66:    333 198 184 25 683 802 45 
stack 67:    384 696 426 763 5 180 228 
stack 68:    210 9 225 413 803 371 914 
stack 69:    306 110 715 229 687 938 474 
stack 70:    560 638 424 730 32 980 971 
stack 71:    325 128 710 688 598 828 374 
stack 72:    58 801 925 504 648 869 526 
stack 73:    765 542 380 185 496 871 728 
stack 74:    522 236 254 690 826 386 121 
stack 75:    227 240 698 352 476 645 620 
stack 76:    216 296 91 753 489 204 695 
stack 77:    885 699 906 874 272 27 684 
stack 78:    759 850 622 625 304 726 656 
stack 79:    331 157 366 840 215 667 264 
stack 80:    114 820 205 954 984 134 491 
stack 81:    117 350 18 80 84 119 990 
stack 82:    942 363 657 335 7 222 398 
stack 83:    597 995 156 851 166 202 588 
stack 84:    905 75 449 107 41 970 77 
stack 85:    523 141 719 678 68 295 511 
stack 86:    135 307 394 611 904 480 486 
stack 87:    819 921 890 436 120 488 618 
stack 88:    60 834 614 388 983 596 915 
stack 89:    973 570 787 651 685 665 605 
stack 90:    666 148 967 485 992 599 943 
stack 91:    37 554 738 979 978 234 627 
stack 92:    767 69 524 356 354 887 495 
stack 93:    707 297 43 154 610 377 4 
stack 94:    3 736 735 90 789 76 937 
stack 95:    821 197 432 976 764 949 713 
stack 96:    546 96 30 484 428 443 438 
stack 97:    845 378 744 742 442 258 142 
stack 98:    634 824 463 677 450 731 359 
stack 99:    330 412 549 481 462 877 579 
stack 100:    873 425 277 435 679 255 392 
stack 101:    137 403 831 994 607 572 247 
stack 102:    902 143 209 723 525 716 106 
stack 103:    785 513 309 919 406 836 853 
stack 104:    208 928 793 169 238 12 367 
stack 105:    351 895 567 948 530 387 544 
stack 106:    336 886 541 929 991 299 939 
stack 107:    889 353 796 577 545 93 70 
stack 108:    878 55 29 123 808 521 947 
stack 109:    61 101 294 788 288 702 624 
stack 110:    223 630 410 774 52 647 898 
stack 111:    290 284 712 372 644 36 817 
stack 112:    82 659 178 44 2 600 345 
stack 113:    174 8 966 407 397 711 98 
stack 114:    859 639 593 540 250 316 958 
stack 115:    427 985 563 74 21 379 799 
stack 116:    451 217 465 772 429 475 899 
stack 117:    63 642 917 364 766 615 176 
stack 118:    235 960 584 206 349 590 681 
stack 119:    448 65 515 717 67 355 771 
stack 120:    417 454 791 703 170 124 852 
stack 121:    326 494 115 370 582 138 358 
stack 122:    981 519 89 694 151 762 499 
stack 123:    901 271 961 512 375 550 897 
stack 124:    516 520 95 706 952 743 533 
stack 125:    654 88 490 911 33 794 760 
stack 126:    212 927 729 422 118 402 918 
stack 127:    581 190 127 324 999 159 383 
stack 128:    194 982 385 399 969 239 323 
stack 129:    102 585 497 92 507 566 0 
stack 130:    619 122 179 816 220 941 896 
stack 131:    160 547 368 167 328 543 393 
stack 132:    72 502 232 283 498 908 814 
stack 133:    230 936 568 327 421 339 804 
stack 134:    86 87 35 508 28 509 782 
stack 135:    280 314 109 806 85 950 940 
stack 136:    882 689 400 847 640 259 94 
stack 137:    139 829 503 843 812 761 311 
stack 138:    188 580 248 105 129 916 317 
stack 139:    47 196 16 737 
stack 140:    641 444 274 1 289 779 
stack 141:    211 50 246 931 199 705 
stack 142:    338 864 870 529 73 320 478 
stack 143:    609 
stack 144:    281 
stack 145:    786 
stack 146:    477 
stack 147:    
stack 148:    
stack 149:    
stack 150:    
stack 151:    
stack 152:    
stack 153:    
stack 154:    
stack 155:    
stack 156:    
stack 157:    
stack 158:    
stack 159:    
stack 160:    
stack 161:    
stack 162:    
stack 163:    
stack 164:    
stack 165:    
stack 166:    
stack 167:    
stack 168:    
stack 169:    
stack 170:    
stack 171:    
