lower bound for relaxed s_ij: 1228854.54

#####################################################

solved with: SP.constructive_heuristics.GeneralHeuristic
time limit: 3600.0 s
time to solve: 0,00 s
objective value: 1332730.78

stacks (top to bottom):
stack 0:    231 944 500 571 770 221 968 
stack 1:    297 728 353 92 407 64 636 
stack 2:    936 404 928 900 539 941 961 
stack 3:    20 73 248 754 428 264 204 
stack 4:    625 510 867 441 505 278 698 
stack 5:    222 908 259 452 273 342 507 
stack 6:    815 762 387 398 381 559 744 
stack 7:    954 799 690 585 40 69 137 
stack 8:    95 542 898 38 487 142 383 
stack 9:    426 141 376 905 421 917 325 
stack 10:    734 238 357 679 557 282 99 
stack 11:    614 414 634 624 219 120 451 
stack 12:    537 422 720 25 785 480 189 
stack 13:    241 872 140 583 115 233 136 
stack 14:    857 333 150 760 587 858 332 
stack 15:    393 821 594 943 358 835 962 
stack 16:    178 930 249 146 499 263 681 
stack 17:    910 674 714 292 601 111 478 
stack 18:    369 230 57 252 649 34 380 
stack 19:    778 360 532 418 217 732 556 
stack 20:    75 929 675 570 351 71 466 
stack 21:    618 476 359 200 579 597 279 
stack 22:    339 883 255 983 759 892 291 
stack 23:    413 117 729 41 717 678 522 
stack 24:    752 347 713 93 735 902 657 
stack 25:    55 497 138 776 23 959 423 
stack 26:    494 889 97 575 605 876 101 
stack 27:    658 182 613 784 32 79 817 
stack 28:    706 746 212 125 982 170 127 
stack 29:    389 17 615 740 565 758 46 
stack 30:    232 477 156 909 143 628 533 
stack 31:    838 920 226 326 287 472 471 
stack 32:    777 269 701 350 290 508 791 
stack 33:    860 216 765 139 750 144 518 
stack 34:    468 329 427 975 633 973 469 
stack 35:    121 515 682 942 491 528 9 
stack 36:    384 617 844 135 710 608 596 
stack 37:    280 711 268 168 847 926 103 
stack 38:    946 769 937 42 311 861 122 
stack 39:    545 578 622 19 29 405 584 
stack 40:    644 865 415 707 345 953 322 
stack 41:    849 616 6 887 444 409 832 
stack 42:    635 810 842 753 859 482 966 
stack 43:    667 969 586 288 724 109 450 
stack 44:    623 989 956 756 28 606 184 
stack 45:    62 798 321 246 549 435 881 
stack 46:    401 378 925 725 319 743 914 
stack 47:    206 298 790 697 980 89 948 
stack 48:    551 738 154 540 836 224 104 
stack 49:    807 440 800 270 266 553 932 
stack 50:    18 302 949 195 308 986 207 
stack 51:    395 323 152 782 438 433 328 
stack 52:    361 660 165 346 691 457 447 
stack 53:    921 779 670 718 763 149 564 
stack 54:    543 390 526 364 648 429 783 
stack 55:    611 172 715 90 517 619 808 
stack 56:    998 875 250 823 981 65 747 
stack 57:    465 652 951 58 919 664 978 
stack 58:    107 108 992 588 911 643 82 
stack 59:    640 281 958 818 443 721 709 
stack 60:    411 568 169 527 130 391 673 
stack 61:    877 43 827 293 950 688 685 
stack 62:    11 736 181 576 485 459 739 
stack 63:    286 27 453 496 175 229 76 
stack 64:    550 996 118 412 612 843 885 
stack 65:    334 341 166 627 609 44 972 
stack 66:    161 373 534 244 693 54 445 
stack 67:    555 162 802 822 374 656 895 
stack 68:    254 554 37 845 924 324 35 
stack 69:    680 21 677 317 792 260 77 
stack 70:    164 498 530 654 907 470 188 
stack 71:    473 630 67 331 788 513 904 
stack 72:    262 493 454 253 306 742 945 
stack 73:    935 841 52 755 486 694 580 
stack 74:    59 897 741 700 988 495 352 
stack 75:    511 504 699 33 773 48 851 
stack 76:    684 30 833 879 830 355 544 
stack 77:    179 91 719 49 330 666 74 
stack 78:    862 294 362 745 963 813 123 
stack 79:    194 598 600 68 430 425 645 
stack 80:    12 4 420 201 210 372 220 
stack 81:    366 192 519 416 245 261 196 
stack 82:    81 957 213 971 147 915 683 
stack 83:    603 840 449 283 524 276 448 
stack 84:    132 894 536 205 379 653 199 
stack 85:    766 796 516 36 501 467 918 
stack 86:    672 595 190 647 8 854 26 
stack 87:    829 891 604 712 131 277 572 
stack 88:    313 410 689 300 870 235 639 
stack 89:    481 593 850 474 102 437 991 
stack 90:    704 134 475 234 514 434 573 
stack 91:    327 316 933 15 993 84 338 
stack 92:    631 455 737 665 780 388 436 
stack 93:    637 295 14 749 153 274 176 
stack 94:    94 531 336 938 492 456 403 
stack 95:    814 538 113 370 985 839 22 
stack 96:    432 655 10 305 211 651 315 
stack 97:    377 775 874 748 163 610 218 
stack 98:    215 479 258 110 236 431 805 
stack 99:    490 247 687 786 356 267 187 
stack 100:    61 31 686 797 974 947 563 
stack 101:    225 60 577 343 80 916 834 
stack 102:    171 668 824 173 703 846 976 
stack 103:    439 727 525 45 819 400 825 
stack 104:    546 24 659 589 180 716 202 
stack 105:    223 705 809 562 157 884 463 
stack 106:    561 774 869 50 7 997 893 
stack 107:    848 397 442 669 671 105 464 
stack 108:    86 888 768 506 873 367 285 
stack 109:    676 632 757 307 116 371 663 
stack 110:    502 237 198 607 984 591 886 
stack 111:    382 340 209 320 396 100 923 
stack 112:    994 566 304 155 78 803 650 
stack 113:    112 730 795 960 126 722 70 
stack 114:    344 214 365 574 124 167 256 
stack 115:    394 512 87 567 999 66 363 
stack 116:    801 641 826 662 987 289 408 
stack 117:    927 85 106 174 402 227 702 
stack 118:    723 529 483 16 708 767 53 
stack 119:    952 337 208 98 789 5 354 
stack 120:    626 314 460 0 128 488 406 
stack 121:    2 265 335 811 458 257 751 
stack 122:    806 299 692 489 882 275 863 
stack 123:    521 239 638 301 855 177 581 
stack 124:    197 446 461 310 83 772 183 
stack 125:    243 419 296 787 348 646 642 
stack 126:    913 828 151 967 899 51 903 
stack 127:    977 599 866 781 560 939 880 
stack 128:    520 964 185 13 812 979 912 
stack 129:    695 804 901 726 523 793 1 
stack 130:    590 424 129 934 661 931 145 
stack 131:    193 816 890 133 620 548 558 
stack 132:    368 349 629 878 906 856 764 
stack 133:    761 731 837 191 696 271 535 
stack 134:    582 228 386 96 621 417 242 
stack 135:    853 303 186 955 484 569 733 
stack 136:    240 852 56 160 602 771 272 
stack 137:    547 47 462 922 88 868 896 
stack 138:    148 159 541 831 203 871 
stack 139:    552 794 503 592 940 
stack 140:    375 990 312 995 309 63 
stack 141:    399 3 864 392 
stack 142:    318 39 385 
stack 143:    820 509 284 158 114 251 72 
stack 144:    119 
stack 145:    
stack 146:    970 
stack 147:    965 
stack 148:    
stack 149:    
stack 150:    
stack 151:    
stack 152:    
stack 153:    
stack 154:    
stack 155:    
stack 156:    
stack 157:    
stack 158:    
stack 159:    
stack 160:    
stack 161:    
stack 162:    
stack 163:    
stack 164:    
stack 165:    
stack 166:    
stack 167:    
stack 168:    
stack 169:    
stack 170:    
stack 171:    
