solved with: SP.post_optimization_methods.HillClimbing
time limit: 3600.0 s
time to solve: 756,53 s
objective value: 1228852.1

stacks (top to bottom):
stack 0:    500 
stack 1:    2 
stack 2:    
stack 3:    503 
stack 4:    
stack 5:    505 
stack 6:    
stack 7:    7 
stack 8:    508 
stack 9:    
stack 10:    
stack 11:    
stack 12:    
stack 13:    13 
stack 14:    
stack 15:    
stack 16:    516 
stack 17:    256 760 312 17 24 784 246 
stack 18:    703 533 757 20 19 561 518 
stack 19:    521 519 616 184 188 233 430 
stack 20:    27 381 58 657 777 534 864 
stack 21:    817 261 718 806 908 852 22 
stack 22:    28 115 31 288 537 826 525 
stack 23:    33 46 584 25 30 524 527 
stack 24:    720 202 29 750 176 65 961 
stack 25:    190 628 677 302 338 629 945 
stack 26:    145 938 590 919 890 574 36 
stack 27:    581 992 49 465 354 585 275 
stack 28:    32 615 45 835 38 546 206 
stack 29:    743 818 551 76 917 538 57 
stack 30:    723 571 348 966 111 249 365 
stack 31:    489 540 153 952 379 790 200 
stack 32:    79 351 867 495 303 181 487 
stack 33:    845 69 933 482 73 695 53 
stack 34:    855 995 617 550 990 554 150 
stack 35:    35 435 562 372 37 870 875 
stack 36:    224 698 884 162 770 320 309 
stack 37:    340 655 284 271 185 270 61 
stack 38:    898 781 607 386 611 638 245 
stack 39:    81 439 413 646 277 409 497 
stack 40:    544 88 920 984 756 552 888 
stack 41:    923 877 989 91 978 828 565 
stack 42:    869 686 316 910 318 986 183 
stack 43:    280 59 747 259 404 234 566 
stack 44:    549 603 107 883 547 825 998 
stack 45:    429 820 915 425 662 823 437 
stack 46:    858 832 326 661 48 833 711 
stack 47:    195 553 331 398 744 496 924 
stack 48:    935 243 894 663 780 944 749 
stack 49:    479 987 315 696 902 801 573 
stack 50:    572 637 407 932 362 253 970 
stack 51:    812 734 659 752 605 634 54 
stack 52:    196 102 816 811 710 642 235 
stack 53:    639 560 103 197 458 89 925 
stack 54:    640 296 606 613 570 912 559 
stack 55:    968 134 182 672 741 624 204 
stack 56:    401 283 156 451 416 368 56 
stack 57:    215 783 913 771 449 751 454 
stack 58:    460 131 472 490 822 631 683 
stack 59:    254 796 71 152 675 649 730 
stack 60:    392 151 336 64 643 339 106 
stack 61:    807 882 358 644 364 384 914 
stack 62:    218 959 198 241 842 687 264 
stack 63:    72 641 209 74 223 645 113 
stack 64:    423 993 682 981 469 881 684 
stack 65:    442 104 831 499 447 813 674 
stack 66:    936 464 766 389 688 80 897 
stack 67:    896 651 626 569 950 333 991 
stack 68:    146 330 87 488 357 441 279 
stack 69:    946 114 393 117 286 305 481 
stack 70:    614 108 854 600 143 955 378 
stack 71:    775 214 940 371 839 323 947 
stack 72:    954 588 577 216 956 678 420 
stack 73:    410 977 274 84 850 313 829 
stack 74:    612 849 627 982 178 996 96 
stack 75:    708 290 965 377 360 967 949 
stack 76:    863 300 587 119 819 101 983 
stack 77:    334 463 160 728 396 433 163 
stack 78:    434 951 879 361 344 498 436 
stack 79:    814 656 136 762 480 297 844 
stack 80:    593 885 846 471 619 934 673 
stack 81:    665 175 272 953 380 250 126 
stack 82:    324 865 774 668 350 317 700 
stack 83:    432 325 173 907 715 922 621 
stack 84:    421 773 470 901 648 604 237 
stack 85:    862 477 328 957 974 880 236 
stack 86:    0 
stack 87:    1 501 
stack 88:    502 
stack 89:    3 
stack 90:    504 4 
stack 91:    5 
stack 92:    506 6 
stack 93:    507 
stack 94:    9 8 
stack 95:    509 
stack 96:    510 10 
stack 97:    11 511 
stack 98:    512 12 
stack 99:    513 
stack 100:    514 14 
stack 101:    515 15 16 
stack 102:    
stack 103:    468 921 248 260 310 759 517 
stack 104:    531 21 18 67 112 170 446 
stack 105:    291 205 520 459 763 523 440 
stack 106:    213 210 349 632 231 653 737 
stack 107:    532 713 597 39 332 66 522 
stack 108:    26 376 466 363 785 23 576 
stack 109:    530 129 526 541 702 889 681 
stack 110:    903 556 83 563 40 567 529 
stack 111:    761 778 411 187 85 329 722 
stack 112:    42 679 972 941 568 958 620 
stack 113:    70 34 860 900 542 486 706 
stack 114:    366 467 528 804 306 483 680 
stack 115:    337 251 491 124 539 281 382 
stack 116:    841 353 135 545 217 476 536 
stack 117:    930 199 474 63 595 444 228 
stack 118:    110 417 227 797 887 44 125 
stack 119:    50 707 159 475 140 689 374 
stack 120:    341 731 776 247 599 158 738 
stack 121:    535 335 422 177 873 314 980 
stack 122:    229 157 994 895 41 208 276 
stack 123:    400 269 456 424 304 742 415 
stack 124:    635 768 962 726 871 847 453 
stack 125:    116 263 232 155 130 904 856 
stack 126:    583 52 692 43 292 47 815 
stack 127:    746 997 473 690 168 492 240 
stack 128:    211 388 772 75 758 893 976 
stack 129:    93 266 793 543 610 948 373 
stack 130:    172 164 295 906 191 148 876 
stack 131:    92 798 840 120 455 782 843 
stack 132:    753 403 60 799 851 931 557 
stack 133:    633 462 225 347 220 548 928 
stack 134:    905 676 685 732 78 122 394 
stack 135:    578 979 853 51 258 426 575 
stack 136:    201 390 558 133 484 391 594 
stack 137:    457 293 494 701 859 652 438 
stack 138:    244 452 647 608 794 609 222 
stack 139:    55 658 408 139 589 963 926 
stack 140:    697 717 402 939 564 985 419 
stack 141:    555 412 866 582 343 207 257 
stack 142:    805 735 725 154 911 414 788 
stack 143:    909 166 861 219 118 242 789 
stack 144:    180 580 892 837 448 169 123 
stack 145:    786 109 791 929 395 62 308 
stack 146:    809 601 622 694 650 857 810 
stack 147:    147 827 838 671 238 792 278 
stack 148:    765 289 301 375 230 973 167 
stack 149:    937 282 712 321 428 165 824 
stack 150:    128 714 664 704 399 596 803 
stack 151:    729 693 705 493 899 68 383 
stack 152:    834 636 602 918 943 999 262 
stack 153:    370 485 406 848 630 660 192 
stack 154:    427 144 971 142 586 149 745 
stack 155:    77 132 405 916 461 969 886 
stack 156:    478 450 252 654 443 299 625 
stack 157:    418 186 779 285 754 733 369 
stack 158:    171 740 579 748 203 431 755 
stack 159:    161 311 268 709 872 988 767 
stack 160:    86 273 137 592 874 721 795 
stack 161:    265 322 942 138 891 121 189 
stack 162:    669 719 367 868 94 99 179 
stack 163:    97 307 387 255 800 397 836 
stack 164:    724 808 352 769 623 691 670 
stack 165:    194 359 345 105 100 221 82 
stack 166:    764 699 960 598 445 802 298 
stack 167:    618 342 736 356 226 975 98 
stack 168:    666 727 319 927 591 385 716 
stack 169:    327 95 193 346 294 127 878 
stack 170:    355 212 239 90 821 141 287 
stack 171:    667 267 174 830 739 787 964 
