lower bound for relaxed s_ij: 1228848.48

#####################################################

solved with: SP.constructive_heuristics.GeneralHeuristic
time limit: 3600.0 s
time to solve: 0,00 s
objective value: 1331839.98

stacks (top to bottom):
stack 0:    522 168 631 918 666 556 768 
stack 1:    620 264 803 314 962 401 763 
stack 2:    257 421 362 973 275 124 285 
stack 3:    403 885 795 831 415 298 398 
stack 4:    289 898 442 766 353 553 697 
stack 5:    199 805 952 97 911 122 739 
stack 6:    384 587 350 960 98 419 118 
stack 7:    269 482 176 934 869 964 549 
stack 8:    633 654 849 888 731 661 844 
stack 9:    946 386 606 571 147 825 246 
stack 10:    10 464 1 106 649 26 31 
stack 11:    456 906 636 145 995 86 377 
stack 12:    417 255 538 88 948 331 800 
stack 13:    58 658 14 233 229 187 615 
stack 14:    21 182 134 899 392 943 480 
stack 15:    180 287 119 648 391 131 333 
stack 16:    547 836 241 179 509 337 141 
stack 17:    808 27 149 611 726 624 719 
stack 18:    653 380 618 438 781 444 829 
stack 19:    117 279 123 655 447 320 700 
stack 20:    786 371 484 267 539 769 283 
stack 21:    806 720 174 765 488 676 706 
stack 22:    49 914 95 839 596 881 160 
stack 23:    819 617 251 76 988 91 688 
stack 24:    432 638 598 850 907 352 855 
stack 25:    23 828 161 714 876 721 144 
stack 26:    405 689 218 394 237 35 313 
stack 27:    69 893 68 820 520 111 132 
stack 28:    901 564 42 164 830 790 912 
stack 29:    540 422 262 516 837 983 15 
stack 30:    634 490 295 356 927 13 51 
stack 31:    941 904 328 813 775 887 462 
stack 32:    322 493 231 976 153 764 6 
stack 33:    436 955 559 826 663 139 282 
stack 34:    33 339 101 533 537 804 730 
stack 35:    506 699 429 18 762 411 108 
stack 36:    192 978 717 383 72 521 312 
stack 37:    680 94 965 989 981 17 247 
stack 38:    667 235 448 230 216 612 859 
stack 39:    604 683 54 406 570 200 232 
stack 40:    715 954 460 862 194 426 543 
stack 41:    424 5 82 446 738 924 729 
stack 42:    782 747 588 660 783 535 479 
stack 43:    577 865 286 496 703 150 172 
stack 44:    600 497 73 253 584 645 208 
stack 45:    560 56 37 784 334 373 465 
stack 46:    871 602 136 797 969 137 473 
stack 47:    935 468 555 142 360 895 923 
stack 48:    630 404 263 873 445 277 958 
stack 49:    133 743 609 749 163 787 607 
stack 50:    305 686 514 109 748 413 240 
stack 51:    812 616 367 148 883 590 310 
stack 52:    905 867 621 486 947 799 70 
stack 53:    296 857 303 780 193 793 603 
stack 54:    585 28 625 363 361 299 410 
stack 55:    120 452 158 950 519 365 926 
stack 56:    659 387 336 872 24 956 827 
stack 57:    908 841 469 744 684 716 301 
stack 58:    354 994 894 710 53 20 886 
stack 59:    623 798 605 870 325 545 544 
stack 60:    583 12 711 771 453 970 375 
stack 61:    671 629 258 998 84 454 156 
stack 62:    949 470 316 896 752 112 953 
stack 63:    195 461 694 922 498 449 974 
stack 64:    25 737 986 745 944 130 722 
stack 65:    900 399 767 523 110 202 597 
stack 66:    879 210 311 691 280 178 528 
stack 67:    925 423 428 175 644 816 794 
stack 68:    919 504 102 60 341 467 491 
stack 69:    677 441 838 395 672 206 622 
stack 70:    573 19 627 458 890 203 116 
stack 71:    678 712 351 485 840 750 44 
stack 72:    414 854 788 579 933 718 204 
stack 73:    552 847 565 608 558 45 107 
stack 74:    810 197 931 690 3 802 92 
stack 75:    594 221 705 652 500 252 835 
stack 76:    626 746 526 640 318 877 709 
stack 77:    71 557 815 100 135 992 776 
stack 78:    64 846 882 702 937 770 917 
stack 79:    34 975 619 309 642 140 512 
stack 80:    734 157 105 293 980 308 580 
stack 81:    451 265 772 575 723 541 227 
stack 82:    358 125 510 685 368 818 773 
stack 83:    785 593 531 853 551 567 214 
stack 84:    696 154 430 878 61 517 321 
stack 85:    364 929 290 963 274 327 217 
stack 86:    852 143 126 184 407 807 518 
stack 87:    284 236 418 511 338 779 329 
stack 88:    220 307 581 63 183 477 128 
stack 89:    345 668 632 824 397 796 396 
stack 90:    416 224 990 471 379 212 249 
stack 91:    833 665 982 340 408 390 75 
stack 92:    741 758 592 90 884 99 971 
stack 93:    548 250 276 550 791 388 984 
stack 94:    639 910 499 996 355 656 801 
stack 95:    525 315 698 400 501 359 566 
stack 96:    529 724 7 366 572 643 77 
stack 97:    670 707 568 792 272 682 67 
stack 98:    463 601 238 46 939 302 170 
stack 99:    778 173 733 692 213 936 188 
stack 100:    966 185 80 868 319 999 433 
stack 101:    225 492 425 189 725 909 431 
stack 102:    347 474 646 589 234 211 755 
stack 103:    41 472 4 62 687 860 30 
stack 104:    892 55 459 186 278 16 977 
stack 105:    889 751 297 81 874 586 993 
stack 106:    875 673 245 159 628 916 920 
stack 107:    412 93 266 728 370 848 335 
stack 108:    915 162 242 74 930 821 372 
stack 109:    727 674 346 913 861 0 78 
stack 110:    489 177 205 167 256 754 66 
stack 111:    304 713 427 578 932 381 152 
stack 112:    155 897 300 942 382 675 239 
stack 113:    343 190 536 959 151 546 409 
stack 114:    591 323 166 104 742 856 708 
stack 115:    562 866 288 483 513 165 332 
stack 116:    129 789 59 951 215 759 317 
stack 117:    641 582 96 261 22 650 198 
stack 118:    921 466 201 268 957 774 508 
stack 119:    834 344 270 83 50 437 171 
stack 120:    113 48 903 524 43 455 450 
stack 121:    146 880 662 385 814 389 503 
stack 122:    777 11 254 693 494 378 349 
stack 123:    357 374 740 530 891 219 481 
stack 124:    402 842 569 574 291 863 435 
stack 125:    940 832 103 52 443 542 679 
stack 126:    968 991 864 281 87 945 457 
stack 127:    651 532 248 207 127 181 985 
stack 128:    259 495 972 2 822 576 40 
stack 129:    732 817 209 753 851 440 439 
stack 130:    292 342 420 757 228 57 191 
stack 131:    376 348 979 8 294 681 735 
stack 132:    928 502 475 657 997 38 613 
stack 133:    39 610 47 704 29 478 527 
stack 134:    326 902 369 561 614 843 809 
stack 135:    222 811 196 79 695 138 487 
stack 136:    987 9 858 32 393 967 554 
stack 137:    115 669 434 736 271 647 534 
stack 138:    306 760 961 89 226 260 169 
stack 139:    823 595 599 330 664 637 273 
stack 140:    223 114 635 476 324 505 563 
stack 141:    243 515 36 
stack 142:    845 701 507 
stack 143:    244 85 938 
stack 144:    121 65 
stack 145:    756 
stack 146:    761 
stack 147:    
stack 148:    
stack 149:    
stack 150:    
stack 151:    
stack 152:    
stack 153:    
stack 154:    
stack 155:    
stack 156:    
stack 157:    
stack 158:    
stack 159:    
stack 160:    
stack 161:    
stack 162:    
stack 163:    
stack 164:    
stack 165:    
stack 166:    
stack 167:    
stack 168:    
stack 169:    
stack 170:    
stack 171:    
