lower bound for relaxed s_ij: 1228832.66

#####################################################

solved with: SP.constructive_heuristics.GeneralHeuristic
time limit: 3600.0 s
time to solve: 0,00 s
objective value: 1327949.47

stacks (top to bottom):
stack 0:    751 681 1 434 632 247 431 
stack 1:    84 895 138 994 825 707 227 
stack 2:    759 964 284 229 52 671 279 
stack 3:    815 727 535 415 59 798 404 
stack 4:    482 636 818 379 298 442 984 
stack 5:    399 863 149 779 468 122 978 
stack 6:    258 559 477 700 593 99 776 
stack 7:    95 915 396 181 479 302 693 
stack 8:    631 413 697 473 369 412 870 
stack 9:    310 35 92 905 416 909 285 
stack 10:    180 725 287 747 653 805 880 
stack 11:    746 368 195 942 954 673 367 
stack 12:    373 508 393 133 106 49 469 
stack 13:    715 865 780 88 91 837 586 
stack 14:    121 490 701 282 907 13 11 
stack 15:    232 774 72 410 502 943 142 
stack 16:    677 43 839 731 678 386 932 
stack 17:    741 130 829 74 826 220 15 
stack 18:    304 961 456 309 808 294 853 
stack 19:    628 623 938 699 378 732 433 
stack 20:    51 904 498 917 243 264 511 
stack 21:    674 627 540 166 453 56 444 
stack 22:    317 454 742 22 781 626 347 
stack 23:    898 94 58 658 766 219 617 
stack 24:    576 916 734 858 100 515 663 
stack 25:    37 722 755 810 710 331 606 
stack 26:    327 664 193 9 900 912 437 
stack 27:    374 443 143 171 849 918 842 
stack 28:    268 365 325 238 800 277 785 
stack 29:    71 605 426 991 749 40 857 
stack 30:    649 75 561 470 241 621 662 
stack 31:    257 575 254 650 102 474 637 
stack 32:    696 172 337 5 471 600 46 
stack 33:    514 109 160 792 612 708 828 
stack 34:    866 801 23 308 44 162 107 
stack 35:    597 817 397 947 633 940 529 
stack 36:    975 234 788 578 996 998 405 
stack 37:    73 530 435 656 527 489 851 
stack 38:    526 607 646 312 472 862 616 
stack 39:    897 873 571 79 29 997 69 
stack 40:    199 222 887 523 703 394 512 
stack 41:    274 634 224 608 348 973 436 
stack 42:    784 354 532 642 441 509 68 
stack 43:    430 427 186 510 949 886 425 
stack 44:    809 729 706 486 868 507 249 
stack 45:    744 398 592 525 4 451 340 
stack 46:    914 61 599 476 782 439 718 
stack 47:    127 190 572 799 899 981 155 
stack 48:    12 791 291 787 682 966 647 
stack 49:    392 78 259 300 204 579 564 
stack 50:    170 493 705 206 487 604 545 
stack 51:    643 956 146 210 305 619 923 
stack 52:    542 635 551 823 959 419 533 
stack 53:    683 278 757 843 950 256 54 
stack 54:    750 844 977 388 364 667 547 
stack 55:    716 349 544 273 655 390 846 
stack 56:    638 694 448 126 548 198 466 
stack 57:    182 934 370 786 200 577 550 
stack 58:    422 194 18 601 307 2 946 
stack 59:    698 246 979 240 884 110 911 
stack 60:    603 679 557 446 539 901 211 
stack 61:    24 314 429 387 372 820 896 
stack 62:    401 831 407 55 582 176 381 
stack 63:    119 648 992 721 689 395 382 
stack 64:    763 17 848 167 777 64 101 
stack 65:    449 27 459 987 236 962 90 
stack 66:    797 803 60 921 132 184 21 
stack 67:    894 610 885 688 315 690 590 
stack 68:    814 669 871 596 521 316 6 
stack 69:    281 745 424 231 778 920 879 
stack 70:    136 385 475 63 158 796 384 
stack 71:    178 80 461 214 970 53 342 
stack 72:    802 403 306 654 237 301 748 
stack 73:    841 639 976 141 906 129 922 
stack 74:    924 566 753 148 806 346 30 
stack 75:    704 135 205 692 685 739 534 
stack 76:    892 769 931 239 903 549 651 
stack 77:    313 983 640 39 955 910 968 
stack 78:    598 455 201 260 602 861 98 
stack 79:    737 159 986 733 228 611 183 
stack 80:    276 990 752 218 154 411 400 
stack 81:    587 518 771 552 209 335 345 
stack 82:    854 212 867 375 555 969 336 
stack 83:    764 618 108 338 889 684 131 
stack 84:    10 414 740 609 230 819 144 
stack 85:    795 827 196 933 995 263 352 
stack 86:    118 323 145 971 908 428 958 
stack 87:    758 974 569 116 458 271 666 
stack 88:    730 501 432 203 333 288 717 
stack 89:    982 322 293 303 45 251 420 
stack 90:    754 225 311 960 821 112 0 
stack 91:    216 952 164 588 519 661 925 
stack 92:    324 941 111 283 832 235 691 
stack 93:    445 680 215 140 494 299 86 
stack 94:    491 233 850 919 735 134 728 
stack 95:    756 19 150 563 822 168 245 
stack 96:    275 366 286 562 290 695 719 
stack 97:    644 48 506 891 505 913 292 
stack 98:    462 192 902 874 174 499 641 
stack 99:    936 988 630 584 565 289 173 
stack 100:    62 573 319 657 944 840 890 
stack 101:    546 328 363 67 488 152 883 
stack 102:    852 296 377 139 41 330 953 
stack 103:    447 595 128 221 26 280 770 
stack 104:    42 114 339 520 266 760 380 
stack 105:    202 353 554 457 391 408 845 
stack 106:    794 622 418 583 161 137 358 
stack 107:    665 585 295 537 177 855 668 
stack 108:    34 217 967 248 83 702 371 
stack 109:    361 3 738 452 773 252 153 
stack 110:    104 362 500 686 876 720 580 
stack 111:    376 357 723 187 516 712 450 
stack 112:    524 807 341 882 783 321 120 
stack 113:    816 440 928 320 963 676 223 
stack 114:    881 32 7 20 993 660 762 
stack 115:    878 272 188 421 838 567 574 
stack 116:    213 614 93 629 790 927 847 
stack 117:    775 522 541 613 893 767 485 
stack 118:    87 464 165 761 672 980 670 
stack 119:    76 513 8 478 409 484 945 
stack 120:    834 659 463 197 568 465 103 
stack 121:    645 28 768 687 124 594 538 
stack 122:    343 948 359 560 724 113 553 
stack 123:    736 615 581 859 332 930 70 
stack 124:    985 244 496 77 97 951 417 
stack 125:    105 123 191 999 495 536 675 
stack 126:    856 772 36 929 926 711 812 
stack 127:    888 860 179 355 157 517 937 
stack 128:    50 185 713 543 82 66 438 
stack 129:    528 709 504 242 267 726 965 
stack 130:    483 261 481 156 813 625 765 
stack 131:    96 351 872 402 835 356 620 
stack 132:    423 147 989 189 833 81 89 
stack 133:    207 789 125 957 714 31 151 
stack 134:    503 558 115 117 47 836 344 
stack 135:    270 350 175 824 406 163 265 
stack 136:    591 14 492 624 255 250 169 
stack 137:    326 939 497 269 972 16 334 
stack 138:    65 935 226 864 460 830 743 
stack 139:    804 877 57 531 85 869 208 
stack 140:    33 875 262 318 383 811 360 
stack 141:    253 329 480 793 389 467 652 
stack 142:    38 
stack 143:    556 570 25 
stack 144:    589 
stack 145:    297 
stack 146:    
stack 147:    
stack 148:    
stack 149:    
stack 150:    
stack 151:    
stack 152:    
stack 153:    
stack 154:    
stack 155:    
stack 156:    
stack 157:    
stack 158:    
stack 159:    
stack 160:    
stack 161:    
stack 162:    
stack 163:    
stack 164:    
stack 165:    
stack 166:    
stack 167:    
stack 168:    
stack 169:    
stack 170:    
stack 171:    
