lower bound for relaxed s_ij: 1228831.48

#####################################################

solved with: SP.constructive_heuristics.GeneralHeuristic
time limit: 3600.0 s
time to solve: 0,00 s
objective value: 1330664.32

stacks (top to bottom):
stack 0:    269 427 429 8 910 512 421 
stack 1:    388 897 163 901 716 668 343 
stack 2:    893 45 827 159 813 61 801 
stack 3:    549 780 186 290 695 605 329 
stack 4:    786 168 575 586 287 304 305 
stack 5:    517 823 946 520 976 828 842 
stack 6:    330 522 402 945 205 285 406 
stack 7:    294 601 360 641 365 174 226 
stack 8:    445 316 170 694 569 336 937 
stack 9:    97 314 595 670 334 504 745 
stack 10:    89 157 293 300 647 321 936 
stack 11:    721 454 3 961 622 185 871 
stack 12:    53 126 556 43 746 727 815 
stack 13:    463 453 146 458 672 526 278 
stack 14:    872 925 259 475 358 889 443 
stack 15:    970 542 423 337 47 353 164 
stack 16:    778 616 785 430 583 767 173 
stack 17:    327 530 396 712 718 995 915 
stack 18:    224 643 318 971 265 506 806 
stack 19:    77 887 183 788 462 235 11 
stack 20:    181 867 171 439 65 607 461 
stack 21:    464 620 975 631 403 557 580 
stack 22:    119 650 537 36 389 599 602 
stack 23:    468 947 632 673 152 748 904 
stack 24:    729 376 776 450 282 800 492 
stack 25:    965 306 760 834 7 404 148 
stack 26:    730 983 319 755 12 574 387 
stack 27:    725 175 546 669 184 72 862 
stack 28:    610 442 578 13 880 896 833 
stack 29:    988 291 40 905 356 991 633 
stack 30:    545 432 929 794 685 398 289 
stack 31:    288 618 381 843 690 16 399 
stack 32:    847 527 34 829 363 838 195 
stack 33:    534 310 446 165 817 449 982 
stack 34:    420 234 660 48 511 108 78 
stack 35:    114 94 797 231 418 980 180 
stack 36:    20 88 959 151 480 103 638 
stack 37:    977 498 589 677 711 4 435 
stack 38:    271 496 333 74 860 270 825 
stack 39:    754 400 928 956 116 738 166 
stack 40:    954 674 298 493 444 254 653 
stack 41:    808 558 681 726 172 230 985 
stack 42:    544 499 918 176 194 999 617 
stack 43:    440 513 86 472 225 375 249 
stack 44:    42 793 731 281 902 120 529 
stack 45:    875 619 452 768 766 989 296 
stack 46:    19 543 50 888 940 197 161 
stack 47:    154 361 245 743 753 978 623 
stack 48:    969 996 264 73 514 939 503 
stack 49:    717 69 802 688 934 367 426 
stack 50:    728 451 438 38 474 349 614 
stack 51:    950 129 981 428 606 144 894 
stack 52:    903 15 44 611 191 615 804 
stack 53:    54 470 820 923 657 565 958 
stack 54:    671 821 481 538 169 803 303 
stack 55:    922 949 974 737 783 739 908 
stack 56:    758 691 861 239 516 212 648 
stack 57:    598 81 460 500 640 83 241 
stack 58:    143 777 39 911 85 881 505 
stack 59:    886 735 724 252 948 338 927 
stack 60:    407 137 486 238 722 202 55 
stack 61:    33 127 869 255 773 309 900 
stack 62:    845 742 528 572 594 851 275 
stack 63:    121 597 502 250 223 568 345 
stack 64:    490 665 228 621 383 701 770 
stack 65:    547 577 477 651 473 133 784 
stack 66:    436 744 162 425 370 377 997 
stack 67:    642 21 457 968 510 391 914 
stack 68:    584 476 80 564 372 590 149 
stack 69:    781 720 297 700 649 415 659 
stack 70:    684 145 177 0 704 702 414 
stack 71:    591 596 117 109 581 409 459 
stack 72:    240 692 286 541 952 325 494 
stack 73:    854 104 921 924 859 87 559 
stack 74:    736 128 639 850 419 433 935 
stack 75:    531 752 187 105 907 563 882 
stack 76:    274 17 837 23 885 373 277 
stack 77:    774 593 134 1 636 856 188 
stack 78:    95 214 874 125 715 962 140 
stack 79:    689 693 431 478 666 198 676 
stack 80:    401 963 664 846 60 521 629 
stack 81:    865 707 839 106 604 35 222 
stack 82:    382 209 220 284 394 242 941 
stack 83:    369 699 393 525 111 292 41 
stack 84:    323 210 713 51 201 312 155 
stack 85:    759 206 355 359 308 920 573 
stack 86:    340 243 807 384 25 757 386 
stack 87:    395 835 879 138 397 237 679 
stack 88:    799 686 761 608 609 661 221 
stack 89:    805 385 422 705 273 709 261 
stack 90:    645 852 233 412 24 110 710 
stack 91:    315 447 646 179 448 849 912 
stack 92:    260 380 863 268 497 560 320 
stack 93:    9 247 217 870 256 733 986 
stack 94:    550 348 548 612 311 190 943 
stack 95:    655 570 267 67 553 207 479 
stack 96:    864 967 998 518 302 891 79 
stack 97:    652 993 540 167 272 160 791 
stack 98:    933 328 696 410 955 587 456 
stack 99:    554 836 866 99 236 816 465 
stack 100:    552 811 92 890 588 215 771 
stack 101:    354 698 994 307 644 331 627 
stack 102:    812 244 253 26 818 966 232 
stack 103:    964 667 351 682 841 366 6 
stack 104:    76 467 831 624 625 203 31 
stack 105:    857 634 703 858 795 107 178 
stack 106:    883 764 972 347 487 840 848 
stack 107:    93 826 756 227 775 868 992 
stack 108:    301 765 628 790 539 830 600 
stack 109:    28 10 339 798 374 417 219 
stack 110:    680 535 322 131 324 135 139 
stack 111:    416 678 189 714 257 626 740 
stack 112:    455 390 762 279 892 27 437 
stack 113:    405 368 346 592 555 218 899 
stack 114:    441 789 378 153 483 229 392 
stack 115:    585 466 532 576 326 123 141 
stack 116:    917 379 524 112 248 567 723 
stack 117:    654 14 115 819 364 150 930 
stack 118:    58 101 566 579 341 749 932 
stack 119:    90 957 484 258 485 357 136 
stack 120:    262 156 562 362 571 200 987 
stack 121:    973 683 741 844 283 662 979 
stack 122:    204 62 751 49 489 196 878 
stack 123:    211 697 5 772 182 926 984 
stack 124:    59 658 118 706 471 56 37 
stack 125:    898 990 769 246 102 299 796 
stack 126:    84 91 335 263 508 960 100 
stack 127:    675 916 719 630 895 747 216 
stack 128:    70 132 158 792 519 98 913 
stack 129:    71 29 424 208 142 810 495 
stack 130:    30 57 280 18 919 734 352 
stack 131:    96 130 523 787 855 344 582 
stack 132:    884 2 122 732 909 75 251 
stack 133:    635 266 832 213 488 877 515 
stack 134:    52 469 637 708 953 876 938 
stack 135:    822 750 491 663 501 192 809 
stack 136:    656 199 68 853 66 46 32 
stack 137:    317 507 350 408 64 276 82 
stack 138:    533 763 313 509 951 782 
stack 139:    536 332 342 434 906 613 551 
stack 140:    814 295 371 603 687 113 873 
stack 141:    944 413 147 482 
stack 142:    63 561 22 824 124 942 
stack 143:    779 411 
stack 144:    931 
stack 145:    193 
stack 146:    
stack 147:    
stack 148:    
stack 149:    
stack 150:    
stack 151:    
stack 152:    
stack 153:    
stack 154:    
stack 155:    
stack 156:    
stack 157:    
stack 158:    
stack 159:    
stack 160:    
stack 161:    
stack 162:    
stack 163:    
stack 164:    
stack 165:    
stack 166:    
stack 167:    
stack 168:    
stack 169:    
stack 170:    
stack 171:    
