lower bound for relaxed s_ij: 1228869.1

#####################################################

solved with: SP.constructive_heuristics.GeneralHeuristic
time limit: 3600.0 s
time to solve: 0,00 s
objective value: 1332306.6

stacks (top to bottom):
stack 0:    734 547 348 229 965 194 302 
stack 1:    179 569 500 481 319 328 699 
stack 2:    836 822 449 84 433 937 171 
stack 3:    122 118 870 790 823 349 423 
stack 4:    640 26 807 806 957 936 835 
stack 5:    88 237 651 533 658 754 687 
stack 6:    688 926 155 686 555 442 103 
stack 7:    177 355 469 161 314 183 471 
stack 8:    93 596 340 782 973 893 739 
stack 9:    196 601 288 717 663 238 826 
stack 10:    267 71 345 625 882 945 401 
stack 11:    133 859 54 159 108 854 459 
stack 12:    855 792 455 475 191 477 762 
stack 13:    953 309 816 27 877 332 803 
stack 14:    112 151 894 755 504 787 722 
stack 15:    572 152 483 621 539 626 156 
stack 16:    426 49 535 304 20 115 102 
stack 17:    269 919 895 863 429 57 247 
stack 18:    891 21 83 548 265 673 542 
stack 19:    703 784 901 718 390 393 956 
stack 20:    988 541 184 785 927 662 642 
stack 21:    312 228 125 934 80 769 231 
stack 22:    392 623 878 428 474 749 356 
stack 23:    536 116 576 654 720 942 552 
stack 24:    174 341 963 252 568 740 600 
stack 25:    906 254 402 731 812 941 374 
stack 26:    944 635 885 829 251 760 275 
stack 27:    424 947 828 124 58 916 575 
stack 28:    650 394 969 6 420 41 615 
stack 29:    169 938 350 698 758 780 564 
stack 30:    182 981 742 19 820 209 582 
stack 31:    789 335 368 105 484 506 608 
stack 32:    497 339 519 915 422 727 178 
stack 33:    679 257 609 590 991 678 833 
stack 34:    136 873 274 599 232 721 733 
stack 35:    363 571 573 565 465 808 224 
stack 36:    285 693 16 243 447 868 918 
stack 37:    343 681 773 207 487 181 648 
stack 38:    507 199 76 451 793 748 768 
stack 39:    707 29 89 17 551 524 705 
stack 40:    770 464 928 437 366 145 15 
stack 41:    235 513 864 911 811 322 91 
stack 42:    283 3 307 729 752 448 819 
stack 43:    157 694 592 913 532 958 643 
stack 44:    277 724 36 577 333 344 129 
stack 45:    221 111 109 998 976 669 336 
stack 46:    256 431 14 334 696 53 522 
stack 47:    489 980 404 473 458 545 990 
stack 48:    810 922 712 844 933 924 675 
stack 49:    248 436 134 82 470 273 255 
stack 50:    387 683 511 346 391 671 317 
stack 51:    79 407 158 537 170 970 992 
stack 52:    313 914 531 126 912 294 993 
stack 53:    30 215 946 282 633 775 276 
stack 54:    610 479 857 359 236 97 214 
stack 55:    682 266 563 847 495 634 613 
stack 56:    677 498 689 732 73 325 872 
stack 57:    800 814 929 708 781 499 735 
stack 58:    809 9 135 399 408 652 99 
stack 59:    406 597 226 931 253 301 395 
stack 60:    639 77 113 360 164 331 667 
stack 61:    250 994 33 630 176 280 369 
stack 62:    890 622 999 327 680 900 246 
stack 63:    149 303 606 955 562 512 168 
stack 64:    201 804 629 415 418 521 47 
stack 65:    520 450 439 5 977 64 848 
stack 66:    852 939 388 968 874 35 761 
stack 67:    384 657 163 378 281 72 554 
stack 68:    38 674 52 383 950 270 549 
stack 69:    119 81 907 710 167 185 22 
stack 70:    175 875 751 295 493 995 546 
stack 71:    567 2 373 140 463 206 245 
stack 72:    230 193 128 56 779 550 316 
stack 73:    917 908 540 821 646 666 417 
stack 74:    517 337 910 411 607 932 233 
stack 75:    862 397 851 202 586 173 299 
stack 76:    153 222 753 386 362 146 798 
stack 77:    638 559 508 951 381 260 692 
stack 78:    624 486 142 525 771 225 978 
stack 79:    838 713 12 50 593 514 959 
stack 80:    289 287 308 212 685 48 492 
stack 81:    503 271 684 192 205 264 502 
stack 82:    347 759 154 972 87 218 930 
stack 83:    746 244 92 523 444 106 796 
stack 84:    505 839 794 297 357 598 11 
stack 85:    690 528 834 482 358 324 131 
stack 86:    166 869 490 736 765 32 296 
stack 87:    372 974 290 434 323 805 44 
stack 88:    664 351 239 949 7 23 86 
stack 89:    34 300 162 460 709 4 774 
stack 90:    8 867 380 676 940 743 454 
stack 91:    897 558 476 589 272 544 997 
stack 92:    310 143 763 353 85 813 141 
stack 93:    67 491 529 656 534 147 603 
stack 94:    211 730 219 889 661 127 627 
stack 95:    691 764 896 165 871 883 876 
stack 96:    461 644 588 137 570 18 526 
stack 97:    203 377 966 647 801 425 802 
stack 98:    320 501 527 291 467 818 342 
stack 99:    90 74 361 510 865 130 986 
stack 100:    887 278 556 543 292 637 984 
stack 101:    421 382 697 95 101 886 636 
stack 102:    827 241 795 553 583 204 187 
stack 103:    861 240 578 744 750 315 948 
stack 104:    584 132 188 200 853 515 330 
stack 105:    480 262 858 632 530 884 326 
stack 106:    365 604 641 405 1 892 10 
stack 107:    772 704 618 210 416 989 983 
stack 108:    905 566 427 321 371 55 284 
stack 109:    217 104 443 400 797 352 60 
stack 110:    672 581 967 186 843 738 706 
stack 111:    94 825 904 28 24 645 62 
stack 112:    468 935 616 560 139 728 160 
stack 113:    432 376 414 96 964 419 659 
stack 114:    952 150 305 39 766 982 43 
stack 115:    220 466 441 478 799 788 446 
stack 116:    741 430 107 259 670 579 279 
stack 117:    453 138 456 777 0 660 954 
stack 118:    605 45 612 435 410 783 59 
stack 119:    842 457 518 263 318 13 602 
stack 120:    364 123 757 591 65 100 227 
stack 121:    695 557 880 611 78 496 98 
stack 122:    714 216 403 412 538 971 594 
stack 123:    841 379 866 25 438 831 40 
stack 124:    655 516 716 617 121 509 756 
stack 125:    631 385 197 737 440 719 879 
stack 126:    985 726 367 628 702 849 975 
stack 127:    899 234 856 114 840 223 208 
stack 128:    898 488 921 117 979 110 370 
stack 129:    51 711 824 614 258 619 837 
stack 130:    860 190 767 653 31 846 961 
stack 131:    881 561 413 198 485 585 786 
stack 132:    375 574 715 668 180 293 850 
stack 133:    903 832 888 776 830 213 580 
stack 134:    70 148 815 923 745 962 902 
stack 135:    845 298 306 311 66 665 37 
stack 136:    701 195 587 261 725 75 354 
stack 137:    960 389 452 462 69 723 68 
stack 138:    286 46 791 943 445 268 
stack 139:    595 778 747 63 172 409 996 
stack 140:    242 920 472 396 620 398 649 
stack 141:    700 249 61 925 338 909 
stack 142:    987 329 42 817 494 
stack 143:    144 
stack 144:    189 
stack 145:    120 
stack 146:    
stack 147:    
stack 148:    
stack 149:    
stack 150:    
stack 151:    
stack 152:    
stack 153:    
stack 154:    
stack 155:    
stack 156:    
stack 157:    
stack 158:    
stack 159:    
stack 160:    
stack 161:    
stack 162:    
stack 163:    
stack 164:    
stack 165:    
stack 166:    
stack 167:    
stack 168:    
stack 169:    
stack 170:    
stack 171:    
