lower bound for relaxed s_ij: 1228861.86

#####################################################

solved with: SP.constructive_heuristics.GeneralHeuristic
time limit: 3600.0 s
time to solve: 0,00 s
objective value: 1333094.4

stacks (top to bottom):
stack 0:    498 331 760 384 37 518 162 
stack 1:    352 626 43 179 692 457 64 
stack 2:    375 900 529 268 987 857 676 
stack 3:    978 260 731 546 892 660 55 
stack 4:    239 767 223 587 277 979 601 
stack 5:    571 567 357 745 598 140 537 
stack 6:    637 148 797 709 321 746 381 
stack 7:    694 943 296 959 836 506 585 
stack 8:    658 28 1 990 612 614 272 
stack 9:    718 846 736 326 734 897 324 
stack 10:    814 977 902 336 883 250 84 
stack 11:    604 492 681 871 8 583 629 
stack 12:    786 299 549 980 130 226 803 
stack 13:    927 126 811 667 369 445 49 
stack 14:    654 77 753 168 274 473 60 
stack 15:    207 730 641 784 728 227 763 
stack 16:    541 630 180 259 573 136 916 
stack 17:    595 668 295 351 220 557 342 
stack 18:    819 418 4 39 127 665 258 
stack 19:    826 935 452 565 70 937 887 
stack 20:    410 466 785 749 866 294 365 
stack 21:    714 850 971 743 409 955 952 
stack 22:    273 376 967 378 618 963 817 
stack 23:    748 863 236 838 737 719 174 
stack 24:    472 91 349 670 932 597 366 
stack 25:    807 841 628 33 437 166 901 
stack 26:    0 677 359 193 379 363 353 
stack 27:    740 494 164 82 210 348 222 
stack 28:    962 862 493 715 906 306 41 
stack 29:    176 255 656 76 991 335 683 
stack 30:    61 765 521 313 894 360 771 
stack 31:    221 645 339 338 225 854 252 
stack 32:    588 903 99 63 517 400 489 
stack 33:    78 307 896 923 16 619 161 
stack 34:    914 241 775 72 499 281 404 
stack 35:    232 999 87 163 739 905 516 
stack 36:    354 724 128 93 936 187 25 
stack 37:    861 550 204 992 501 431 456 
stack 38:    605 17 825 620 119 885 522 
stack 39:    603 912 442 439 543 538 974 
stack 40:    672 997 292 998 699 462 54 
stack 41:    32 314 121 248 280 525 233 
stack 42:    364 799 849 553 787 471 925 
stack 43:    38 123 560 81 533 886 722 
stack 44:    503 931 957 288 890 408 938 
stack 45:    57 407 177 642 657 840 940 
stack 46:    433 115 831 388 341 298 984 
stack 47:    531 649 172 50 195 283 137 
stack 48:    986 942 286 467 774 11 102 
stack 49:    617 539 112 27 684 385 333 
stack 50:    733 685 192 155 394 568 382 
stack 51:    625 421 839 965 104 691 428 
stack 52:    827 526 30 789 828 611 98 
stack 53:    782 142 589 276 18 111 446 
stack 54:    138 973 939 793 391 465 764 
stack 55:    821 756 308 477 455 325 556 
stack 56:    65 636 559 647 725 875 178 
stack 57:    96 664 527 432 989 994 182 
stack 58:    334 509 122 474 83 700 680 
stack 59:    487 982 264 729 949 44 205 
stack 60:    968 687 114 852 347 26 387 
stack 61:    56 576 228 508 870 530 344 
stack 62:    24 165 80 143 928 345 829 
stack 63:    217 309 412 297 570 566 909 
stack 64:    284 305 941 485 893 218 970 
stack 65:    751 454 481 88 675 693 289 
stack 66:    823 671 524 504 154 584 913 
stack 67:    380 149 144 813 599 593 189 
stack 68:    788 696 666 609 542 201 51 
stack 69:    853 770 419 534 582 438 512 
stack 70:    346 261 323 58 948 776 247 
stack 71:    237 396 610 930 705 497 401 
stack 72:    271 976 947 444 318 486 15 
stack 73:    399 184 426 613 475 772 197 
stack 74:    929 358 249 806 798 420 635 
stack 75:    985 969 808 615 251 652 427 
stack 76:    579 135 470 451 695 864 22 
stack 77:    966 688 129 600 459 340 796 
stack 78:    988 755 89 374 92 67 411 
stack 79:    552 266 393 322 377 915 167 
stack 80:    440 34 132 882 633 265 562 
stack 81:    920 107 383 646 262 528 100 
stack 82:    758 463 12 468 476 495 171 
stack 83:    13 868 203 429 244 802 257 
stack 84:    520 790 502 602 19 578 891 
stack 85:    311 443 153 355 717 686 910 
stack 86:    781 35 934 523 907 993 741 
stack 87:    312 898 536 795 917 690 213 
stack 88:    856 141 703 147 120 441 108 
stack 89:    922 623 14 110 328 90 572 
stack 90:    235 113 139 372 62 810 319 
stack 91:    581 704 66 350 958 370 103 
stack 92:    181 330 300 606 332 461 548 
stack 93:    689 738 158 757 972 282 750 
stack 94:    895 953 160 156 95 194 812 
stack 95:    727 744 707 145 596 869 173 
stack 96:    981 45 779 995 951 833 425 
stack 97:    592 458 53 449 710 663 832 
stack 98:    702 669 780 761 368 844 269 
stack 99:    847 773 279 662 206 956 673 
stack 100:    434 47 302 851 234 500 547 
stack 101:    545 950 415 406 256 68 876 
stack 102:    845 310 653 594 450 490 708 
stack 103:    315 679 640 436 624 397 777 
stack 104:    659 460 575 554 430 52 337 
stack 105:    48 682 805 655 720 754 855 
stack 106:    343 859 131 212 278 818 40 
stack 107:    878 661 413 921 488 843 317 
stack 108:    591 71 290 577 285 453 555 
stack 109:    644 125 540 945 800 768 231 
stack 110:    643 872 888 834 848 242 390 
stack 111:    186 804 59 42 713 944 86 
stack 112:    97 229 69 830 254 511 706 
stack 113:    416 608 133 716 287 877 639 
stack 114:    118 801 124 3 185 919 21 
stack 115:    109 712 586 293 815 880 291 
stack 116:    483 820 75 216 510 10 190 
stack 117:    964 478 423 842 926 698 621 
stack 118:    889 214 563 275 791 496 551 
stack 119:    561 31 975 794 884 480 867 
stack 120:    424 590 447 196 946 747 491 
stack 121:    146 809 514 822 208 723 316 
stack 122:    544 191 215 879 7 824 170 
stack 123:    535 20 414 398 865 79 211 
stack 124:    267 417 198 361 816 356 329 
stack 125:    94 711 835 899 752 569 638 
stack 126:    199 6 701 515 678 106 367 
stack 127:    405 924 874 735 320 159 403 
stack 128:    759 631 564 983 918 105 574 
stack 129:    558 479 270 245 622 150 505 
stack 130:    532 732 392 464 36 435 837 
stack 131:    373 157 482 422 23 362 908 
stack 132:    303 151 484 183 674 448 766 
stack 133:    634 933 911 243 996 402 240 
stack 134:    5 616 651 73 607 175 304 
stack 135:    202 783 697 904 881 134 519 
stack 136:    152 188 726 650 960 301 2 
stack 137:    238 246 101 117 762 507 371 
stack 138:    627 778 327 29 209 860 
stack 139:    858 253 648 513 74 263 873 
stack 140:    469 792 9 632 389 954 46 
stack 141:    224 961 395 116 386 219 169 
stack 142:    769 85 721 
stack 143:    742 200 230 
stack 144:    580 
stack 145:    
stack 146:    
stack 147:    
stack 148:    
stack 149:    
stack 150:    
stack 151:    
stack 152:    
stack 153:    
stack 154:    
stack 155:    
stack 156:    
stack 157:    
stack 158:    
stack 159:    
stack 160:    
stack 161:    
stack 162:    
stack 163:    
stack 164:    
stack 165:    
stack 166:    
stack 167:    
stack 168:    
stack 169:    
stack 170:    
stack 171:    
