lower bound for relaxed s_ij: 1228875.24

#####################################################

solved with: SP.constructive_heuristics.GeneralHeuristic
time limit: 3600.0 s
time to solve: 0,00 s
objective value: 1328561.5

stacks (top to bottom):
stack 0:    678 201 763 73 797 642 541 
stack 1:    863 175 617 426 148 985 451 
stack 2:    536 719 932 565 165 592 134 
stack 3:    97 390 639 292 553 885 855 
stack 4:    38 751 840 514 79 476 362 
stack 5:    312 289 279 645 25 202 11 
stack 6:    187 478 489 921 45 625 785 
stack 7:    903 149 485 997 238 492 878 
stack 8:    193 10 147 957 116 186 386 
stack 9:    998 959 355 170 376 131 74 
stack 10:    40 501 230 980 608 162 762 
stack 11:    851 819 906 641 300 809 862 
stack 12:    253 78 296 121 938 728 801 
stack 13:    615 92 348 830 360 3 261 
stack 14:    114 748 632 95 456 826 886 
stack 15:    232 876 455 310 551 594 765 
stack 16:    55 24 158 947 96 297 712 
stack 17:    35 275 700 364 692 196 718 
stack 18:    766 971 912 220 473 946 698 
stack 19:    781 937 562 301 582 860 574 
stack 20:    747 816 899 835 258 555 940 
stack 21:    31 384 768 298 550 154 164 
stack 22:    442 420 363 558 136 409 125 
stack 23:    331 740 690 646 427 225 778 
stack 24:    924 721 281 948 511 822 226 
stack 25:    882 496 463 397 122 111 620 
stack 26:    23 387 794 294 493 735 995 
stack 27:    444 651 643 274 361 167 438 
stack 28:    682 84 267 542 689 890 435 
stack 29:    425 277 577 50 395 138 759 
stack 30:    533 597 557 424 583 81 22 
stack 31:    599 101 771 614 182 588 209 
stack 32:    522 598 711 623 462 350 618 
stack 33:    877 731 788 377 246 487 756 
stack 34:    178 664 161 430 12 961 815 
stack 35:    450 367 340 784 586 461 192 
stack 36:    611 159 986 345 69 894 580 
stack 37:    283 359 737 750 399 774 486 
stack 38:    432 477 498 324 933 714 56 
stack 39:    601 241 969 695 563 32 777 
stack 40:    199 792 75 779 491 808 663 
stack 41:    772 370 814 694 431 584 336 
stack 42:    652 194 949 437 353 800 171 
stack 43:    999 388 198 67 303 644 398 
stack 44:    216 659 739 898 48 172 868 
stack 45:    962 374 703 280 805 708 638 
stack 46:    479 621 468 419 87 76 685 
stack 47:    964 497 539 534 720 59 552 
stack 48:    150 102 207 677 683 828 956 
stack 49:    311 400 613 197 966 796 838 
stack 50:    755 213 869 883 596 373 672 
stack 51:    291 927 532 403 733 908 190 
stack 52:    6 752 515 833 560 60 375 
stack 53:    317 215 255 509 982 402 346 
stack 54:    446 741 707 380 306 276 829 
stack 55:    268 744 408 299 873 637 952 
stack 56:    603 185 366 556 264 880 93 
stack 57:    793 929 184 990 951 415 821 
stack 58:    104 459 365 704 51 488 923 
stack 59:    214 284 857 428 798 123 342 
stack 60:    773 188 730 782 418 742 507 
stack 61:    709 77 895 928 57 124 234 
stack 62:    145 963 452 650 917 634 987 
stack 63:    900 722 736 548 141 189 662 
stack 64:    183 581 72 780 629 834 769 
stack 65:    495 681 309 153 627 396 262 
stack 66:    378 27 517 881 106 679 179 
stack 67:    313 655 726 454 716 494 965 
stack 68:    870 813 321 413 66 129 499 
stack 69:    523 545 265 208 126 19 993 
stack 70:    578 349 156 549 481 958 710 
stack 71:    616 790 839 905 142 240 989 
stack 72:    865 902 484 919 866 140 723 
stack 73:    385 649 288 520 224 745 630 
stack 74:    343 842 404 823 820 34 749 
stack 75:    675 570 49 799 818 843 510 
stack 76:    631 968 287 329 339 217 697 
stack 77:    589 86 561 80 891 610 328 
stack 78:    369 322 888 278 151 448 674 
stack 79:    516 271 661 8 926 341 535 
stack 80:    879 68 811 530 469 526 453 
stack 81:    935 590 236 263 429 200 648 
stack 82:    115 169 467 314 273 579 112 
stack 83:    5 607 247 465 907 734 302 
stack 84:    970 671 257 564 235 512 994 
stack 85:    423 605 559 61 573 332 992 
stack 86:    90 474 28 528 480 791 0 
stack 87:    939 239 195 979 118 305 15 
stack 88:    738 691 858 333 569 181 204 
stack 89:    144 372 62 203 872 743 593 
stack 90:    228 519 930 109 21 379 4 
stack 91:    770 243 434 26 853 944 53 
stack 92:    417 37 285 524 166 527 242 
stack 93:    786 89 250 760 421 922 191 
stack 94:    252 571 725 505 36 392 482 
stack 95:    572 665 272 892 286 713 837 
stack 96:    513 407 909 254 916 529 381 
stack 97:    832 911 506 439 248 91 160 
stack 98:    817 705 676 974 717 702 984 
stack 99:    422 567 458 17 391 568 352 
stack 100:    852 914 887 315 576 347 219 
stack 101:    626 915 282 864 854 981 46 
stack 102:    827 841 133 954 945 896 472 
stack 103:    168 640 382 767 575 602 307 
stack 104:    128 913 884 848 82 316 135 
stack 105:    554 351 249 433 41 500 410 
stack 106:    844 389 344 180 304 212 132 
stack 107:    653 406 414 320 701 953 936 
stack 108:    103 875 761 699 260 845 16 
stack 109:    137 972 910 635 259 591 440 
stack 110:    146 654 416 9 754 942 405 
stack 111:    732 64 371 775 547 98 308 
stack 112:    54 33 70 293 996 656 39 
stack 113:    647 205 802 600 251 318 290 
stack 114:    1 130 383 475 619 988 508 
stack 115:    976 696 393 804 753 991 20 
stack 116:    889 587 100 356 88 537 824 
stack 117:    657 107 693 354 806 746 120 
stack 118:    338 812 688 967 94 490 449 
stack 119:    687 457 504 502 2 177 727 
stack 120:    85 443 471 920 531 729 211 
stack 121:    758 521 612 925 325 483 628 
stack 122:    206 660 943 787 764 319 789 
stack 123:    113 668 636 237 807 934 525 
stack 124:    266 684 470 950 871 861 867 
stack 125:    42 503 441 7 670 975 847 
stack 126:    334 715 176 757 901 977 918 
stack 127:    667 337 566 606 706 143 810 
stack 128:    783 686 327 850 941 412 223 
stack 129:    604 157 931 893 58 270 65 
stack 130:    43 658 295 222 152 18 110 
stack 131:    680 117 394 585 256 546 330 
stack 132:    63 543 163 411 99 897 538 
stack 133:    227 825 30 326 669 795 29 
stack 134:    139 14 836 673 960 460 127 
stack 135:    540 174 874 633 71 955 464 
stack 136:    849 323 52 803 105 335 595 
stack 137:    221 233 666 357 13 447 269 
stack 138:    245 776 445 973 859 
stack 139:    44 622 904 518 846 609 724 
stack 140:    231 831 983 210 358 856 47 
stack 141:    368 119 436 978 
stack 142:    173 108 229 
stack 143:    544 624 244 
stack 144:    218 155 
stack 145:    401 
stack 146:    
stack 147:    83 466 
stack 148:    
stack 149:    
stack 150:    
stack 151:    
stack 152:    
stack 153:    
stack 154:    
stack 155:    
stack 156:    
stack 157:    
stack 158:    
stack 159:    
stack 160:    
stack 161:    
stack 162:    
stack 163:    
stack 164:    
stack 165:    
stack 166:    
stack 167:    
stack 168:    
stack 169:    
stack 170:    
stack 171:    
