solved with: SP.post_optimization_methods.HillClimbing
time limit: 3600.0 s
time to solve: 779,07 s
objective value: 1228863.06

stacks (top to bottom):
stack 0:    
stack 1:    
stack 2:    2 
stack 3:    
stack 4:    4 
stack 5:    5 
stack 6:    506 
stack 7:    507 
stack 8:    
stack 9:    
stack 10:    
stack 11:    511 
stack 12:    12 
stack 13:    
stack 14:    514 
stack 15:    16 15 
stack 16:    19 
stack 17:    523 497 615 30 295 17 
stack 18:    380 574 277 156 519 992 731 
stack 19:    211 95 200 861 542 520 522 
stack 20:    621 26 954 747 322 109 858 
stack 21:    525 920 854 198 449 413 321 
stack 22:    942 681 227 534 216 809 835 
stack 23:    690 240 80 385 837 103 691 
stack 24:    61 528 25 801 986 753 329 
stack 25:    958 422 248 755 955 365 301 
stack 26:    709 924 972 572 480 40 821 
stack 27:    28 27 268 412 783 855 945 
stack 28:    281 485 46 53 460 581 43 
stack 29:    35 223 729 45 530 529 632 
stack 30:    400 222 362 52 263 272 904 
stack 31:    696 549 856 164 249 31 925 
stack 32:    38 251 213 596 171 553 250 
stack 33:    586 589 142 461 541 740 39 
stack 34:    941 334 294 254 658 535 37 
stack 35:    626 36 182 930 685 761 592 
stack 36:    744 764 965 58 115 565 668 
stack 37:    578 569 352 41 561 435 348 
stack 38:    473 92 428 490 583 923 680 
stack 39:    279 112 224 562 580 979 242 
stack 40:    715 763 252 305 284 830 546 
stack 41:    695 829 356 275 439 116 625 
stack 42:    106 807 293 739 73 42 114 
stack 43:    158 742 111 50 335 405 998 
stack 44:    857 69 55 571 386 209 474 
stack 45:    590 552 445 344 792 682 932 
stack 46:    399 558 984 741 233 916 265 
stack 47:    74 674 579 827 564 716 573 
stack 48:    91 207 777 256 206 429 296 
stack 49:    815 190 302 100 720 137 640 
stack 50:    823 199 953 134 833 303 120 
stack 51:    464 337 555 868 789 482 170 
stack 52:    229 727 78 54 676 56 677 
stack 53:    771 735 602 185 897 554 444 
stack 54:    107 900 201 670 872 289 487 
stack 55:    758 933 968 60 666 346 825 
stack 56:    689 912 699 989 805 292 418 
stack 57:    623 636 641 62 72 479 408 
stack 58:    436 609 202 124 570 371 948 
stack 59:    258 291 782 239 714 880 476 
stack 60:    877 652 146 377 266 600 601 
stack 61:    484 154 333 895 976 169 133 
stack 62:    798 308 785 187 937 246 824 
stack 63:    938 639 635 319 704 901 70 
stack 64:    481 300 775 326 393 988 196 
stack 65:    366 204 434 878 936 97 832 
stack 66:    498 797 921 811 915 882 410 
stack 67:    67 350 71 121 178 612 697 
stack 68:    896 966 235 893 462 68 283 
stack 69:    719 316 361 236 768 678 850 
stack 70:    86 795 311 450 392 472 869 
stack 71:    159 638 820 990 991 90 914 
stack 72:    415 226 165 139 842 909 153 
stack 73:    772 646 971 819 87 145 961 
stack 74:    604 667 760 102 876 788 671 
stack 75:    728 593 890 336 907 659 919 
stack 76:    799 673 394 620 757 317 359 
stack 77:    382 342 651 104 163 774 93 
stack 78:    787 891 340 993 83 155 956 
stack 79:    217 96 598 845 935 253 417 
stack 80:    608 633 803 214 931 599 859 
stack 81:    746 616 448 851 132 884 282 
stack 82:    99 684 323 732 650 286 372 
stack 83:    451 141 375 166 88 813 442 
stack 84:    597 129 270 873 136 493 939 
stack 85:    770 421 425 726 780 267 834 
stack 86:    500 0 
stack 87:    1 501 
stack 88:    503 502 
stack 89:    3 
stack 90:    504 
stack 91:    505 
stack 92:    6 
stack 93:    7 508 
stack 94:    8 
stack 95:    9 509 
stack 96:    10 510 
stack 97:    11 
stack 98:    512 
stack 99:    13 513 
stack 100:    14 
stack 101:    515 
stack 102:    516 
stack 103:    186 517 18 430 706 367 547 
stack 104:    24 551 826 518 524 23 734 
stack 105:    47 20 29 521 711 173 669 
stack 106:    577 754 21 343 339 899 446 
stack 107:    964 841 538 537 662 679 898 
stack 108:    455 533 98 725 22 927 174 
stack 109:    65 312 160 260 526 963 465 
stack 110:    33 967 184 456 838 806 395 
stack 111:    847 483 614 791 952 575 531 
stack 112:    594 557 969 627 338 373 532 
stack 113:    527 756 888 221 259 710 388 
stack 114:    411 750 34 195 406 997 32 
stack 115:    550 902 264 79 661 567 44 
stack 116:    817 885 879 320 812 49 345 
stack 117:    131 556 543 157 307 846 683 
stack 118:    147 150 355 494 477 985 576 
stack 119:    544 943 540 617 692 463 438 
stack 120:    110 548 459 48 536 545 304 
stack 121:    539 228 603 653 844 297 404 
stack 122:    149 611 285 818 194 376 230 
stack 123:    414 379 700 64 389 642 128 
stack 124:    192 363 172 437 559 66 860 
stack 125:    495 51 784 766 440 883 698 
stack 126:    332 585 349 767 814 802 849 
stack 127:    274 906 215 330 151 960 488 
stack 128:    127 237 848 397 738 364 105 
stack 129:    759 975 219 306 917 391 177 
stack 130:    238 703 143 191 587 987 76 
stack 131:    244 865 492 384 786 800 618 
stack 132:    983 431 59 816 889 101 189 
stack 133:    566 905 730 864 390 631 688 
stack 134:    584 563 781 779 705 370 351 
stack 135:    314 862 928 225 748 113 624 
stack 136:    433 947 424 419 486 57 475 
stack 137:    656 210 325 687 637 622 231 
stack 138:    478 657 796 675 910 255 278 
stack 139:    769 951 77 81 866 218 946 
stack 140:    776 85 203 75 205 808 629 
stack 141:    374 401 208 118 560 432 840 
stack 142:    999 108 686 82 994 922 871 
stack 143:    299 426 247 722 751 261 790 
stack 144:    634 489 383 957 271 454 168 
stack 145:    913 298 929 176 162 403 981 
stack 146:    804 973 468 977 793 773 63 
stack 147:    123 396 470 360 568 606 712 
stack 148:    881 309 188 496 843 152 737 
stack 149:    672 721 867 644 276 453 148 
stack 150:    269 654 232 962 723 911 926 
stack 151:    458 582 287 903 852 387 749 
stack 152:    212 853 718 892 245 181 353 
stack 153:    347 273 452 409 324 471 940 
stack 154:    469 794 591 743 736 407 886 
stack 155:    765 607 441 978 288 318 135 
stack 156:    595 828 950 84 870 643 443 
stack 157:    126 368 257 745 357 605 874 
stack 158:    313 234 982 949 354 122 140 
stack 159:    420 341 733 863 839 144 423 
stack 160:    117 447 693 119 241 467 358 
stack 161:    243 762 918 660 702 125 610 
stack 162:    398 315 713 717 491 220 89 
stack 163:    402 831 995 416 290 381 427 
stack 164:    665 613 193 327 94 183 649 
stack 165:    180 466 724 836 707 130 810 
stack 166:    628 980 974 959 280 328 630 
stack 167:    648 778 197 175 645 944 457 
stack 168:    934 996 875 694 619 378 369 
stack 169:    908 752 708 701 179 331 499 
stack 170:    970 647 655 663 887 138 822 
stack 171:    664 310 588 262 167 161 894 
