lower bound for relaxed s_ij: 1228839.98

#####################################################

solved with: SP.constructive_heuristics.GeneralHeuristic
time limit: 3600.0 s
time to solve: 0,00 s
objective value: 1331924.81

stacks (top to bottom):
stack 0:    721 445 568 564 684 672 336 
stack 1:    170 115 890 299 57 10 786 
stack 2:    763 341 45 259 779 849 817 
stack 3:    107 271 489 580 91 325 117 
stack 4:    978 60 202 183 635 342 38 
stack 5:    34 283 401 928 646 806 354 
stack 6:    40 381 537 243 697 791 376 
stack 7:    673 49 971 439 162 518 427 
stack 8:    979 607 346 229 955 863 886 
stack 9:    136 982 313 444 51 578 208 
stack 10:    774 585 943 749 544 330 448 
stack 11:    922 681 366 612 808 231 691 
stack 12:    772 70 174 397 605 93 398 
stack 13:    577 636 724 478 823 868 972 
stack 14:    723 241 240 367 752 781 986 
stack 15:    306 764 664 257 268 949 223 
stack 16:    121 505 583 71 919 454 87 
stack 17:    592 507 524 731 880 9 676 
stack 18:    864 983 727 733 165 80 824 
stack 19:    177 554 558 167 184 166 896 
stack 20:    42 614 725 155 316 422 340 
stack 21:    814 767 773 962 66 569 179 
stack 22:    289 973 62 567 798 337 185 
stack 23:    391 46 114 903 477 275 757 
stack 24:    552 546 476 419 526 882 618 
stack 25:    409 603 67 175 494 503 532 
stack 26:    360 129 760 394 665 180 349 
stack 27:    287 500 171 296 359 236 225 
stack 28:    380 591 53 74 940 0 201 
stack 29:    32 329 178 632 314 797 892 
stack 30:    995 434 975 658 619 293 374 
stack 31:    631 742 887 467 351 905 889 
stack 32:    904 426 999 89 149 168 931 
stack 33:    458 745 244 102 942 575 909 
stack 34:    266 623 215 957 55 965 948 
stack 35:    608 415 436 294 3 292 27 
stack 36:    549 759 627 140 879 528 455 
stack 37:    650 784 371 595 173 685 99 
stack 38:    207 625 901 234 191 141 480 
stack 39:    590 390 372 729 204 145 966 
stack 40:    237 104 674 210 288 321 356 
stack 41:    218 967 72 821 657 716 252 
stack 42:    690 747 29 910 878 642 79 
stack 43:    485 135 702 738 192 573 267 
stack 44:    920 656 626 845 463 194 683 
stack 45:    303 498 850 810 97 961 802 
stack 46:    593 855 894 818 95 327 933 
stack 47:    486 719 217 83 481 547 579 
stack 48:    998 28 853 692 841 576 675 
stack 49:    246 800 497 459 555 588 468 
stack 50:    970 525 24 669 941 739 751 
stack 51:    47 944 610 734 746 416 228 
stack 52:    457 860 331 661 754 116 898 
stack 53:    312 963 589 872 616 7 472 
stack 54:    820 490 181 413 124 269 964 
stack 55:    384 248 205 86 347 572 696 
stack 56:    828 245 993 474 437 831 523 
stack 57:    584 559 76 348 387 418 560 
stack 58:    822 328 30 777 146 41 190 
stack 59:    996 840 571 628 209 103 338 
stack 60:    517 428 20 203 429 728 320 
stack 61:    324 73 622 981 249 18 510 
stack 62:    807 553 479 939 339 355 134 
stack 63:    796 144 14 534 834 925 44 
stack 64:    639 660 157 659 521 637 108 
stack 65:    782 357 611 101 667 699 514 
stack 66:    799 924 78 561 182 310 239 
stack 67:    345 431 740 851 509 562 598 
stack 68:    373 703 912 81 291 8 206 
stack 69:    775 794 875 425 606 812 54 
stack 70:    496 969 323 847 744 950 261 
stack 71:    377 787 253 778 709 318 443 
stack 72:    187 254 109 737 926 385 651 
stack 73:    951 216 893 142 353 466 516 
stack 74:    581 843 285 59 411 640 333 
stack 75:    297 446 281 471 447 414 597 
stack 76:    861 557 952 780 344 771 934 
stack 77:    227 58 82 188 265 958 805 
stack 78:    641 247 927 730 935 365 804 
stack 79:    630 106 708 545 6 13 809 
stack 80:    282 789 954 172 566 278 213 
stack 81:    776 885 123 508 756 548 441 
stack 82:    538 193 112 462 735 634 65 
stack 83:    94 122 519 382 161 839 169 
stack 84:    199 77 914 750 363 119 736 
stack 85:    15 298 574 198 369 504 400 
stack 86:    322 624 700 221 302 643 770 
stack 87:    375 464 284 90 662 677 156 
stack 88:    698 801 420 219 862 424 470 
stack 89:    36 85 819 432 866 396 884 
stack 90:    17 790 848 836 930 226 945 
stack 91:    891 315 837 12 452 16 319 
stack 92:    352 33 195 989 803 402 495 
stack 93:    332 531 392 714 811 874 844 
stack 94:    670 1 600 755 286 19 694 
stack 95:    688 842 825 242 200 991 148 
stack 96:    404 899 64 833 826 769 900 
stack 97:    214 515 11 829 399 563 587 
stack 98:    137 666 304 529 601 279 386 
stack 99:    263 159 451 795 707 617 308 
stack 100:    300 301 539 152 262 456 5 
stack 101:    522 655 56 50 906 43 421 
stack 102:    450 211 929 305 974 469 460 
stack 103:    317 693 473 994 710 869 88 
stack 104:    918 977 251 968 442 186 358 
stack 105:    712 37 813 704 435 403 838 
stack 106:    932 621 238 856 506 491 164 
stack 107:    687 527 647 715 976 718 992 
stack 108:    449 556 846 594 276 100 430 
stack 109:    540 758 913 264 189 393 550 
stack 110:    370 75 732 250 923 854 4 
stack 111:    793 711 118 63 233 816 364 
stack 112:    766 440 438 876 361 163 701 
stack 113:    596 258 406 959 84 35 748 
stack 114:    633 501 334 997 604 388 679 
stack 115:    150 31 921 131 120 465 907 
stack 116:    785 680 788 865 783 230 857 
stack 117:    678 835 582 389 815 883 502 
stack 118:    946 686 212 395 653 984 133 
stack 119:    565 877 160 717 68 668 827 
stack 120:    410 858 487 309 335 277 483 
stack 121:    105 127 620 644 295 326 69 
stack 122:    311 154 110 197 232 645 753 
stack 123:    408 960 980 720 128 985 138 
stack 124:    937 870 111 535 379 260 113 
stack 125:    273 499 493 713 147 953 407 
stack 126:    125 48 222 852 417 682 902 
stack 127:    629 871 362 956 533 280 648 
stack 128:    987 151 542 21 671 695 867 
stack 129:    26 61 139 638 176 908 609 
stack 130:    383 492 274 405 530 235 706 
stack 131:    350 96 433 689 412 586 888 
stack 132:    256 649 663 911 599 475 722 
stack 133:    2 453 615 272 541 881 158 
stack 134:    570 726 98 513 25 368 761 
stack 135:    988 536 830 488 270 705 917 
stack 136:    39 743 423 897 652 92 220 
stack 137:    947 153 936 551 792 741 512 
stack 138:    484 378 461 765 23 224 
stack 139:    543 196 915 832 768 873 520 
stack 140:    859 654 22 143 613 511 126 
stack 141:    938 343 52 132 255 
stack 142:    602 762 895 
stack 143:    307 990 290 
stack 144:    482 
stack 145:    130 
stack 146:    916 
stack 147:    
stack 148:    
stack 149:    
stack 150:    
stack 151:    
stack 152:    
stack 153:    
stack 154:    
stack 155:    
stack 156:    
stack 157:    
stack 158:    
stack 159:    
stack 160:    
stack 161:    
stack 162:    
stack 163:    
stack 164:    
stack 165:    
stack 166:    
stack 167:    
stack 168:    
stack 169:    
stack 170:    
stack 171:    
