lower bound for relaxed s_ij: 1228848.48

#####################################################

solved with: SP.constructive_heuristics.GeneralHeuristic
time limit: 3600.0 s
time to solve: 0,00 s
objective value: 1326240.54

stacks (top to bottom):
stack 0:    484 567 434 660 20 496 812 
stack 1:    784 398 718 873 335 719 262 
stack 2:    163 530 914 517 91 715 857 
stack 3:    183 124 574 415 161 640 145 
stack 4:    880 595 451 525 933 71 616 
stack 5:    409 788 627 143 416 839 38 
stack 6:    446 19 910 684 396 372 884 
stack 7:    997 881 843 354 252 43 932 
stack 8:    301 53 33 863 723 7 192 
stack 9:    16 710 18 58 126 508 701 
stack 10:    629 961 774 908 377 887 383 
stack 11:    996 588 717 661 647 327 775 
stack 12:    432 445 265 765 590 813 541 
stack 13:    912 232 420 729 672 185 597 
stack 14:    102 512 359 560 208 131 247 
stack 15:    842 636 698 935 50 979 781 
stack 16:    72 860 315 952 556 59 994 
stack 17:    418 197 107 598 156 234 88 
stack 18:    549 835 504 505 454 296 734 
stack 19:    939 707 393 823 532 129 499 
stack 20:    674 825 759 978 829 545 6 
stack 21:    201 32 30 673 966 769 651 
stack 22:    286 501 563 940 685 806 582 
stack 23:    714 153 878 300 435 166 121 
stack 24:    216 861 726 866 999 692 100 
stack 25:    883 427 897 83 671 44 215 
stack 26:    585 109 338 431 917 70 37 
stack 27:    800 22 882 976 478 669 681 
stack 28:    29 995 618 760 888 633 250 
stack 29:    844 828 858 804 682 360 709 
stack 30:    509 818 411 926 547 497 311 
stack 31:    324 27 703 546 990 662 112 
stack 32:    968 699 290 421 856 594 965 
stack 33:    269 930 725 826 351 274 513 
stack 34:    691 460 56 833 803 593 279 
stack 35:    605 99 433 601 11 135 571 
stack 36:    346 848 412 552 565 666 816 
stack 37:    653 81 280 330 225 697 572 
stack 38:    79 958 852 341 417 404 891 
stack 39:    425 85 356 551 735 261 348 
stack 40:    108 951 256 69 147 251 624 
stack 41:    344 767 320 277 242 303 449 
stack 42:    615 49 342 137 609 331 226 
stack 43:    553 25 103 148 209 903 98 
stack 44:    105 202 706 281 408 498 370 
stack 45:    614 600 869 820 537 268 294 
stack 46:    450 456 238 199 892 531 111 
stack 47:    752 506 246 325 936 799 317 
stack 48:    694 815 321 358 275 283 977 
stack 49:    721 349 369 534 339 931 962 
stack 50:    483 180 580 905 670 665 128 
stack 51:    176 628 182 8 840 771 608 
stack 52:    104 610 389 955 448 920 139 
stack 53:    518 494 589 55 473 808 196 
stack 54:    230 31 790 821 26 938 319 
stack 55:    140 263 343 65 172 733 780 
stack 56:    872 284 482 3 675 312 963 
stack 57:    787 94 422 410 80 299 374 
stack 58:    716 479 998 361 782 646 186 
stack 59:    169 947 217 491 257 438 778 
stack 60:    235 92 700 924 168 747 854 
stack 61:    564 0 272 154 676 724 382 
stack 62:    4 133 548 469 801 819 373 
stack 63:    467 550 766 249 178 993 644 
stack 64:    690 855 937 42 117 785 677 
stack 65:    568 795 471 307 776 23 975 
stack 66:    187 702 913 745 167 859 969 
stack 67:    466 401 602 440 877 667 727 
stack 68:    533 481 596 900 293 519 60 
stack 69:    394 635 218 214 336 487 986 
stack 70:    468 737 654 179 285 579 743 
stack 71:    82 899 188 379 229 259 864 
stack 72:    164 862 309 365 195 244 985 
stack 73:    741 728 770 402 925 305 462 
stack 74:    457 255 650 928 992 515 333 
stack 75:    363 386 620 75 87 832 950 
stack 76:    822 949 480 368 271 603 652 
stack 77:    439 793 507 643 458 586 834 
stack 78:    638 619 916 90 114 288 429 
stack 79:    211 989 810 36 206 447 364 
stack 80:    763 231 688 314 581 96 313 
stack 81:    849 254 577 177 181 879 323 
stack 82:    753 554 426 967 387 406 853 
stack 83:    641 957 817 287 119 298 28 
stack 84:    97 76 367 708 988 64 921 
stack 85:    539 190 376 762 400 805 41 
stack 86:    811 162 526 407 84 40 836 
stack 87:    93 191 642 340 430 48 796 
stack 88:    452 326 971 219 442 89 885 
stack 89:    470 95 101 893 474 47 220 
stack 90:    213 668 871 894 511 134 276 
stack 91:    889 830 472 944 535 419 392 
stack 92:    956 544 561 353 149 528 758 
stack 93:    495 204 773 151 352 798 755 
stack 94:    390 297 520 591 639 110 722 
stack 95:    24 974 606 557 637 970 51 
stack 96:    514 831 57 395 54 306 239 
stack 97:    683 711 414 942 731 744 794 
stack 98:    476 380 604 536 522 292 9 
stack 99:    960 756 923 587 559 125 898 
stack 100:    953 890 158 909 751 240 693 
stack 101:    122 678 902 227 375 14 397 
stack 102:    649 705 34 911 492 291 527 
stack 103:    746 318 973 630 783 915 424 
stack 104:    113 173 779 477 150 212 625 
stack 105:    870 221 841 159 523 170 428 
stack 106:    228 157 444 388 837 807 946 
stack 107:    236 130 510 827 334 371 194 
stack 108:    984 362 814 648 295 35 67 
stack 109:    488 316 529 749 78 730 453 
stack 110:    851 207 264 846 174 355 493 
stack 111:    982 867 868 384 73 658 566 
stack 112:    983 941 441 253 63 777 270 
stack 113:    486 657 459 576 720 695 328 
stack 114:    712 165 980 631 621 736 623 
stack 115:    613 144 599 1 86 772 886 
stack 116:    39 713 664 907 120 538 223 
stack 117:    266 959 786 455 972 502 224 
stack 118:    583 118 954 45 558 203 503 
stack 119:    919 155 127 622 543 152 258 
stack 120:    436 573 943 929 61 922 945 
stack 121:    626 689 761 645 738 617 308 
stack 122:    578 175 304 687 948 21 896 
stack 123:    381 337 378 634 991 233 740 
stack 124:    500 757 405 68 17 77 569 
stack 125:    475 584 797 142 686 350 423 
stack 126:    241 193 901 655 66 115 918 
stack 127:    542 222 540 521 680 132 611 
stack 128:    659 278 273 696 322 146 824 
stack 129:    739 123 981 516 792 562 555 
stack 130:    748 906 850 742 329 443 904 
stack 131:    302 768 399 732 267 465 934 
stack 132:    210 607 237 490 332 198 200 
stack 133:    489 385 260 524 10 838 310 
stack 134:    15 171 437 876 865 663 750 
stack 135:    5 592 160 927 248 243 46 
stack 136:    347 141 791 485 464 391 189 
stack 137:    754 461 52 575 282 116 875 
stack 138:    656 245 570 632 205 845 612 
stack 139:    802 764 413 987 895 13 463 
stack 140:    138 704 106 289 874 136 847 
stack 141:    2 74 184 964 679 789 
stack 142:    345 809 403 
stack 143:    12 357 366 
stack 144:    62 
stack 145:    
stack 146:    
stack 147:    
stack 148:    
stack 149:    
stack 150:    
stack 151:    
stack 152:    
stack 153:    
stack 154:    
stack 155:    
stack 156:    
stack 157:    
stack 158:    
stack 159:    
stack 160:    
stack 161:    
stack 162:    
stack 163:    
stack 164:    
stack 165:    
stack 166:    
stack 167:    
stack 168:    
stack 169:    
stack 170:    
stack 171:    
