lower bound for relaxed s_ij: 1228842.34

#####################################################

solved with: SP.constructive_heuristics.GeneralHeuristic
time limit: 3600.0 s
time to solve: 0,00 s
objective value: 1330809.79

stacks (top to bottom):
stack 0:    724 753 359 403 851 524 645 
stack 1:    478 450 21 232 443 438 150 
stack 2:    33 584 515 475 593 0 30 
stack 3:    324 760 668 350 317 700 101 
stack 4:    97 423 562 682 981 881 684 
stack 5:    977 921 704 522 596 399 122 
stack 6:    116 155 130 526 856 127 481 
stack 7:    549 307 387 255 800 397 836 
stack 8:    809 544 601 622 857 810 113 
stack 9:    651 896 626 569 950 991 333 
stack 10:    982 639 736 560 103 89 458 
stack 11:    110 827 838 238 15 792 529 
stack 12:    254 59 807 358 882 644 364 
stack 13:    717 697 402 939 564 985 419 
stack 14:    282 712 321 143 428 165 44 
stack 15:    367 868 94 179 112 715 124 
stack 16:    190 273 607 386 931 638 245 
stack 17:    507 768 927 763 681 523 688 
stack 18:    9 418 293 327 95 193 346 
stack 19:    667 174 830 545 739 787 964 
stack 20:    814 762 136 480 99 771 844 
stack 21:    147 205 598 960 379 802 298 
stack 22:    574 210 349 632 231 653 737 
stack 23:    679 972 460 78 941 500 958 
stack 24:    227 417 452 797 528 887 125 
stack 25:    506 786 582 343 956 878 914 
stack 26:    79 351 495 867 303 181 487 
stack 27:    175 283 284 380 953 286 546 
stack 28:    761 532 597 520 459 66 279 
stack 29:    429 791 894 395 542 62 308 
stack 30:    42 869 686 300 318 986 183 
stack 31:    666 319 591 258 250 385 716 
stack 32:    355 820 239 90 821 557 287 
stack 33:    55 658 408 139 963 589 926 
stack 34:    936 464 31 766 998 389 897 
stack 35:    583 692 43 40 870 815 47 
stack 36:    39 940 839 323 365 947 620 
stack 37:    796 703 108 757 501 561 264 
stack 38:    341 272 731 657 503 728 384 
stack 39:    442 655 831 104 142 447 499 
stack 40:    194 166 909 219 242 141 789 
stack 41:    267 618 342 356 975 226 691 
stack 42:    723 432 325 907 361 53 621 
stack 43:    212 512 750 29 202 176 961 
stack 44:    805 735 725 911 154 788 414 
stack 45:    60 845 69 109 933 482 695 
stack 46:    509 381 129 162 777 534 864 
stack 47:    468 345 646 105 221 847 82 
stack 48:    862 477 328 957 974 880 516 
stack 49:    531 920 984 756 552 888 374 
stack 50:    514 865 636 502 225 602 170 
stack 51:    5 613 422 335 177 314 873 
stack 52:    86 134 182 672 741 624 204 
stack 53:    1 858 694 198 647 962 955 
stack 54:    280 26 747 259 404 132 234 
stack 55:    241 842 754 188 824 983 566 
stack 56:    774 778 411 187 85 554 329 
stack 57:    296 671 466 7 363 785 192 
stack 58:    915 425 662 738 527 437 999 
stack 59:    898 656 472 169 13 446 36 
stack 60:    161 311 872 709 268 988 767 
stack 61:    392 151 336 64 643 339 106 
stack 62:    556 70 834 918 943 922 444 
stack 63:    530 439 677 628 302 945 629 
stack 64:    729 457 693 899 68 383 430 
stack 65:    616 759 233 98 893 511 200 
stack 66:    727 25 173 776 247 599 158 
stack 67:    211 388 772 474 929 19 976 
stack 68:    930 863 587 119 819 722 262 
stack 69:    640 606 570 912 611 246 559 
stack 70:    366 451 156 368 416 56 278 
stack 71:    705 107 603 547 883 825 505 
stack 72:    808 316 352 769 445 823 623 
stack 73:    462 220 347 928 420 548 980 
stack 74:    841 24 135 674 217 54 536 
stack 75:    555 832 412 866 207 257 213 
stack 76:    196 102 816 811 518 642 235 
stack 77:    734 812 752 605 822 634 22 
stack 78:    434 633 951 879 310 436 498 
stack 79:    743 115 28 588 100 288 10 
stack 80:    885 846 471 619 344 934 673 
stack 81:    46 764 979 11 910 813 969 
stack 82:    781 494 859 701 652 537 80 
stack 83:    326 661 48 73 37 833 711 
stack 84:    421 901 470 773 648 237 604 
stack 85:    427 535 144 971 586 149 745 
stack 86:    81 968 413 277 260 409 497 
stack 87:    215 720 783 913 449 751 454 
stack 88:    818 551 76 917 538 57 476 
stack 89:    540 765 595 197 20 625 206 
stack 90:    265 322 138 891 121 189 568 
stack 91:    400 456 424 304 742 415 680 
stack 92:    334 463 160 396 433 670 163 
stack 93:    746 938 473 690 168 492 240 
stack 94:    521 937 485 889 702 120 541 
stack 95:    128 224 698 884 770 320 829 
stack 96:    34 665 71 152 675 649 730 
stack 97:    935 663 510 780 299 749 944 
stack 98:    370 406 848 630 67 309 660 
stack 99:    337 855 218 88 184 6 585 
stack 100:    669 635 942 726 871 803 453 
stack 101:    291 289 519 301 214 973 230 
stack 102:    172 164 295 223 906 191 148 
stack 103:    50 707 159 353 140 689 23 
stack 104:    987 315 696 892 902 18 801 
stack 105:    171 579 748 203 997 65 431 
stack 106:    269 553 398 331 744 496 924 
stack 107:    572 637 407 664 932 362 253 
stack 108:    578 533 853 274 51 426 575 
stack 109:    199 650 84 608 609 794 382 
stack 110:    905 256 676 685 732 573 394 
stack 111:    708 290 965 377 14 360 925 
stack 112:    32 615 2 45 354 297 486 
stack 113:    27 860 900 959 513 710 706 
stack 114:    775 186 285 779 806 733 369 
stack 115:    145 332 590 919 375 167 525 
stack 116:    146 571 330 87 488 357 441 
stack 117:    201 390 558 484 133 391 594 
stack 118:    410 435 252 372 126 3 228 
stack 119:    581 992 17 49 465 16 275 
stack 120:    92 248 840 455 782 843 949 
stack 121:    612 849 627 996 178 96 576 
stack 122:    995 713 993 990 550 38 236 
stack 123:    479 719 954 577 216 678 12 
stack 124:    903 243 83 563 835 567 4 
stack 125:    263 740 75 654 313 687 850 
stack 126:    799 77 58 405 461 469 886 
stack 127:    340 916 271 185 270 61 508 
stack 128:    52 592 137 874 721 795 875 
stack 129:    93 266 543 793 610 948 373 
stack 130:    923 91 989 877 828 978 565 
stack 131:    817 261 718 504 908 852 876 
stack 132:    401 251 491 294 517 539 281 
stack 133:    714 131 490 631 683 338 755 
stack 134:    798 580 180 837 448 784 123 
stack 135:    946 114 393 758 117 292 305 
stack 136:    861 970 
stack 137:    699 244 614 467 854 600 378 
stack 138:    659 348 966 904 826 249 111 
stack 139:    157 229 895 994 41 208 276 
stack 140:    72 641 35 209 74 118 
stack 141:    489 153 952 967 8 790 222 
stack 142:    312 306 804 63 483 
stack 143:    376 195 
stack 144:    890 440 371 
stack 145:    493 617 
stack 146:    
stack 147:    
stack 148:    
stack 149:    
stack 150:    
stack 151:    
stack 152:    
stack 153:    
stack 154:    
stack 155:    
stack 156:    
stack 157:    
stack 158:    
stack 159:    
stack 160:    
stack 161:    
stack 162:    
stack 163:    
stack 164:    
stack 165:    
stack 166:    
stack 167:    
stack 168:    
stack 169:    
stack 170:    
stack 171:    
