lower bound for relaxed s_ij: 1228875.16

#####################################################

solved with: SP.constructive_heuristics.GeneralHeuristic
time limit: 3600.0 s
time to solve: 0,02 s
objective value: 1332470.21

stacks (top to bottom):
stack 0:    412 478 160 137 207 628 112 
stack 1:    769 381 735 651 462 572 267 
stack 2:    772 558 165 313 875 878 308 
stack 3:    96 745 409 157 134 8 370 
stack 4:    432 73 600 967 998 41 873 
stack 5:    592 917 136 375 171 630 826 
stack 6:    80 803 236 340 441 271 13 
stack 7:    515 962 301 189 896 583 799 
stack 8:    499 561 818 500 486 174 597 
stack 9:    804 906 669 378 856 520 999 
stack 10:    359 102 333 885 408 602 35 
stack 11:    496 503 119 797 297 472 721 
stack 12:    128 190 32 453 437 159 456 
stack 13:    258 760 351 403 576 457 782 
stack 14:    623 815 227 86 943 231 141 
stack 15:    18 461 932 821 154 216 219 
stack 16:    965 753 214 908 320 82 420 
stack 17:    6 252 350 620 282 61 940 
stack 18:    443 681 413 950 626 918 564 
stack 19:    23 946 485 345 450 757 253 
stack 20:    627 791 901 711 964 705 442 
stack 21:    56 480 949 233 295 657 467 
stack 22:    89 474 64 541 629 824 397 
stack 23:    241 261 328 105 424 183 205 
stack 24:    587 47 726 292 631 663 447 
stack 25:    50 302 551 916 638 452 925 
stack 26:    52 68 607 814 40 293 625 
stack 27:    465 16 396 335 263 811 734 
stack 28:    889 990 595 636 930 11 220 
stack 29:    594 353 336 895 426 264 458 
stack 30:    728 817 836 915 144 501 790 
stack 31:    37 435 48 434 332 612 176 
stack 32:    438 418 185 312 4 187 537 
stack 33:    257 730 12 360 958 977 125 
stack 34:    195 198 151 315 113 779 646 
stack 35:    514 325 568 670 415 342 698 
stack 36:    717 697 936 794 956 283 419 
stack 37:    948 71 680 85 510 21 877 
stack 38:    776 712 212 837 920 192 957 
stack 39:    687 845 857 639 369 200 529 
stack 40:    685 703 750 25 756 748 469 
stack 41:    840 758 422 213 79 806 567 
stack 42:    27 33 766 471 650 104 416 
stack 43:    2 46 427 710 93 775 589 
stack 44:    337 662 322 935 124 713 654 
stack 45:    963 771 290 26 509 251 523 
stack 46:    203 825 887 385 179 211 518 
stack 47:    939 508 773 802 983 346 90 
stack 48:    858 244 652 29 69 280 890 
stack 49:    139 275 991 725 778 774 789 
stack 50:    242 20 704 971 504 492 234 
stack 51:    429 787 548 371 676 204 121 
stack 52:    565 145 483 883 560 63 455 
stack 53:    933 707 864 75 552 690 910 
stack 54:    555 658 610 115 178 644 454 
stack 55:    714 842 816 919 398 902 593 
stack 56:    15 578 459 820 980 494 366 
stack 57:    849 238 677 303 356 720 579 
stack 58:    731 863 905 987 926 516 880 
stack 59:    974 376 517 869 166 912 573 
stack 60:    300 506 922 645 684 624 477 
stack 61:    488 563 538 580 805 668 99 
stack 62:    512 289 254 248 808 310 217 
stack 63:    706 0 724 649 493 672 966 
stack 64:    321 229 795 972 466 616 53 
stack 65:    729 511 571 428 861 117 209 
stack 66:    994 331 632 130 91 142 196 
stack 67:    401 747 545 243 34 449 62 
stack 68:    982 436 540 368 723 460 498 
stack 69:    129 22 617 266 269 996 239 
stack 70:    881 38 768 689 547 430 288 
stack 71:    549 708 354 400 952 660 215 
stack 72:    245 425 891 507 582 235 810 
stack 73:    830 88 586 975 792 163 605 
stack 74:    923 530 372 751 118 221 973 
stack 75:    156 521 800 716 57 527 942 
stack 76:    411 992 9 656 659 924 744 
stack 77:    170 305 74 276 210 417 986 
stack 78:    155 343 904 502 363 497 103 
stack 79:    286 543 588 643 339 868 847 
stack 80:    674 719 754 284 318 327 899 
stack 81:    675 414 535 108 148 897 281 
stack 82:    182 364 738 678 222 531 997 
stack 83:    405 954 344 947 177 641 181 
stack 84:    406 601 224 98 865 399 860 
stack 85:    232 31 796 786 854 584 260 
stack 86:    812 316 715 487 823 445 695 
stack 87:    834 81 701 911 410 394 77 
stack 88:    937 24 361 544 843 389 173 
stack 89:    733 556 191 599 985 961 872 
stack 90:    951 819 809 135 692 550 329 
stack 91:    801 407 70 613 206 839 395 
stack 92:    686 846 324 637 287 566 36 
stack 93:    473 618 147 106 591 272 866 
stack 94:    871 383 577 451 929 256 609 
stack 95:    737 111 259 944 621 5 193 
stack 96:    194 852 995 542 553 446 539 
stack 97:    755 739 298 859 862 439 642 
stack 98:    365 39 851 604 832 149 667 
stack 99:    945 892 886 94 304 655 979 
stack 100:    822 783 123 526 423 67 640 
stack 101:    285 291 84 150 180 208 702 
stack 102:    348 546 132 380 101 43 274 
stack 103:    97 367 978 903 740 909 743 
stack 104:    559 585 761 358 393 268 749 
stack 105:    989 202 718 226 440 603 161 
stack 106:    392 299 314 246 988 767 158 
stack 107:    665 140 153 696 927 326 763 
stack 108:    590 188 307 237 874 960 741 
stack 109:    448 993 475 138 476 968 709 
stack 110:    152 421 661 781 765 199 870 
stack 111:    143 334 841 671 146 699 780 
stack 112:    928 528 319 777 647 666 126 
stack 113:    491 673 463 228 1 827 505 
stack 114:    784 19 17 65 785 484 574 
stack 115:    72 693 838 633 110 554 679 
stack 116:    54 391 59 764 955 953 884 
stack 117:    606 619 694 682 218 722 570 
stack 118:    688 109 598 42 470 309 279 
stack 119:    355 338 727 732 833 262 273 
stack 120:    807 959 250 164 384 981 162 
stack 121:    611 700 879 7 120 848 379 
stack 122:    278 746 831 481 519 247 347 
stack 123:    828 762 114 294 402 615 648 
stack 124:    533 853 813 240 122 349 882 
stack 125:    907 116 914 931 921 386 107 
stack 126:    557 249 186 793 855 387 83 
stack 127:    100 976 468 167 938 373 984 
stack 128:    736 900 225 664 197 76 532 
stack 129:    127 596 536 893 513 330 798 
stack 130:    14 525 850 87 175 770 941 
stack 131:    876 377 92 131 479 835 352 
stack 132:    390 524 691 317 230 562 270 
stack 133:    78 522 759 382 172 969 569 
stack 134:    45 913 888 683 788 44 49 
stack 135:    223 575 168 60 490 10 404 
stack 136:    184 934 444 55 608 489 844 
stack 137:    201 265 277 66 495 51 464 
stack 138:    323 622 296 133 58 829 311 
stack 139:    95 30 255 357 306 898 431 
stack 140:    28 581 433 635 894 970 534 
stack 141:    742 169 
stack 142:    374 614 362 752 
stack 143:    634 341 
stack 144:    482 388 3 
stack 145:    867 
stack 146:    653 
stack 147:    
stack 148:    
stack 149:    
stack 150:    
stack 151:    
stack 152:    
stack 153:    
stack 154:    
stack 155:    
stack 156:    
stack 157:    
stack 158:    
stack 159:    
stack 160:    
stack 161:    
stack 162:    
stack 163:    
stack 164:    
stack 165:    
stack 166:    
stack 167:    
stack 168:    
stack 169:    
stack 170:    
stack 171:    
