lower bound for relaxed s_ij: 1228887.28

#####################################################

solved with: SP.constructive_heuristics.GeneralHeuristic
time limit: 3600.0 s
time to solve: 0,02 s
objective value: 1334445.77

stacks (top to bottom):
stack 0:    828 240 851 519 328 635 452 
stack 1:    950 783 349 817 977 854 36 
stack 2:    94 844 448 258 268 388 478 
stack 3:    261 174 146 295 205 792 585 
stack 4:    862 695 131 461 276 551 246 
stack 5:    439 990 241 456 404 82 168 
stack 6:    297 358 564 921 651 179 521 
stack 7:    203 603 672 745 302 305 954 
stack 8:    592 983 759 810 830 994 378 
stack 9:    232 987 342 715 873 588 694 
stack 10:    865 58 663 97 811 410 413 
stack 11:    69 562 387 60 374 955 464 
stack 12:    375 428 271 979 629 231 447 
stack 13:    805 278 935 688 283 875 130 
stack 14:    337 882 487 989 981 359 963 
stack 15:    867 357 311 281 341 280 622 
stack 16:    181 114 784 90 446 206 839 
stack 17:    802 939 606 584 141 65 445 
stack 18:    909 546 44 304 885 536 270 
stack 19:    229 985 751 480 66 294 443 
stack 20:    726 807 326 732 548 791 477 
stack 21:    199 561 764 423 900 763 594 
stack 22:    463 721 10 572 868 248 941 
stack 23:    102 708 155 646 711 301 21 
stack 24:    156 638 669 698 864 848 892 
stack 25:    959 395 718 595 39 836 855 
stack 26:    719 184 509 356 893 916 648 
stack 27:    491 54 749 434 676 767 49 
stack 28:    20 197 263 642 558 236 346 
stack 29:    965 942 957 225 185 730 435 
stack 30:    734 877 923 12 943 772 431 
stack 31:    282 207 978 392 368 765 209 
stack 32:    675 100 580 324 799 286 789 
stack 33:    913 804 299 795 17 41 377 
stack 34:    662 736 224 625 218 952 11 
stack 35:    384 429 212 971 768 808 186 
stack 36:    754 81 483 238 153 544 639 
stack 37:    696 555 220 984 937 997 752 
stack 38:    157 317 135 48 631 853 692 
stack 39:    838 667 335 874 944 64 845 
stack 40:    53 728 436 691 660 559 972 
stack 41:    75 191 991 723 533 29 886 
stack 42:    148 249 988 383 514 348 687 
stack 43:    290 894 194 470 831 918 84 
stack 44:    857 776 586 369 925 557 713 
stack 45:    968 124 881 995 682 518 567 
stack 46:    42 801 87 136 685 315 526 
stack 47:    945 814 251 237 553 350 571 
stack 48:    460 797 992 327 717 863 0 
stack 49:    78 969 697 50 352 175 938 
stack 50:    15 414 433 63 169 164 239 
stack 51:    402 37 705 582 227 319 13 
stack 52:    735 856 573 161 962 26 409 
stack 53:    576 837 756 693 113 840 183 
stack 54:    537 149 611 654 604 671 949 
stack 55:    742 842 849 43 322 602 516 
stack 56:    142 46 827 2 866 770 449 
stack 57:    9 788 300 332 835 879 936 
stack 58:    254 165 40 176 255 512 370 
stack 59:    208 597 33 144 511 887 710 
stack 60:    178 712 412 793 538 528 6 
stack 61:    416 539 303 70 411 418 62 
stack 62:    107 912 569 590 540 678 451 
stack 63:    975 92 733 74 313 391 960 
stack 64:    467 690 217 18 934 617 500 
stack 65:    613 201 587 800 822 681 265 
stack 66:    88 110 250 666 351 541 408 
stack 67:    266 264 118 614 138 316 967 
stack 68:    8 338 891 51 154 166 775 
stack 69:    964 145 655 525 115 367 928 
stack 70:    93 680 998 438 497 228 19 
stack 71:    361 498 380 214 664 706 79 
stack 72:    738 612 296 829 610 750 398 
stack 73:    653 615 753 872 880 777 320 
stack 74:    906 245 72 930 5 106 354 
stack 75:    508 221 527 234 774 503 189 
stack 76:    56 257 513 598 471 343 668 
stack 77:    769 293 605 117 68 976 355 
stack 78:    309 757 55 419 105 731 143 
stack 79:    884 235 4 583 291 530 529 
stack 80:    28 158 233 591 724 399 407 
stack 81:    379 147 469 993 860 624 897 
stack 82:    196 247 1 798 272 325 389 
stack 83:    746 417 821 421 507 494 647 
stack 84:    216 150 269 151 91 616 878 
stack 85:    656 700 619 926 204 400 859 
stack 86:    162 858 575 910 485 47 83 
stack 87:    32 773 565 524 634 134 284 
stack 88:    109 213 703 222 360 193 683 
stack 89:    111 781 522 543 889 510 277 
stack 90:    366 743 579 627 652 570 674 
stack 91:    771 262 318 52 739 729 306 
stack 92:    847 279 403 633 27 679 632 
stack 93:    344 899 931 468 716 210 381 
stack 94:    132 31 608 841 432 441 554 
stack 95:    932 187 596 172 353 393 267 
stack 96:    273 259 832 182 347 121 552 
stack 97:    177 502 160 35 462 563 815 
stack 98:    127 545 96 876 101 159 25 
stack 99:    722 108 226 748 427 535 869 
stack 100:    459 819 173 34 833 285 643 
stack 101:    982 593 948 820 904 426 986 
stack 102:    787 883 163 371 479 116 542 
stack 103:    307 474 953 170 476 472 466 
stack 104:    601 401 852 372 659 686 812 
stack 105:    517 308 727 626 826 824 330 
stack 106:    550 890 796 45 623 861 492 
stack 107:    515 737 917 946 73 140 331 
stack 108:    709 568 673 556 430 996 244 
stack 109:    455 609 794 813 24 323 57 
stack 110:    289 76 288 312 924 376 493 
stack 111:    122 532 922 365 390 951 701 
stack 112:    618 766 782 758 589 846 103 
stack 113:    195 600 488 577 578 422 22 
stack 114:    23 888 457 482 779 242 475 
stack 115:    720 905 139 362 243 790 30 
stack 116:    531 211 607 803 970 896 620 
stack 117:    762 699 473 871 14 761 339 
stack 118:    420 3 444 974 80 85 621 
stack 119:    809 119 394 484 806 980 490 
stack 120:    382 314 458 958 755 126 215 
stack 121:    778 649 760 902 636 825 397 
stack 122:    499 396 406 644 973 707 834 
stack 123:    61 495 919 747 125 167 180 
stack 124:    310 684 465 911 645 67 453 
stack 125:    128 345 637 714 547 741 566 
stack 126:    534 816 333 340 549 599 966 
stack 127:    947 112 780 77 903 704 641 
stack 128:    581 496 501 440 256 658 818 
stack 129:    230 961 929 933 71 59 650 
stack 130:    907 120 702 192 630 7 123 
stack 131:    640 287 486 129 920 940 740 
stack 132:    292 336 489 506 98 901 661 
stack 133:    908 329 95 424 843 425 914 
stack 134:    523 104 574 16 504 200 670 
stack 135:    252 171 454 785 137 260 870 
stack 136:    190 520 437 895 450 999 628 
stack 137:    689 665 188 385 133 823 275 
stack 138:    442 386 38 657 850 415 298 
stack 139:    363 481 86 373 927 405 
stack 140:    253 915 334 725 364 505 786 
stack 141:    219 274 956 744 152 202 
stack 142:    89 
stack 143:    560 898 198 677 99 
stack 144:    321 
stack 145:    223 
stack 146:    
stack 147:    
stack 148:    
stack 149:    
stack 150:    
stack 151:    
stack 152:    
stack 153:    
stack 154:    
stack 155:    
stack 156:    
stack 157:    
stack 158:    
stack 159:    
stack 160:    
stack 161:    
stack 162:    
stack 163:    
stack 164:    
stack 165:    
stack 166:    
stack 167:    
stack 168:    
stack 169:    
stack 170:    
stack 171:    
