lower bound for relaxed s_ij: 692225.32

#####################################################

solved with: SP.mip_formulations.BinPackingFormulation
time limit: 3600.0 s
time to solve: 2416,08 s
objective value: 692244.76

stacks (top to bottom):
stack 0:    0 
stack 1:    1 
stack 2:    
stack 3:    
stack 4:    
stack 5:    5 
stack 6:    
stack 7:    382 
stack 8:    
stack 9:    
stack 10:    
stack 11:    
stack 12:    
stack 13:    202 388 80 
stack 14:    653 292 215 667 270 687 578 
stack 15:    465 742 39 562 109 553 524 
stack 16:    660 325 551 114 549 694 392 
stack 17:    557 94 61 347 99 204 17 
stack 18:    342 219 290 27 349 277 18 
stack 19:    444 394 133 457 296 569 205 
stack 20:    582 365 245 552 403 671 208 
stack 21:    144 505 396 460 105 668 674 
stack 22:    22 282 441 164 645 311 614 
stack 23:    222 74 23 544 487 350 97 
stack 24:    351 24 145 399 170 510 738 
stack 25:    447 618 209 432 257 134 25 
stack 26:    481 140 745 458 474 253 731 
stack 27:    244 91 607 508 254 249 733 
stack 28:    641 488 210 620 561 634 67 
stack 29:    348 57 158 404 259 452 216 
stack 30:    163 629 146 714 359 596 744 
stack 31:    406 203 157 127 55 31 736 
stack 32:    486 148 206 142 174 520 431 
stack 33:    462 408 723 250 247 65 96 
stack 34:    233 490 567 443 470 35 252 
stack 35:    332 603 442 410 587 472 88 
stack 36:    110 456 331 248 305 577 621 
stack 37:    555 669 493 273 232 136 37 
stack 38:    79 598 613 568 366 521 534 
stack 39:    471 485 285 506 459 436 479 
stack 40:    40 662 274 468 266 113 477 
stack 41:    697 41 194 265 560 681 455 
stack 42:    354 329 278 713 644 526 357 
stack 43:    43 709 300 593 530 306 213 
stack 44:    143 44 632 504 609 352 648 
stack 45:    251 154 688 420 69 448 539 
stack 46:    658 315 287 638 317 573 320 
stack 47:    537 316 683 225 118 647 238 
stack 48:    586 49 128 590 689 483 72 
stack 49:    112 196 525 124 83 77 147 
stack 50:    262 319 123 650 295 283 162 
stack 51:    51 358 268 542 198 361 236 
stack 52:    312 741 655 155 704 212 695 
stack 53:    611 75 141 56 602 729 301 
stack 54:    119 450 585 532 117 62 597 
stack 55:    566 612 101 362 322 619 218 
stack 56:    743 138 353 89 81 531 726 
stack 57:    661 717 675 341 594 581 120 
stack 58:    498 108 517 592 125 130 63 
stack 59:    434 711 327 710 564 445 227 
stack 60:    623 258 453 230 364 199 522 
stack 61:    637 500 345 281 529 370 87 
stack 62:    565 299 309 275 185 293 107 
stack 63:    451 610 201 160 73 368 167 
stack 64:    554 624 519 698 599 220 692 
stack 65:    
stack 66:    376 
stack 67:    375 378 377 2 
stack 68:    3 
stack 69:    4 379 
stack 70:    6 380 
stack 71:    381 
stack 72:    7 
stack 73:    8 383 
stack 74:    384 9 
stack 75:    10 385 
stack 76:    386 11 
stack 77:    387 12 
stack 78:    13 318 308 727 591 328 82 
stack 79:    389 14 297 335 116 496 464 
stack 80:    678 390 15 121 535 223 188 
stack 81:    682 651 16 696 181 719 391 
stack 82:    489 183 722 501 239 260 171 
stack 83:    182 550 217 574 433 393 363 
stack 84:    635 615 413 355 19 502 482 
stack 85:    509 189 20 395 92 746 691 
stack 86:    617 707 418 546 98 749 21 
stack 87:    397 228 165 575 175 589 676 
stack 88:    398 476 601 340 149 478 184 
stack 89:    367 179 193 631 467 90 234 
stack 90:    400 515 70 595 454 527 463 
stack 91:    735 337 106 401 152 571 26 
stack 92:    338 151 256 207 646 402 261 
stack 93:    605 28 732 102 298 235 540 
stack 94:    652 221 680 604 666 516 29 
stack 95:    642 663 747 702 405 280 30 
stack 96:    186 686 68 336 139 172 129 
stack 97:    111 499 407 495 616 541 32 
stack 98:    588 330 548 739 33 606 491 
stack 99:    314 34 630 409 343 636 169 
stack 100:    583 633 360 572 446 412 131 
stack 101:    411 243 224 625 284 36 724 
stack 102:    104 173 156 556 640 286 126 
stack 103:    703 659 38 50 276 475 461 
stack 104:    511 289 708 740 414 137 255 
stack 105:    200 122 415 716 237 197 190 
stack 106:    416 373 672 469 664 701 417 
stack 107:    670 71 639 693 705 334 42 
stack 108:    712 159 699 679 95 725 715 
stack 109:    419 518 263 294 168 78 326 
stack 110:    600 45 665 438 76 372 657 
stack 111:    737 46 558 437 728 150 421 
stack 112:    422 513 47 214 85 304 302 
stack 113:    423 622 48 626 192 748 166 
stack 114:    93 730 424 195 103 187 191 
stack 115:    333 369 279 269 425 240 177 
stack 116:    690 649 684 264 321 426 356 
stack 117:    427 52 211 685 440 439 346 
stack 118:    428 545 580 706 570 178 53 
stack 119:    161 536 429 721 323 563 54 
stack 120:    543 533 523 484 267 66 430 
stack 121:    643 310 135 559 654 497 180 
stack 122:    547 492 246 303 339 272 229 
stack 123:    734 291 480 271 58 288 449 
stack 124:    584 503 60 59 608 374 344 
stack 125:    242 656 176 718 700 435 226 
stack 126:    324 313 371 579 64 153 538 
stack 127:    720 673 241 100 628 514 627 
stack 128:    132 231 473 115 466 528 512 
stack 129:    86 576 84 677 307 507 494 

#####################################################

solved with: SP.constructive_heuristics.GeneralHeuristic
time limit: 3600.0 s
time to solve: 0,00 s
objective value: 750018.64

stacks (top to bottom):
stack 0:    411 284 6 280 288 636 671 
stack 1:    108 620 10 633 335 495 380 
stack 2:    663 269 39 407 595 399 174 
stack 3:    643 518 425 117 448 255 234 
stack 4:    511 196 103 145 560 640 261 
stack 5:    348 737 221 124 426 699 744 
stack 6:    342 345 303 346 328 107 694 
stack 7:    422 329 84 481 148 713 559 
stack 8:    83 437 613 364 172 402 379 
stack 9:    513 215 499 590 524 33 121 
stack 10:    451 730 702 271 609 510 621 
stack 11:    708 739 239 287 455 681 29 
stack 12:    690 195 28 127 669 105 608 
stack 13:    51 44 279 294 567 363 62 
stack 14:    670 46 68 235 382 374 738 
stack 15:    554 200 263 698 654 504 67 
stack 16:    678 722 204 296 514 589 527 
stack 17:    734 135 390 270 409 36 570 
stack 18:    547 615 309 603 408 385 596 
stack 19:    605 693 429 466 53 272 726 
stack 20:    450 85 266 564 438 252 701 
stack 21:    338 395 474 507 27 116 695 
stack 22:    86 217 502 616 169 32 614 
stack 23:    537 677 575 377 311 494 478 
stack 24:    660 387 508 526 443 430 190 
stack 25:    347 682 413 732 579 349 748 
stack 26:    291 612 629 231 253 542 283 
stack 27:    639 230 245 679 160 295 417 
stack 28:    432 686 631 721 317 467 171 
stack 29:    312 642 106 656 585 665 11 
stack 30:    747 561 617 307 130 725 236 
stack 31:    652 400 99 264 179 158 17 
stack 32:    330 138 199 250 167 594 368 
stack 33:    442 290 420 281 175 63 162 
stack 34:    119 337 38 632 304 54 42 
stack 35:    314 61 268 142 18 627 392 
stack 36:    4 423 462 134 563 496 736 
stack 37:    183 505 24 125 322 147 229 
stack 38:    389 47 207 237 470 700 216 
stack 39:    576 394 523 410 476 260 668 
stack 40:    447 22 353 141 706 381 512 
stack 41:    434 50 468 393 475 326 461 
stack 42:    588 144 600 115 598 131 212 
stack 43:    140 224 70 500 259 740 529 
stack 44:    465 501 436 483 421 96 188 
stack 45:    509 289 653 568 714 493 334 
stack 46:    709 506 651 48 577 293 249 
stack 47:    712 75 256 606 227 9 238 
stack 48:    498 680 558 150 178 153 482 
stack 49:    161 661 658 717 556 341 729 
stack 50:    703 386 415 749 88 356 226 
stack 51:    416 580 667 687 193 705 391 
stack 52:    182 111 58 313 546 645 340 
stack 53:    489 444 45 274 587 593 431 
stack 54:    684 34 321 446 102 359 503 
stack 55:    43 490 8 458 164 689 463 
stack 56:    292 165 723 118 516 578 647 
stack 57:    635 104 319 136 336 361 208 
stack 58:    583 424 305 98 350 685 343 
stack 59:    324 298 683 56 60 139 129 
stack 60:    375 406 3 365 97 370 12 
stack 61:    278 716 599 539 191 648 383 
stack 62:    143 543 331 492 282 692 152 
stack 63:    373 128 378 484 625 646 277 
stack 64:    332 285 243 69 487 72 657 
stack 65:    156 675 666 73 602 126 674 
stack 66:    189 202 355 101 571 357 76 
stack 67:    545 592 548 582 15 323 676 
stack 68:    557 49 20 122 100 376 30 
stack 69:    354 486 233 154 206 248 497 
stack 70:    209 404 187 746 479 569 205 
stack 71:    186 536 273 366 59 320 704 
stack 72:    91 325 742 634 562 535 26 
stack 73:    641 369 565 41 109 371 531 
stack 74:    40 419 300 78 710 177 240 
stack 75:    397 607 14 401 168 352 213 
stack 76:    611 659 241 110 519 718 534 
stack 77:    398 173 384 522 95 573 538 
stack 78:    555 81 630 55 638 123 541 
stack 79:    79 257 77 584 155 25 301 
stack 80:    210 433 201 16 64 439 192 
stack 81:    132 480 441 457 418 688 724 
stack 82:    251 151 711 707 170 254 591 
stack 83:    673 672 358 7 456 696 449 
stack 84:    517 610 396 265 225 306 597 
stack 85:    222 488 133 662 113 372 2 
stack 86:    333 743 315 157 246 21 180 
stack 87:    13 219 318 727 552 581 715 
stack 88:    697 146 211 454 114 553 435 
stack 89:    735 427 327 297 35 445 477 
stack 90:    242 244 316 220 276 520 302 
stack 91:    471 745 223 82 719 37 339 
stack 92:    618 112 741 525 159 655 80 
stack 93:    388 473 360 23 412 528 31 
stack 94:    258 572 185 544 198 691 90 
stack 95:    1 624 644 472 491 149 733 
stack 96:    623 57 362 194 89 247 5 
stack 97:    310 19 203 137 414 460 521 
stack 98:    485 469 405 515 622 664 530 
stack 99:    428 71 604 218 619 403 87 
stack 100:    586 92 267 440 181 549 540 
stack 101:    262 453 65 232 120 
stack 102:    351 550 176 52 459 452 731 
stack 103:    0 228 275 308 728 626 344 
stack 104:    720 74 93 574 367 601 650 
stack 105:    299 649 163 286 
stack 106:    94 533 551 464 197 
stack 107:    566 214 184 
stack 108:    637 628 66 166 
stack 109:    532 
stack 110:    
stack 111:    
stack 112:    
stack 113:    
stack 114:    
stack 115:    
stack 116:    
stack 117:    
stack 118:    
stack 119:    
stack 120:    
stack 121:    
stack 122:    
stack 123:    
stack 124:    
stack 125:    
stack 126:    
stack 127:    
stack 128:    
stack 129:    
