lower bound for relaxed s_ij: 692247.2

#####################################################

solved with: SP.mip_formulations.BinPackingFormulation
time limit: 3600.0 s
time to solve: 1896,83 s
objective value: 692247.2

stacks (top to bottom):
stack 0:    
stack 1:    
stack 2:    
stack 3:    
stack 4:    4 
stack 5:    5 
stack 6:    
stack 7:    
stack 8:    
stack 9:    
stack 10:    9 
stack 11:    11 
stack 12:    12 
stack 13:    720 118 669 
stack 14:    614 498 749 648 537 634 285 
stack 15:    536 438 124 159 722 334 577 
stack 16:    350 353 284 264 228 629 16 
stack 17:    68 17 730 729 247 232 471 
stack 18:    365 441 295 277 532 699 396 
stack 19:    26 397 394 640 635 266 24 
stack 20:    333 620 516 218 164 20 395 
stack 21:    324 21 606 732 287 592 150 
stack 22:    116 105 363 576 262 22 586 
stack 23:    549 581 23 344 672 211 573 
stack 24:    399 76 707 329 462 609 86 
stack 25:    455 642 682 360 242 298 122 
stack 26:    348 485 366 706 602 28 114 
stack 27:    717 523 519 198 115 235 140 
stack 28:    562 300 82 370 130 404 503 
stack 29:    628 704 263 91 528 527 671 
stack 30:    550 446 183 738 358 658 72 
stack 31:    548 718 607 598 470 85 174 
stack 32:    442 256 175 681 148 181 589 
stack 33:    698 555 108 169 291 351 296 
stack 34:    509 134 584 369 312 677 160 
stack 35:    191 35 713 217 531 463 686 
stack 36:    554 721 357 538 727 473 36 
stack 37:    335 67 743 666 474 453 346 
stack 38:    580 195 131 81 567 533 451 
stack 39:    689 625 272 267 58 144 414 
stack 40:    268 330 345 661 466 136 315 
stack 41:    129 631 490 342 41 75 297 
stack 42:    128 337 186 318 304 553 98 
stack 43:    695 639 633 69 259 142 77 
stack 44:    569 419 275 650 599 64 299 
stack 45:    590 252 49 737 723 505 715 
stack 46:    514 143 575 372 107 46 691 
stack 47:    340 504 701 173 359 460 185 
stack 48:    48 371 104 622 587 341 741 
stack 49:    601 630 484 544 558 572 424 
stack 50:    478 176 110 613 443 742 305 
stack 51:    579 216 626 492 747 101 156 
stack 52:    522 469 708 255 593 449 464 
stack 53:    582 248 547 212 290 457 728 
stack 54:    294 740 618 539 429 83 472 
stack 55:    162 703 690 220 364 494 152 
stack 56:    189 222 178 744 515 78 113 
stack 57:    66 62 356 311 551 57 321 
stack 58:    231 102 196 141 121 444 243 
stack 59:    591 93 434 279 724 59 508 
stack 60:    489 221 106 157 563 240 127 
stack 61:    619 352 655 499 292 497 120 
stack 62:    448 647 306 660 477 168 709 
stack 63:    354 92 710 482 236 219 570 
stack 64:    202 674 257 117 276 468 73 
stack 65:    0 375 
stack 66:    376 1 
stack 67:    2 377 
stack 68:    3 
stack 69:    379 378 
stack 70:    380 
stack 71:    381 6 
stack 72:    382 8 7 
stack 73:    383 
stack 74:    384 10 
stack 75:    385 
stack 76:    386 
stack 77:    387 
stack 78:    13 711 684 649 388 80 215 
stack 79:    319 389 439 207 624 638 14 
stack 80:    495 288 15 223 390 518 331 
stack 81:    193 552 278 71 273 604 391 
stack 82:    70 392 459 214 166 187 585 
stack 83:    155 367 249 541 206 393 18 
stack 84:    19 496 95 643 355 652 260 
stack 85:    250 517 542 659 194 546 595 
stack 86:    447 309 325 84 246 209 719 
stack 87:    731 588 637 524 326 234 238 
stack 88:    565 161 398 281 182 512 486 
stack 89:    594 274 210 347 511 308 401 
stack 90:    714 456 400 25 32 726 610 
stack 91:    402 226 679 245 201 696 280 
stack 92:    286 501 323 317 663 27 163 
stack 93:    467 88 683 225 204 735 403 
stack 94:    224 29 154 99 79 685 151 
stack 95:    30 405 314 31 705 712 641 
stack 96:    406 574 338 339 313 147 112 
stack 97:    407 320 282 734 559 199 480 
stack 98:    373 94 74 33 408 621 34 
stack 99:    736 534 409 664 597 654 258 
stack 100:    502 237 188 410 600 491 488 
stack 101:    119 103 529 411 668 605 38 
stack 102:    37 307 481 172 656 170 412 
stack 103:    139 662 413 540 362 476 289 
stack 104:    483 40 493 452 39 687 149 
stack 105:    167 415 65 153 748 513 303 
stack 106:    293 253 733 458 271 138 416 
stack 107:    417 42 450 146 111 203 487 
stack 108:    302 644 328 418 229 165 43 
stack 109:    673 44 479 343 645 184 361 
stack 110:    556 716 560 694 680 45 420 
stack 111:    445 54 244 241 233 158 421 
stack 112:    47 125 422 675 697 670 632 
stack 113:    269 97 423 205 133 475 87 
stack 114:    109 425 310 322 254 197 561 
stack 115:    51 180 283 739 50 135 535 
stack 116:    426 564 145 745 465 725 227 
stack 117:    571 213 96 525 665 52 427 
stack 118:    428 566 608 520 265 60 53 
stack 119:    657 646 137 653 603 251 123 
stack 120:    179 100 596 430 55 510 316 
stack 121:    506 615 431 190 56 454 192 
stack 122:    693 612 578 526 432 667 545 
stack 123:    676 433 702 440 89 521 332 
stack 124:    177 678 530 349 132 500 239 
stack 125:    651 627 374 700 270 435 557 
stack 126:    90 327 261 61 436 461 636 
stack 127:    617 171 437 507 746 126 692 
stack 128:    543 336 688 616 200 63 623 
stack 129:    208 583 568 368 230 301 611 

#####################################################

solved with: SP.constructive_heuristics.GeneralHeuristic
time limit: 3600.0 s
time to solve: 0,00 s
objective value: 749358.1

stacks (top to bottom):
stack 0:    704 30 580 368 150 424 43 
stack 1:    630 76 626 307 342 546 140 
stack 2:    550 660 176 490 667 185 748 
stack 3:    108 17 339 273 22 746 260 
stack 4:    340 177 88 330 415 476 18 
stack 5:    441 313 83 52 85 747 163 
stack 6:    711 429 0 28 405 45 64 
stack 7:    548 407 372 411 346 245 637 
stack 8:    543 161 80 377 205 457 246 
stack 9:    348 272 278 353 400 422 551 
stack 10:    651 58 261 146 262 444 55 
stack 11:    445 434 388 525 130 133 491 
stack 12:    288 311 593 438 473 50 160 
stack 13:    495 649 25 436 728 209 326 
stack 14:    374 562 440 734 664 156 351 
stack 15:    253 97 33 237 409 210 331 
stack 16:    625 249 485 327 207 219 521 
stack 17:    286 106 138 291 679 401 303 
stack 18:    349 500 220 158 460 192 692 
stack 19:    426 224 689 208 82 452 597 
stack 20:    231 216 111 418 359 115 341 
stack 21:    695 21 8 605 694 215 652 
stack 22:    448 62 40 661 739 487 1 
stack 23:    489 484 371 27 459 308 595 
stack 24:    506 423 688 257 200 468 645 
stack 25:    627 601 720 629 277 638 159 
stack 26:    555 222 157 20 101 211 696 
stack 27:    522 455 538 526 57 322 36 
stack 28:    673 417 583 370 722 609 321 
stack 29:    571 666 587 170 334 72 266 
stack 30:    619 541 91 32 275 709 60 
stack 31:    294 639 183 144 723 668 588 
stack 32:    218 509 634 731 360 29 510 
stack 33:    306 552 228 59 608 742 234 
stack 34:    352 579 581 700 323 387 744 
stack 35:    26 167 324 357 364 79 165 
stack 36:    447 132 703 356 603 682 404 
stack 37:    365 502 271 178 623 486 641 
stack 38:    620 376 9 10 255 470 113 
stack 39:    51 61 450 576 503 420 669 
stack 40:    612 456 109 464 24 524 427 
stack 41:    338 594 390 385 539 515 3 
stack 42:    379 442 713 544 598 431 680 
stack 43:    373 125 428 702 717 529 181 
stack 44:    139 481 727 75 7 296 127 
stack 45:    15 267 116 683 708 347 232 
stack 46:    383 354 591 284 254 136 685 
stack 47:    590 389 23 212 265 656 705 
stack 48:    617 309 558 745 518 732 305 
stack 49:    179 335 499 259 343 472 395 
stack 50:    554 366 244 120 697 635 712 
stack 51:    129 540 154 726 152 421 227 
stack 52:    250 517 295 217 631 449 466 
stack 53:    320 213 665 508 235 672 454 
stack 54:    333 269 169 691 226 507 299 
stack 55:    743 710 607 559 547 247 512 
stack 56:    698 676 497 416 78 201 561 
stack 57:    657 42 523 505 493 121 520 
stack 58:    162 256 350 392 49 437 435 
stack 59:    582 93 718 279 71 532 298 
stack 60:    565 186 362 494 122 65 535 
stack 61:    155 221 293 738 479 258 12 
stack 62:    602 730 675 214 715 553 240 
stack 63:    483 467 147 439 589 480 670 
stack 64:    54 202 94 378 613 650 611 
stack 65:    47 70 542 281 624 671 153 
stack 66:    263 419 531 124 285 461 14 
stack 67:    302 384 474 123 142 332 573 
stack 68:    501 399 204 735 198 236 114 
stack 69:    516 367 241 477 242 677 636 
stack 70:    193 574 433 394 46 361 112 
stack 71:    68 647 530 643 137 173 126 
stack 72:    534 11 268 318 304 239 53 
stack 73:    92 102 119 564 145 519 716 
stack 74:    67 100 674 252 681 251 151 
stack 75:    19 336 382 478 66 621 391 
stack 76:    191 458 270 117 640 654 238 
stack 77:    693 628 104 410 182 463 87 
stack 78:    37 195 230 172 345 168 289 
stack 79:    397 189 171 616 63 276 545 
stack 80:    578 310 81 197 16 610 149 
stack 81:    714 225 274 141 566 599 316 
stack 82:    95 248 398 363 6 194 462 
stack 83:    469 618 188 2 622 344 287 
stack 84:    402 300 733 663 243 56 719 
stack 85:    514 74 381 584 203 659 315 
stack 86:    496 223 684 175 369 86 34 
stack 87:    4 662 425 99 229 135 297 
stack 88:    736 128 690 699 471 533 687 
stack 89:    35 48 615 282 184 632 577 
stack 90:    13 406 596 408 199 73 38 
stack 91:    292 655 196 103 482 563 77 
stack 92:    380 148 443 290 314 572 570 
stack 93:    749 264 386 729 84 31 586 
stack 94:    90 646 569 724 568 110 511 
stack 95:    164 740 575 358 658 557 280 
stack 96:    107 317 706 528 606 686 451 
stack 97:    504 678 180 413 432 412 513 
stack 98:    134 701 355 465 592 393 375 
stack 99:    118 105 233 653 206 396 131 
stack 100:    642 41 536 312 725 585 98 
stack 101:    498 319 537 560 190 475 488 
stack 102:    644 328 721 283 
stack 103:    614 143 648 166 39 741 604 
stack 104:    549 556 96 430 89 403 174 
stack 105:    5 633 44 737 325 187 527 
stack 106:    446 69 414 453 600 
stack 107:    337 707 329 567 
stack 108:    492 301 
stack 109:    
stack 110:    
stack 111:    
stack 112:    
stack 113:    
stack 114:    
stack 115:    
stack 116:    
stack 117:    
stack 118:    
stack 119:    
stack 120:    
stack 121:    
stack 122:    
stack 123:    
stack 124:    
stack 125:    
stack 126:    
stack 127:    
stack 128:    
stack 129:    
