solved with: SP.deprecated.TabuSearch
time limit: 3600.0 s
time to solve: 773,19 s
objective value: 692266.64

stacks (top to bottom):
stack 0:    0 
stack 1:    1 
stack 2:    
stack 3:    3 
stack 4:    
stack 5:    
stack 6:    381 
stack 7:    
stack 8:    383 
stack 9:    9 
stack 10:    
stack 11:    386 
stack 12:    12 
stack 13:    388 536 13 
stack 14:    696 252 391 15 26 361 605 
stack 15:    19 596 594 397 560 17 390 
stack 16:    16 601 306 443 66 423 392 
stack 17:    490 502 158 472 431 393 631 
stack 18:    36 411 425 103 51 635 229 
stack 19:    42 277 260 412 186 486 77 
stack 20:    115 595 61 492 107 310 108 
stack 21:    636 371 273 363 526 351 418 
stack 22:    744 403 23 480 712 556 142 
stack 23:    687 24 581 682 499 593 45 
stack 24:    621 731 323 671 577 590 161 
stack 25:    413 533 219 407 409 98 401 
stack 26:    606 81 263 663 355 259 374 
stack 27:    616 728 65 559 165 365 442 
stack 28:    338 30 129 548 708 694 80 
stack 29:    404 448 265 718 446 681 704 
stack 30:    552 693 459 456 162 406 113 
stack 31:    75 416 599 235 286 724 367 
stack 32:    669 421 43 93 55 345 319 
stack 33:    547 427 747 697 325 648 644 
stack 34:    222 200 568 641 640 39 145 
stack 35:    738 569 497 280 311 509 60 
stack 36:    201 233 242 372 538 373 705 
stack 37:    308 217 428 504 474 419 281 
stack 38:    661 180 726 240 711 156 706 
stack 39:    658 603 221 649 505 444 543 
stack 40:    700 153 576 740 309 716 535 
stack 41:    530 266 357 469 604 121 64 
stack 42:    652 91 366 677 575 304 508 
stack 43:    255 739 90 74 656 305 510 
stack 44:    347 741 248 193 585 215 271 
stack 45:    137 326 579 213 183 341 149 
stack 46:    178 322 46 629 622 463 664 
stack 47:    135 501 647 618 678 686 353 
stack 48:    454 453 611 210 479 82 626 
stack 49:    362 261 197 236 337 695 343 
stack 50:    140 278 651 102 296 56 292 
stack 51:    534 170 496 276 364 588 702 
stack 52:    289 256 488 571 328 639 610 
stack 53:    445 517 614 284 467 293 94 
stack 54:    163 59 564 106 228 612 566 
stack 55:    254 130 660 132 264 71 667 
stack 56:    600 688 720 295 230 126 746 
stack 57:    335 369 72 578 524 336 733 
stack 58:    143 742 226 272 238 344 727 
stack 59:    105 202 715 450 546 174 673 
stack 60:    159 83 451 359 251 274 234 
stack 61:    84 204 551 198 134 267 317 
stack 62:    269 195 506 334 674 225 583 
stack 63:    475 743 154 208 116 515 542 
stack 64:    92 127 151 598 589 567 320 
stack 65:    375 
stack 66:    376 
stack 67:    377 
stack 68:    378 2 
stack 69:    4 380 379 
stack 70:    5 
stack 71:    6 
stack 72:    7 382 
stack 73:    384 
stack 74:    8 10 
stack 75:    11 385 
stack 76:    
stack 77:    387 
stack 78:    120 128 21 665 14 86 324 
stack 79:    676 389 550 360 227 511 555 
stack 80:    32 243 89 736 613 748 398 
stack 81:    96 301 537 117 164 294 29 
stack 82:    160 20 192 487 173 155 199 
stack 83:    18 408 28 710 402 50 394 
stack 84:    179 436 544 558 729 342 395 
stack 85:    514 396 584 737 176 279 34 
stack 86:    33 133 218 258 138 331 22 
stack 87:    717 458 31 35 478 477 313 
stack 88:    400 719 79 435 95 433 592 
stack 89:    339 494 27 405 399 466 288 
stack 90:    302 470 725 25 88 516 40 
stack 91:    37 206 662 70 646 523 58 
stack 92:    167 318 285 114 424 275 54 
stack 93:    745 124 650 623 38 249 300 
stack 94:    48 168 619 414 620 491 182 
stack 95:    721 188 455 415 157 420 723 
stack 96:    438 417 370 356 689 352 473 
stack 97:    634 232 561 607 224 597 253 
stack 98:    41 624 632 713 512 52 144 
stack 99:    350 131 237 749 191 291 189 
stack 100:    722 655 410 47 565 489 346 
stack 101:    476 44 519 184 327 297 540 
stack 102:    220 53 426 62 528 422 574 
stack 103:    216 298 214 685 109 587 299 
stack 104:    527 119 582 207 287 513 78 
stack 105:    250 701 503 707 172 171 203 
stack 106:    69 462 349 617 522 615 430 
stack 107:    539 440 659 457 525 101 553 
stack 108:    270 602 657 691 85 333 493 
stack 109:    734 692 257 177 714 434 118 
stack 110:    683 698 554 185 485 439 166 
stack 111:    316 541 282 49 175 100 545 
stack 112:    471 653 354 290 483 332 247 
stack 113:    625 139 670 329 148 244 348 
stack 114:    111 123 150 642 87 732 104 
stack 115:    67 432 194 461 231 591 97 
stack 116:    73 730 268 68 460 709 468 
stack 117:    654 152 580 110 735 690 223 
stack 118:    608 76 358 429 212 452 482 
stack 119:    437 586 146 633 684 303 529 
stack 120:    507 699 549 241 447 518 57 
stack 121:    464 169 465 147 141 307 637 
stack 122:    190 521 330 315 340 196 246 
stack 123:    63 498 562 122 675 209 643 
stack 124:    321 495 627 672 628 205 531 
stack 125:    262 181 573 563 638 136 441 
stack 126:    703 557 481 245 112 99 312 
stack 127:    645 239 314 679 520 449 666 
stack 128:    572 500 283 368 570 680 668 
stack 129:    187 630 211 484 532 609 125 

#####################################################

solved with: SP.post_optimization_methods.HillClimbing
time limit: 3600.0 s
time to solve: 534,54 s
objective value: 692266.64

stacks (top to bottom):
stack 0:    0 
stack 1:    1 
stack 2:    
stack 3:    3 
stack 4:    
stack 5:    
stack 6:    381 
stack 7:    
stack 8:    383 
stack 9:    9 
stack 10:    
stack 11:    386 
stack 12:    12 
stack 13:    388 614 389 
stack 14:    404 16 24 399 393 15 390 
stack 15:    519 533 397 635 512 225 637 
stack 16:    717 396 27 392 344 395 279 
stack 17:    606 75 462 590 575 420 98 
stack 18:    255 72 99 22 183 485 686 
stack 19:    653 743 624 194 488 523 468 
stack 20:    554 741 43 415 25 307 489 
stack 21:    403 23 219 231 297 26 555 
stack 22:    115 37 677 513 407 31 246 
stack 23:    323 42 455 73 418 727 145 
stack 24:    586 355 463 457 567 644 493 
stack 25:    413 48 256 595 106 331 576 
stack 26:    140 634 198 425 448 303 374 
stack 27:    416 211 248 327 156 271 324 
stack 28:    490 671 474 582 237 174 171 
stack 29:    262 210 472 482 536 592 203 
stack 30:    443 558 60 57 162 406 610 
stack 31:    44 366 496 412 213 62 571 
stack 32:    438 722 557 92 745 650 38 
stack 33:    76 737 593 424 275 39 144 
stack 34:    187 502 498 518 431 617 563 
stack 35:    701 66 363 132 268 264 78 
stack 36:    661 111 527 280 452 694 108 
stack 37:    220 495 239 228 426 444 166 
stack 38:    321 561 718 588 47 118 313 
stack 39:    159 719 436 110 165 205 628 
stack 40:    316 69 142 89 191 733 64 
stack 41:    120 530 266 607 318 182 95 
stack 42:    652 184 177 449 716 80 583 
stack 43:    204 63 602 112 714 591 656 
stack 44:    651 236 357 109 662 666 441 
stack 45:    427 325 697 229 104 58 553 
stack 46:    608 492 596 528 439 516 107 
stack 47:    270 263 659 623 647 310 664 
stack 48:    129 105 693 497 594 615 668 
stack 49:    514 552 429 551 273 349 430 
stack 50:    600 232 453 283 473 56 723 
stack 51:    67 96 372 87 522 538 292 
stack 52:    84 339 83 499 342 587 121 
stack 53:    579 55 141 633 646 560 442 
stack 54:    179 742 224 689 736 373 535 
stack 55:    128 65 568 710 672 735 503 
stack 56:    302 721 90 679 520 648 477 
stack 57:    137 526 223 491 542 230 746 
stack 58:    350 168 688 337 287 304 361 
stack 59:    739 437 547 160 314 276 88 
stack 60:    703 347 180 604 631 574 155 
stack 61:    308 81 181 61 158 345 199 
stack 62:    143 569 241 549 134 209 680 
stack 63:    362 669 175 328 294 149 566 
stack 64:    188 235 221 368 85 77 317 
stack 65:    375 
stack 66:    376 
stack 67:    377 
stack 68:    378 2 
stack 69:    380 4 379 
stack 70:    5 
stack 71:    6 
stack 72:    7 382 
stack 73:    384 
stack 74:    8 10 
stack 75:    11 385 
stack 76:    
stack 77:    387 
stack 78:    306 254 14 52 13 234 605 
stack 79:    18 572 428 484 260 726 398 
stack 80:    683 19 336 391 35 17 34 
stack 81:    471 152 400 544 682 50 288 
stack 82:    124 20 487 249 173 353 394 
stack 83:    33 250 36 28 458 548 524 
stack 84:    200 21 715 451 641 172 409 
stack 85:    603 49 286 589 367 259 320 
stack 86:    32 245 537 93 725 691 732 
stack 87:    411 202 562 446 333 748 161 
stack 88:    423 130 402 226 690 251 729 
stack 89:    500 494 252 720 54 215 401 
stack 90:    692 599 360 550 525 97 29 
stack 91:    133 218 206 116 613 638 189 
stack 92:    506 435 414 464 274 45 299 
stack 93:    123 698 167 91 421 315 434 
stack 94:    541 265 296 405 196 247 136 
stack 95:    30 507 408 82 410 281 113 
stack 96:    417 734 747 663 74 192 618 
stack 97:    744 501 282 649 466 565 705 
stack 98:    476 674 311 675 356 546 244 
stack 99:    289 696 479 214 332 685 295 
stack 100:    625 731 335 505 598 70 346 
stack 101:    41 619 712 364 46 467 343 
stack 102:    163 298 642 660 365 585 348 
stack 103:    135 243 740 724 341 40 305 
stack 104:    358 119 597 51 515 478 94 
stack 105:    738 517 208 432 469 422 508 
stack 106:    621 222 195 190 480 148 352 
stack 107:    601 419 212 359 114 531 433 
stack 108:    370 154 655 146 684 609 626 
stack 109:    233 450 207 695 465 267 643 
stack 110:    475 258 185 151 312 101 100 
stack 111:    445 559 580 627 640 285 459 
stack 112:    150 700 170 564 578 238 456 
stack 113:    269 216 636 371 665 68 193 
stack 114:    581 79 584 351 707 125 460 
stack 115:    197 217 131 630 186 612 300 
stack 116:    102 242 713 730 673 147 510 
stack 117:    139 481 53 291 293 570 545 
stack 118:    153 483 277 711 319 639 702 
stack 119:    658 440 629 622 164 529 543 
stack 120:    645 354 521 632 681 176 706 
stack 121:    670 620 272 509 86 71 709 
stack 122:    616 59 369 676 611 573 749 
stack 123:    534 178 290 127 257 657 227 
stack 124:    338 138 461 577 117 540 667 
stack 125:    261 687 699 103 340 708 126 
stack 126:    539 728 334 447 329 253 486 
stack 127:    654 201 278 169 122 704 532 
stack 128:    504 301 556 240 309 157 678 
stack 129:    454 326 322 284 330 470 511 
