solved with: SP.deprecated.TabuSearch
time limit: 3600.0 s
time to solve: 782,18 s
objective value: 692273.96

stacks (top to bottom):
stack 0:    0 
stack 1:    1 
stack 2:    2 
stack 3:    3 
stack 4:    
stack 5:    380 379 
stack 6:    6 
stack 7:    7 
stack 8:    8 
stack 9:    383 
stack 10:    10 
stack 11:    
stack 12:    386 
stack 13:    182 389 
stack 14:    130 391 267 390 160 393 293 
stack 15:    17 295 109 602 635 185 178 
stack 16:    408 463 691 87 394 16 403 
stack 17:    319 479 44 472 686 234 264 
stack 18:    20 689 551 396 419 262 25 
stack 19:    705 629 228 213 284 744 191 
stack 20:    27 400 522 672 43 270 257 
stack 21:    23 480 26 421 706 296 92 
stack 22:    536 425 344 409 749 571 353 
stack 23:    35 423 586 464 451 37 406 
stack 24:    443 101 324 542 596 399 652 
stack 25:    701 583 256 95 594 145 287 
stack 26:    657 541 727 669 358 259 332 
stack 27:    741 196 252 688 410 615 450 
stack 28:    682 174 495 698 49 237 501 
stack 29:    404 340 351 233 306 212 281 
stack 30:    144 84 416 304 660 422 735 
stack 31:    516 553 96 581 543 588 188 
stack 32:    176 426 577 418 305 119 411 
stack 33:    373 168 546 70 229 180 513 
stack 34:    272 437 75 690 53 216 524 
stack 35:    474 458 560 39 286 655 445 
stack 36:    496 165 548 725 59 282 42 
stack 37:    231 290 88 466 97 721 592 
stack 38:    125 708 102 38 301 579 159 
stack 39:    114 748 531 245 214 441 664 
stack 40:    219 100 142 656 218 121 465 
stack 41:    369 166 51 591 118 98 255 
stack 42:    104 654 527 348 503 288 76 
stack 43:    335 143 439 506 68 709 420 
stack 44:    93 509 203 468 152 314 193 
stack 45:    265 697 734 163 626 189 316 
stack 46:    604 55 271 285 254 433 227 
stack 47:    349 447 623 230 308 157 722 
stack 48:    64 728 69 639 187 477 677 
stack 49:    147 345 432 497 487 584 54 
stack 50:    600 473 106 62 736 341 449 
stack 51:    622 300 448 167 476 666 484 
stack 52:    243 668 61 129 346 322 540 
stack 53:    431 485 127 249 136 587 261 
stack 54:    183 732 649 320 502 83 172 
stack 55:    499 190 347 357 471 520 99 
stack 56:    298 246 303 462 291 731 535 
stack 57:    597 336 184 440 492 354 500 
stack 58:    554 310 739 456 475 132 461 
stack 59:    372 676 523 258 325 329 547 
stack 60:    699 242 197 209 198 210 89 
stack 61:    360 582 120 534 122 131 248 
stack 62:    269 112 91 333 236 558 726 
stack 63:    675 67 724 65 307 140 703 
stack 64:    164 624 526 133 309 238 71 
stack 65:    375 
stack 66:    376 
stack 67:    377 
stack 68:    378 
stack 69:    4 
stack 70:    5 
stack 71:    381 
stack 72:    382 
stack 73:    384 
stack 74:    9 
stack 75:    385 
stack 76:    11 13 
stack 77:    387 12 
stack 78:    14 402 19 22 321 388 33 
stack 79:    21 225 260 392 15 590 417 
stack 80:    442 490 18 455 704 670 81 
stack 81:    139 620 707 538 685 268 533 
stack 82:    356 428 123 294 107 113 424 
stack 83:    395 453 470 177 28 50 111 
stack 84:    74 712 367 397 696 326 126 
stack 85:    46 599 491 642 24 530 415 
stack 86:    651 52 414 222 483 312 224 
stack 87:    273 716 60 350 330 48 552 
stack 88:    405 241 618 528 398 175 317 
stack 89:    512 32 452 247 401 297 625 
stack 90:    719 211 117 141 454 413 240 
stack 91:    694 565 138 438 515 562 277 
stack 92:    253 226 519 134 680 31 128 
stack 93:    436 720 645 315 181 170 56 
stack 94:    207 632 29 40 648 434 580 
stack 95:    77 640 338 192 444 80 30 
stack 96:    665 589 467 469 460 663 108 
stack 97:    407 161 200 208 525 550 427 
stack 98:    223 36 482 150 34 567 280 
stack 99:    650 318 695 334 274 619 266 
stack 100:    194 73 217 611 557 606 747 
stack 101:    667 486 627 41 149 364 283 
stack 102:    713 570 412 63 45 601 206 
stack 103:    110 578 564 511 342 90 435 
stack 104:    556 370 644 671 674 598 661 
stack 105:    115 137 195 633 569 585 173 
stack 106:    146 371 605 103 634 573 429 
stack 107:    529 72 156 743 239 514 715 
stack 108:    718 610 199 507 79 47 742 
stack 109:    153 692 508 459 251 331 124 
stack 110:    737 746 631 636 595 186 683 
stack 111:    337 545 617 576 366 151 678 
stack 112:    608 276 58 361 359 215 641 
stack 113:    714 278 457 313 352 488 730 
stack 114:    135 478 628 302 681 612 86 
stack 115:    614 653 544 235 362 693 563 
stack 116:    740 374 220 94 162 498 430 
stack 117:    339 717 205 673 729 521 263 
stack 118:    638 299 745 481 609 289 493 
stack 119:    221 116 250 328 171 733 343 
stack 120:    327 204 155 568 566 646 169 
stack 121:    355 517 621 158 244 446 700 
stack 122:    616 702 85 574 57 723 555 
stack 123:    66 510 494 232 603 148 202 
stack 124:    363 105 368 154 613 365 78 
stack 125:    647 518 537 532 292 279 659 
stack 126:    593 738 710 549 323 684 662 
stack 127:    82 575 711 505 539 559 489 
stack 128:    561 504 637 687 572 643 275 
stack 129:    607 658 679 179 201 311 630 

#####################################################

solved with: SP.post_optimization_methods.HillClimbing
time limit: 3600.0 s
time to solve: 354,79 s
objective value: 692267.9

stacks (top to bottom):
stack 0:    0 
stack 1:    1 
stack 2:    2 
stack 3:    3 
stack 4:    
stack 5:    380 379 
stack 6:    6 
stack 7:    7 
stack 8:    8 
stack 9:    383 
stack 10:    386 10 
stack 11:    
stack 12:    
stack 13:    18 389 
stack 14:    14 395 19 720 560 390 216 
stack 15:    705 161 306 745 97 454 25 
stack 16:    273 711 660 562 393 401 735 
stack 17:    318 196 201 418 33 625 193 
stack 18:    405 138 260 635 358 420 181 
stack 19:    253 556 644 674 157 54 415 
stack 20:    265 728 220 330 293 277 417 
stack 21:    23 437 448 150 311 173 124 
stack 22:    137 345 230 40 409 459 224 
stack 23:    211 527 400 670 419 141 213 
stack 24:    640 404 370 501 568 411 552 
stack 25:    372 269 402 217 530 444 733 
stack 26:    697 510 28 470 304 32 39 
stack 27:    194 374 614 65 81 559 619 
stack 28:    116 704 43 62 612 731 31 
stack 29:    200 208 38 88 609 212 188 
stack 30:    236 414 256 156 291 410 159 
stack 31:    474 104 64 94 60 202 187 
stack 32:    734 589 569 268 350 498 151 
stack 33:    319 44 658 432 645 49 83 
stack 34:    624 61 249 684 476 80 489 
stack 35:    55 508 430 316 108 540 343 
stack 36:    360 496 583 617 367 85 672 
stack 37:    551 127 458 686 422 189 238 
stack 38:    717 349 425 129 342 661 274 
stack 39:    146 361 606 48 282 251 590 
stack 40:    713 45 595 673 460 639 53 
stack 41:    431 531 51 41 91 642 297 
stack 42:    718 225 537 96 313 288 126 
stack 43:    553 154 473 662 215 664 56 
stack 44:    732 63 611 131 587 92 140 
stack 45:    679 177 50 515 663 283 747 
stack 46:    453 494 716 148 685 286 465 
stack 47:    190 299 481 669 736 76 475 
stack 48:    355 546 160 538 69 247 331 
stack 49:    243 545 701 457 648 666 239 
stack 50:    347 254 602 506 466 721 326 
stack 51:    442 298 687 179 320 338 700 
stack 52:    708 657 340 334 695 550 257 
stack 53:    578 628 364 167 571 567 678 
stack 54:    101 110 575 267 237 643 709 
stack 55:    719 604 363 241 725 209 359 
stack 56:    335 438 310 303 462 588 178 
stack 57:    675 271 478 184 86 134 488 
stack 58:    183 144 276 122 218 121 477 
stack 59:    105 143 308 223 482 261 723 
stack 60:    517 485 147 149 197 492 322 
stack 61:    607 120 165 534 706 227 514 
stack 62:    512 112 252 693 279 502 703 
stack 63:    593 748 368 72 586 652 680 
stack 64:    565 650 245 549 557 309 445 
stack 65:    375 
stack 66:    376 
stack 67:    377 
stack 68:    378 
stack 69:    4 
stack 70:    5 
stack 71:    381 
stack 72:    382 
stack 73:    384 
stack 74:    9 
stack 75:    385 
stack 76:    11 
stack 77:    387 12 388 
stack 78:    207 447 396 399 392 284 13 
stack 79:    135 21 199 84 394 70 15 
stack 80:    20 17 391 16 398 192 403 
stack 81:    139 114 739 464 397 543 30 
stack 82:    73 174 548 22 601 24 406 
stack 83:    27 647 36 681 615 449 170 
stack 84:    632 412 29 472 34 594 521 
stack 85:    707 637 158 366 630 533 263 
stack 86:    638 688 532 182 352 744 37 
stack 87:    622 738 526 710 618 653 427 
stack 88:    231 258 541 468 57 262 99 
stack 89:    699 479 75 724 605 292 511 
stack 90:    35 205 633 26 429 78 314 
stack 91:    324 455 727 634 312 435 742 
stack 92:    667 616 67 456 180 450 71 
stack 93:    176 714 407 525 357 413 471 
stack 94:    327 373 166 608 321 113 484 
stack 95:    627 519 79 95 152 329 132 
stack 96:    694 125 490 629 302 581 325 
stack 97:    272 649 463 46 371 544 584 
stack 98:    408 623 439 440 354 68 172 
stack 99:    82 428 469 416 111 563 547 
stack 100:    77 246 572 362 229 296 275 
stack 101:    87 123 495 539 577 206 42 
stack 102:    66 665 232 163 467 59 248 
stack 103:    164 740 133 162 234 580 655 
stack 104:    168 654 433 289 228 461 683 
stack 105:    668 117 712 641 566 424 119 
stack 106:    93 130 518 491 421 142 690 
stack 107:    339 591 596 106 47 332 730 
stack 108:    344 423 348 522 341 301 259 
stack 109:    561 118 98 451 579 169 287 
stack 110:    486 746 136 505 186 446 353 
stack 111:    356 741 195 52 507 554 191 
stack 112:    426 499 290 233 743 500 266 
stack 113:    600 333 337 529 702 452 726 
stack 114:    204 523 250 483 503 145 315 
stack 115:    689 691 603 626 749 585 264 
stack 116:    219 365 722 555 240 281 520 
stack 117:    153 651 574 696 185 592 270 
stack 118:    443 109 351 671 102 434 646 
stack 119:    242 582 656 323 576 558 715 
stack 120:    436 570 480 636 346 659 513 
stack 121:    682 610 542 107 487 698 210 
stack 122:    737 597 536 504 369 294 58 
stack 123:    295 278 214 244 235 307 524 
stack 124:    221 226 564 203 317 89 677 
stack 125:    115 74 621 336 573 171 598 
stack 126:    300 620 631 155 198 328 128 
stack 127:    516 285 509 255 222 493 280 
stack 128:    100 692 613 729 175 90 535 
stack 129:    676 599 497 528 441 103 305 
