solved with: SP.deprecated.TabuSearch
time limit: 3600.0 s
time to solve: 443,11 s
objective value: 692247.2

stacks (top to bottom):
stack 0:    
stack 1:    
stack 2:    
stack 3:    
stack 4:    4 
stack 5:    5 
stack 6:    
stack 7:    
stack 8:    
stack 9:    
stack 10:    9 
stack 11:    11 
stack 12:    12 
stack 13:    404 685 391 
stack 14:    619 193 389 390 734 598 664 
stack 15:    15 97 213 392 144 395 260 
stack 16:    625 249 485 708 410 638 635 
stack 17:    292 138 640 20 408 259 73 
stack 18:    19 328 30 500 220 239 425 
stack 19:    501 35 96 119 439 597 24 
stack 20:    231 399 718 25 418 728 412 
stack 21:    695 21 710 212 52 22 592 
stack 22:    620 23 468 77 332 266 513 
stack 23:    644 37 161 721 283 595 586 
stack 24:    100 740 423 200 257 688 238 
stack 25:    601 720 350 629 29 298 297 
stack 26:    456 455 109 57 464 114 427 
stack 27:    129 662 526 79 99 322 36 
stack 28:    543 358 658 420 326 524 127 
stack 29:    218 236 205 166 39 232 553 
stack 30:    406 374 445 319 331 599 610 
stack 31:    409 107 411 528 606 652 451 
stack 32:    555 407 222 497 430 157 351 
stack 33:    534 340 434 618 317 645 303 
stack 34:    288 700 428 46 226 747 113 
stack 35:    293 575 738 117 479 305 280 
stack 36:    552 356 477 133 251 512 140 
stack 37:    522 248 702 717 735 273 174 
stack 38:    58 42 255 634 121 507 670 
stack 39:    426 252 188 429 89 416 474 
stack 40:    349 263 504 678 703 432 421 
stack 41:    612 250 502 615 282 539 515 
stack 42:    544 713 431 247 215 491 712 
stack 43:    647 186 538 494 362 65 122 
stack 44:    628 162 139 531 481 727 53 
stack 45:    579 450 659 242 661 315 151 
stack 46:    354 441 284 244 642 261 234 
stack 47:    74 225 91 329 551 168 667 
stack 48:    191 564 666 452 290 245 488 
stack 49:    269 300 169 616 691 156 299 
stack 50:    333 550 70 118 470 120 697 
stack 51:    128 337 268 540 310 154 726 
stack 52:    548 179 335 499 343 623 637 
stack 53:    549 365 716 665 444 672 454 
stack 54:    591 279 278 646 706 301 709 
stack 55:    202 66 711 492 631 739 86 
stack 56:    108 446 69 198 181 600 669 
stack 57:    571 323 82 558 101 746 692 
stack 58:    256 472 437 163 654 557 573 
stack 59:    339 743 440 523 547 182 518 
stack 60:    506 674 183 83 341 656 240 
stack 61:    102 689 355 80 668 475 719 
stack 62:    574 602 730 694 214 576 465 
stack 63:    286 698 676 744 201 696 561 
stack 64:    223 105 146 682 473 741 150 
stack 65:    0 375 
stack 66:    376 1 
stack 67:    2 377 
stack 68:    3 
stack 69:    379 378 
stack 70:    380 
stack 71:    381 6 
stack 72:    382 8 7 
stack 73:    383 
stack 74:    384 10 
stack 75:    385 
stack 76:    386 
stack 77:    387 
stack 78:    13 388 307 400 419 14 98 
stack 79:    171 189 397 394 63 563 521 
stack 80:    578 88 357 172 197 396 16 
stack 81:    562 17 482 49 141 525 34 
stack 82:    731 398 363 32 159 401 55 
stack 83:    590 622 28 87 393 334 18 
stack 84:    402 556 519 745 56 527 609 
stack 85:    302 352 48 587 459 27 405 
stack 86:    71 204 681 560 572 45 60 
stack 87:    177 413 195 415 135 43 321 
stack 88:    26 736 467 690 677 471 316 
stack 89:    221 320 594 371 184 632 296 
stack 90:    106 596 458 270 414 276 199 
stack 91:    733 655 196 103 291 403 679 
stack 92:    67 559 148 588 443 508 570 
stack 93:    448 264 210 729 84 285 31 
stack 94:    478 657 569 327 568 50 533 
stack 95:    253 372 723 64 705 535 748 
stack 96:    143 125 633 313 44 325 187 
stack 97:    693 338 33 493 732 608 287 
stack 98:    180 580 707 246 112 211 641 
stack 99:    348 137 233 345 131 289 424 
stack 100:    417 40 749 41 312 585 725 
stack 101:    433 178 271 621 453 38 435 
stack 102:    639 145 147 607 85 480 589 
stack 103:    294 158 81 462 254 476 160 
stack 104:    68 643 584 111 359 715 577 
stack 105:    272 509 203 360 230 604 209 
stack 106:    673 336 583 369 308 115 722 
stack 107:    164 90 366 542 422 490 152 
stack 108:    498 54 62 76 537 438 546 
stack 109:    714 306 228 605 59 742 258 
stack 110:    47 267 653 624 347 262 461 
stack 111:    483 530 110 449 136 229 72 
stack 112:    51 132 173 511 463 503 510 
stack 113:    581 237 104 686 192 611 486 
stack 114:    116 648 701 61 281 243 265 
stack 115:    155 683 660 219 663 457 126 
stack 116:    442 517 593 532 342 466 153 
stack 117:    373 496 684 175 208 680 235 
stack 118:    92 309 626 368 436 460 185 
stack 119:    514 516 649 277 603 613 650 
stack 120:    630 367 217 176 206 344 275 
stack 121:    495 469 134 190 207 370 675 
stack 122:    94 274 505 737 566 520 142 
stack 123:    324 565 304 318 170 687 545 
stack 124:    93 582 614 295 216 699 636 
stack 125:    167 704 330 364 165 567 487 
stack 126:    617 489 651 484 529 346 78 
stack 127:    554 541 311 124 314 227 149 
stack 128:    447 95 353 241 130 123 361 
stack 129:    627 224 724 536 194 75 671 

#####################################################

solved with: SP.post_optimization_methods.HillClimbing
time limit: 3600.0 s
time to solve: 351,85 s
objective value: 692247.2

stacks (top to bottom):
stack 0:    
stack 1:    
stack 2:    
stack 3:    
stack 4:    4 
stack 5:    5 
stack 6:    
stack 7:    
stack 8:    
stack 9:    
stack 10:    9 
stack 11:    11 
stack 12:    12 
stack 13:    388 175 277 
stack 14:    15 590 389 390 259 361 18 
stack 15:    155 371 392 429 520 260 112 
stack 16:    708 327 29 404 405 635 391 
stack 17:    106 138 394 270 20 747 637 
stack 18:    19 456 180 220 158 152 412 
stack 19:    399 400 452 39 741 609 424 
stack 20:    221 253 179 103 575 616 113 
stack 21:    469 21 622 730 212 314 685 
stack 22:    26 407 300 574 688 563 697 
stack 23:    164 354 701 422 459 444 170 
stack 24:    711 264 228 59 566 470 705 
stack 25:    601 634 410 680 273 729 240 
stack 26:    406 100 698 408 621 38 748 
stack 27:    455 500 425 36 667 687 636 
stack 28:    336 284 208 492 359 136 254 
stack 29:    267 66 649 660 141 745 512 
stack 30:    74 218 552 317 85 275 55 
stack 31:    736 323 482 341 592 301 227 
stack 32:    54 204 32 531 449 131 60 
stack 33:    749 225 569 241 742 211 427 
stack 34:    555 213 700 147 515 744 46 
stack 35:    223 279 255 731 111 261 297 
stack 36:    349 146 477 631 194 739 298 
stack 37:    374 426 502 178 271 184 234 
stack 38:    447 268 345 229 57 150 266 
stack 39:    619 94 272 110 546 454 126 
stack 40:    543 88 540 50 81 464 114 
stack 41:    302 338 564 594 539 527 140 
stack 42:    250 591 350 256 713 431 437 
stack 43:    68 442 646 542 653 568 242 
stack 44:    162 704 721 139 342 727 481 
stack 45:    339 157 738 479 258 641 692 
stack 46:    373 324 714 306 161 137 168 
stack 47:    716 602 247 331 265 656 595 
stack 48:    188 107 313 52 606 528 589 
stack 49:    340 683 71 583 663 80 608 
stack 50:    509 529 587 645 507 120 238 
stack 51:    167 116 134 278 584 176 232 
stack 52:    549 288 517 473 312 466 677 
stack 53:    319 295 82 735 547 679 163 
stack 54:    516 639 358 276 623 346 691 
stack 55:    102 493 355 285 334 671 321 
stack 56:    333 191 292 676 666 472 597 
stack 57:    92 183 523 505 121 604 535 
stack 58:    467 474 78 435 123 77 127 
stack 59:    548 562 335 104 325 344 686 
stack 60:    224 108 343 521 719 486 561 
stack 61:    263 485 642 172 460 661 296 
stack 62:    740 694 518 675 214 672 246 
stack 63:    177 647 681 559 439 605 480 
stack 64:    293 633 119 243 508 235 611 
stack 65:    0 375 
stack 66:    376 1 
stack 67:    2 377 
stack 68:    3 
stack 69:    379 378 
stack 70:    380 
stack 71:    381 6 
stack 72:    382 8 7 
stack 73:    383 
stack 74:    384 10 
stack 75:    385 
stack 76:    386 
stack 77:    387 
stack 78:    13 514 41 438 368 396 14 
stack 79:    189 397 63 414 395 670 513 
stack 80:    310 239 75 197 99 16 533 
stack 81:    17 433 665 28 503 24 669 
stack 82:    504 363 233 398 31 22 393 
stack 83:    93 69 618 409 23 87 72 
stack 84:    402 269 733 440 553 650 557 
stack 85:    556 640 416 181 101 174 316 
stack 86:    193 47 35 42 105 541 457 
stack 87:    644 337 129 30 662 322 135 
stack 88:    51 62 25 307 360 490 462 
stack 89:    48 33 320 668 401 326 34 
stack 90:    522 216 148 27 443 182 570 
stack 91:    501 655 196 252 49 525 403 
stack 92:    423 743 291 200 257 199 468 
stack 93:    365 95 44 702 723 737 45 
stack 94:    171 222 497 596 430 89 201 
stack 95:    571 689 603 419 463 56 151 
stack 96:    550 61 173 450 84 576 420 
stack 97:    534 703 538 413 526 432 315 
stack 98:    489 615 370 706 64 725 86 
stack 99:    695 710 717 560 156 632 545 
stack 100:    286 484 718 417 190 411 510 
stack 101:    483 330 580 494 362 65 122 
stack 102:    37 328 195 283 415 726 487 
stack 103:    628 40 734 511 115 746 332 
stack 104:    651 347 652 638 308 192 451 
stack 105:    249 643 356 682 79 476 43 
stack 106:    554 724 369 418 124 659 728 
stack 107:    448 132 186 707 329 567 421 
stack 108:    648 684 558 290 215 722 280 
stack 109:    495 352 673 674 133 187 654 
stack 110:    612 231 67 598 130 658 305 
stack 111:    237 144 210 588 53 153 586 
stack 112:    565 678 366 593 217 203 262 
stack 113:    630 58 282 624 287 577 712 
stack 114:    202 125 348 143 581 428 145 
stack 115:    70 657 544 311 205 491 299 
stack 116:    579 353 118 274 281 251 585 
stack 117:    128 690 318 699 209 715 696 
stack 118:    578 614 154 165 185 289 610 
stack 119:    530 357 109 304 364 551 709 
stack 120:    434 91 244 206 629 461 471 
stack 121:    309 478 372 519 159 572 599 
stack 122:    445 626 536 436 230 160 98 
stack 123:    97 446 117 453 664 600 142 
stack 124:    294 620 720 76 198 465 488 
stack 125:    693 498 537 367 532 475 351 
stack 126:    496 582 441 625 83 573 303 
stack 127:    627 248 90 236 219 166 149 
stack 128:    499 169 458 73 226 245 524 
stack 129:    617 506 96 607 207 732 613 
