solved with: SP.deprecated.TabuSearch
time limit: 3600.0 s
time to solve: 472,37 s
objective value: 692253.26

stacks (top to bottom):
stack 0:    0 
stack 1:    1 
stack 2:    
stack 3:    
stack 4:    
stack 5:    5 
stack 6:    
stack 7:    7 
stack 8:    
stack 9:    
stack 10:    
stack 11:    
stack 12:    14 
stack 13:    389 388 15 
stack 14:    119 450 713 401 85 564 438 
stack 15:    554 40 20 269 294 504 393 
stack 16:    498 635 93 684 19 247 391 
stack 17:    618 398 185 495 591 402 272 
stack 18:    74 537 268 207 405 494 236 
stack 19:    611 22 406 693 429 232 581 
stack 20:    670 620 23 552 729 744 368 
stack 21:    257 536 584 225 160 320 25 
stack 22:    310 111 351 203 153 374 177 
stack 23:    652 423 134 273 496 172 736 
stack 24:    24 592 146 454 407 82 295 
stack 25:    196 603 442 145 175 184 738 
stack 26:    332 217 27 36 97 283 169 
stack 27:    462 639 502 245 90 339 417 
stack 28:    488 631 317 467 171 53 482 
stack 29:    453 359 727 364 528 366 65 
stack 30:    663 630 446 265 250 95 512 
stack 31:    642 99 275 89 370 671 344 
stack 32:    101 362 551 595 478 648 188 
stack 33:    222 148 49 420 253 121 475 
stack 34:    38 154 567 237 304 431 54 
stack 35:    314 41 39 627 162 636 733 
stack 36:    624 518 415 168 491 180 435 
stack 37:    416 132 505 125 102 563 676 
stack 38:    189 444 485 220 532 587 593 
stack 39:    576 677 523 204 746 105 421 
stack 40:    428 258 156 287 683 534 234 
stack 41:    161 730 598 199 56 594 540 
stack 42:    588 299 115 322 323 73 212 
stack 43:    422 244 316 44 274 559 276 
stack 44:    451 309 365 699 542 579 223 
stack 45:    262 289 127 568 714 493 704 
stack 46:    373 607 709 651 506 48 293 
stack 47:    66 742 246 114 130 521 356 
stack 48:    735 143 492 282 248 710 510 
stack 49:    525 124 173 686 77 556 597 
stack 50:    241 644 263 698 526 357 190 
stack 51:    348 163 743 55 318 638 131 
stack 52:    615 141 270 118 723 516 647 
stack 53:    643 600 108 165 522 503 538 
stack 54:    566 337 702 280 142 63 715 
stack 55:    586 267 371 544 440 181 549 
stack 56:    489 486 456 133 266 468 216 
stack 57:    658 209 104 437 717 336 136 
stack 58:    649 583 69 553 691 350 529 
stack 59:    324 292 298 59 679 578 449 
stack 60:    330 228 284 562 696 96 719 
stack 61:    278 599 716 113 472 448 539 
stack 62:    580 195 308 334 602 286 301 
stack 63:    91 224 484 625 507 64 227 
stack 64:    471 243 285 311 340 487 657 
stack 65:    
stack 66:    376 
stack 67:    375 378 377 2 
stack 68:    3 
stack 69:    4 379 
stack 70:    6 380 
stack 71:    381 
stack 72:    382 
stack 73:    8 383 
stack 74:    384 9 
stack 75:    10 385 
stack 76:    386 11 
stack 77:    387 12 
stack 78:    13 605 221 319 123 37 
stack 79:    183 469 622 271 33 689 530 
stack 80:    390 577 16 409 460 18 392 
stack 81:    397 122 331 418 688 17 240 
stack 82:    673 411 394 128 707 404 32 
stack 83:    233 672 358 441 290 260 520 
stack 84:    400 610 396 560 403 29 681 
stack 85:    513 135 395 662 692 88 252 
stack 86:    333 325 548 399 645 21 26 
stack 87:    557 682 433 413 705 616 748 
stack 88:    28 34 231 408 303 740 192 
stack 89:    84 419 297 35 609 30 749 
stack 90:    720 550 459 52 476 98 452 
stack 91:    354 45 151 214 497 731 372 
stack 92:    660 555 741 159 230 466 80 
stack 93:    737 473 235 412 126 31 120 
stack 94:    347 424 501 572 198 107 254 
stack 95:    200 338 279 508 634 436 414 
stack 96:    57 667 239 728 596 650 197 
stack 97:    629 457 439 541 694 614 674 
stack 98:    623 659 703 355 201 226 238 
stack 99:    690 561 617 410 725 42 306 
stack 100:    447 182 575 296 174 685 87 
stack 101:    75 187 277 531 479 626 361 
stack 102:    86 547 219 179 193 721 573 
stack 103:    140 327 70 590 259 724 701 
stack 104:    112 612 574 367 739 601 535 
stack 105:    697 661 46 68 666 675 261 
stack 106:    51 94 543 711 346 569 464 
stack 107:    43 434 50 632 571 62 149 
stack 108:    480 206 313 58 546 570 249 
stack 109:    312 210 144 138 360 633 326 
stack 110:    712 722 157 524 483 255 191 
stack 111:    427 47 500 514 349 137 72 
stack 112:    511 517 103 426 150 139 167 
stack 113:    734 545 61 425 300 430 208 
stack 114:    490 100 92 164 664 335 463 
stack 115:    291 342 256 745 515 470 700 
stack 116:    432 680 558 613 178 343 213 
stack 117:    641 215 281 288 116 527 302 
stack 118:    509 202 81 315 706 60 455 
stack 119:    458 307 211 646 345 170 606 
stack 120:    110 176 152 654 621 726 695 
stack 121:    329 106 481 656 519 585 665 
stack 122:    637 305 628 474 608 129 461 
stack 123:    708 71 83 604 218 619 640 
stack 124:    565 251 533 109 445 76 718 
stack 125:    369 465 353 669 328 589 668 
stack 126:    78 443 67 117 352 363 477 
stack 127:    79 186 655 155 341 147 205 
stack 128:    678 653 321 499 194 732 166 
stack 129:    242 747 264 582 687 158 229 

#####################################################

solved with: SP.post_optimization_methods.HillClimbing
time limit: 3600.0 s
time to solve: 309,90 s
objective value: 692244.76

stacks (top to bottom):
stack 0:    0 
stack 1:    1 
stack 2:    
stack 3:    
stack 4:    
stack 5:    5 
stack 6:    
stack 7:    382 
stack 8:    
stack 9:    
stack 10:    
stack 11:    
stack 12:    
stack 13:    13 388 15 
stack 14:    14 456 66 399 577 510 17 
stack 15:    565 351 413 34 345 569 748 
stack 16:    398 145 19 18 97 149 26 
stack 17:    342 682 410 595 98 392 213 
stack 18:    586 224 459 267 514 439 440 
stack 19:    244 408 102 631 153 272 208 
stack 20:    554 450 624 401 448 21 621 
stack 21:    643 268 39 290 340 335 479 
stack 22:    592 298 403 503 493 37 614 
stack 23:    318 23 123 552 118 581 594 
stack 24:    673 545 550 325 164 33 374 
stack 25:    278 567 237 530 539 240 197 
stack 26:    291 629 231 500 404 542 449 
stack 27:    663 649 202 353 81 679 160 
stack 28:    419 148 504 526 443 67 430 
stack 29:    734 607 411 415 665 470 445 
stack 30:    617 36 370 349 495 283 162 
stack 31:    316 132 490 458 256 343 463 
stack 32:    348 209 693 666 619 218 32 
stack 33:    74 206 409 494 414 531 541 
stack 34:    222 480 653 201 125 120 516 
stack 35:    451 747 357 352 117 435 190 
stack 36:    143 337 523 207 692 276 564 
stack 37:    471 38 279 204 223 53 589 
stack 38:    743 533 561 709 622 271 487 
stack 39:    312 106 434 50 585 468 304 
stack 40:    79 83 156 437 65 744 681 
stack 41:    354 269 716 698 76 648 733 
stack 42:    423 104 462 686 627 496 42 
stack 43:    680 258 558 150 236 521 636 
stack 44:    489 93 469 441 664 227 302 
stack 45:    605 652 741 604 199 126 167 
stack 46:    557 703 333 543 651 48 109 
stack 47:    161 712 661 196 77 729 286 
stack 48:    720 135 612 739 281 254 650 
stack 49:    189 713 220 300 700 431 718 
stack 50:    519 266 113 88 191 306 356 
stack 51:    128 745 484 625 246 740 137 
stack 52:    338 515 313 546 645 303 255 
stack 53:    251 92 628 311 591 719 608 
stack 54:    310 292 315 598 699 320 238 
stack 55:    670 215 688 280 350 563 694 
stack 56:    299 182 127 732 364 273 671 
stack 57:    134 319 717 139 250 336 136 
stack 58:    332 620 583 506 107 527 96 
stack 59:    442 193 308 727 638 73 147 
stack 60:    623 151 284 293 328 82 184 
stack 61:    183 140 327 211 746 301 205 
stack 62:    642 324 492 307 579 116 87 
stack 63:    537 358 142 253 590 724 626 
stack 64:    444 285 69 646 121 475 657 
stack 65:    
stack 66:    376 
stack 67:    375 377 2 
stack 68:    3 
stack 69:    4 378 379 
stack 70:    380 
stack 71:    381 
stack 72:    7 6 
stack 73:    8 383 
stack 74:    384 9 
stack 75:    10 385 
stack 76:    386 11 
stack 77:    387 12 
stack 78:    397 389 390 347 41 146 687 
stack 79:    509 611 432 257 584 25 647 
stack 80:    635 433 400 634 16 551 544 
stack 81:    394 44 282 305 420 391 226 
stack 82:    707 170 507 260 178 249 339 
stack 83:    75 405 575 393 30 363 606 
stack 84:    262 610 396 323 602 573 229 
stack 85:    20 395 662 497 438 520 177 
stack 86:    22 708 555 406 429 714 402 
stack 87:    119 735 110 168 35 749 593 
stack 88:    697 24 28 219 407 553 685 
stack 89:    637 508 248 474 187 27 417 
stack 90:    488 603 424 115 528 455 212 
stack 91:    672 133 154 176 457 668 482 
stack 92:    428 678 499 360 706 570 725 
stack 93:    242 684 615 265 412 31 29 
stack 94:    588 737 362 582 572 185 691 
stack 95:    722 574 179 239 322 359 596 
stack 96:    465 501 436 296 288 483 421 
stack 97:    369 217 580 321 287 59 261 
stack 98:    163 45 476 277 171 540 726 
stack 99:    47 52 418 571 62 452 188 
stack 100:    43 241 243 70 259 114 701 
stack 101:    40 644 294 214 472 491 180 
stack 102:    94 517 141 473 721 522 169 
stack 103:    112 525 159 124 341 655 80 
stack 104:    416 264 158 194 174 105 192 
stack 105:    660 46 453 334 232 560 538 
stack 106:    51 200 486 454 72 361 90 
stack 107:    566 61 210 56 705 535 129 
stack 108:    329 481 58 181 549 54 597 
stack 109:    730 505 630 365 372 738 534 
stack 110:    511 221 173 536 466 235 616 
stack 111:    422 427 84 677 331 85 78 
stack 112:    576 49 297 562 524 696 460 
stack 113:    314 330 55 502 166 234 461 
stack 114:    122 263 632 425 599 710 326 
stack 115:    309 426 728 613 683 464 344 
stack 116:    91 513 57 165 89 446 317 
stack 117:    71 639 230 640 131 704 715 
stack 118:    641 108 111 103 633 95 512 
stack 119:    658 270 245 60 723 578 674 
stack 120:    144 547 100 711 371 175 736 
stack 121:    600 667 157 467 568 247 368 
stack 122:    289 138 702 601 689 252 695 
stack 123:    618 355 669 225 366 172 295 
stack 124:    233 485 742 64 529 198 346 
stack 125:    373 518 274 152 587 731 216 
stack 126:    86 228 99 275 63 130 478 
stack 127:    690 656 559 532 654 609 477 
stack 128:    447 498 186 68 675 556 155 
stack 129:    659 195 101 367 548 203 676 
