lower bound for relaxed s_ij: 692256.88

#####################################################

solved with: SP.mip_formulations.BinPackingFormulation
time limit: 3600.0 s
time to solve: 2044,93 s
objective value: 692267.82

stacks (top to bottom):
stack 0:    1 
stack 1:    
stack 2:    
stack 3:    378 
stack 4:    
stack 5:    
stack 6:    6 
stack 7:    382 
stack 8:    383 
stack 9:    384 
stack 10:    
stack 11:    
stack 12:    
stack 13:    368 733 567 
stack 14:    663 674 114 596 389 263 597 
stack 15:    390 626 211 262 176 644 438 
stack 16:    543 595 405 374 633 102 16 
stack 17:    315 313 546 359 325 138 648 
stack 18:    297 635 323 162 393 611 299 
stack 19:    335 235 681 182 141 466 363 
stack 20:    700 20 718 688 666 195 175 
stack 21:    174 330 510 519 130 524 281 
stack 22:    443 279 300 194 472 294 150 
stack 23:    214 437 157 121 353 492 39 
stack 24:    544 115 538 134 126 67 439 
stack 25:    158 100 87 489 459 445 318 
stack 26:    490 675 305 563 236 139 304 
stack 27:    145 617 514 298 449 241 27 
stack 28:    286 179 243 468 677 74 738 
stack 29:    628 306 504 425 474 326 29 
stack 30:    30 91 598 112 453 657 584 
stack 31:    594 31 713 684 664 520 56 
stack 32:    258 333 407 287 71 197 120 
stack 33:    291 34 274 264 432 441 227 
stack 34:    409 79 627 249 491 541 198 
stack 35:    170 650 165 59 225 522 410 
stack 36:    357 586 530 486 485 228 239 
stack 37:    636 457 679 60 119 283 548 
stack 38:    413 109 649 261 573 569 632 
stack 39:    581 572 613 107 706 517 414 
stack 40:    415 689 741 619 587 703 104 
stack 41:    416 639 458 278 493 296 682 
stack 42:    217 42 350 259 142 190 578 
stack 43:    234 346 447 418 547 676 163 
stack 44:    748 528 428 515 312 531 213 
stack 45:    699 728 257 464 661 533 45 
stack 46:    348 238 108 356 421 86 660 
stack 47:    424 740 545 98 273 69 745 
stack 48:    723 668 293 423 311 231 642 
stack 49:    562 683 270 49 736 271 630 
stack 50:    742 146 652 618 369 82 229 
stack 51:    525 140 52 499 721 614 276 
stack 52:    232 698 621 512 301 471 237 
stack 53:    701 462 607 122 440 529 336 
stack 54:    280 711 574 565 561 292 503 
stack 55:    463 77 334 579 714 371 117 
stack 56:    615 678 200 697 267 658 328 
stack 57:    704 616 479 497 444 272 550 
stack 58:    506 222 646 223 498 673 622 
stack 59:    178 349 255 477 191 710 467 
stack 60:    749 535 290 518 744 488 604 
stack 61:    526 289 199 712 177 253 342 
stack 62:    63 254 207 62 501 669 362 
stack 63:    219 523 180 505 446 216 552 
stack 64:    320 442 230 186 500 148 92 
stack 65:    0 375 
stack 66:    2 376 
stack 67:    377 
stack 68:    4 
stack 69:    379 3 
stack 70:    5 380 
stack 71:    381 
stack 72:    7 
stack 73:    9 
stack 74:    8 
stack 75:    10 385 
stack 76:    386 12 11 
stack 77:    387 
stack 78:    419 730 83 388 13 608 655 
stack 79:    358 188 288 161 307 57 14 
stack 80:    355 570 559 475 331 309 15 
stack 81:    629 606 556 734 373 310 391 
stack 82:    17 601 159 94 549 365 392 
stack 83:    647 244 251 153 18 394 513 
stack 84:    395 19 260 343 99 600 455 
stack 85:    496 344 645 527 154 605 542 
stack 86:    667 576 370 396 21 73 96 
stack 87:    397 454 653 277 205 116 22 
stack 88:    398 23 507 351 426 321 727 
stack 89:    654 690 215 24 399 329 577 
stack 90:    638 143 72 400 481 302 25 
stack 91:    167 680 593 317 476 401 26 
stack 92:    131 709 502 402 554 461 265 
stack 93:    308 403 364 226 28 582 451 
stack 94:    129 66 641 404 494 341 171 
stack 95:    185 103 233 705 625 599 735 
stack 96:    588 361 127 508 406 487 456 
stack 97:    152 33 181 473 193 189 32 
stack 98:    408 483 250 583 245 183 634 
stack 99:    708 746 662 478 256 106 659 
stack 100:    691 339 206 35 64 747 314 
stack 101:    411 36 509 431 324 469 352 
stack 102:    247 540 366 65 37 412 603 
stack 103:    88 609 637 345 693 337 38 
stack 104:    303 564 551 737 725 111 687 
stack 105:    151 101 212 40 670 580 118 
stack 106:    521 671 41 248 433 113 448 
stack 107:    732 536 319 80 589 532 417 
stack 108:    285 743 568 539 123 85 43 
stack 109:    516 192 44 716 694 209 731 
stack 110:    495 558 133 643 553 555 420 
stack 111:    672 656 46 696 465 172 68 
stack 112:    422 47 70 470 347 204 81 
stack 113:    125 95 719 484 48 75 210 
stack 114:    224 164 537 173 147 84 640 
stack 115:    722 692 460 144 585 51 50 
stack 116:    575 511 571 427 196 452 602 
stack 117:    208 160 202 327 220 124 156 
stack 118:    717 482 187 53 623 268 128 
stack 119:    430 149 429 169 221 360 54 
stack 120:    240 739 166 246 55 316 620 
stack 121:    651 110 592 707 480 93 252 
stack 122:    295 686 695 266 97 78 612 
stack 123:    338 557 534 450 665 201 58 
stack 124:    720 726 715 372 203 434 685 
stack 125:    61 155 367 332 269 610 435 
stack 126:    340 284 631 436 135 105 76 
stack 127:    132 184 322 168 137 90 702 
stack 128:    136 560 89 354 724 566 218 
stack 129:    242 275 591 590 282 624 729 

#####################################################

solved with: SP.constructive_heuristics.GeneralHeuristic
time limit: 3600.0 s
time to solve: 0,00 s
objective value: 752612.33

stacks (top to bottom):
stack 0:    125 504 194 474 550 22 703 
stack 1:    215 514 484 489 721 86 76 
stack 2:    290 144 192 249 322 245 632 
stack 3:    411 127 0 558 331 494 631 
stack 4:    88 562 416 701 319 139 435 
stack 5:    523 241 736 725 25 630 120 
stack 6:    5 162 177 446 439 552 32 
stack 7:    185 107 193 48 373 209 105 
stack 8:    516 47 176 466 122 401 589 
stack 9:    289 109 486 608 481 128 375 
stack 10:    131 490 308 101 442 744 634 
stack 11:    645 706 77 89 492 412 28 
stack 12:    370 459 393 60 561 686 138 
stack 13:    358 424 482 65 551 587 356 
stack 14:    535 275 537 324 563 431 603 
stack 15:    103 536 672 714 458 84 522 
stack 16:    704 164 31 371 549 420 414 
stack 17:    83 202 497 309 246 733 573 
stack 18:    543 405 726 592 716 252 448 
stack 19:    408 188 87 718 665 216 513 
stack 20:    544 238 228 661 71 268 604 
stack 21:    234 348 394 449 210 731 727 
stack 22:    613 256 295 112 666 391 318 
stack 23:    581 475 372 381 404 159 578 
stack 24:    145 413 447 300 418 55 524 
stack 25:    254 387 250 351 696 399 117 
stack 26:    683 132 44 288 264 470 713 
stack 27:    63 258 95 85 248 658 648 
stack 28:    594 671 709 240 476 652 58 
stack 29:    588 354 685 364 68 54 660 
stack 30:    723 121 301 332 321 529 438 
stack 31:    627 384 403 220 130 276 281 
stack 32:    208 629 366 635 557 129 644 
stack 33:    575 538 263 407 531 548 584 
stack 34:    247 576 61 400 380 310 597 
stack 35:    572 49 330 34 639 90 441 
stack 36:    179 606 102 266 328 673 104 
stack 37:    429 169 191 471 710 642 738 
stack 38:    651 203 161 307 133 641 369 
stack 39:    217 637 437 1 213 433 8 
stack 40:    235 376 491 402 225 265 163 
stack 41:    315 110 409 518 359 569 342 
stack 42:    12 496 633 91 195 567 39 
stack 43:    286 199 293 157 468 341 229 
stack 44:    291 306 53 623 43 302 38 
stack 45:    152 379 303 389 689 360 392 
stack 46:    422 167 136 479 450 273 461 
stack 47:    374 722 57 546 168 624 92 
stack 48:    160 680 212 377 204 684 622 
stack 49:    628 279 141 643 555 640 26 
stack 50:    730 211 692 480 260 657 499 
stack 51:    654 149 515 221 111 326 271 
stack 52:    667 206 305 350 669 10 329 
stack 53:    33 180 396 201 150 124 417 
stack 54:    454 37 299 316 614 183 385 
stack 55:    638 333 530 74 687 45 664 
stack 56:    382 155 675 4 184 583 347 
stack 57:    357 338 270 42 165 395 313 
stack 58:    62 559 274 365 352 735 56 
stack 59:    222 506 257 598 284 503 542 
stack 60:    690 285 646 478 75 452 237 
stack 61:    636 560 367 337 659 421 336 
stack 62:    526 323 126 261 694 602 455 
stack 63:    398 23 59 579 343 190 729 
stack 64:    368 259 2 527 601 670 296 
stack 65:    362 236 469 487 702 227 682 
stack 66:    346 425 556 621 6 445 610 
stack 67:    151 233 186 519 432 14 218 
stack 68:    540 428 748 388 586 16 677 
stack 69:    720 24 272 262 79 625 440 
stack 70:    626 650 181 734 498 93 292 
stack 71:    297 668 298 119 253 135 747 
stack 72:    244 647 312 477 564 231 113 
stack 73:    656 46 52 697 94 267 580 
stack 74:    742 430 674 13 287 345 619 
stack 75:    525 568 463 739 507 200 541 
stack 76:    242 508 427 189 283 106 239 
stack 77:    361 344 483 19 517 137 118 
stack 78:    174 712 64 21 698 426 695 
stack 79:    511 717 115 72 699 611 73 
stack 80:    355 35 158 353 472 505 451 
stack 81:    521 320 593 553 585 304 456 
stack 82:    595 539 20 715 460 166 509 
stack 83:    397 30 205 334 196 294 197 
stack 84:    140 214 123 502 566 147 82 
stack 85:    663 732 173 70 612 745 81 
stack 86:    251 700 349 100 649 545 693 
stack 87:    609 746 740 9 363 676 493 
stack 88:    219 615 570 574 434 453 620 
stack 89:    749 691 719 187 142 467 577 
stack 90:    419 170 662 98 741 533 29 
stack 91:    317 590 591 282 80 410 50 
stack 92:    41 40 154 724 554 599 314 
stack 93:    335 182 327 607 278 325 226 
stack 94:    339 415 510 277 462 436 600 
stack 95:    616 230 678 269 99 78 198 
stack 96:    178 243 512 134 485 11 108 
stack 97:    153 534 17 383 406 15 605 
stack 98:    386 457 571 728 737 655 520 
stack 99:    708 340 280 528 311 96 172 
stack 100:    443 223 688 565 707 69 582 
stack 101:    232 143 3 378 255 473 547 
stack 102:    146 743 444 653 679 175 97 
stack 103:    224 681 116 51 488 500 148 
stack 104:    36 495 66 501 156 171 
stack 105:    705 618 532 
stack 106:    390 18 114 617 711 465 27 
stack 107:    207 
stack 108:    423 
stack 109:    7 596 
stack 110:    
stack 111:    
stack 112:    464 
stack 113:    
stack 114:    67 
stack 115:    
stack 116:    
stack 117:    
stack 118:    
stack 119:    
stack 120:    
stack 121:    
stack 122:    
stack 123:    
stack 124:    
stack 125:    
stack 126:    
stack 127:    
stack 128:    
stack 129:    
