lower bound for relaxed s_ij: 692253.34

#####################################################

solved with: SP.mip_formulations.BinPackingFormulation
time limit: 3600.0 s
time to solve: 1786,29 s
objective value: 692260.58

stacks (top to bottom):
stack 0:    
stack 1:    
stack 2:    377 
stack 3:    3 
stack 4:    4 
stack 5:    380 
stack 6:    
stack 7:    7 
stack 8:    383 
stack 9:    384 
stack 10:    
stack 11:    387 
stack 12:    
stack 13:    201 445 602 
stack 14:    538 465 587 555 136 390 481 
stack 15:    606 622 250 496 478 500 75 
stack 16:    689 595 154 254 233 391 226 
stack 17:    705 695 523 333 661 468 120 
stack 18:    90 76 470 406 393 277 479 
stack 19:    736 583 260 220 350 576 394 
stack 20:    100 731 259 209 228 396 395 
stack 21:    246 369 325 486 469 631 696 
stack 22:    687 397 739 24 485 68 599 
stack 23:    236 69 23 674 197 111 708 
stack 24:    544 524 630 316 490 274 149 
stack 25:    620 234 493 26 656 232 71 
stack 26:    302 401 504 558 187 215 512 
stack 27:    199 156 626 467 256 113 473 
stack 28:    403 652 541 262 312 332 147 
stack 29:    734 701 174 110 483 280 122 
stack 30:    30 291 248 143 706 247 586 
stack 31:    32 283 342 166 664 321 216 
stack 32:    322 63 745 91 314 651 643 
stack 33:    442 33 625 675 264 89 463 
stack 34:    343 522 249 84 658 575 360 
stack 35:    361 329 646 451 610 410 502 
stack 36:    623 724 517 339 36 476 276 
stack 37:    494 307 237 206 152 660 412 
stack 38:    439 518 454 160 568 670 38 
stack 39:    178 184 170 296 540 196 101 
stack 40:    129 592 566 422 611 444 40 
stack 41:    516 637 621 299 477 514 446 
stack 42:    649 453 417 632 363 634 676 
stack 43:    564 205 616 613 720 571 92 
stack 44:    455 744 549 545 353 319 83 
stack 45:    699 315 318 710 697 554 686 
stack 46:    341 668 370 281 49 210 449 
stack 47:    721 97 648 507 679 667 525 
stack 48:    499 423 93 344 102 336 171 
stack 49:    99 212 700 628 67 221 354 
stack 50:    77 271 601 607 222 688 118 
stack 51:    530 492 173 678 527 252 426 
stack 52:    717 605 372 534 508 310 126 
stack 53:    78 666 124 357 53 662 114 
stack 54:    450 138 498 636 733 292 159 
stack 55:    181 596 509 227 359 195 747 
stack 56:    355 579 458 642 574 735 609 
stack 57:    718 671 338 597 546 742 356 
stack 58:    131 304 433 245 511 618 107 
stack 59:    59 548 311 434 560 654 600 
stack 60:    239 608 150 472 297 624 128 
stack 61:    132 320 103 570 569 641 474 
stack 62:    639 448 693 580 272 488 62 
stack 63:    81 691 719 550 713 177 202 
stack 64:    737 440 352 255 64 327 371 
stack 65:    1 0 375 
stack 66:    376 
stack 67:    2 
stack 68:    378 
stack 69:    379 
stack 70:    5 
stack 71:    381 6 
stack 72:    8 382 
stack 73:    
stack 74:    9 
stack 75:    385 10 
stack 76:    
stack 77:    386 11 12 
stack 78:    13 681 286 287 213 603 388 
stack 79:    389 305 324 14 505 66 294 
stack 80:    217 270 15 647 16 334 229 
stack 81:    520 261 98 17 330 185 208 
stack 82:    198 573 457 176 169 617 392 
stack 83:    18 615 543 345 362 726 290 
stack 84:    19 203 563 242 635 301 74 
stack 85:    303 44 273 21 257 714 20 
stack 86:    501 180 677 157 144 313 300 
stack 87:    746 460 328 73 240 188 22 
stack 88:    565 121 398 711 533 266 194 
stack 89:    680 399 489 140 528 193 464 
stack 90:    335 25 400 430 211 251 589 
stack 91:    223 269 148 123 289 542 278 
stack 92:    27 295 72 85 309 258 402 
stack 93:    673 738 480 182 28 404 640 
stack 94:    346 135 585 218 29 134 684 
stack 95:    175 308 190 235 127 46 405 
stack 96:    526 461 163 491 351 31 723 
stack 97:    109 349 268 161 539 407 106 
stack 98:    408 556 337 87 650 532 347 
stack 99:    34 729 409 348 503 431 551 
stack 100:    521 619 452 298 35 326 692 
stack 101:    712 506 459 515 513 704 411 
stack 102:    95 241 191 56 263 37 224 
stack 103:    413 482 655 536 531 730 657 
stack 104:    39 553 137 471 142 725 414 
stack 105:    582 238 183 415 416 373 214 
stack 106:    669 561 331 552 368 41 588 
stack 107:    709 42 591 153 282 112 447 
stack 108:    749 105 293 665 578 43 418 
stack 109:    419 663 547 567 275 172 672 
stack 110:    577 225 715 614 82 45 420 
stack 111:    638 581 627 421 146 572 741 
stack 112:    79 364 438 366 267 145 47 
stack 113:    48 645 682 590 690 584 495 
stack 114:    425 108 424 50 365 484 186 
stack 115:    443 253 653 557 51 519 510 
stack 116:    466 189 162 562 219 306 231 
stack 117:    155 716 52 743 497 427 374 
stack 118:    165 179 119 428 130 244 88 
stack 119:    323 54 612 429 265 57 279 
stack 120:    55 707 529 168 698 694 644 
stack 121:    115 86 462 151 117 594 96 
stack 122:    703 593 432 192 133 702 604 
stack 123:    722 230 58 732 748 358 158 
stack 124:    200 475 559 125 70 94 685 
stack 125:    65 141 435 60 317 487 288 
stack 126:    61 659 285 139 284 80 436 
stack 127:    629 740 728 104 207 437 598 
stack 128:    441 116 535 340 243 204 727 
stack 129:    164 537 456 367 633 167 683 

#####################################################

solved with: SP.constructive_heuristics.GeneralHeuristic
time limit: 3600.0 s
time to solve: 0,00 s
objective value: 752006.32

stacks (top to bottom):
stack 0:    530 381 14 109 432 476 662 
stack 1:    39 269 632 156 146 111 609 
stack 2:    605 261 338 566 296 92 290 
stack 3:    623 203 242 603 127 285 193 
stack 4:    355 545 125 392 657 697 258 
stack 5:    335 423 614 364 409 650 202 
stack 6:    563 601 67 613 213 610 356 
stack 7:    749 559 49 550 375 377 683 
stack 8:    61 91 248 680 222 511 584 
stack 9:    63 205 184 24 128 741 288 
stack 10:    712 442 342 72 11 123 430 
stack 11:    457 54 728 507 635 519 714 
stack 12:    30 380 615 626 60 624 120 
stack 13:    34 135 189 454 133 576 102 
stack 14:    198 384 527 413 162 199 528 
stack 15:    638 115 677 595 177 230 730 
stack 16:    620 389 151 126 604 224 685 
stack 17:    59 678 108 79 687 249 196 
stack 18:    475 163 649 670 421 309 272 
stack 19:    450 223 65 592 541 428 275 
stack 20:    499 455 325 337 438 702 22 
stack 21:    95 385 166 451 314 539 510 
stack 22:    9 15 642 572 543 317 590 
stack 23:    138 401 165 36 7 473 533 
stack 24:    217 237 535 426 591 153 447 
stack 25:    526 234 509 743 711 57 83 
stack 26:    333 183 148 304 256 382 292 
stack 27:    182 339 424 50 130 485 690 
stack 28:    180 73 287 143 571 489 463 
stack 29:    200 78 490 435 74 488 280 
stack 30:    669 578 553 639 621 586 464 
stack 31:    608 627 704 411 727 692 12 
stack 32:    520 492 201 281 482 655 696 
stack 33:    705 69 315 307 633 723 167 
stack 34:    737 286 682 136 294 208 332 
stack 35:    238 577 460 663 16 87 114 
stack 36:    303 597 273 651 688 186 96 
stack 37:    323 293 212 139 404 336 257 
stack 38:    19 736 252 593 268 211 140 
stack 39:    13 596 52 31 554 388 374 
stack 40:    116 518 82 585 107 602 726 
stack 41:    331 582 740 318 282 660 589 
stack 42:    144 661 560 10 324 245 197 
stack 43:    516 55 659 43 514 575 229 
stack 44:    419 383 534 508 354 101 640 
stack 45:    689 27 493 556 51 330 274 
stack 46:    724 546 190 529 170 540 172 
stack 47:    121 425 179 611 240 168 365 
stack 48:    653 648 134 467 93 580 214 
stack 49:    81 206 195 243 89 732 326 
stack 50:    738 99 745 462 512 414 20 
stack 51:    565 176 271 157 260 379 437 
stack 52:    721 263 456 719 26 449 358 
stack 53:    64 53 444 658 643 390 244 
stack 54:    524 191 100 298 400 220 2 
stack 55:    709 701 164 429 713 497 503 
stack 56:    731 443 253 306 192 362 4 
stack 57:    465 154 124 652 366 17 188 
stack 58:    173 56 523 1 555 45 396 
stack 59:    630 607 291 600 410 474 725 
stack 60:    341 695 361 137 628 235 477 
stack 61:    370 703 715 160 739 35 149 
stack 62:    548 218 228 634 500 80 40 
stack 63:    403 434 329 513 313 445 395 
stack 64:    744 699 458 29 113 232 412 
stack 65:    422 646 175 636 84 284 158 
stack 66:    581 665 328 505 62 71 106 
stack 67:    311 681 357 28 247 618 708 
stack 68:    573 501 654 142 312 68 427 
stack 69:    48 37 537 722 367 531 347 
stack 70:    612 453 579 486 472 0 321 
stack 71:    441 369 386 297 710 675 431 
stack 72:    746 322 552 641 720 310 676 
stack 73:    302 239 174 691 264 159 194 
stack 74:    521 440 185 371 300 226 394 
stack 75:    346 647 674 344 147 405 6 
stack 76:    718 77 671 606 498 21 532 
stack 77:    178 368 117 588 502 420 407 
stack 78:    629 241 209 150 250 345 672 
stack 79:    32 86 343 387 415 221 360 
stack 80:    549 353 729 468 373 496 479 
stack 81:    181 583 439 44 210 265 747 
stack 82:    104 504 666 448 707 255 350 
stack 83:    570 254 515 119 522 393 88 
stack 84:    236 734 536 207 110 122 266 
stack 85:    538 259 716 85 349 216 436 
stack 86:    461 668 417 334 363 693 145 
stack 87:    18 42 491 351 319 204 748 
stack 88:    283 131 452 299 46 567 418 
stack 89:    673 155 466 562 557 112 231 
stack 90:    480 561 225 3 391 171 276 
stack 91:    25 129 262 469 187 277 402 
stack 92:    103 295 470 316 594 484 47 
stack 93:    132 397 219 574 667 376 66 
stack 94:    717 398 70 340 625 551 686 
stack 95:    305 637 558 644 684 495 598 
stack 96:    76 97 617 679 161 289 631 
stack 97:    544 494 227 33 279 656 483 
stack 98:    564 372 471 698 41 75 599 
stack 99:    23 622 619 700 399 547 694 
stack 100:    320 506 616 378 301 735 5 
stack 101:    246 90 568 664 433 542 215 
stack 102:    105 270 359 58 348 251 481 
stack 103:    408 152 94 
stack 104:    517 141 645 267 38 233 327 
stack 105:    459 569 308 352 742 446 706 
stack 106:    169 406 118 487 
stack 107:    587 525 278 
stack 108:    733 416 
stack 109:    8 478 
stack 110:    98 
stack 111:    
stack 112:    
stack 113:    
stack 114:    
stack 115:    
stack 116:    
stack 117:    
stack 118:    
stack 119:    
stack 120:    
stack 121:    
stack 122:    
stack 123:    
stack 124:    
stack 125:    
stack 126:    
stack 127:    
stack 128:    
stack 129:    
