solved with: SP.deprecated.TabuSearch
time limit: 3600.0 s
time to solve: 448,52 s
objective value: 692239.96

stacks (top to bottom):
stack 0:    0 
stack 1:    375 
stack 2:    2 
stack 3:    
stack 4:    
stack 5:    
stack 6:    
stack 7:    7 
stack 8:    8 
stack 9:    
stack 10:    385 
stack 11:    
stack 12:    12 
stack 13:    388 123 13 
stack 14:    41 400 227 97 14 392 393 
stack 15:    679 49 429 285 394 405 724 
stack 16:    154 19 115 16 427 27 404 
stack 17:    17 619 160 118 556 278 595 
stack 18:    569 335 308 23 487 235 68 
stack 19:    194 222 418 628 589 663 708 
stack 20:    248 482 612 281 398 37 129 
stack 21:    406 624 153 647 490 125 104 
stack 22:    631 714 300 138 615 42 411 
stack 23:    35 565 466 198 441 54 715 
stack 24:    637 671 686 167 253 232 659 
stack 25:    514 65 668 471 638 693 120 
stack 26:    664 51 432 140 484 662 251 
stack 27:    53 246 178 64 425 70 476 
stack 28:    594 294 362 30 107 290 696 
stack 29:    326 93 261 666 593 91 602 
stack 30:    723 58 310 469 653 562 84 
stack 31:    31 596 186 603 99 505 174 
stack 32:    564 748 116 409 430 415 728 
stack 33:    672 450 39 98 292 76 518 
stack 34:    79 250 240 277 296 352 117 
stack 35:    273 279 373 113 717 524 330 
stack 36:    131 543 444 456 678 112 185 
stack 37:    309 105 540 419 694 460 453 
stack 38:    74 121 202 46 494 307 571 
stack 39:    605 315 161 451 689 433 652 
stack 40:    259 462 351 150 236 168 525 
stack 41:    124 626 132 305 681 489 255 
stack 42:    69 254 528 727 582 729 704 
stack 43:    485 702 264 711 245 510 211 
stack 44:    746 640 700 722 583 312 733 
stack 45:    83 192 613 549 342 716 372 
stack 46:    157 743 142 738 422 102 579 
stack 47:    183 180 249 630 436 348 673 
stack 48:    509 447 166 141 164 286 424 
stack 49:    656 431 497 435 684 295 173 
stack 50:    337 667 297 324 511 230 148 
stack 51:    481 597 311 477 747 275 535 
stack 52:    745 740 92 327 165 532 363 
stack 53:    428 316 675 127 520 676 552 
stack 54:    217 90 299 200 519 276 461 
stack 55:    669 314 513 586 317 468 651 
stack 56:    106 339 349 356 219 703 133 
stack 57:    488 137 534 670 538 590 472 
stack 58:    616 500 81 622 721 710 503 
stack 59:    96 641 625 698 136 343 231 
stack 60:    75 699 284 66 701 205 544 
stack 61:    546 576 333 244 203 620 674 
stack 62:    88 685 207 220 63 256 452 
stack 63:    498 206 609 639 100 291 661 
stack 64:    73 474 449 282 289 730 301 
stack 65:    
stack 66:    1 376 
stack 67:    377 
stack 68:    3 378 
stack 69:    379 4 
stack 70:    5 380 
stack 71:    381 6 
stack 72:    382 
stack 73:    383 
stack 74:    9 384 
stack 75:    10 
stack 76:    386 
stack 77:    387 11 
stack 78:    732 94 635 21 109 212 644 
stack 79:    389 171 119 215 103 607 15 
stack 80:    390 391 24 128 410 18 144 
stack 81:    629 22 421 181 399 604 260 
stack 82:    483 268 364 145 568 499 270 
stack 83:    28 45 152 20 506 442 175 
stack 84:    56 397 614 395 414 374 345 
stack 85:    85 32 536 507 233 26 486 
stack 86:    25 580 396 408 491 224 403 
stack 87:    359 533 737 318 660 501 551 
stack 88:    210 293 38 214 572 719 60 
stack 89:    328 706 371 234 322 155 446 
stack 90:    402 55 600 426 252 413 401 
stack 91:    623 354 688 243 502 599 591 
stack 92:    197 40 705 736 570 303 531 
stack 93:    190 323 739 29 147 143 423 
stack 94:    44 588 523 33 283 455 218 
stack 95:    553 365 695 496 34 690 111 
stack 96:    610 512 563 412 527 417 680 
stack 97:    213 407 634 170 48 555 199 
stack 98:    522 43 36 646 50 353 516 
stack 99:    265 319 329 360 457 313 657 
stack 100:    304 257 475 338 67 558 560 
stack 101:    347 367 350 687 57 189 618 
stack 102:    621 585 298 725 77 515 539 
stack 103:    633 258 321 52 682 608 134 
stack 104:    463 95 478 465 691 547 574 
stack 105:    707 357 493 47 508 443 467 
stack 106:    266 537 578 416 280 573 720 
stack 107:    71 581 584 341 191 331 454 
stack 108:    237 617 332 480 742 110 709 
stack 109:    201 156 188 734 163 439 627 
stack 110:    361 726 420 530 187 713 288 
stack 111:    598 731 262 554 683 274 504 
stack 112:    448 592 606 601 61 158 139 
stack 113:    172 114 135 195 267 495 611 
stack 114:    101 575 437 632 712 62 126 
stack 115:    82 677 221 204 517 541 438 
stack 116:    336 744 718 263 521 370 434 
stack 117:    208 369 561 470 648 346 182 
stack 118:    247 473 269 645 229 72 741 
stack 119:    239 320 287 169 550 196 177 
stack 120:    735 643 636 445 344 226 334 
stack 121:    89 587 59 440 649 366 225 
stack 122:    692 566 223 492 159 325 271 
stack 123:    464 749 193 479 130 557 151 
stack 124:    545 146 559 302 459 577 162 
stack 125:    655 176 184 241 86 228 458 
stack 126:    179 548 216 526 642 306 80 
stack 127:    368 87 697 340 358 238 355 
stack 128:    242 122 658 650 78 567 209 
stack 129:    149 529 542 108 272 654 665 

#####################################################

solved with: SP.post_optimization_methods.HillClimbing
time limit: 3600.0 s
time to solve: 304,07 s
objective value: 692239.96

stacks (top to bottom):
stack 0:    0 
stack 1:    375 
stack 2:    2 
stack 3:    
stack 4:    
stack 5:    
stack 6:    
stack 7:    7 
stack 8:    8 
stack 9:    
stack 10:    385 
stack 11:    
stack 12:    12 
stack 13:    388 13 394 
stack 14:    25 714 21 635 14 288 392 
stack 15:    746 400 227 396 358 649 162 
stack 16:    157 744 399 408 16 603 567 
stack 17:    44 616 628 451 457 360 70 
stack 18:    335 281 264 23 443 595 18 
stack 19:    361 523 677 497 572 701 733 
stack 20:    368 314 630 332 42 256 401 
stack 21:    359 34 156 414 596 573 424 
stack 22:    407 254 449 219 734 230 158 
stack 23:    164 193 310 285 348 535 143 
stack 24:    28 640 421 38 604 91 460 
stack 25:    749 191 353 620 129 674 627 
stack 26:    326 594 57 47 26 112 654 
stack 27:    53 365 614 152 479 487 510 
stack 28:    69 481 89 536 187 478 209 
stack 29:    31 606 123 563 593 689 602 
stack 30:    206 469 526 48 306 251 415 
stack 31:    36 118 556 278 351 343 411 
stack 32:    237 566 693 220 691 366 531 
stack 33:    137 98 242 710 60 205 518 
stack 34:    629 154 149 425 659 342 458 
stack 35:    748 349 586 583 441 608 54 
stack 36:    633 79 311 51 548 331 711 
stack 37:    56 626 725 718 549 730 476 
stack 38:    739 202 634 40 494 46 128 
stack 39:    428 246 589 321 565 241 122 
stack 40:    101 362 662 568 235 117 499 
stack 41:    679 498 587 322 279 111 446 
stack 42:    178 261 506 442 501 551 525 
stack 43:    598 585 675 688 574 541 538 
stack 44:    564 77 496 135 286 504 99 
stack 45:    347 371 115 537 165 503 78 
stack 46:    485 367 584 250 599 225 334 
stack 47:    213 208 249 341 557 642 151 
stack 48:    74 588 94 740 302 547 607 
stack 49:    706 667 543 474 513 198 658 
stack 50:    265 684 315 708 52 651 704 
stack 51:    605 622 430 435 295 317 560 
stack 52:    83 482 339 612 554 134 618 
stack 53:    106 668 248 167 521 712 346 
stack 54:    735 142 223 287 639 291 245 
stack 55:    96 87 146 166 705 647 72 
stack 56:    597 471 297 437 263 113 539 
stack 57:    723 509 695 262 670 709 104 
stack 58:    124 350 203 189 590 729 139 
stack 59:    512 561 204 344 108 318 177 
stack 60:    726 253 456 517 301 284 224 
stack 61:    669 545 289 221 722 195 67 
stack 62:    470 273 207 170 648 555 552 
stack 63:    266 282 475 155 524 110 544 
stack 64:    65 121 92 533 459 84 182 
stack 65:    
stack 66:    1 376 
stack 67:    377 
stack 68:    3 378 
stack 69:    379 4 
stack 70:    5 380 
stack 71:    381 6 
stack 72:    382 
stack 73:    383 
stack 74:    9 384 
stack 75:    11 10 
stack 76:    386 
stack 77:    387 
stack 78:    304 19 35 127 324 427 86 
stack 79:    389 632 140 268 436 562 516 
stack 80:    390 398 391 30 24 611 15 
stack 81:    309 412 687 736 636 370 720 
stack 82:    553 17 27 20 274 472 325 
stack 83:    45 576 43 119 277 185 393 
stack 84:    22 397 179 569 357 395 260 
stack 85:    418 116 176 409 491 719 404 
stack 86:    402 581 308 477 493 188 303 
stack 87:    672 181 700 32 300 737 403 
stack 88:    406 210 664 420 613 528 699 
stack 89:    610 575 464 269 62 716 660 
stack 90:    625 600 160 413 296 661 665 
stack 91:    488 33 258 194 329 663 161 
stack 92:    82 298 520 59 138 694 355 
stack 93:    247 29 731 440 374 68 175 
stack 94:    201 473 638 683 558 419 676 
stack 95:    369 671 530 713 529 233 405 
stack 96:    217 197 645 570 240 50 680 
stack 97:    619 252 617 37 480 290 579 
stack 98:    41 234 327 63 455 173 372 
stack 99:    641 337 336 448 293 542 133 
stack 100:    444 71 294 216 107 696 410 
stack 101:    259 55 136 150 144 352 673 
stack 102:    319 655 97 76 466 313 577 
stack 103:    183 49 244 422 103 102 211 
stack 104:    621 114 39 416 283 465 66 
stack 105:    190 90 299 462 519 439 423 
stack 106:    432 147 120 417 489 461 452 
stack 107:    88 429 200 169 215 434 80 
stack 108:    500 450 697 338 502 495 330 
stack 109:    702 132 601 747 305 646 255 
stack 110:    707 85 153 484 681 527 307 
stack 111:    732 172 316 81 109 345 174 
stack 112:    431 559 354 540 666 727 486 
stack 113:    492 426 522 275 724 226 505 
stack 114:    95 64 214 356 468 682 433 
stack 115:    447 507 532 243 272 742 728 
stack 116:    643 743 546 212 163 159 125 
stack 117:    685 738 333 698 199 270 571 
stack 118:    656 582 373 511 312 591 126 
stack 119:    692 239 609 320 550 100 196 
stack 120:    257 93 232 363 717 148 228 
stack 121:    463 514 483 508 741 145 467 
stack 122:    745 323 686 58 364 276 715 
stack 123:    624 592 280 267 186 657 652 
stack 124:    180 637 623 171 229 236 231 
stack 125:    131 75 184 721 650 453 271 
stack 126:    105 141 653 130 61 454 168 
stack 127:    222 192 578 690 238 644 218 
stack 128:    631 580 615 534 490 678 438 
stack 129:    328 73 292 340 515 703 445 
