solved with: SP.deprecated.TabuSearch
time limit: 3600.0 s
time to solve: 392,06 s
objective value: 692243.66

stacks (top to bottom):
stack 0:    0 
stack 1:    1 
stack 2:    2 
stack 3:    378 
stack 4:    
stack 5:    
stack 6:    381 
stack 7:    383 382 
stack 8:    8 
stack 9:    9 
stack 10:    10 
stack 11:    
stack 12:    12 
stack 13:    390 13 351 
stack 14:    18 723 16 554 335 17 648 
stack 15:    30 235 246 640 422 31 363 
stack 16:    270 649 38 463 221 19 20 
stack 17:    194 403 169 516 203 550 688 
stack 18:    426 41 436 258 431 635 568 
stack 19:    591 220 520 134 629 67 599 
stack 20:    644 329 541 624 22 395 398 
stack 21:    184 259 292 239 21 428 526 
stack 22:    288 297 559 455 575 26 722 
stack 23:    23 400 311 197 82 354 33 
stack 24:    264 405 195 217 459 409 69 
stack 25:    679 248 287 402 711 81 404 
stack 26:    689 117 427 606 727 646 581 
stack 27:    103 621 641 27 121 607 79 
stack 28:    697 517 52 408 484 666 34 
stack 29:    112 430 673 295 362 151 637 
stack 30:    469 271 138 296 125 62 120 
stack 31:    233 183 280 40 85 647 539 
stack 32:    321 566 226 154 73 185 209 
stack 33:    106 524 747 613 497 424 282 
stack 34:    291 654 199 174 694 51 425 
stack 35:    272 180 309 182 442 486 196 
stack 36:    222 627 416 489 551 725 242 
stack 37:    718 227 153 56 678 742 173 
stack 38:    632 357 48 733 155 571 241 
stack 39:    707 136 449 720 232 481 229 
stack 40:    128 175 189 361 131 719 312 
stack 41:    139 634 283 207 45 262 274 
stack 42:    618 110 58 206 313 96 289 
stack 43:    717 372 672 342 437 664 508 
stack 44:    610 68 323 661 341 532 602 
stack 45:    146 337 487 696 555 432 433 
stack 46:    583 129 356 444 234 201 261 
stack 47:    100 345 305 214 507 460 543 
stack 48:    695 690 111 633 655 349 712 
stack 49:    278 659 467 721 336 254 675 
stack 50:    499 240 698 474 744 739 333 
stack 51:    515 60 210 438 567 503 307 
stack 52:    622 519 268 293 192 108 320 
stack 53:    473 90 674 702 102 468 512 
stack 54:    657 55 265 513 538 569 145 
stack 55:    623 104 488 71 685 582 237 
stack 56:    563 253 588 338 557 495 94 
stack 57:    683 371 277 149 170 701 572 
stack 58:    190 86 87 263 443 61 505 
stack 59:    133 308 306 748 548 109 142 
stack 60:    250 743 113 127 255 164 546 
stack 61:    535 211 668 247 273 322 301 
stack 62:    187 714 528 365 446 749 662 
stack 63:    63 256 238 208 319 601 493 
stack 64:    66 461 224 244 594 708 275 
stack 65:    375 
stack 66:    376 
stack 67:    377 
stack 68:    3 
stack 69:    379 4 
stack 70:    5 380 
stack 71:    6 
stack 72:    7 
stack 73:    
stack 74:    384 
stack 75:    385 
stack 76:    11 386 
stack 77:    387 
stack 78:    423 389 24 14 388 352 392 
stack 79:    471 496 411 393 25 631 47 
stack 80:    15 260 553 592 628 391 394 
stack 81:    636 475 630 370 310 406 570 
stack 82:    50 401 162 157 330 491 80 
stack 83:    651 167 561 399 148 132 28 
stack 84:    419 236 366 84 300 609 101 
stack 85:    600 480 53 397 415 29 396 
stack 86:    178 315 527 212 316 118 290 
stack 87:    705 458 653 686 314 533 225 
stack 88:    89 64 159 608 663 303 126 
stack 89:    347 191 681 691 57 615 447 
stack 90:    650 407 490 410 219 332 529 
stack 91:    326 700 70 412 257 703 304 
stack 92:    39 54 165 603 161 43 565 
stack 93:    619 32 552 267 74 166 44 
stack 94:    626 590 478 414 573 150 204 
stack 95:    589 216 470 72 448 421 115 
stack 96:    597 639 544 143 152 660 324 
stack 97:    368 91 542 36 35 95 625 
stack 98:    510 171 328 462 643 88 453 
stack 99:    500 692 346 687 454 562 556 
stack 100:    413 299 168 494 177 716 578 
stack 101:    709 243 317 42 281 205 37 
stack 102:    738 76 457 676 665 418 188 
stack 103:    466 435 327 530 116 699 374 
stack 104:    213 124 656 99 249 598 141 
stack 105:    537 671 472 440 279 417 483 
stack 106:    364 355 531 49 105 511 285 
stack 107:    331 518 485 179 160 617 144 
stack 108:    228 506 667 420 576 737 135 
stack 109:    545 359 577 740 230 585 652 
stack 110:    587 46 343 252 231 266 522 
stack 111:    140 616 445 441 638 682 92 
stack 112:    726 523 593 373 732 294 735 
stack 113:    122 83 741 172 434 78 158 
stack 114:    193 479 350 325 669 218 367 
stack 115:    620 560 501 198 298 119 509 
stack 116:    465 504 114 534 269 710 334 
stack 117:    176 477 276 586 107 549 302 
stack 118:    614 521 59 344 360 130 684 
stack 119:    286 163 464 730 215 429 715 
stack 120:    284 156 612 65 728 731 450 
stack 121:    476 452 584 670 200 181 642 
stack 122:    595 536 611 186 245 223 502 
stack 123:    746 596 574 439 745 704 605 
stack 124:    564 75 734 339 93 251 514 
stack 125:    677 98 147 498 77 693 658 
stack 126:    348 353 525 451 318 558 736 
stack 127:    724 729 645 369 580 97 137 
stack 128:    579 547 706 680 540 358 123 
stack 129:    482 202 604 713 456 492 340 

#####################################################

solved with: SP.post_optimization_methods.HillClimbing
time limit: 3600.0 s
time to solve: 276,84 s
objective value: 692243.66

stacks (top to bottom):
stack 0:    0 
stack 1:    1 
stack 2:    2 
stack 3:    378 
stack 4:    
stack 5:    
stack 6:    381 
stack 7:    383 382 
stack 8:    8 
stack 9:    9 
stack 10:    10 
stack 11:    
stack 12:    12 
stack 13:    15 13 406 
stack 14:    18 726 467 390 732 17 424 
stack 15:    618 561 49 745 607 417 173 
stack 16:    68 692 401 38 25 310 394 
stack 17:    280 124 46 231 31 629 134 
stack 18:    723 471 393 129 555 169 19 
stack 19:    136 426 102 27 635 398 20 
stack 20:    227 403 319 421 73 312 425 
stack 21:    411 399 21 397 511 396 188 
stack 22:    103 455 685 316 402 481 26 
stack 23:    45 655 252 538 177 57 572 
stack 24:    284 357 244 294 170 119 303 
stack 25:    705 724 106 621 400 408 33 
stack 26:    683 98 407 365 646 221 603 
stack 27:    139 347 465 70 412 179 145 
stack 28:    435 477 730 464 608 290 225 
stack 29:    288 589 90 295 725 361 47 
stack 30:    524 743 224 345 741 87 214 
stack 31:    331 222 427 551 160 422 447 
stack 32:    39 420 576 638 696 230 414 
stack 33:    272 277 175 654 218 701 367 
stack 34:    194 343 105 434 462 548 229 
stack 35:    321 110 245 186 611 141 483 
stack 36:    535 585 487 552 318 509 736 
stack 37:    178 449 559 82 530 715 529 
stack 38:    84 498 281 42 200 215 429 
stack 39:    190 257 256 513 234 661 120 
stack 40:    264 184 146 128 220 162 56 
stack 41:    438 323 201 242 678 578 209 
stack 42:    626 276 590 659 656 263 748 
stack 43:    709 672 95 107 148 711 662 
stack 44:    506 528 362 681 719 289 570 
stack 45:    650 695 356 149 574 728 428 
stack 46:    127 113 317 488 255 164 546 
stack 47:    112 327 217 484 720 543 453 
stack 48:    368 469 521 632 613 443 304 
stack 49:    176 623 366 195 249 81 237 
stack 50:    482 240 698 569 541 624 204 
stack 51:    202 153 74 62 539 456 433 
stack 52:    228 583 265 239 557 568 142 
stack 53:    359 63 446 516 444 494 665 
stack 54:    746 717 117 274 504 448 363 
stack 55:    510 478 675 562 599 135 722 
stack 56:    271 485 165 174 269 684 101 
stack 57:    564 364 500 337 206 166 313 
stack 58:    66 545 193 663 159 342 735 
stack 59:    496 525 544 300 643 152 324 
stack 60:    480 499 226 454 703 514 80 
stack 61:    518 560 346 706 208 734 189 
stack 62:    253 262 474 680 219 93 279 
stack 63:    627 714 606 702 495 196 285 
stack 64:    441 531 143 605 144 598 333 
stack 65:    375 
stack 66:    376 
stack 67:    377 
stack 68:    3 
stack 69:    379 4 
stack 70:    5 380 
stack 71:    6 
stack 72:    7 
stack 73:    
stack 74:    384 
stack 75:    385 
stack 76:    11 386 
stack 77:    387 
stack 78:    23 233 24 388 669 22 395 
stack 79:    260 16 389 14 99 391 158 
stack 80:    122 248 211 167 334 392 660 
stack 81:    644 308 371 430 727 708 34 
stack 82:    405 489 292 641 691 594 526 
stack 83:    600 718 604 595 96 185 330 
stack 84:    372 566 519 652 647 266 637 
stack 85:    458 30 640 293 341 43 67 
stack 86:    286 466 729 645 369 354 658 
stack 87:    614 182 35 329 273 415 558 
stack 88:    636 679 630 410 682 370 470 
stack 89:    76 116 571 358 508 404 28 
stack 90:    587 649 125 223 536 503 340 
stack 91:    213 547 360 97 29 78 79 
stack 92:    315 41 586 507 731 704 532 
stack 93:    50 479 168 501 687 198 72 
stack 94:    686 373 721 671 549 625 88 
stack 95:    291 338 749 150 302 44 710 
stack 96:    651 243 297 77 205 37 349 
stack 97:    413 634 490 674 40 32 540 
stack 98:    707 689 191 111 216 573 581 
stack 99:    187 667 416 171 247 409 739 
stack 100:    250 86 436 59 472 580 460 
stack 101:    419 523 36 305 628 534 137 
stack 102:    620 567 85 154 688 251 493 
stack 103:    610 210 58 157 520 320 261 
stack 104:    423 48 335 668 65 254 486 
stack 105:    259 619 690 246 61 699 301 
stack 106:    60 53 203 69 282 712 418 
stack 107:    91 278 311 52 232 642 556 
stack 108:    577 633 673 54 130 744 352 
stack 109:    140 235 740 694 131 491 522 
stack 110:    180 183 309 355 442 615 51 
stack 111:    283 700 238 737 332 307 275 
stack 112:    579 64 445 55 497 328 241 
stack 113:    104 452 609 664 582 181 374 
stack 114:    738 156 537 163 517 71 693 
stack 115:    475 353 314 670 676 437 431 
stack 116:    553 461 653 533 351 716 121 
stack 117:    591 713 550 742 601 492 161 
stack 118:    100 697 133 473 306 592 505 
stack 119:    89 326 138 296 502 432 565 
stack 120:    563 622 172 344 92 648 575 
stack 121:    639 597 747 439 109 451 151 
stack 122:    270 616 207 267 463 192 115 
stack 123:    236 212 147 197 733 118 468 
stack 124:    299 457 612 554 336 588 322 
stack 125:    657 476 287 584 155 258 666 
stack 126:    527 83 348 593 440 602 123 
stack 127:    596 542 459 450 339 94 126 
stack 128:    677 350 268 325 114 512 132 
stack 129:    515 75 199 617 298 108 631 
