lower bound for relaxed s_ij: 692249.64

#####################################################

solved with: SP.mip_formulations.BinPackingFormulation
time limit: 3600.0 s
time to solve: 2580,43 s
objective value: 692266.64

stacks (top to bottom):
stack 0:    375 
stack 1:    1 
stack 2:    
stack 3:    3 
stack 4:    
stack 5:    
stack 6:    381 
stack 7:    
stack 8:    383 
stack 9:    9 
stack 10:    
stack 11:    386 
stack 12:    12 
stack 13:    106 257 493 
stack 14:    572 338 634 14 268 108 34 
stack 15:    413 220 670 486 708 390 324 
stack 16:    621 350 550 164 157 570 511 
stack 17:    84 335 96 619 602 61 17 
stack 18:    490 195 481 649 99 62 70 
stack 19:    19 726 533 260 208 340 85 
stack 20:    362 20 650 516 706 346 401 
stack 21:    159 507 396 191 633 626 585 
stack 22:    326 23 211 154 397 748 230 
stack 23:    115 218 168 573 337 617 398 
stack 24:    616 158 480 127 151 240 613 
stack 25:    400 148 546 146 246 136 610 
stack 26:    601 687 273 402 363 193 77 
stack 27:    683 474 27 713 142 71 667 
stack 28:    81 403 578 484 186 666 583 
stack 29:    654 233 119 494 512 29 126 
stack 30:    495 632 556 228 589 304 247 
stack 31:    255 745 185 112 571 307 31 
stack 32:    32 270 243 311 407 361 555 
stack 33:    33 197 93 749 253 176 694 
stack 34:    502 498 190 357 242 87 465 
stack 35:    537 730 524 51 373 333 723 
stack 36:    412 276 528 328 319 101 678 
stack 37:    462 599 603 463 341 305 300 
stack 38:    530 552 232 715 500 334 503 
stack 39:    658 325 286 659 567 525 320 
stack 40:    476 447 695 662 604 680 171 
stack 41:    416 282 657 314 724 592 64 
stack 42:    347 42 620 329 688 82 609 
stack 43:    133 120 200 642 66 526 729 
stack 44:    539 661 636 201 710 627 223 
stack 45:    744 676 741 714 575 560 420 
stack 46:    721 501 697 124 598 648 644 
stack 47:    586 221 623 449 444 310 155 
stack 48:    48 677 327 147 684 466 292 
stack 49:    69 235 90 74 647 173 227 
stack 50:    742 551 453 102 214 446 605 
stack 51:    426 538 638 631 244 639 441 
stack 52:    728 445 428 258 712 725 520 
stack 53:    541 492 483 184 53 686 656 
stack 54:    608 429 198 134 237 206 691 
stack 55:    289 236 549 351 251 344 532 
stack 56:    581 559 580 544 672 641 593 
stack 57:    701 443 254 733 542 705 271 
stack 58:    75 355 615 565 523 80 58 
stack 59:    277 180 312 309 622 434 88 
stack 60:    92 487 192 457 439 566 166 
stack 61:    143 719 152 129 105 359 172 
stack 62:    739 455 231 612 149 508 489 
stack 63:    179 561 65 527 506 73 94 
stack 64:    370 692 577 740 629 716 97 
stack 65:    0 
stack 66:    376 
stack 67:    377 
stack 68:    378 2 
stack 69:    380 4 379 
stack 70:    5 
stack 71:    6 
stack 72:    8 7 382 
stack 73:    384 
stack 74:    10 
stack 75:    11 385 
stack 76:    
stack 77:    387 
stack 78:    111 388 72 711 364 209 13 
stack 79:    170 389 368 196 477 468 442 
stack 80:    653 584 280 720 174 515 15 
stack 81:    16 241 675 522 391 189 374 
stack 82:    261 178 137 554 217 187 392 
stack 83:    18 671 504 323 352 252 393 
stack 84:    519 582 464 635 588 317 394 
stack 85:    606 222 204 595 354 245 395 
stack 86:    21 689 291 702 545 543 510 
stack 87:    256 167 624 63 22 637 553 
stack 88:    438 316 645 301 194 736 199 
stack 89:    471 269 24 399 531 264 78 
stack 90:    188 437 25 563 343 54 98 
stack 91:    28 212 450 265 210 26 529 
stack 92:    366 521 461 655 367 294 107 
stack 93:    308 139 266 737 103 372 281 
stack 94:    404 451 272 473 275 144 313 
stack 95:    30 67 432 239 219 405 536 
stack 96:    371 651 518 594 332 225 406 
stack 97:    625 717 514 569 660 424 365 
stack 98:    408 459 285 274 121 348 288 
stack 99:    699 458 278 318 718 35 409 
stack 100:    534 576 591 488 470 410 161 
stack 101:    36 411 448 690 491 205 114 
stack 102:    37 707 628 238 132 95 299 
stack 103:    263 262 618 249 38 259 100 
stack 104:    475 564 517 131 414 456 39 
stack 105:    700 41 415 213 156 40 643 
stack 106:    703 669 630 614 505 485 664 
stack 107:    417 557 747 679 141 229 113 
stack 108:    302 43 597 418 162 540 125 
stack 109:    44 607 419 735 587 68 295 
stack 110:    250 306 682 130 640 342 45 
stack 111:    743 421 46 482 116 646 478 
stack 112:    79 224 207 122 89 47 422 
stack 113:    731 163 150 128 568 558 423 
stack 114:    49 360 732 104 460 234 118 
stack 115:    76 693 425 562 356 296 50 
stack 116:    652 138 315 248 590 293 574 
stack 117:    427 440 160 117 467 52 203 
stack 118:    358 685 681 673 513 336 267 
stack 119:    290 181 330 496 177 297 175 
stack 120:    738 454 284 331 55 345 430 
stack 121:    135 722 596 579 287 431 56 
stack 122:    369 548 169 452 109 57 704 
stack 123:    339 140 509 86 433 709 215 
stack 124:    123 59 698 322 153 91 183 
stack 125:    321 216 435 202 110 165 60 
stack 126:    665 436 83 499 226 279 145 
stack 127:    734 547 663 353 535 303 746 
stack 128:    600 298 674 497 472 182 727 
stack 129:    696 611 479 349 283 469 668 

#####################################################

solved with: SP.constructive_heuristics.GeneralHeuristic
time limit: 3600.0 s
time to solve: 0,00 s
objective value: 750454.96

stacks (top to bottom):
stack 0:    362 74 101 583 523 98 746 
stack 1:    608 323 677 629 412 360 40 
stack 2:    63 577 469 546 465 172 39 
stack 3:    625 23 331 240 622 409 108 
stack 4:    654 687 400 396 8 27 299 
stack 5:    471 572 298 580 395 45 125 
stack 6:    358 278 718 399 478 639 199 
stack 7:    539 75 745 370 92 711 328 
stack 8:    308 167 651 742 499 376 640 
stack 9:    507 642 561 672 460 54 401 
stack 10:    347 721 257 312 213 612 320 
stack 11:    235 20 345 307 229 12 377 
stack 12:    428 448 453 497 351 114 456 
stack 13:    218 284 180 492 685 87 373 
stack 14:    521 158 695 446 176 570 70 
stack 15:    541 557 19 726 248 720 643 
stack 16:    306 544 536 420 118 610 390 
stack 17:    350 289 335 139 564 463 80 
stack 18:    32 696 102 479 524 617 26 
stack 19:    163 534 369 137 519 484 88 
stack 20:    599 586 679 633 47 295 171 
stack 21:    676 301 614 714 164 31 382 
stack 22:    447 352 594 148 191 708 666 
stack 23:    495 445 682 627 491 57 292 
stack 24:    692 336 512 410 702 267 555 
stack 25:    717 254 701 443 86 215 324 
stack 26:    703 302 387 663 259 166 574 
stack 27:    476 168 190 43 186 724 439 
stack 28:    30 202 699 527 265 253 379 
stack 29:    504 584 357 518 689 296 638 
stack 30:    220 339 371 551 147 482 136 
stack 31:    81 602 61 245 276 725 247 
stack 32:    255 69 42 550 62 183 107 
stack 33:    658 712 252 730 268 162 13 
stack 34:    150 216 710 503 144 234 145 
stack 35:    33 84 558 66 707 540 592 
stack 36:    28 464 122 486 291 333 637 
stack 37:    270 595 596 315 740 426 97 
stack 38:    195 170 578 405 662 29 348 
stack 39:    269 135 221 603 565 529 489 
stack 40:    200 554 670 630 207 311 372 
stack 41:    530 280 414 472 573 563 17 
stack 42:    438 739 747 2 85 340 508 
stack 43:    490 41 388 322 211 309 678 
stack 44:    375 582 474 342 132 418 78 
stack 45:    263 556 277 99 364 0 477 
stack 46:    659 648 430 511 553 203 705 
stack 47:    262 501 623 173 618 155 303 
stack 48:    178 380 597 174 206 368 82 
stack 49:    152 429 452 51 467 209 317 
stack 50:    661 36 719 224 238 532 727 
stack 51:    645 181 242 205 509 95 433 
stack 52:    569 402 1 359 735 459 542 
stack 53:    731 67 330 112 383 528 457 
stack 54:    601 334 673 225 538 391 535 
stack 55:    222 632 177 657 691 58 543 
stack 56:    338 65 419 165 593 628 531 
stack 57:    187 243 741 466 613 684 422 
stack 58:    133 120 16 105 110 451 344 
stack 59:    159 79 329 681 635 397 196 
stack 60:    208 432 228 231 175 520 294 
stack 61:    48 91 737 562 89 515 680 
stack 62:    728 96 674 548 104 381 706 
stack 63:    722 138 4 260 154 434 686 
stack 64:    581 232 3 83 733 626 313 
stack 65:    671 455 117 591 644 566 310 
stack 66:    427 9 282 647 227 510 398 
stack 67:    653 273 119 103 10 611 704 
stack 68:    128 624 502 384 53 281 468 
stack 69:    517 153 326 354 480 93 264 
stack 70:    408 266 458 210 285 274 182 
stack 71:    600 435 7 287 337 142 271 
stack 72:    669 533 496 297 567 444 353 
stack 73:    204 552 636 436 660 71 723 
stack 74:    475 72 11 327 305 300 374 
stack 75:    250 559 665 226 14 690 60 
stack 76:    437 547 487 319 525 246 189 
stack 77:    241 494 450 116 146 304 646 
stack 78:    18 76 236 715 349 332 288 
stack 79:    261 498 576 219 151 649 156 
stack 80:    111 411 506 693 688 35 230 
stack 81:    90 239 488 470 505 367 346 
stack 82:    652 417 734 416 38 545 441 
stack 83:    130 423 587 343 709 161 605 
stack 84:    321 140 641 473 279 121 34 
stack 85:    454 131 185 356 214 604 732 
stack 86:    44 258 481 485 716 94 668 
stack 87:    233 109 522 407 393 64 77 
stack 88:    404 386 500 526 363 251 126 
stack 89:    179 634 212 713 283 237 15 
stack 90:    366 5 619 55 314 22 589 
stack 91:    316 744 700 537 389 571 493 
stack 92:    123 115 198 223 392 729 275 
stack 93:    743 483 73 513 560 748 361 
stack 94:    378 616 698 598 694 244 113 
stack 95:    188 440 415 588 631 442 394 
stack 96:    683 160 286 325 697 192 516 
stack 97:    514 201 425 607 424 50 609 
stack 98:    606 124 355 650 656 100 341 
stack 99:    143 24 134 169 749 736 293 
stack 100:    413 738 197 256 6 365 68 
stack 101:    59 421 127 461 655 590 406 
stack 102:    621 21 549 620 272 193 56 
stack 103:    37 290 579 106 575 25 149 
stack 104:    568 129 318 675 141 615 
stack 105:    403 462 184 194 431 52 667 
stack 106:    157 449 664 
stack 107:    49 585 
stack 108:    46 385 
stack 109:    217 
stack 110:    
stack 111:    
stack 112:    249 
stack 113:    
stack 114:    
stack 115:    
stack 116:    
stack 117:    
stack 118:    
stack 119:    
stack 120:    
stack 121:    
stack 122:    
stack 123:    
stack 124:    
stack 125:    
stack 126:    
stack 127:    
stack 128:    
stack 129:    
