lower bound for relaxed s_ij: 692231.46

#####################################################

solved with: SP.mip_formulations.BinPackingFormulation
time limit: 3600.0 s
time to solve: 2929,24 s
objective value: 692241.22

stacks (top to bottom):
stack 0:    0 
stack 1:    1 
stack 2:    377 
stack 3:    378 
stack 4:    
stack 5:    
stack 6:    381 
stack 7:    382 
stack 8:    8 
stack 9:    384 
stack 10:    10 
stack 11:    
stack 12:    12 
stack 13:    589 13 28 
stack 14:    264 260 547 345 352 701 425 
stack 15:    683 545 359 355 365 734 154 
stack 16:    111 446 654 231 165 440 391 
stack 17:    100 723 672 195 369 105 392 
stack 18:    515 411 393 668 116 635 495 
stack 19:    272 553 308 346 25 703 394 
stack 20:    677 299 235 460 624 177 123 
stack 21:    213 667 356 129 708 114 396 
stack 22:    413 292 171 102 748 731 93 
stack 23:    23 465 441 306 728 302 151 
stack 24:    106 426 544 472 399 99 141 
stack 25:    286 331 400 182 172 474 511 
stack 26:    276 167 561 244 87 170 26 
stack 27:    614 371 347 410 295 27 556 
stack 28:    695 638 341 189 448 363 333 
stack 29:    253 68 499 718 502 186 493 
stack 30:    564 138 252 168 109 512 453 
stack 31:    117 674 479 647 539 406 237 
stack 32:    686 435 348 103 721 357 541 
stack 33:    596 478 467 574 305 339 94 
stack 34:    159 164 546 290 148 540 358 
stack 35:    449 243 342 205 349 486 468 
stack 36:    469 364 321 274 70 487 551 
stack 37:    270 271 595 617 134 67 447 
stack 38:    190 682 513 74 322 637 80 
stack 39:    89 311 693 530 281 354 431 
stack 40:    709 461 366 457 335 314 451 
stack 41:    283 569 169 463 678 242 631 
stack 42:    527 315 584 452 297 287 42 
stack 43:    611 629 603 492 108 43 261 
stack 44:    194 691 628 328 710 684 312 
stack 45:    746 639 592 586 711 81 712 
stack 46:    644 563 510 480 296 421 101 
stack 47:    482 591 323 202 226 422 282 
stack 48:    423 353 685 670 258 648 142 
stack 49:    250 743 466 127 197 699 424 
stack 50:    50 124 698 519 256 214 578 
stack 51:    110 240 128 162 536 161 51 
stack 52:    75 220 742 298 62 266 135 
stack 53:    76 104 498 464 77 215 666 
stack 54:    657 277 576 528 560 456 334 
stack 55:    187 619 726 645 612 232 735 
stack 56:    227 153 125 56 520 432 188 
stack 57:    66 518 585 749 534 351 318 
stack 58:    58 652 201 199 145 120 185 
stack 59:    156 533 59 656 744 532 209 
stack 60:    597 91 212 147 733 609 118 
stack 61:    636 136 122 317 455 571 367 
stack 62:    610 288 372 531 470 73 491 
stack 63:    600 587 700 63 504 160 85 
stack 64:    621 593 329 273 598 522 307 
stack 65:    375 
stack 66:    376 
stack 67:    2 
stack 68:    3 
stack 69:    379 4 
stack 70:    5 380 
stack 71:    6 
stack 72:    7 
stack 73:    
stack 74:    9 383 
stack 75:    385 
stack 76:    11 386 
stack 77:    387 
stack 78:    222 193 632 521 445 388 174 
stack 79:    233 389 14 737 643 450 20 
stack 80:    651 15 183 390 254 509 483 
stack 81:    690 16 681 343 179 72 289 
stack 82:    98 140 606 230 249 17 398 
stack 83:    184 259 473 18 280 216 19 
stack 84:    618 485 675 332 204 599 324 
stack 85:    653 163 559 488 255 658 395 
stack 86:    634 583 462 21 514 301 285 
stack 87:    579 84 590 294 263 397 22 
stack 88:    705 496 90 542 336 219 173 
stack 89:    210 24 671 525 459 97 181 
stack 90:    401 572 558 269 121 78 736 
stack 91:    627 714 630 262 257 501 444 
stack 92:    146 633 416 300 247 439 402 
stack 93:    403 218 69 716 310 508 196 
stack 94:    738 327 248 537 325 29 404 
stack 95:    368 405 30 31 119 303 115 
stack 96:    523 730 720 663 484 82 52 
stack 97:    407 180 640 706 696 32 669 
stack 98:    228 689 577 408 33 481 722 
stack 99:    707 133 476 284 554 409 34 
stack 100:    506 490 35 507 548 494 279 
stack 101:    697 471 36 608 37 662 568 
stack 102:    673 412 362 350 516 313 192 
stack 103:    38 607 454 152 602 529 526 
stack 104:    39 40 414 505 137 92 374 
stack 105:    535 489 740 552 538 293 415 
stack 106:    41 680 615 660 581 275 158 
stack 107:    650 622 475 687 370 688 417 
stack 108:    458 626 176 641 625 44 418 
stack 109:    419 420 580 95 582 241 665 
stack 110:    45 646 267 661 361 330 320 
stack 111:    64 207 46 107 573 605 79 
stack 112:    291 438 649 604 157 340 47 
stack 113:    524 278 83 48 155 642 229 
stack 114:    500 265 549 49 429 543 225 
stack 115:    724 659 344 149 65 664 126 
stack 116:    692 337 555 725 694 221 251 
stack 117:    427 319 550 131 96 562 144 
stack 118:    717 309 702 175 53 428 565 
stack 119:    616 54 268 234 719 601 739 
stack 120:    55 430 727 566 238 208 166 
stack 121:    679 112 224 113 71 676 132 
stack 122:    178 477 741 732 613 704 57 
stack 123:    191 246 203 206 198 150 433 
stack 124:    139 588 360 442 434 143 570 
stack 125:    60 655 497 239 130 61 557 
stack 126:    373 217 436 594 443 88 715 
stack 127:    623 747 211 316 200 437 575 
stack 128:    729 236 517 86 338 745 304 
stack 129:    326 620 567 713 503 245 223 

#####################################################

solved with: SP.constructive_heuristics.GeneralHeuristic
time limit: 3600.0 s
time to solve: 0,00 s
objective value: 752382.03

stacks (top to bottom):
stack 0:    657 23 659 305 61 691 148 
stack 1:    260 16 681 744 511 669 339 
stack 2:    295 585 519 257 351 141 660 
stack 3:    89 604 75 450 684 710 307 
stack 4:    76 106 639 77 685 642 575 
stack 5:    50 475 124 714 552 179 267 
stack 6:    272 15 183 732 105 99 158 
stack 7:    724 353 592 431 715 367 556 
stack 8:    122 506 457 103 721 344 258 
stack 9:    321 355 740 462 273 279 275 
stack 10:    264 622 343 32 569 319 444 
stack 11:    746 147 449 609 543 662 115 
stack 12:    60 518 231 513 719 161 67 
stack 13:    677 471 445 345 390 182 454 
stack 14:    636 84 335 467 349 22 301 
stack 15:    623 49 439 249 745 605 637 
stack 16:    564 600 68 438 202 56 736 
stack 17:    651 0 380 550 688 734 320 
stack 18:    547 129 356 661 304 150 101 
stack 19:    2 426 102 675 568 512 81 
stack 20:    618 128 175 377 74 120 79 
stack 21:    117 292 459 21 170 704 251 
stack 22:    259 224 212 297 385 481 26 
stack 23:    64 45 655 5 538 548 209 
stack 24:    187 387 172 41 409 247 428 
stack 25:    697 577 621 613 27 598 425 
stack 26:    683 98 407 646 365 221 603 
stack 27:    326 271 401 234 160 578 237 
stack 28:    195 8 464 648 34 386 20 
stack 29:    291 338 17 88 391 151 508 
stack 30:    614 587 403 138 296 502 333 
stack 31:    350 479 501 11 177 218 132 
stack 32:    283 690 446 414 749 383 665 
stack 33:    524 373 747 580 497 574 57 
stack 34:    626 276 436 590 478 214 453 
stack 35:    579 480 110 245 186 611 108 
stack 36:    228 405 222 504 551 242 725 
stack 37:    178 476 537 71 82 498 557 
stack 38:    86 408 281 215 200 676 429 
stack 39:    253 357 525 97 507 680 109 
stack 40:    393 411 566 226 154 73 266 
stack 41:    288 717 634 207 274 415 712 
stack 42:    58 206 166 313 96 72 119 
stack 43:    689 284 156 741 554 87 664 
stack 44:    521 576 487 169 3 31 432 
stack 45:    278 336 130 376 318 322 509 
stack 46:    104 113 455 255 733 164 546 
stack 47:    331 39 743 83 217 612 484 
stack 48:    427 114 541 572 532 739 406 
stack 49:    482 153 162 456 492 433 522 
stack 50:    240 698 485 652 607 78 204 
stack 51:    413 473 180 309 13 442 716 
stack 52:    100 458 133 423 306 748 188 
stack 53:    277 268 168 165 85 678 28 
stack 54:    510 713 25 7 742 384 1 
stack 55:    591 220 520 629 599 135 722 
stack 56:    705 583 606 14 594 495 404 
stack 57:    112 527 709 127 118 468 635 
stack 58:    66 707 686 159 155 374 303 
stack 59:    139 477 544 352 152 310 324 
stack 60:    190 299 256 560 346 706 460 
stack 61:    18 246 702 329 549 196 285 
stack 62:    441 674 46 701 392 144 396 
stack 63:    620 567 208 145 601 298 51 
stack 64:    461 653 533 314 375 239 121 
stack 65:    452 52 530 37 290 486 282 
stack 66:    633 700 362 388 555 174 647 
stack 67:    315 586 244 443 263 143 565 
stack 68:    667 630 528 737 341 229 123 
stack 69:    553 584 317 608 316 529 424 
stack 70:    515 140 420 430 671 417 126 
stack 71:    193 308 593 42 559 670 94 
stack 72:    323 718 595 463 62 19 581 
stack 73:    673 412 516 203 654 201 173 
stack 74:    270 649 125 421 617 631 134 
stack 75:    644 233 596 369 107 294 440 
stack 76:    359 55 262 416 588 656 394 
stack 77:    136 111 389 638 293 422 93 
stack 78:    632 616 24 265 238 534 395 
stack 79:    496 54 337 696 708 711 92 
stack 80:    729 435 248 211 171 628 573 
stack 81:    210 227 38 29 312 447 493 
stack 82:    723 542 400 197 354 33 137 
stack 83:    213 191 167 561 360 219 514 
stack 84:    364 536 157 223 330 185 340 
stack 85:    30 489 640 363 131 192 43 
stack 86:    250 327 9 287 488 666 402 
stack 87:    35 95 300 625 328 624 615 
stack 88:    679 682 252 370 470 198 289 
stack 89:    91 348 472 571 116 241 358 
stack 90:    368 490 531 63 199 189 332 
stack 91:    280 347 465 70 728 334 483 
stack 92:    176 466 641 474 731 382 10 
stack 93:    535 650 619 695 53 302 602 
stack 94:    563 499 378 692 687 451 558 
stack 95:    545 372 672 645 663 342 437 
stack 96:    597 243 730 205 582 181 505 
stack 97:    627 371 727 40 12 539 491 
stack 98:    194 434 381 325 44 4 526 
stack 99:    610 500 503 261 47 80 
stack 100:    146 90 589 216 361 448 562 
stack 101:    286 419 236 366 523 726 570 
stack 102:    738 517 163 36 693 418 142 
stack 103:    410 230 6 397 494 703 269 
stack 104:    48 59 668 254 65 735 540 
stack 105:    184 235 149 399 643 699 398 
stack 106:    469 379 69 225 
stack 107:    311 720 232 
stack 108:    658 
stack 109:    694 
stack 110:    
stack 111:    
stack 112:    
stack 113:    
stack 114:    
stack 115:    
stack 116:    
stack 117:    
stack 118:    
stack 119:    
stack 120:    
stack 121:    
stack 122:    
stack 123:    
stack 124:    
stack 125:    
stack 126:    
stack 127:    
stack 128:    
stack 129:    
