solved with: SP.deprecated.TabuSearch
time limit: 3600.0 s
time to solve: 599,72 s
objective value: 692244.84

stacks (top to bottom):
stack 0:    375 0 
stack 1:    1 
stack 2:    
stack 3:    
stack 4:    
stack 5:    4 5 
stack 6:    380 
stack 7:    7 
stack 8:    
stack 9:    
stack 10:    10 
stack 11:    11 
stack 12:    
stack 13:    15 390 14 
stack 14:    404 526 393 35 548 18 597 
stack 15:    19 538 105 713 123 290 395 
stack 16:    412 259 405 434 685 16 716 
stack 17:    506 607 17 672 34 28 29 
stack 18:    156 243 622 153 152 399 394 
stack 19:    445 749 210 461 253 413 696 
stack 20:    316 208 27 164 258 497 133 
stack 21:    141 22 247 36 667 59 25 
stack 22:    665 251 206 693 471 317 746 
stack 23:    415 270 424 401 433 182 514 
stack 24:    609 402 165 473 545 137 423 
stack 25:    142 134 188 40 410 343 189 
stack 26:    148 485 714 162 184 120 741 
stack 27:    44 46 30 129 88 493 427 
stack 28:    600 350 444 364 282 323 286 
stack 29:    287 466 632 234 360 201 374 
stack 30:    570 549 304 510 610 666 615 
stack 31:    255 595 274 640 73 529 703 
stack 32:    419 363 560 531 654 432 272 
stack 33:    275 604 425 745 690 179 280 
stack 34:    718 688 451 417 97 108 112 
stack 35:    579 467 82 464 354 701 237 
stack 36:    456 284 705 331 738 731 449 
stack 37:    626 332 551 694 623 246 192 
stack 38:    225 642 527 101 513 65 203 
stack 39:    728 218 697 630 187 329 710 
stack 40:    648 621 215 637 625 436 608 
stack 41:    568 155 277 671 48 229 695 
stack 42:    717 147 181 711 653 613 601 
stack 43:    126 335 169 55 516 351 446 
stack 44:    494 132 502 572 232 52 345 
stack 45:    271 370 119 569 588 532 265 
stack 46:    691 739 723 487 281 484 50 
stack 47:    715 125 62 186 233 242 264 
stack 48:    647 214 455 227 519 177 664 
stack 49:    167 341 240 266 550 472 172 
stack 50:    583 655 195 605 268 448 293 
stack 51:    263 584 320 730 517 617 367 
stack 52:    496 645 74 297 58 744 56 
stack 53:    489 322 257 725 627 612 442 
stack 54:    191 171 544 700 737 337 200 
stack 55:    578 212 99 468 462 361 673 
stack 56:    722 475 709 682 298 114 60 
stack 57:    589 98 150 476 143 328 190 
stack 58:    555 435 518 638 495 599 319 
stack 59:    522 198 629 747 301 460 373 
stack 60:    530 276 300 681 199 87 541 
stack 61:    222 159 525 207 144 371 140 
stack 62:    684 321 254 241 543 118 631 
stack 63:    352 656 649 178 205 311 443 
stack 64:    369 362 483 121 340 537 547 
stack 65:    
stack 66:    376 
stack 67:    377 2 
stack 68:    3 378 
stack 69:    379 
stack 70:    
stack 71:    6 381 
stack 72:    382 
stack 73:    8 383 
stack 74:    384 9 
stack 75:    385 
stack 76:    386 
stack 77:    12 387 
stack 78:    590 596 149 669 81 13 388 
stack 79:    411 38 204 396 305 389 245 
stack 80:    202 260 21 285 391 426 392 
stack 81:    94 724 216 735 635 170 397 
stack 82:    160 736 721 559 574 228 366 
stack 83:    447 306 197 23 406 130 408 
stack 84:    520 355 503 438 500 20 68 
stack 85:    400 104 154 176 398 249 587 
stack 86:    614 173 658 441 743 536 261 
stack 87:    89 403 591 79 291 639 283 
stack 88:    33 482 580 24 49 63 26 
stack 89:    183 180 239 585 421 566 344 
stack 90:    307 575 175 37 634 573 325 
stack 91:    567 592 42 196 324 619 652 
stack 92:    490 313 116 31 459 557 279 
stack 93:    231 327 302 641 217 92 32 
stack 94:    278 706 47 416 692 84 646 
stack 95:    312 113 732 273 358 213 594 
stack 96:    326 644 663 346 683 353 650 
stack 97:    407 41 226 139 418 289 561 
stack 98:    135 131 553 45 365 318 409 
stack 99:    533 712 508 657 103 492 450 
stack 100:    727 54 552 161 523 39 248 
stack 101:    428 111 422 53 420 368 504 
stack 102:    742 678 174 93 193 616 100 
stack 103:    166 593 679 359 505 734 124 
stack 104:    91 303 740 414 565 507 209 
stack 105:    43 528 107 680 315 481 349 
stack 106:    465 651 458 477 437 674 491 
stack 107:    163 252 296 478 262 102 542 
stack 108:    704 128 499 524 339 330 540 
stack 109:    662 334 235 668 211 372 238 
stack 110:    96 602 498 356 677 509 474 
stack 111:    76 185 168 338 294 636 336 
stack 112:    250 480 430 219 581 151 95 
stack 113:    51 488 564 347 748 66 563 
stack 114:    57 624 576 90 348 521 479 
stack 115:    726 577 582 535 440 115 106 
stack 116:    707 643 562 61 136 308 603 
stack 117:    453 628 72 431 661 659 676 
stack 118:    157 439 611 288 158 452 598 
stack 119:    539 67 299 687 675 733 429 
stack 120:    558 512 702 686 309 606 534 
stack 121:    292 670 230 546 486 586 145 
stack 122:    122 223 109 501 75 556 80 
stack 123:    194 295 457 127 620 571 256 
stack 124:    633 221 110 720 618 511 699 
stack 125:    357 333 660 69 470 310 314 
stack 126:    71 78 689 267 138 146 698 
stack 127:    719 83 70 515 64 269 224 
stack 128:    244 117 85 708 236 454 469 
stack 129:    86 463 342 77 554 220 729 

#####################################################

solved with: SP.post_optimization_methods.HillClimbing
time limit: 3600.0 s
time to solve: 325,94 s
objective value: 692244.84

stacks (top to bottom):
stack 0:    375 0 
stack 1:    1 
stack 2:    
stack 3:    
stack 4:    
stack 5:    4 5 
stack 6:    380 
stack 7:    7 
stack 8:    
stack 9:    
stack 10:    10 
stack 11:    11 
stack 12:    
stack 13:    15 13 388 
stack 14:    614 393 526 422 420 392 389 
stack 15:    275 407 496 641 434 406 23 
stack 16:    724 610 405 116 687 26 48 
stack 17:    404 141 36 418 399 25 237 
stack 18:    648 661 448 677 741 395 330 
stack 19:    19 356 93 143 359 346 124 
stack 20:    54 685 433 195 46 145 573 
stack 21:    142 482 543 440 398 172 289 
stack 22:    24 623 663 196 708 410 409 
stack 23:    47 468 421 698 50 118 28 
stack 24:    271 478 582 240 747 459 358 
stack 25:    163 655 302 180 401 650 29 
stack 26:    155 109 438 560 693 495 594 
stack 27:    447 444 607 170 654 242 248 
stack 28:    602 284 645 297 255 633 236 
stack 29:    428 51 35 79 564 748 66 
stack 30:    292 159 37 218 268 31 615 
stack 31:    33 96 414 492 32 68 265 
stack 32:    202 483 644 206 349 353 423 
stack 33:    533 415 41 132 572 185 305 
stack 34:    350 651 501 370 288 521 228 
stack 35:    285 612 328 80 443 696 60 
stack 36:    691 304 628 188 52 309 652 
stack 37:    453 215 232 731 105 323 699 
stack 38:    626 667 214 665 221 618 100 
stack 39:    244 624 266 577 588 499 319 
stack 40:    558 98 611 258 115 238 432 
stack 41:    642 67 86 204 75 56 636 
stack 42:    71 222 300 681 500 675 264 
stack 43:    250 539 335 713 516 133 446 
stack 44:    147 90 153 507 616 452 631 
stack 45:    369 527 113 308 643 374 638 
stack 46:    94 135 149 658 725 474 317 
stack 47:    668 340 201 65 301 716 311 
stack 48:    320 157 247 714 591 274 324 
stack 49:    684 167 111 85 251 744 534 
stack 50:    210 477 553 710 505 491 703 
stack 51:    197 282 92 286 294 613 734 
stack 52:    287 223 312 234 97 557 88 
stack 53:    225 723 99 70 334 235 171 
stack 54:    243 466 593 464 313 151 192 
stack 55:    107 333 480 660 245 283 314 
stack 56:    296 436 73 720 110 454 598 
stack 57:    522 621 528 77 293 559 746 
stack 58:    117 121 173 518 130 339 601 
stack 59:    62 144 84 457 233 585 620 
stack 60:    584 208 705 476 743 331 168 
stack 61:    322 164 595 69 291 545 189 
stack 62:    307 104 217 679 354 158 701 
stack 63:    707 82 451 187 114 542 336 
stack 64:    252 362 590 680 315 676 310 
stack 65:    
stack 66:    376 
stack 67:    377 2 
stack 68:    3 378 
stack 69:    379 
stack 70:    
stack 71:    6 381 
stack 72:    382 
stack 73:    8 383 
stack 74:    384 9 
stack 75:    385 
stack 76:    386 
stack 77:    12 387 
stack 78:    390 128 131 635 14 20 541 
stack 79:    439 554 391 479 16 733 561 
stack 80:    341 260 21 396 184 426 338 
stack 81:    263 488 18 123 55 470 137 
stack 82:    43 355 17 565 120 34 394 
stack 83:    583 160 688 27 625 502 373 
stack 84:    549 566 262 397 544 146 571 
stack 85:    122 400 126 485 298 256 408 
stack 86:    72 609 604 42 686 536 59 
stack 87:    22 403 169 639 290 368 469 
stack 88:    101 627 227 619 745 519 673 
stack 89:    445 520 306 198 738 581 95 
stack 90:    647 659 669 442 261 318 365 
stack 91:    494 402 666 81 179 504 563 
stack 92:    57 506 277 728 634 427 367 
stack 93:    89 295 692 712 413 344 269 
stack 94:    44 490 30 671 653 587 345 
stack 95:    411 332 537 556 574 203 711 
stack 96:    727 530 125 416 706 646 138 
stack 97:    352 38 567 76 412 174 273 
stack 98:    739 546 586 371 230 186 253 
stack 99:    489 548 53 347 473 40 511 
stack 100:    579 316 303 127 140 514 532 
stack 101:    600 749 649 175 139 417 450 
stack 102:    742 498 437 259 152 348 329 
stack 103:    419 166 736 45 39 429 617 
stack 104:    578 717 715 134 702 460 112 
stack 105:    74 357 730 694 640 280 343 
stack 106:    719 456 181 58 629 472 471 
stack 107:    254 678 555 596 637 435 630 
stack 108:    704 194 523 246 61 372 325 
stack 109:    270 211 535 509 569 129 599 
stack 110:    465 364 461 424 622 64 531 
stack 111:    156 231 718 178 487 732 462 
stack 112:    568 592 425 162 209 279 200 
stack 113:    327 475 191 49 154 562 493 
stack 114:    589 538 430 165 524 695 729 
stack 115:    670 216 552 726 503 605 597 
stack 116:    467 662 212 239 241 697 106 
stack 117:    363 431 740 119 193 249 449 
stack 118:    510 226 463 441 513 176 540 
stack 119:    148 220 150 551 497 455 606 
stack 120:    326 342 512 690 529 351 608 
stack 121:    278 91 576 63 683 603 272 
stack 122:    83 161 632 229 674 190 366 
stack 123:    257 580 299 721 219 481 517 
stack 124:    656 575 550 700 108 672 213 
stack 125:    321 709 682 205 281 737 177 
stack 126:    78 276 267 689 657 486 87 
stack 127:    722 735 360 199 484 102 224 
stack 128:    570 183 458 182 136 337 664 
stack 129:    525 508 207 103 515 361 547 
