lower bound for relaxed s_ij: 692237.52

#####################################################

solved with: SP.mip_formulations.BinPackingFormulation
time limit: 3600.0 s
time to solve: 1857,30 s
objective value: 692253.34

stacks (top to bottom):
stack 0:    375 
stack 1:    
stack 2:    2 
stack 3:    
stack 4:    4 380 
stack 5:    5 
stack 6:    
stack 7:    
stack 8:    383 
stack 9:    384 
stack 10:    10 
stack 11:    386 
stack 12:    12 
stack 13:    388 698 237 
stack 14:    230 738 619 373 673 341 284 
stack 15:    179 86 601 246 103 227 164 
stack 16:    90 222 69 483 391 715 502 
stack 17:    706 648 724 582 392 53 31 
stack 18:    701 288 533 364 306 294 307 
stack 19:    194 260 250 282 133 94 510 
stack 20:    454 639 20 500 313 540 245 
stack 21:    396 641 457 693 652 271 666 
stack 22:    462 162 117 566 602 417 725 
stack 23:    661 574 146 691 597 23 552 
stack 24:    399 681 77 543 317 24 104 
stack 25:    657 526 400 343 160 118 113 
stack 26:    599 478 603 171 746 354 402 
stack 27:    338 27 511 137 142 512 36 
stack 28:    60 101 618 148 664 403 545 
stack 29:    145 555 669 572 240 726 370 
stack 30:    443 33 568 121 242 75 208 
stack 31:    268 456 205 251 183 201 498 
stack 32:    368 694 595 576 441 96 471 
stack 33:    745 553 312 270 689 424 253 
stack 34:    409 78 662 372 663 345 335 
stack 35:    410 544 163 228 204 645 668 
stack 36:    473 411 447 207 130 255 114 
stack 37:    37 487 297 607 316 249 278 
stack 38:    604 493 54 349 81 431 516 
stack 39:    748 537 559 712 452 350 180 
stack 40:    236 655 547 671 541 521 593 
stack 41:    656 440 193 458 247 241 42 
stack 42:    623 460 515 453 168 281 63 
stack 43:    588 531 720 554 742 682 74 
stack 44:    549 275 481 235 732 583 371 
stack 45:    581 564 587 584 283 486 166 
stack 46:    320 421 707 535 513 269 608 
stack 47:    170 704 147 73 161 127 347 
stack 48:    223 173 203 550 741 70 700 
stack 49:    730 653 616 291 100 49 218 
stack 50:    563 542 620 55 551 305 359 
stack 51:    51 352 504 342 239 224 191 
stack 52:    459 293 695 309 158 630 450 
stack 53:    82 529 336 272 143 613 546 
stack 54:    501 365 539 508 461 723 140 
stack 55:    659 636 643 455 430 346 327 
stack 56:    315 128 684 198 721 492 709 
stack 57:    580 708 594 683 737 716 494 
stack 58:    362 520 578 149 690 233 185 
stack 59:    446 169 536 374 209 532 152 
stack 60:    122 295 667 505 80 244 451 
stack 61:    437 692 475 644 472 622 482 
stack 62:    76 685 507 495 186 627 226 
stack 63:    579 318 523 499 206 676 479 
stack 64:    524 731 439 331 569 303 99 
stack 65:    0 1 
stack 66:    376 
stack 67:    377 
stack 68:    3 
stack 69:    379 378 
stack 70:    
stack 71:    381 6 
stack 72:    382 7 
stack 73:    8 
stack 74:    9 
stack 75:    385 
stack 76:    11 
stack 77:    387 
stack 78:    586 167 109 13 480 467 530 
stack 79:    427 14 125 79 389 217 29 
stack 80:    390 93 463 310 231 83 15 
stack 81:    257 348 16 210 651 615 624 
stack 82:    17 258 635 190 134 361 144 
stack 83:    670 252 393 714 187 18 363 
stack 84:    394 679 273 614 538 436 19 
stack 85:    215 220 514 433 611 395 596 
stack 86:    175 181 353 178 97 21 287 
stack 87:    22 397 488 710 642 445 703 
stack 88:    649 660 590 286 323 398 412 
stack 89:    184 570 527 254 308 449 592 
stack 90:    477 490 26 25 319 638 196 
stack 91:    476 674 528 448 221 401 585 
stack 92:    321 647 506 202 677 234 30 
stack 93:    468 474 259 192 517 464 28 
stack 94:    557 404 621 91 534 740 631 
stack 95:    658 299 67 322 360 108 405 
stack 96:    279 356 302 609 561 131 406 
stack 97:    729 640 407 438 95 211 32 
stack 98:    219 408 261 136 176 214 177 
stack 99:    469 139 650 522 34 285 151 
stack 100:    470 633 519 213 98 35 138 
stack 101:    567 485 357 612 577 497 496 
stack 102:    106 276 634 484 654 38 434 
stack 103:    413 369 351 558 442 333 367 
stack 104:    688 680 159 325 39 598 414 
stack 105:    229 200 199 110 562 40 415 
stack 106:    41 637 274 157 489 328 416 
stack 107:    687 129 711 696 491 465 43 
stack 108:    646 65 56 548 418 150 238 
stack 109:    419 589 44 256 665 606 243 
stack 110:    45 466 591 420 575 262 105 
stack 111:    46 344 337 111 675 141 116 
stack 112:    423 686 339 47 326 189 422 
stack 113:    366 296 267 182 120 332 48 
stack 114:    172 153 107 72 509 292 444 
stack 115:    425 736 68 277 50 426 355 
stack 116:    119 728 628 717 311 556 525 
stack 117:    735 112 174 52 301 124 102 
stack 118:    722 571 428 265 154 503 697 
stack 119:    289 747 560 84 429 304 232 
stack 120:    266 71 749 358 298 197 626 
stack 121:    625 699 340 702 565 165 92 
stack 122:    610 713 705 605 432 739 57 
stack 123:    132 115 733 58 629 263 734 
stack 124:    329 123 59 719 632 66 435 
stack 125:    212 330 617 334 89 743 225 
stack 126:    188 87 573 216 61 248 718 
stack 127:    264 85 135 324 62 672 156 
stack 128:    280 314 88 744 727 678 600 
stack 129:    126 155 195 518 300 290 64 

#####################################################

solved with: SP.constructive_heuristics.GeneralHeuristic
time limit: 3600.0 s
time to solve: 0,00 s
objective value: 750800.37

stacks (top to bottom):
stack 0:    706 129 559 149 528 347 422 
stack 1:    230 537 520 326 15 700 63 
stack 2:    22 431 621 18 187 301 546 
stack 3:    299 274 650 652 96 418 185 
stack 4:    266 222 13 356 372 548 311 
stack 5:    126 195 420 343 151 585 596 
stack 6:    366 320 673 709 565 698 218 
stack 7:    501 687 476 122 705 404 434 
stack 8:    106 229 493 75 671 99 118 
stack 9:    212 529 555 158 667 319 191 
stack 10:    477 729 72 95 601 482 144 
stack 11:    580 571 522 538 495 327 363 
stack 12:    153 123 464 234 370 592 510 
stack 13:    194 128 273 398 210 125 25 
stack 14:    473 468 704 491 373 569 740 
stack 15:    454 524 300 710 583 31 104 
stack 16:    16 186 23 430 600 124 342 
stack 17:    688 699 221 534 540 638 367 
stack 18:    625 14 26 581 49 435 504 
stack 19:    362 657 648 250 91 702 142 
stack 20:    87 572 609 442 558 39 113 
stack 21:    730 474 574 639 272 531 665 
stack 22:    722 67 297 432 611 739 287 
stack 23:    171 268 34 353 643 678 497 
stack 24:    60 170 620 11 515 255 253 
stack 25:    157 90 51 613 56 183 304 
stack 26:    173 291 640 440 628 651 7 
stack 27:    159 309 749 249 666 243 217 
stack 28:    646 147 594 65 506 513 285 
stack 29:    288 121 323 303 488 732 256 
stack 30:    10 413 351 358 298 233 584 
stack 31:    280 315 322 379 178 352 725 
stack 32:    264 68 88 385 360 416 136 
stack 33:    179 192 570 336 98 335 697 
stack 34:    649 33 460 518 281 165 502 
stack 35:    37 590 484 127 134 401 471 
stack 36:    738 277 161 324 691 578 377 
stack 37:    188 27 84 263 345 89 164 
stack 38:    446 641 167 265 747 283 424 
stack 39:    746 276 489 577 514 562 480 
stack 40:    139 411 586 54 551 364 160 
stack 41:    745 275 686 634 198 619 211 
stack 42:    365 637 3 202 683 391 525 
stack 43:    203 550 519 380 307 21 262 
stack 44:    567 318 582 536 521 668 598 
stack 45:    599 653 216 248 717 663 214 
stack 46:    409 101 354 591 290 479 28 
stack 47:    132 181 47 282 316 137 237 
stack 48:    623 357 174 543 294 627 133 
stack 49:    76 220 252 109 340 458 483 
stack 50:    219 162 737 690 505 131 245 
stack 51:    748 470 507 692 607 395 269 
stack 52:    616 64 392 24 116 376 278 
stack 53:    680 369 2 509 292 452 238 
stack 54:    45 184 612 206 439 541 114 
stack 55:    41 120 20 433 103 361 359 
stack 56:    724 618 644 412 445 608 631 
stack 57:    589 674 295 448 632 716 672 
stack 58:    670 205 59 58 720 602 511 
stack 59:    478 696 115 457 375 708 606 
stack 60:    517 302 251 247 62 36 180 
stack 61:    46 296 93 664 204 108 707 
stack 62:    603 169 544 604 337 481 453 
stack 63:    563 485 182 402 305 645 535 
stack 64:    73 733 508 617 201 138 8 
stack 65:    172 293 669 341 313 575 105 
stack 66:    329 463 348 744 721 734 414 
stack 67:    148 207 636 533 727 190 449 
stack 68:    427 499 523 111 331 383 176 
stack 69:    656 279 100 325 461 587 444 
stack 70:    215 396 146 78 38 346 552 
stack 71:    145 459 77 40 246 496 53 
stack 72:    410 119 197 334 196 150 224 
stack 73:    701 267 228 43 355 426 92 
stack 74:    85 443 579 110 487 261 545 
stack 75:    659 713 693 254 719 70 350 
stack 76:    711 735 684 242 231 393 475 
stack 77:    610 321 50 662 386 635 227 
stack 78:    399 588 539 4 5 240 689 
stack 79:    107 695 154 503 29 415 152 
stack 80:    82 423 658 314 209 384 389 
stack 81:    381 175 736 388 397 516 494 
stack 82:    661 270 312 349 438 19 382 
stack 83:    117 456 66 595 450 225 166 
stack 84:    462 223 490 741 554 677 624 
stack 85:    542 526 257 97 42 226 406 
stack 86:    199 547 344 374 12 208 530 
stack 87:    338 193 564 61 630 726 718 
stack 88:    259 633 17 156 682 429 102 
stack 89:    437 163 614 55 332 532 593 
stack 90:    419 694 213 561 723 140 715 
stack 91:    135 6 130 271 622 308 48 
stack 92:    425 368 728 428 527 629 232 
stack 93:    200 112 568 339 81 86 405 
stack 94:    466 660 44 436 714 35 512 
stack 95:    557 605 143 30 556 239 32 
stack 96:    549 390 553 52 79 615 1 
stack 97:    394 731 675 676 168 284 177 
stack 98:    71 573 712 626 743 244 74 
stack 99:    289 328 0 403 306 500 642 
stack 100:    260 647 387 407 576 441 333 
stack 101:    155 447 83 455 492 486 498 
stack 102:    469 465 681 597 566 742 417 
stack 103:    236 655 400 141 371 57 451 
stack 104:    408 189 703 
stack 105:    421 654 310 9 317 472 467 
stack 106:    330 94 378 
stack 107:    235 
stack 108:    685 258 560 241 69 80 
stack 109:    286 
stack 110:    679 
stack 111:    
stack 112:    
stack 113:    
stack 114:    
stack 115:    
stack 116:    
stack 117:    
stack 118:    
stack 119:    
stack 120:    
stack 121:    
stack 122:    
stack 123:    
stack 124:    
stack 125:    
stack 126:    
stack 127:    
stack 128:    
stack 129:    
