solved with: SP.deprecated.TabuSearch
time limit: 3600.0 s
time to solve: 484,16 s
objective value: 692260.58

stacks (top to bottom):
stack 0:    0 
stack 1:    
stack 2:    
stack 3:    379 
stack 4:    4 
stack 5:    5 
stack 6:    
stack 7:    382 
stack 8:    
stack 9:    9 
stack 10:    10 
stack 11:    387 
stack 12:    13 
stack 13:    321 389 
stack 14:    392 478 16 598 406 80 360 
stack 15:    552 408 397 398 531 396 352 
stack 16:    438 699 349 363 234 701 468 
stack 17:    19 567 29 479 18 411 692 
stack 18:    136 553 34 640 88 412 326 
stack 19:    583 351 395 62 355 257 214 
stack 20:    693 263 497 400 291 664 657 
stack 21:    624 550 148 184 401 356 159 
stack 22:    58 299 404 716 247 427 402 
stack 23:    568 350 591 707 429 673 347 
stack 24:    86 43 630 61 252 417 524 
stack 25:    590 679 413 554 268 743 143 
stack 26:    505 154 35 242 51 506 710 
stack 27:    131 261 31 733 339 81 684 
stack 28:    158 344 134 36 685 529 458 
stack 29:    530 56 329 106 636 625 206 
stack 30:    296 218 374 499 309 267 370 
stack 31:    543 577 425 172 546 582 313 
stack 32:    648 345 623 259 211 663 731 
stack 33:    233 325 319 421 55 443 246 
stack 34:    485 517 293 100 460 127 254 
stack 35:    453 490 513 465 63 114 243 
stack 36:    493 584 740 85 522 95 528 
stack 37:    364 547 492 202 452 687 680 
stack 38:    151 210 253 153 229 217 235 
stack 39:    734 224 301 109 419 415 628 
stack 40:    84 60 201 173 720 431 348 
stack 41:    205 644 50 472 368 665 123 
stack 42:    605 613 112 266 463 579 332 
stack 43:    656 516 677 138 231 532 496 
stack 44:    457 749 736 534 746 195 667 
stack 45:    459 46 269 645 466 435 514 
stack 46:    447 565 445 672 64 482 282 
stack 47:    608 508 99 121 647 455 204 
stack 48:    115 122 436 491 271 78 185 
stack 49:    637 342 489 258 128 125 649 
stack 50:    72 548 618 737 638 129 155 
stack 51:    730 471 483 328 593 140 135 
stack 52:    285 711 725 297 371 303 178 
stack 53:    302 448 175 228 91 661 519 
stack 54:    717 126 221 440 464 607 57 
stack 55:    454 237 732 280 163 735 314 
stack 56:    340 207 690 227 616 358 216 
stack 57:    589 334 171 728 161 476 700 
stack 58:    89 487 641 509 110 654 639 
stack 59:    722 71 283 170 473 250 587 
stack 60:    748 658 727 132 239 544 615 
stack 61:    92 541 160 288 74 475 556 
stack 62:    120 578 456 93 366 549 75 
stack 63:    536 697 586 183 144 300 203 
stack 64:    612 118 265 102 346 564 152 
stack 65:    375 
stack 66:    1 376 
stack 67:    2 3 377 
stack 68:    378 
stack 69:    
stack 70:    380 
stack 71:    7 6 381 
stack 72:    
stack 73:    8 383 
stack 74:    384 
stack 75:    385 
stack 76:    386 11 
stack 77:    12 
stack 78:    200 388 130 688 26 139 82 
stack 79:    249 634 14 28 23 721 199 
stack 80:    15 331 414 32 390 542 24 
stack 81:    20 747 635 17 393 739 391 
stack 82:    394 601 22 315 365 52 260 
stack 83:    488 103 21 187 44 409 671 
stack 84:    420 602 606 150 566 25 361 
stack 85:    742 107 686 562 244 652 212 
stack 86:    190 698 614 292 38 744 696 
stack 87:    27 446 323 484 101 399 40 
stack 88:    659 594 405 79 631 37 236 
stack 89:    322 232 193 527 422 507 451 
stack 90:    162 662 525 67 146 30 595 
stack 91:    668 142 169 588 521 689 599 
stack 92:    369 461 407 111 68 341 416 
stack 93:    403 318 600 430 274 181 713 
stack 94:    76 94 650 632 294 196 343 
stack 95:    520 327 167 537 609 502 486 
stack 96:    245 674 166 304 585 87 469 
stack 97:    223 124 39 33 576 248 719 
stack 98:    208 53 256 48 683 66 147 
stack 99:    575 307 572 642 176 194 353 
stack 100:    320 182 73 410 681 480 298 
stack 101:    570 49 310 726 42 168 678 
stack 102:    666 501 619 426 718 165 423 
stack 103:    215 213 362 557 97 653 308 
stack 104:    432 262 295 281 675 174 539 
stack 105:    603 119 424 251 610 571 560 
stack 106:    494 41 311 149 526 428 116 
stack 107:    510 83 54 156 279 272 354 
stack 108:    558 105 503 418 559 738 290 
stack 109:    141 498 643 70 289 709 462 
stack 110:    45 691 90 467 367 47 219 
stack 111:    611 434 704 441 220 540 695 
stack 112:    580 108 715 359 277 714 622 
stack 113:    117 597 96 676 669 660 495 
stack 114:    275 164 745 561 186 655 113 
stack 115:    177 157 523 198 569 723 504 
stack 116:    189 98 592 286 284 596 702 
stack 117:    191 627 518 511 555 209 180 
stack 118:    450 305 563 477 188 335 651 
stack 119:    312 535 324 433 633 222 338 
stack 120:    617 538 741 372 437 512 104 
stack 121:    306 276 317 255 238 682 470 
stack 122:    137 545 337 330 670 551 133 
stack 123:    574 65 270 515 474 59 226 
stack 124:    724 278 264 357 192 604 729 
stack 125:    705 449 316 179 240 333 225 
stack 126:    500 694 706 533 646 581 373 
stack 127:    444 481 287 145 336 69 197 
stack 128:    442 629 77 230 712 620 626 
stack 129:    241 573 439 703 621 273 708 

#####################################################

solved with: SP.post_optimization_methods.HillClimbing
time limit: 3600.0 s
time to solve: 366,64 s
objective value: 692260.58

stacks (top to bottom):
stack 0:    0 
stack 1:    
stack 2:    
stack 3:    379 
stack 4:    4 
stack 5:    5 
stack 6:    
stack 7:    382 
stack 8:    
stack 9:    9 
stack 10:    10 
stack 11:    387 
stack 12:    13 
stack 13:    62 389 
stack 14:    241 16 449 21 258 615 741 
stack 15:    577 563 525 391 396 25 551 
stack 16:    392 406 419 286 18 81 75 
stack 17:    305 28 363 404 490 174 37 
stack 18:    457 26 256 712 181 195 226 
stack 19:    276 233 689 593 443 581 626 
stack 20:    20 107 400 674 618 23 259 
stack 21:    658 500 479 473 477 63 671 
stack 22:    510 263 359 634 339 370 313 
stack 23:    439 699 364 295 687 341 528 
stack 24:    245 224 632 676 508 647 665 
stack 25:    261 45 93 465 297 188 168 
stack 26:    117 35 586 511 66 272 308 
stack 27:    601 237 498 711 412 417 185 
stack 28:    320 266 122 180 713 135 30 
stack 29:    562 374 309 745 247 87 155 
stack 30:    131 545 645 743 598 452 59 
stack 31:    605 573 553 172 134 653 95 
stack 32:    666 420 715 499 703 560 638 
stack 33:    96 118 302 43 502 587 695 
stack 34:    536 317 115 310 588 746 206 
stack 35:    617 268 262 285 594 639 335 
stack 36:    505 448 357 280 437 252 504 
stack 37:    158 71 175 161 549 526 354 
stack 38:    311 41 523 436 368 681 495 
stack 39:    535 228 323 576 690 683 230 
stack 40:    481 126 749 173 284 604 491 
stack 41:    444 739 150 123 483 373 152 
stack 42:    148 538 463 162 356 146 57 
stack 43:    200 53 49 325 521 534 231 
stack 44:    189 503 70 744 163 474 343 
stack 45:    58 613 92 65 489 556 512 
stack 46:    210 137 493 301 547 716 101 
stack 47:    611 441 165 73 106 358 710 
stack 48:    748 540 209 616 660 69 506 
stack 49:    454 205 590 171 330 654 78 
stack 50:    637 156 202 187 52 596 464 
stack 51:    624 656 157 208 55 719 204 
stack 52:    578 706 99 281 67 482 462 
stack 53:    103 619 430 675 461 564 519 
stack 54:    693 612 450 727 270 367 721 
stack 55:    453 86 153 239 542 243 290 
stack 56:    434 472 501 124 565 227 328 
stack 57:    627 319 736 527 700 338 667 
stack 58:    447 569 433 361 476 143 236 
stack 59:    215 548 591 643 279 274 720 
stack 60:    543 497 509 196 544 731 468 
stack 61:    648 732 112 264 336 360 194 
stack 62:    299 629 440 315 365 680 539 
stack 63:    698 253 183 346 133 532 246 
stack 64:    659 644 182 723 329 651 622 
stack 65:    375 
stack 66:    1 376 
stack 67:    2 3 377 
stack 68:    378 
stack 69:    
stack 70:    380 
stack 71:    7 6 381 
stack 72:    
stack 73:    8 383 
stack 74:    384 
stack 75:    385 
stack 76:    386 11 
stack 77:    12 
stack 78:    388 394 294 701 371 212 254 
stack 79:    14 561 691 664 663 486 353 
stack 80:    15 331 635 397 718 24 390 
stack 81:    19 393 17 355 22 735 402 
stack 82:    603 218 520 47 411 416 423 
stack 83:    83 337 405 737 714 251 273 
stack 84:    414 283 74 407 111 260 409 
stack 85:    568 46 395 27 398 33 352 
stack 86:    688 725 34 640 36 707 88 
stack 87:    425 530 408 39 401 470 399 
stack 88:    403 488 141 602 145 484 40 
stack 89:    191 223 207 422 451 214 480 
stack 90:    552 50 606 410 77 672 314 
stack 91:    705 554 369 362 32 29 125 
stack 92:    575 287 190 669 179 492 692 
stack 93:    432 296 186 424 244 708 303 
stack 94:    742 109 31 686 291 332 522 
stack 95:    60 307 105 518 418 271 625 
stack 96:    136 269 475 128 333 431 44 
stack 97:    570 220 160 38 289 217 235 
stack 98:    608 154 340 193 48 428 496 
stack 99:    322 350 275 733 114 529 628 
stack 100:    413 438 572 110 80 144 702 
stack 101:    151 597 517 366 132 415 138 
stack 102:    177 730 516 677 42 242 348 
stack 103:    494 533 579 324 68 429 684 
stack 104:    120 149 446 197 139 140 216 
stack 105:    668 589 342 288 234 515 514 
stack 106:    306 728 682 222 51 620 159 
stack 107:    312 121 318 662 91 633 127 
stack 108:    580 747 426 199 219 113 678 
stack 109:    583 316 250 631 201 709 326 
stack 110:    130 722 717 726 421 524 82 
stack 111:    249 278 630 455 257 248 507 
stack 112:    734 550 614 255 238 445 670 
stack 113:    471 169 142 559 555 661 298 
stack 114:    54 546 349 79 610 571 211 
stack 115:    574 641 327 537 740 85 427 
stack 116:    84 221 61 225 300 116 147 
stack 117:    108 558 582 642 513 673 104 
stack 118:    232 351 442 265 435 557 102 
stack 119:    679 531 56 203 64 469 282 
stack 120:    459 119 90 652 655 609 696 
stack 121:    487 345 267 167 623 621 657 
stack 122:    478 292 685 293 229 347 129 
stack 123:    89 466 344 192 176 649 178 
stack 124:    213 541 724 697 184 304 585 
stack 125:    72 584 277 456 164 166 467 
stack 126:    485 567 704 694 566 97 100 
stack 127:    76 334 240 372 458 607 595 
stack 128:    94 650 98 592 646 729 460 
stack 129:    600 170 198 321 738 636 599 
