solved with: SP.deprecated.TabuSearch
time limit: 3600.0 s
time to solve: 620,29 s
objective value: 692276.32

stacks (top to bottom):
stack 0:    1 
stack 1:    
stack 2:    
stack 3:    378 
stack 4:    
stack 5:    
stack 6:    6 
stack 7:    7 
stack 8:    383 
stack 9:    384 
stack 10:    
stack 11:    
stack 12:    387 
stack 13:    388 13 394 
stack 14:    315 701 275 173 537 399 225 
stack 15:    672 164 46 404 15 406 26 
stack 16:    636 490 442 656 186 31 549 
stack 17:    405 635 235 395 517 147 82 
stack 18:    722 34 570 681 19 453 703 
stack 19:    134 21 718 126 260 356 513 
stack 20:    234 280 199 666 253 284 347 
stack 21:    286 23 141 75 29 108 467 
stack 22:    430 353 196 22 337 45 76 
stack 23:    255 349 719 711 299 493 25 
stack 24:    242 233 705 590 618 282 227 
stack 25:    361 411 36 534 301 533 27 
stack 26:    616 568 683 40 402 643 401 
stack 27:    33 340 162 598 268 584 648 
stack 28:    289 586 515 312 449 345 111 
stack 29:    127 203 305 434 465 302 660 
stack 30:    409 110 507 627 269 142 412 
stack 31:    562 101 416 458 130 342 276 
stack 32:    70 509 51 81 745 438 229 
stack 33:    690 413 538 87 646 737 531 
stack 34:    320 123 621 571 189 119 318 
stack 35:    185 454 330 262 739 168 436 
stack 36:    244 72 698 37 102 587 104 
stack 37:    615 595 746 323 310 177 209 
stack 38:    215 61 344 557 132 278 580 
stack 39:    671 224 651 726 62 207 440 
stack 40:    206 367 259 122 371 625 735 
stack 41:    576 581 506 143 53 623 481 
stack 42:    131 496 523 459 195 150 578 
stack 43:    588 222 100 256 716 343 316 
stack 44:    609 158 712 545 574 685 605 
stack 45:    511 668 674 689 736 710 68 
stack 46:    208 47 52 567 78 314 329 
stack 47:    174 116 607 359 601 469 56 
stack 48:    103 495 680 212 319 117 324 
stack 49:    606 504 298 611 547 632 58 
stack 50:    338 211 692 498 480 499 439 
stack 51:    348 149 221 474 326 271 128 
stack 52:    743 558 592 510 200 500 148 
stack 53:    749 370 613 248 266 494 328 
stack 54:    450 645 561 55 446 631 321 
stack 55:    146 638 333 748 528 741 74 
stack 56:    107 270 483 678 431 84 197 
stack 57:    647 530 263 287 661 228 120 
stack 58:    691 358 354 501 697 612 729 
stack 59:    240 230 536 593 476 652 532 
stack 60:    136 331 220 139 589 624 441 
stack 61:    560 165 250 273 294 731 105 
stack 62:    516 546 327 94 352 218 369 
stack 63:    544 109 180 452 642 237 336 
stack 64:    95 272 307 236 365 265 281 
stack 65:    0 375 
stack 66:    376 
stack 67:    377 
stack 68:    4 2 
stack 69:    379 3 
stack 70:    5 380 
stack 71:    381 
stack 72:    382 
stack 73:    9 
stack 74:    8 
stack 75:    10 385 
stack 76:    386 12 11 
stack 77:    389 
stack 78:    390 24 14 644 435 391 
stack 79:    700 18 223 393 201 461 634 
stack 80:    540 424 188 396 16 659 392 
stack 81:    422 167 591 744 80 420 456 
stack 82:    63 217 279 20 17 292 552 
stack 83:    192 350 714 669 519 362 487 
stack 84:    160 170 77 460 264 322 614 
stack 85:    41 57 325 403 713 28 610 
stack 86:    290 313 137 563 414 92 640 
stack 87:    419 397 443 740 400 673 118 
stack 88:    398 418 60 341 135 97 620 
stack 89:    152 730 30 205 502 69 32 
stack 90:    291 566 491 641 86 727 604 
stack 91:    742 709 317 410 488 417 50 
stack 92:    366 140 35 346 231 693 455 
stack 93:    663 339 408 182 184 421 577 
stack 94:    308 202 144 267 470 599 522 
stack 95:    650 254 155 133 466 274 573 
stack 96:    357 178 407 564 485 677 96 
stack 97:    463 665 473 676 670 245 630 
stack 98:    303 114 637 728 43 71 433 
stack 99:    457 512 194 464 655 213 38 
stack 100:    374 415 277 166 579 462 216 
stack 101:    628 617 257 187 193 734 39 
stack 102:    179 42 444 679 686 688 583 
stack 103:    675 715 44 432 90 304 555 
stack 104:    79 66 505 747 600 171 156 
stack 105:    482 447 85 426 707 603 582 
stack 106:    626 121 695 721 163 529 524 
stack 107:    293 425 472 48 226 503 682 
stack 108:    297 497 309 89 733 246 585 
stack 109:    243 423 596 486 360 550 738 
stack 110:    704 559 372 176 190 658 198 
stack 111:    88 720 629 565 283 448 54 
stack 112:    125 732 334 129 527 59 639 
stack 113:    285 49 706 161 724 154 554 
stack 114:    594 543 306 368 335 183 451 
stack 115:    667 258 575 708 428 311 597 
stack 116:    83 662 514 427 91 471 113 
stack 117:    251 219 525 181 295 364 541 
stack 118:    145 115 300 619 725 548 664 
stack 119:    238 429 191 477 169 551 608 
stack 120:    654 479 475 373 492 204 622 
stack 121:    355 653 351 696 159 296 684 
stack 122:    521 478 157 241 694 252 172 
stack 123:    723 633 93 73 106 175 569 
stack 124:    247 232 572 539 138 363 542 
stack 125:    437 489 468 112 332 445 124 
stack 126:    151 214 556 67 210 239 520 
stack 127:    535 508 518 288 249 553 702 
stack 128:    717 65 484 261 657 99 687 
stack 129:    153 526 699 649 64 98 602 

#####################################################

solved with: SP.post_optimization_methods.HillClimbing
time limit: 3600.0 s
time to solve: 282,56 s
objective value: 692283.56

stacks (top to bottom):
stack 0:    1 
stack 1:    
stack 2:    
stack 3:    378 
stack 4:    
stack 5:    
stack 6:    6 
stack 7:    7 
stack 8:    383 
stack 9:    384 
stack 10:    
stack 11:    
stack 12:    
stack 13:    388 13 
stack 14:    411 560 275 537 563 461 392 
stack 15:    588 390 23 502 15 410 660 
stack 16:    442 409 164 46 31 420 414 
stack 17:    297 408 107 309 305 733 197 
stack 18:    151 262 726 19 404 519 90 
stack 19:    397 398 30 395 259 159 51 
stack 20:    357 628 238 530 407 661 71 
stack 21:    234 511 348 429 428 39 27 
stack 22:    286 674 169 531 209 642 710 
stack 23:    667 34 132 334 462 431 26 
stack 24:    65 477 263 485 268 111 96 
stack 25:    749 88 650 214 351 41 236 
stack 26:    240 288 40 264 406 713 745 
stack 27:    443 95 89 52 403 648 104 
stack 28:    606 306 85 53 740 426 302 
stack 29:    63 83 405 42 692 362 54 
stack 30:    143 526 109 332 93 682 281 
stack 31:    102 472 261 75 337 694 602 
stack 32:    290 444 272 483 686 201 175 
stack 33:    289 413 115 646 191 737 587 
stack 34:    663 247 576 61 645 49 611 
stack 35:    36 572 330 66 639 441 229 
stack 36:    158 100 698 193 453 97 578 
stack 37:    700 223 712 266 492 328 634 
stack 38:    717 512 253 363 610 620 296 
stack 39:    199 114 486 423 312 564 474 
stack 40:    615 633 91 373 567 583 106 
stack 41:    516 327 458 509 369 532 451 
stack 42:    303 544 719 481 345 360 210 
stack 43:    207 77 119 364 658 347 632 
stack 44:    594 317 80 282 50 120 520 
stack 45:    651 709 350 176 142 721 171 
stack 46:    127 495 679 273 138 342 245 
stack 47:    616 672 47 678 99 269 198 
stack 48:    508 656 701 70 440 137 469 
stack 49:    562 613 427 256 341 156 58 
stack 50:    258 568 557 468 736 239 584 
stack 51:    140 437 504 187 685 631 445 
stack 52:    683 711 688 299 465 216 86 
stack 53:    244 581 510 491 267 225 148 
stack 54:    308 517 601 670 580 603 630 
stack 55:    496 254 681 497 546 220 117 
stack 56:    521 235 60 196 499 446 190 
stack 57:    217 270 161 165 313 200 501 
stack 58:    242 559 62 579 365 735 352 
stack 59:    219 155 277 695 108 439 548 
stack 60:    293 482 447 323 194 177 113 
stack 61:    160 680 212 124 684 204 622 
stack 62:    146 179 596 551 608 311 231 
stack 63:    638 333 689 228 213 687 738 
stack 64:    730 368 211 79 480 195 657 
stack 65:    0 375 
stack 66:    2 376 
stack 67:    377 
stack 68:    4 
stack 69:    379 3 
stack 70:    5 380 
stack 71:    381 
stack 72:    382 
stack 73:    9 
stack 74:    8 
stack 75:    10 385 
stack 76:    386 12 11 
stack 77:    387 14 
stack 78:    340 18 21 514 260 183 391 
stack 79:    346 396 561 393 283 597 25 
stack 80:    389 394 16 471 22 433 45 
stack 81:    720 24 134 556 545 718 693 
stack 82:    635 20 17 460 166 470 401 
stack 83:    149 748 515 449 221 326 271 
stack 84:    366 246 566 399 599 324 265 
stack 85:    732 416 527 402 585 435 664 
stack 86:    457 35 349 484 67 666 128 
stack 87:    33 609 746 180 295 412 237 
stack 88:    152 525 344 570 48 434 498 
stack 89:    419 87 400 418 37 55 747 
stack 90:    72 662 649 112 677 29 533 
stack 91:    704 671 136 450 741 452 448 
stack 92:    279 154 724 554 28 314 417 
stack 93:    668 425 621 257 459 310 329 
stack 94:    355 415 339 595 307 669 32 
stack 95:    543 335 454 507 739 607 38 
stack 96:    243 617 162 98 665 189 248 
stack 97:    224 182 367 331 659 172 731 
stack 98:    575 699 728 43 241 655 68 
stack 99:    280 708 586 528 421 105 76 
stack 100:    571 489 298 301 353 565 707 
stack 101:    103 675 116 205 371 218 500 
stack 102:    167 144 274 505 69 226 729 
stack 103:    203 558 44 133 697 641 703 
stack 104:    251 424 706 696 316 78 318 
stack 105:    540 629 123 129 644 227 487 
stack 106:    535 249 354 59 359 569 600 
stack 107:    255 637 64 478 150 494 577 
stack 108:    320 101 315 652 624 702 604 
stack 109:    208 185 422 534 549 605 455 
stack 110:    285 723 473 126 716 294 547 
stack 111:    232 202 627 322 432 321 336 
stack 112:    430 145 464 734 598 343 356 
stack 113:    490 722 653 57 553 493 529 
stack 114:    361 358 374 479 372 168 436 
stack 115:    153 523 463 338 475 184 541 
stack 116:    233 230 476 590 82 92 582 
stack 117:    742 647 636 593 122 456 56 
stack 118:    539 370 623 550 619 74 252 
stack 119:    518 319 591 130 84 589 304 
stack 120:    222 506 538 284 573 503 542 
stack 121:    110 592 325 643 555 640 488 
stack 122:    174 178 157 181 300 287 438 
stack 123:    654 278 714 614 135 612 727 
stack 124:    188 743 715 73 292 513 552 
stack 125:    170 206 466 673 676 276 81 
stack 126:    215 141 250 192 94 147 522 
stack 127:    131 173 625 139 163 118 524 
stack 128:    690 691 626 121 574 725 467 
stack 129:    125 291 536 705 186 744 618 
