solved with: SP.deprecated.TabuSearch
time limit: 3600.0 s
time to solve: 416,51 s
objective value: 692235.08

stacks (top to bottom):
stack 0:    375 
stack 1:    
stack 2:    377 
stack 3:    
stack 4:    
stack 5:    380 
stack 6:    
stack 7:    
stack 8:    
stack 9:    9 
stack 10:    385 
stack 11:    
stack 12:    
stack 13:    388 13 389 
stack 14:    23 445 409 577 20 18 15 
stack 15:    612 582 297 284 615 213 707 
stack 16:    745 145 421 17 208 424 260 
stack 17:    401 392 214 418 692 701 399 
stack 18:    484 396 305 430 373 650 19 
stack 19:    614 395 557 193 604 467 617 
stack 20:    358 135 27 26 240 649 634 
stack 21:    325 141 44 419 336 246 84 
stack 22:    571 94 730 544 585 414 665 
stack 23:    602 541 37 348 33 498 486 
stack 24:    221 442 78 150 56 671 209 
stack 25:    32 182 415 170 205 475 643 
stack 26:    239 679 559 683 108 97 71 
stack 27:    355 320 412 314 449 682 149 
stack 28:    272 282 469 186 299 726 580 
stack 29:    425 133 265 478 722 104 704 
stack 30:    406 719 463 45 405 142 30 
stack 31:    462 540 132 155 192 139 597 
stack 32:    279 70 230 227 67 224 661 
stack 33:    459 345 411 359 465 40 422 
stack 34:    287 490 111 91 158 629 143 
stack 35:    576 156 360 573 174 700 499 
stack 36:    243 225 427 676 264 678 261 
stack 37:    368 554 695 492 724 651 180 
stack 38:    563 318 144 416 674 178 256 
stack 39:    729 522 744 250 301 48 273 
stack 40:    310 233 49 271 68 534 428 
stack 41:    162 127 507 365 238 106 525 
stack 42:    646 342 146 630 185 702 664 
stack 43:    485 93 438 737 509 732 350 
stack 44:    72 667 226 739 316 363 212 
stack 45:    187 669 64 736 532 61 58 
stack 46:    204 232 304 595 444 698 648 
stack 47:    431 103 128 116 194 496 607 
stack 48:    567 200 168 495 338 553 569 
stack 49:    456 89 652 482 356 152 429 
stack 50:    432 234 237 130 644 329 606 
stack 51:    564 115 60 101 594 228 257 
stack 52:    470 181 254 711 334 124 599 
stack 53:    277 85 477 543 109 623 506 
stack 54:    333 441 241 303 684 688 276 
stack 55:    628 512 63 313 331 523 524 
stack 56:    584 666 715 608 267 570 657 
stack 57:    632 288 520 590 166 690 138 
stack 58:    308 727 596 119 327 275 440 
stack 59:    79 137 102 217 735 328 662 
stack 60:    558 446 609 235 269 493 157 
stack 61:    591 302 466 551 717 69 487 
stack 62:    516 548 733 191 562 565 129 
stack 63:    642 202 531 647 627 285 252 
stack 64:    210 317 605 448 473 552 740 
stack 65:    0 
stack 66:    376 
stack 67:    2 1 
stack 68:    378 3 
stack 69:    4 379 
stack 70:    5 
stack 71:    6 381 
stack 72:    7 382 
stack 73:    8 
stack 74:    384 383 
stack 75:    10 
stack 76:    386 11 
stack 77:    387 12 
stack 78:    14 253 408 391 25 402 258 
stack 79:    24 455 21 16 337 390 672 
stack 80:    714 75 369 515 393 502 41 
stack 81:    460 51 394 22 211 450 439 
stack 82:    59 198 489 31 403 601 199 
stack 83:    43 635 361 300 164 125 575 
stack 84:    400 147 151 177 631 179 539 
stack 85:    188 343 404 598 633 504 587 
stack 86:    315 54 29 407 398 464 47 
stack 87:    397 593 433 710 410 173 280 
stack 88:    34 28 488 268 417 201 550 
stack 89:    519 90 423 743 742 660 693 
stack 90:    536 95 610 39 645 175 420 
stack 91:    286 566 542 35 435 372 292 
stack 92:    189 434 263 514 658 195 110 
stack 93:    560 568 723 295 220 99 259 
stack 94:    62 171 80 583 709 655 549 
stack 95:    98 611 694 215 555 668 335 
stack 96:    505 546 746 120 55 437 556 
stack 97:    134 653 309 479 298 638 621 
stack 98:    38 324 501 207 36 77 184 
stack 99:    481 443 640 105 503 527 622 
stack 100:    533 296 474 249 545 457 126 
stack 101:    122 677 547 206 76 321 107 
stack 102:    586 453 517 219 197 113 352 
stack 103:    413 274 196 436 472 452 283 
stack 104:    603 262 659 118 588 341 712 
stack 105:    529 163 42 351 680 747 528 
stack 106:    53 169 613 705 46 625 112 
stack 107:    231 589 616 322 691 340 121 
stack 108:    366 675 663 73 306 508 347 
stack 109:    289 270 681 500 637 344 689 
stack 110:    718 311 706 307 218 183 510 
stack 111:    367 229 370 50 86 731 88 
stack 112:    161 57 639 339 203 579 673 
stack 113:    123 471 703 656 357 518 480 
stack 114:    66 176 52 538 266 251 521 
stack 115:    713 165 65 685 278 749 255 
stack 116:    148 223 426 451 216 620 720 
stack 117:    526 721 535 483 699 497 293 
stack 118:    741 312 574 454 222 87 561 
stack 119:    190 131 349 96 696 572 82 
stack 120:    708 160 248 619 236 578 354 
stack 121:    447 618 636 136 686 100 494 
stack 122:    687 330 697 290 476 117 140 
stack 123:    530 294 172 511 154 114 159 
stack 124:    725 641 670 716 242 281 371 
stack 125:    153 748 626 319 738 247 346 
stack 126:    74 92 332 537 734 353 468 
stack 127:    600 654 624 491 81 581 83 
stack 128:    374 461 364 362 323 728 167 
stack 129:    291 458 245 326 244 513 592 

#####################################################

solved with: SP.post_optimization_methods.HillClimbing
time limit: 3600.0 s
time to solve: 278,82 s
objective value: 692235.08

stacks (top to bottom):
stack 0:    375 
stack 1:    
stack 2:    377 
stack 3:    
stack 4:    
stack 5:    380 
stack 6:    
stack 7:    
stack 8:    
stack 9:    9 
stack 10:    385 
stack 11:    
stack 12:    
stack 13:    388 13 389 
stack 14:    470 516 14 62 391 238 428 
stack 15:    253 438 31 93 64 73 15 
stack 16:    400 54 396 245 533 455 688 
stack 17:    401 395 482 443 299 627 107 
stack 18:    448 394 20 357 218 684 260 
stack 19:    274 169 49 270 467 631 251 
stack 20:    483 291 303 488 120 106 579 
stack 21:    646 618 636 490 111 46 399 
stack 22:    318 416 50 90 130 266 178 
stack 23:    697 300 725 415 637 680 371 
stack 24:    530 198 442 27 502 331 30 
stack 25:    59 364 324 172 56 480 439 
stack 26:    413 446 409 220 337 35 213 
stack 27:    294 632 485 405 511 402 625 
stack 28:    358 536 316 41 620 280 665 
stack 29:    563 145 133 537 497 33 575 
stack 30:    148 590 690 672 173 347 84 
stack 31:    262 165 736 709 669 694 61 
stack 32:    66 360 367 39 48 650 592 
stack 33:    155 681 547 216 424 185 126 
stack 34:    355 123 136 362 473 373 607 
stack 35:    325 509 203 69 154 629 720 
stack 36:    243 79 558 412 417 645 539 
stack 37:    628 568 658 570 414 180 617 
stack 38:    571 517 67 94 730 499 40 
stack 39:    471 361 609 78 523 555 58 
stack 40:    687 505 432 237 544 336 194 
stack 41:    95 548 463 108 466 562 565 
stack 42:    289 349 423 700 246 420 496 
stack 43:    512 288 601 314 682 211 643 
stack 44:    441 616 574 254 208 76 352 
stack 45:    241 723 430 99 500 553 129 
stack 46:    72 746 624 281 569 87 252 
stack 47:    519 654 433 474 491 197 622 
stack 48:    272 330 541 160 495 139 487 
stack 49:    286 639 163 583 341 114 472 
stack 50:    57 518 630 691 435 633 726 
stack 51:    366 317 89 206 186 214 138 
stack 52:    716 577 97 236 578 621 149 
stack 53:    75 595 176 234 538 116 328 
stack 54:    263 481 222 110 734 534 285 
stack 55:    297 456 451 542 740 508 673 
stack 56:    279 277 271 469 652 201 525 
stack 57:    204 719 647 649 100 143 184 
stack 58:    153 567 226 670 146 71 275 
stack 59:    714 284 356 301 695 660 606 
stack 60:    161 582 233 312 322 743 82 
stack 61:    576 131 190 70 86 224 668 
stack 62:    526 171 80 675 655 209 704 
stack 63:    132 348 195 311 338 527 88 
stack 64:    200 703 127 557 556 344 452 
stack 65:    0 
stack 66:    376 
stack 67:    2 1 
stack 68:    378 3 
stack 69:    4 379 
stack 70:    5 
stack 71:    6 381 
stack 72:    382 7 383 
stack 73:    8 
stack 74:    384 
stack 75:    10 
stack 76:    386 11 
stack 77:    387 12 
stack 78:    397 32 404 26 25 170 228 
stack 79:    23 635 17 710 16 390 418 
stack 80:    308 103 477 24 392 738 340 
stack 81:    729 447 225 728 191 363 354 
stack 82:    408 679 551 671 199 457 693 
stack 83:    309 22 393 18 501 55 212 
stack 84:    147 151 177 711 731 662 19 
stack 85:    29 543 92 21 268 692 353 
stack 86:    741 406 540 217 326 398 47 
stack 87:    745 320 739 614 44 85 454 
stack 88:    34 425 28 265 733 321 506 
stack 89:    232 603 150 638 712 36 561 
stack 90:    60 594 319 450 257 258 335 
stack 91:    135 403 166 532 215 749 104 
stack 92:    522 721 744 250 554 407 444 
stack 93:    591 181 410 598 722 498 205 
stack 94:    74 43 119 411 42 117 283 
stack 95:    460 514 51 596 641 248 427 
stack 96:    566 677 426 610 305 702 689 
stack 97:    37 708 239 479 298 747 276 
stack 98:    462 600 242 207 307 597 661 
stack 99:    602 623 706 492 429 259 580 
stack 100:    221 244 478 372 494 346 510 
stack 101:    343 287 588 678 264 676 261 
stack 102:    134 333 38 546 295 585 159 
stack 103:    53 727 235 748 142 91 140 
stack 104:    188 374 345 461 507 247 292 
stack 105:    144 137 81 476 164 351 701 
stack 106:    589 593 735 599 513 121 486 
stack 107:    369 45 717 436 626 440 587 
stack 108:    642 611 520 339 634 255 528 
stack 109:    315 231 453 421 419 604 698 
stack 110:    612 128 102 290 521 422 273 
stack 111:    560 282 302 683 365 327 657 
stack 112:    484 718 296 219 96 227 651 
stack 113:    162 342 323 559 240 437 504 
stack 114:    368 156 458 334 175 648 293 
stack 115:    431 586 370 192 174 572 329 
stack 116:    187 459 535 674 52 742 464 
stack 117:    434 168 182 196 359 685 350 
stack 118:    666 715 229 230 267 696 125 
stack 119:    223 141 705 332 699 615 193 
stack 120:    713 489 63 737 118 549 77 
stack 121:    122 564 659 313 306 663 732 
stack 122:    202 529 101 167 619 524 550 
stack 123:    573 640 503 545 249 664 707 
stack 124:    189 613 653 584 656 531 515 
stack 125:    210 65 493 686 552 158 278 
stack 126:    115 269 449 157 475 468 183 
stack 127:    605 445 667 105 581 83 124 
stack 128:    310 98 109 68 152 465 112 
stack 129:    304 608 644 179 113 256 724 
