lower bound for relaxed s_ij: 692241.14

#####################################################

solved with: SP.mip_formulations.BinPackingFormulation
time limit: 3600.0 s
time to solve: 1846,44 s
objective value: 692254.52

stacks (top to bottom):
stack 0:    0 
stack 1:    
stack 2:    
stack 3:    379 
stack 4:    4 
stack 5:    5 
stack 6:    
stack 7:    382 
stack 8:    
stack 9:    9 
stack 10:    10 
stack 11:    
stack 12:    
stack 13:    388 732 449 529 
stack 14:    210 312 650 434 278 533 549 
stack 15:    536 567 124 542 52 252 40 
stack 16:    578 632 190 728 396 391 729 
stack 17:    158 98 619 17 514 111 300 
stack 18:    575 172 179 202 81 526 116 
stack 19:    394 445 150 723 516 323 496 
stack 20:    666 268 279 284 78 347 282 
stack 21:    83 727 490 415 153 473 461 
stack 22:    397 22 680 491 163 88 607 
stack 23:    601 182 440 336 446 159 700 
stack 24:    644 498 71 525 198 596 144 
stack 25:    568 224 676 318 455 25 326 
stack 26:    245 305 324 401 653 551 713 
stack 27:    594 337 93 466 196 492 402 
stack 28:    263 28 259 657 304 560 638 
stack 29:    570 200 94 220 29 585 502 
stack 30:    148 266 265 162 361 636 625 
stack 31:    717 157 325 256 197 681 495 
stack 32:    485 441 662 176 293 97 225 
stack 33:    154 233 193 689 321 507 204 
stack 34:    126 115 531 228 240 63 37 
stack 35:    35 569 123 646 576 248 185 
stack 36:    747 374 327 467 571 411 469 
stack 37:    459 724 413 456 572 475 609 
stack 38:    444 494 547 489 452 38 684 
stack 39:    276 84 414 39 106 616 216 
stack 40:    608 634 54 267 664 90 708 
stack 41:    605 658 141 369 598 362 416 
stack 42:    191 46 86 161 42 69 140 
stack 43:    612 453 43 430 339 274 431 
stack 44:    301 553 545 643 655 692 663 
stack 45:    603 686 367 85 468 371 194 
stack 46:    117 706 592 160 508 56 593 
stack 47:    497 703 244 47 731 696 235 
stack 48:    705 131 132 544 701 744 102 
stack 49:    136 442 302 463 149 122 672 
stack 50:    552 550 50 739 690 428 181 
stack 51:    613 742 363 342 128 735 246 
stack 52:    554 164 645 234 134 192 427 
stack 53:    439 295 479 687 201 114 702 
stack 54:    450 699 349 642 270 110 429 
stack 55:    306 501 292 458 360 188 82 
stack 56:    669 718 171 665 566 470 138 
stack 57:    602 589 175 352 524 314 57 
stack 58:    518 170 99 238 346 243 183 
stack 59:    693 715 733 546 737 714 152 
stack 60:    573 562 537 740 621 622 528 
stack 61:    351 530 503 255 579 61 315 
stack 62:    322 611 586 145 630 511 437 
stack 63:    679 275 582 281 370 313 236 
stack 64:    627 447 142 165 483 328 451 
stack 65:    375 
stack 66:    1 376 
stack 67:    2 3 377 
stack 68:    378 
stack 69:    
stack 70:    380 
stack 71:    7 381 6 
stack 72:    
stack 73:    8 383 
stack 74:    384 
stack 75:    385 
stack 76:    386 11 
stack 77:    12 
stack 78:    215 583 14 13 387 101 59 
stack 79:    617 577 299 264 121 242 389 
stack 80:    15 237 288 515 239 390 70 
stack 81:    350 16 187 435 412 365 168 
stack 82:    392 711 556 465 280 564 180 
stack 83:    541 103 393 675 18 604 335 
stack 84:    19 704 635 357 258 333 260 
stack 85:    20 395 606 477 286 372 348 
stack 86:    697 118 472 105 21 462 178 
stack 87:    72 189 500 331 398 433 712 
stack 88:    580 454 23 409 354 212 678 
stack 89:    249 538 535 513 24 720 399 
stack 90:    510 659 400 129 626 519 147 
stack 91:    26 633 532 504 343 272 135 
stack 92:    27 356 683 661 484 308 143 
stack 93:    403 320 600 654 289 67 741 
stack 94:    668 505 448 283 404 460 195 
stack 95:    232 558 96 698 307 405 30 
stack 96:    31 406 725 173 673 100 486 
stack 97:    241 359 32 407 247 174 522 
stack 98:    722 408 33 474 217 133 303 
stack 99:    213 481 743 156 34 211 628 
stack 100:    49 410 482 271 203 667 539 
stack 101:    76 509 344 253 36 64 373 
stack 102:    688 317 471 208 53 746 527 
stack 103:    287 656 310 521 534 660 127 
stack 104:    478 316 330 670 595 338 206 
stack 105:    574 517 493 262 166 273 652 
stack 106:    41 685 557 297 587 341 671 
stack 107:    637 137 591 366 364 294 417 
stack 108:    624 457 418 631 250 639 113 
stack 109:    597 205 563 419 707 68 44 
stack 110:    420 45 438 610 186 651 95 
stack 111:    588 421 719 480 214 710 104 
stack 112:    748 730 311 736 48 422 290 
stack 113:    641 584 261 309 291 423 155 
stack 114:    543 488 590 277 561 424 226 
stack 115:    425 694 614 355 227 476 231 
stack 116:    426 91 73 222 51 146 66 
stack 117:    58 548 487 109 107 167 199 
stack 118:    648 520 674 618 345 716 87 
stack 119:    169 726 682 209 230 139 581 
stack 120:    130 223 749 319 55 738 599 
stack 121:    296 218 119 623 649 219 125 
stack 122:    432 92 285 269 79 74 640 
stack 123:    89 499 745 691 251 332 695 
stack 124:    221 647 709 229 75 353 254 
stack 125:    60 565 540 436 77 358 298 
stack 126:    734 151 65 112 615 80 464 
stack 127:    120 108 184 629 334 62 721 
stack 128:    523 559 555 368 257 677 512 
stack 129:    340 177 207 329 620 506 443 

#####################################################

solved with: SP.constructive_heuristics.GeneralHeuristic
time limit: 3600.0 s
time to solve: 0,00 s
objective value: 748376.37

stacks (top to bottom):
stack 0:    108 637 449 239 680 695 40 
stack 1:    612 413 578 118 646 581 599 
stack 2:    517 156 280 176 741 383 423 
stack 3:    543 497 32 168 11 203 710 
stack 4:    388 121 418 150 123 396 214 
stack 5:    580 420 301 261 23 90 692 
stack 6:    432 46 99 654 114 163 195 
stack 7:    457 447 310 672 616 139 59 
stack 8:    350 405 466 74 652 708 113 
stack 9:    20 190 645 685 709 284 185 
stack 10:    151 641 374 0 610 260 638 
stack 11:    305 141 706 29 477 639 417 
stack 12:    8 656 142 55 480 506 104 
stack 13:    676 175 647 356 526 354 671 
stack 14:    392 262 164 478 6 707 343 
stack 15:    748 567 566 682 564 5 539 
stack 16:    553 28 18 36 744 217 626 
stack 17:    493 404 479 419 557 631 495 
stack 18:    221 126 588 39 633 389 226 
stack 19:    340 233 455 122 378 593 678 
stack 20:    597 703 537 259 199 469 101 
stack 21:    459 266 86 264 606 511 401 
stack 22:    438 598 642 492 81 529 125 
stack 23:    83 342 153 640 330 347 57 
stack 24:    659 450 307 635 704 228 348 
stack 25:    403 158 600 579 70 365 486 
stack 26:    533 440 25 446 358 66 129 
stack 27:    650 733 711 490 339 370 332 
stack 28:    177 124 62 675 701 549 585 
stack 29:    562 345 400 267 657 731 353 
stack 30:    213 270 461 229 225 300 462 
stack 31:    157 208 41 325 482 512 246 
stack 32:    351 619 386 630 436 271 496 
stack 33:    454 89 241 167 623 402 152 
stack 34:    58 218 603 674 467 251 560 
stack 35:    577 442 472 355 197 700 460 
stack 36:    481 130 184 334 660 620 135 
stack 37:    747 312 65 27 198 738 216 
stack 38:    276 253 430 293 243 474 431 
stack 39:    734 249 4 382 643 304 409 
stack 40:    84 426 739 720 173 491 272 
stack 41:    617 331 3 718 576 222 314 
stack 42:    317 115 746 140 373 30 147 
stack 43:    311 207 69 532 713 231 595 
stack 44:    648 161 329 470 78 702 212 
stack 45:    545 384 21 258 514 390 735 
stack 46:    613 210 448 445 88 64 100 
stack 47:    263 699 547 582 202 247 502 
stack 48:    72 120 558 725 429 183 178 
stack 49:    584 364 415 85 628 522 282 
stack 50:    485 548 439 45 107 737 519 
stack 51:    627 48 421 476 248 10 204 
stack 52:    394 530 508 17 483 352 361 
stack 53:    697 434 43 149 360 673 651 
stack 54:    453 12 500 743 473 292 377 
stack 55:    395 357 544 250 333 458 206 
stack 56:    322 136 518 227 328 236 254 
stack 57:    189 471 379 315 677 433 230 
stack 58:    666 727 546 234 211 649 341 
stack 59:    287 722 589 687 63 274 437 
stack 60:    605 96 337 691 186 273 174 
stack 61:    552 732 381 79 132 288 684 
stack 62:    575 624 749 49 534 527 338 
stack 63:    724 602 324 165 368 144 143 
stack 64:    131 715 554 452 346 326 622 
stack 65:    15 688 503 540 531 569 391 
stack 66:    306 31 109 634 285 561 399 
stack 67:    425 601 498 629 128 201 504 
stack 68:    742 385 406 294 134 489 542 
stack 69:    505 668 112 397 71 47 587 
stack 70:    662 162 398 555 22 665 106 
stack 71:    488 103 565 525 690 712 681 
stack 72:    501 50 441 265 523 80 181 
stack 73:    7 541 16 456 14 367 219 
stack 74:    215 296 137 309 714 37 427 
stack 75:    54 269 591 187 556 465 180 
stack 76:    730 380 9 689 736 321 235 
stack 77:    494 278 408 238 516 719 127 
stack 78:    232 98 728 97 372 133 252 
stack 79:    520 166 721 609 468 663 528 
stack 80:    568 583 172 179 24 188 138 
stack 81:    200 614 669 615 412 653 146 
stack 82:    536 608 92 414 535 376 443 
stack 83:    359 268 369 362 363 551 44 
stack 84:    94 283 538 286 475 111 52 
stack 85:    574 550 723 73 33 298 116 
stack 86:    1 205 694 320 196 515 155 
stack 87:    510 53 91 661 51 484 729 
stack 88:    594 277 349 366 344 513 387 
stack 89:    223 193 169 256 422 451 507 
stack 90:    679 592 393 318 102 335 464 
stack 91:    705 275 119 740 664 655 696 
stack 92:    117 245 220 463 375 559 257 
stack 93:    499 618 745 244 424 313 371 
stack 94:    611 572 110 240 596 75 625 
stack 95:    658 160 563 35 255 586 242 
stack 96:    693 686 291 13 571 716 95 
stack 97:    444 76 19 302 281 604 524 
stack 98:    717 154 26 683 82 428 290 
stack 99:    224 237 509 67 435 670 194 
stack 100:    570 191 632 698 295 316 411 
stack 101:    726 323 410 209 42 303 
stack 102:    521 77 636 607 
stack 103:    148 60 182 145 171 336 68 
stack 104:    573 93 621 87 
stack 105:    56 61 192 38 297 279 308 
stack 106:    590 644 170 2 159 
stack 107:    487 34 407 
stack 108:    299 105 416 
stack 109:    327 
stack 110:    319 667 
stack 111:    289 
stack 112:    
stack 113:    
stack 114:    
stack 115:    
stack 116:    
stack 117:    
stack 118:    
stack 119:    
stack 120:    
stack 121:    
stack 122:    
stack 123:    
stack 124:    
stack 125:    
stack 126:    
stack 127:    
stack 128:    
stack 129:    
