solved with: SP.deprecated.TabuSearch
time limit: 3600.0 s
time to solve: 501,20 s
objective value: 692255.7

stacks (top to bottom):
stack 0:    
stack 1:    0 
stack 2:    2 
stack 3:    378 
stack 4:    
stack 5:    5 
stack 6:    381 
stack 7:    
stack 8:    8 383 
stack 9:    
stack 10:    
stack 11:    
stack 12:    13 
stack 13:    597 
stack 14:    583 407 410 30 222 16 576 
stack 15:    24 391 355 413 101 700 457 
stack 16:    709 321 92 21 422 152 25 
stack 17:    692 220 404 657 22 34 725 
stack 18:    200 39 260 398 399 304 749 
stack 19:    19 424 26 147 28 346 436 
stack 20:    406 430 612 330 165 448 715 
stack 21:    99 279 369 31 310 646 599 
stack 22:    719 747 419 686 591 312 32 
stack 23:    348 251 600 615 37 728 265 
stack 24:    27 408 60 43 626 118 213 
stack 25:    619 29 643 70 159 402 108 
stack 26:    636 58 344 368 309 73 433 
stack 27:    681 351 203 171 272 733 236 
stack 28:    193 301 716 552 186 572 641 
stack 29:    257 501 166 373 119 744 535 
stack 30:    263 190 594 93 45 48 421 
stack 31:    62 489 137 33 83 117 447 
stack 32:    151 46 654 660 216 204 553 
stack 33:    249 112 120 280 466 201 472 
stack 34:    148 142 485 51 592 47 680 
stack 35:    35 651 116 746 452 226 277 
stack 36:    428 729 195 334 437 106 250 
stack 37:    208 628 217 473 521 560 154 
stack 38:    247 420 707 722 292 493 229 
stack 39:    122 550 445 183 490 741 143 
stack 40:    328 416 483 732 711 684 617 
stack 41:    665 56 507 687 191 738 499 
stack 42:    338 158 584 644 573 675 311 
stack 43:    323 105 547 491 185 77 517 
stack 44:    180 244 345 446 569 296 718 
stack 45:    49 252 177 167 76 366 299 
stack 46:    362 570 745 453 337 676 502 
stack 47:    69 67 574 224 522 598 701 
stack 48:    739 669 695 714 425 443 246 
stack 49:    61 129 659 333 175 300 325 
stack 50:    211 484 160 179 365 673 79 
stack 51:    653 713 699 650 631 693 271 
stack 52:    442 518 717 324 655 281 84 
stack 53:    155 610 340 742 519 315 685 
stack 54:    658 218 64 434 339 638 66 
stack 55:    350 703 198 215 162 748 267 
stack 56:    314 432 541 139 367 601 561 
stack 57:    677 65 602 441 110 202 133 
stack 58:    347 530 371 268 327 666 481 
stack 59:    181 545 475 482 353 243 671 
stack 60:    294 343 288 94 75 524 647 
stack 61:    174 210 125 614 509 571 81 
stack 62:    694 487 531 255 688 239 590 
stack 63:    111 697 620 451 241 303 85 
stack 64:    670 467 264 543 578 564 331 
stack 65:    375 
stack 66:    376 1 
stack 67:    377 
stack 68:    3 
stack 69:    4 379 
stack 70:    380 
stack 71:    6 
stack 72:    7 382 
stack 73:    
stack 74:    9 384 
stack 75:    385 10 
stack 76:    386 11 387 12 
stack 77:    389 
stack 78:    14 705 197 429 124 388 396 
stack 79:    390 20 17 635 276 164 23 
stack 80:    392 15 401 580 172 435 361 
stack 81:    731 50 737 318 205 161 262 
stack 82:    393 409 395 394 609 289 589 
stack 83:    212 512 397 341 18 132 460 
stack 84:    440 41 607 593 412 403 454 
stack 85:    640 503 544 270 504 621 400 
stack 86:    633 689 131 140 358 630 107 
stack 87:    674 523 196 209 342 431 374 
stack 88:    586 332 656 632 169 727 90 
stack 89:    194 411 40 91 405 691 363 
stack 90:    667 494 595 36 622 540 38 
stack 91:    516 565 417 173 44 546 698 
stack 92:    275 678 579 588 199 130 356 
stack 93:    637 136 286 87 585 415 138 
stack 94:    329 42 645 672 461 336 240 
stack 95:    256 97 242 712 233 479 464 
stack 96:    721 214 63 370 82 538 157 
stack 97:    426 114 539 308 78 306 287 
stack 98:    235 702 207 298 723 734 223 
stack 99:    704 662 364 258 623 603 562 
stack 100:    551 326 455 423 121 520 95 
stack 101:    627 534 613 317 696 305 153 
stack 102:    414 606 349 608 668 418 575 
stack 103:    74 227 228 587 542 663 259 
stack 104:    679 555 566 320 634 449 510 
stack 105:    316 189 232 146 360 477 261 
stack 106:    269 168 86 248 104 471 563 
stack 107:    462 192 55 238 468 730 290 
stack 108:    470 284 533 219 611 618 150 
stack 109:    427 176 302 439 126 359 297 
stack 110:    642 515 706 123 735 639 506 
stack 111:    237 629 527 221 278 115 577 
stack 112:    109 134 71 295 505 438 710 
stack 113:    581 604 559 582 274 141 557 
stack 114:    103 335 285 740 480 163 537 
stack 115:    511 536 54 206 98 253 231 
stack 116:    52 352 596 726 57 743 156 
stack 117:    661 357 492 498 567 282 549 
stack 118:    486 456 458 53 488 459 354 
stack 119:    478 724 465 188 683 80 102 
stack 120:    736 187 568 450 605 525 144 
stack 121:    690 444 145 254 313 100 127 
stack 122:    528 291 554 649 266 245 625 
stack 123:    616 372 59 720 652 234 113 
stack 124:    184 463 474 273 548 170 89 
stack 125:    283 88 319 708 469 322 558 
stack 126:    178 500 526 230 682 514 293 
stack 127:    182 149 128 307 135 225 556 
stack 128:    508 496 476 529 497 72 495 
stack 129:    68 532 513 624 96 648 664 

#####################################################

solved with: SP.post_optimization_methods.HillClimbing
time limit: 3600.0 s
time to solve: 512,42 s
objective value: 692261.76

stacks (top to bottom):
stack 0:    
stack 1:    0 
stack 2:    2 
stack 3:    378 
stack 4:    
stack 5:    5 
stack 6:    381 
stack 7:    
stack 8:    8 383 
stack 9:    
stack 10:    
stack 11:    
stack 12:    13 391 
stack 13:    
stack 14:    392 393 395 352 18 336 34 
stack 15:    174 654 320 147 28 498 630 
stack 16:    496 408 60 582 191 31 370 
stack 17:    258 230 425 543 741 394 403 
stack 18:    251 398 260 461 355 723 22 
stack 19:    178 65 74 468 366 587 73 
stack 20:    347 624 197 339 457 561 361 
stack 21:    653 333 469 166 567 25 447 
stack 22:    29 555 440 411 271 32 400 
stack 23:    414 516 142 46 547 554 740 
stack 24:    26 629 611 204 223 622 399 
stack 25:    583 207 612 649 163 571 161 
stack 26:    545 409 52 51 706 57 353 
stack 27:    528 416 600 266 367 169 413 
stack 28:    729 407 278 30 135 236 557 
stack 29:    242 672 712 244 318 37 358 
stack 30:    349 615 268 668 743 81 454 
stack 31:    184 458 605 145 254 730 676 
stack 32:    659 584 716 613 623 344 146 
stack 33:    42 424 669 232 33 117 141 
stack 34:    640 39 71 505 697 471 535 
stack 35:    427 512 93 479 124 553 749 
stack 36:    294 220 97 430 111 596 330 
stack 37:    465 521 58 631 650 48 415 
stack 38:    551 695 592 597 121 685 290 
stack 39:    442 661 247 86 255 433 85 
stack 40:    594 419 137 104 568 299 374 
stack 41:    530 54 652 234 199 253 138 
stack 42:    211 736 43 63 226 499 495 
stack 43:    428 478 686 280 47 98 259 
stack 44:    636 737 515 633 689 115 617 
stack 45:    176 660 656 485 451 477 231 
stack 46:    508 476 626 118 559 421 229 
stack 47:    209 56 452 274 310 738 599 
stack 48:    155 338 316 610 441 252 250 
stack 49:    105 343 200 511 298 657 509 
stack 50:    103 335 480 437 608 684 156 
stack 51:    109 70 456 525 76 609 213 
stack 52:    61 533 670 129 434 680 102 
stack 53:    462 342 164 365 646 157 493 
stack 54:    189 110 276 728 621 144 502 
stack 55:    690 432 550 341 569 564 96 
stack 56:    62 667 475 711 185 245 589 
stack 57:    662 257 745 302 580 243 563 
stack 58:    221 546 435 123 360 644 504 
stack 59:    323 658 114 337 578 346 95 
stack 60:    328 314 249 470 215 552 84 
stack 61:    487 489 158 357 607 464 648 
stack 62:    574 99 179 696 202 239 315 
stack 63:    285 618 734 491 106 438 647 
stack 64:    275 139 655 132 735 272 79 
stack 65:    375 
stack 66:    376 1 
stack 67:    377 
stack 68:    3 
stack 69:    4 379 
stack 70:    380 
stack 71:    6 
stack 72:    7 382 
stack 73:    
stack 74:    9 384 
stack 75:    385 10 
stack 76:    386 11 387 12 
stack 77:    389 
stack 78:    14 20 17 388 312 549 23 
stack 79:    301 55 27 581 688 305 542 
stack 80:    390 41 15 131 16 396 38 
stack 81:    69 292 368 201 710 701 510 
stack 82:    679 645 595 288 21 205 577 
stack 83:    19 719 747 186 603 309 635 
stack 84:    627 694 417 501 373 573 356 
stack 85:    692 182 362 44 128 401 130 
stack 86:    269 397 140 683 639 748 514 
stack 87:    24 59 602 693 159 459 354 
stack 88:    350 256 410 334 235 702 262 
stack 89:    426 248 526 439 267 240 311 
stack 90:    704 67 707 306 402 153 663 
stack 91:    175 455 281 405 100 506 287 
stack 92:    212 291 50 513 87 165 449 
stack 93:    406 404 492 698 45 671 325 
stack 94:    523 218 308 91 119 143 113 
stack 95:    539 116 651 82 538 331 718 
stack 96:    371 224 317 183 270 682 66 
stack 97:    35 721 529 72 562 297 89 
stack 98:    283 372 36 422 544 412 418 
stack 99:    739 198 522 724 152 560 303 
stack 100:    134 474 217 273 228 133 575 
stack 101:    122 674 180 732 327 75 222 
stack 102:    637 148 518 532 171 429 423 
stack 103:    586 642 445 678 520 576 675 
stack 104:    326 722 53 177 40 673 170 
stack 105:    187 484 420 108 363 289 246 
stack 106:    151 284 319 238 488 296 691 
stack 107:    208 628 720 125 537 601 481 
stack 108:    149 606 233 726 634 282 206 
stack 109:    193 534 49 473 598 167 725 
stack 110:    713 194 188 531 227 490 431 
stack 111:    731 203 453 632 324 579 264 
stack 112:    321 237 616 677 120 340 126 
stack 113:    263 681 364 742 313 460 127 
stack 114:    181 219 94 295 540 101 733 
stack 115:    709 216 527 541 714 638 265 
stack 116:    329 619 68 300 503 322 556 
stack 117:    494 565 195 614 304 77 700 
stack 118:    348 483 558 666 715 625 517 
stack 119:    705 168 173 446 467 241 664 
stack 120:    699 450 83 162 443 448 593 
stack 121:    279 746 687 604 497 277 107 
stack 122:    643 703 548 588 64 620 472 
stack 123:    536 566 570 345 172 436 744 
stack 124:    665 160 214 507 641 80 590 
stack 125:    332 286 717 136 727 154 90 
stack 126:    486 463 192 369 78 519 293 
stack 127:    190 92 351 88 708 585 466 
stack 128:    500 210 307 524 150 225 261 
stack 129:    196 482 112 444 572 591 359 
