lower bound for relaxed s_ij: 310029.8

#####################################################

solved with: SP.mip_formulations.BinPackingFormulation
time limit: 1800.0 s
time to solve: 592,97 s
objective value: 310037.12

stacks (top to bottom):
stack 0:    
stack 1:    1 
stack 2:    2 
stack 3:    252 
stack 4:    
stack 5:    255 
stack 6:    6 256 
stack 7:    
stack 8:    9 
stack 9:    493 69 315 369 113 
stack 10:    93 305 183 68 260 106 296 
stack 11:    323 433 185 146 447 311 137 
stack 12:    247 72 237 319 201 367 230 
stack 13:    481 204 44 396 169 25 360 
stack 14:    412 102 381 326 370 444 90 
stack 15:    131 368 98 441 195 181 171 
stack 16:    266 167 16 126 242 249 218 
stack 17:    176 87 57 316 225 141 109 
stack 18:    52 304 343 162 172 128 19 
stack 19:    46 21 445 346 64 221 40 
stack 20:    335 248 228 100 373 287 364 
stack 21:    375 354 329 233 165 450 114 
stack 22:    157 497 67 457 387 208 156 
stack 23:    147 125 295 71 439 432 361 
stack 24:    212 108 24 298 214 467 453 
stack 25:    454 365 200 413 383 244 495 
stack 26:    366 393 301 166 395 26 388 
stack 27:    352 115 65 348 190 145 95 
stack 28:    54 416 281 399 278 451 110 
stack 29:    279 424 437 422 411 425 410 
stack 30:    222 107 30 134 81 479 423 
stack 31:    220 60 292 55 325 219 94 
stack 32:    135 482 297 234 498 487 59 
stack 33:    47 408 86 380 144 73 76 
stack 34:    127 210 284 485 306 398 466 
stack 35:    239 62 496 419 241 240 385 
stack 36:    400 99 49 456 42 332 154 
stack 37:    492 152 384 294 82 130 418 
stack 38:    202 307 45 232 142 38 389 
stack 39:    448 372 133 83 53 483 405 
stack 40:    92 192 96 489 78 347 463 
stack 41:    41 211 355 58 103 374 198 
stack 42:    494 455 118 191 216 105 184 
stack 43:    197 88 486 462 338 471 362 
stack 44:    250 
stack 45:    0 251 
stack 46:    
stack 47:    3 253 
stack 48:    254 4 
stack 49:    5 
stack 50:    7 
stack 51:    257 
stack 52:    258 8 
stack 53:    116 229 464 345 259 226 170 
stack 54:    264 261 10 330 443 177 371 
stack 55:    11 148 465 376 428 299 173 
stack 56:    382 314 85 246 12 317 262 
stack 57:    473 175 13 227 136 391 263 
stack 58:    14 265 318 386 377 468 461 
stack 59:    161 290 199 89 337 178 15 
stack 60:    243 61 18 84 339 344 436 
stack 61:    17 403 267 321 438 196 349 
stack 62:    268 129 217 164 421 363 356 
stack 63:    80 440 269 477 187 379 327 
stack 64:    293 20 155 271 270 215 119 
stack 65:    431 351 460 302 132 474 312 
stack 66:    111 272 43 322 22 469 392 
stack 67:    409 124 23 150 151 273 231 
stack 68:    475 331 274 407 300 488 417 
stack 69:    97 123 277 158 188 275 186 
stack 70:    414 206 276 194 205 174 140 
stack 71:    149 402 168 224 75 27 353 
stack 72:    429 406 430 336 51 426 28 
stack 73:    70 350 390 182 29 63 50 
stack 74:    359 280 77 499 446 341 333 
stack 75:    340 207 153 238 235 139 31 
stack 76:    449 66 32 112 282 404 79 
stack 77:    470 442 33 163 159 342 283 
stack 78:    160 458 34 308 378 397 104 
stack 79:    35 324 117 209 120 401 285 
stack 80:    478 452 476 286 36 434 309 
stack 81:    121 213 303 179 37 357 480 
stack 82:    288 313 180 143 193 203 91 
stack 83:    289 435 459 138 56 48 39 
stack 84:    328 427 245 472 420 415 490 
stack 85:    236 358 223 122 74 291 334 
stack 86:    484 320 101 310 189 491 394 

#####################################################

solved with: SP.constructive_heuristics.GeneralHeuristic
time limit: 1800.0 s
time to solve: 0,00 s
objective value: 336327.54

stacks (top to bottom):
stack 0:    7 160 409 314 328 241 263 
stack 1:    414 307 51 342 431 395 9 
stack 2:    473 406 430 32 452 8 128 
stack 3:    69 252 355 422 219 76 94 
stack 4:    107 266 200 190 253 205 418 
stack 5:    277 67 498 28 426 371 410 
stack 6:    472 420 380 451 286 364 187 
stack 7:    493 494 492 235 95 374 341 
stack 8:    70 108 21 134 487 186 425 
stack 9:    458 84 68 339 399 29 417 
stack 10:    116 129 45 376 141 460 322 
stack 11:    97 88 30 158 486 81 59 
stack 12:    147 442 378 491 130 63 250 
stack 13:    449 301 315 311 270 325 362 
stack 14:    336 296 179 370 91 285 394 
stack 15:    220 475 86 450 319 337 55 
stack 16:    212 432 272 275 230 15 309 
stack 17:    122 133 237 326 294 401 174 
stack 18:    352 65 310 152 168 31 184 
stack 19:    331 444 332 110 271 194 40 
stack 20:    366 100 381 49 37 443 361 
stack 21:    66 369 261 478 262 397 2 
stack 22:    204 393 210 12 225 462 387 
stack 23:    293 213 159 242 269 377 434 
stack 24:    222 54 484 139 189 27 379 
stack 25:    455 454 373 60 73 201 300 
stack 26:    175 470 52 33 34 260 396 
stack 27:    416 47 1 89 318 177 469 
stack 28:    18 344 48 148 234 232 103 
stack 29:    46 11 256 280 283 170 5 
stack 30:    0 17 239 96 16 439 424 
stack 31:    254 41 350 123 229 359 64 
stack 32:    429 199 496 150 456 415 468 
stack 33:    323 233 180 144 114 421 363 
stack 34:    305 131 10 302 299 316 132 
stack 35:    14 313 83 240 291 90 490 
stack 36:    183 202 185 98 195 58 154 
stack 37:    236 99 74 245 231 356 446 
stack 38:    57 489 163 357 386 463 404 
stack 39:    93 20 24 164 38 109 173 
stack 40:    382 412 102 408 365 112 477 
stack 41:    80 44 35 56 244 495 79 
stack 42:    481 274 155 306 282 156 198 
stack 43:    358 402 143 483 224 75 360 
stack 44:    92 290 281 343 162 257 423 
stack 45:    347 437 436 457 208 22 480 
stack 46:    288 268 78 42 105 312 499 
stack 47:    223 403 53 348 145 467 405 
stack 48:    335 115 101 238 172 333 479 
stack 49:    279 440 464 188 338 388 392 
stack 50:    192 62 71 87 278 438 140 
stack 51:    121 243 125 289 284 485 292 
stack 52:    197 390 317 126 276 482 461 
stack 53:    448 149 321 196 203 215 327 
stack 54:    295 368 136 171 411 137 474 
stack 55:    248 407 324 120 287 367 349 
stack 56:    161 72 246 441 465 221 389 
stack 57:    400 329 23 267 191 383 466 
stack 58:    445 135 211 497 345 77 259 
stack 59:    6 127 157 351 249 43 428 
stack 60:    61 13 435 113 146 297 36 
stack 61:    340 85 3 308 427 385 104 
stack 62:    247 433 176 166 138 218 26 
stack 63:    4 118 25 476 398 488 273 
stack 64:    459 182 453 353 50 19 119 
stack 65:    251 303 264 206 151 216 471 
stack 66:    265 228 207 372 419 169 209 
stack 67:    153 320 384 193 82 
stack 68:    375 354 304 106 117 330 391 
stack 69:    258 167 227 447 181 178 
stack 70:    346 142 226 
stack 71:    124 165 298 413 334 39 
stack 72:    255 
stack 73:    
stack 74:    214 
stack 75:    
stack 76:    111 
stack 77:    217 
stack 78:    
stack 79:    
stack 80:    
stack 81:    
stack 82:    
stack 83:    
stack 84:    
stack 85:    
stack 86:    
