lower bound for relaxed s_ij: 310006.74

#####################################################

solved with: SP.mip_formulations.BinPackingFormulation
time limit: 1800.0 s
time to solve: 401,61 s
objective value: 310016.5

stacks (top to bottom):
stack 0:    
stack 1:    251 
stack 2:    252 
stack 3:    3 
stack 4:    
stack 5:    
stack 6:    256 
stack 7:    257 
stack 8:    259 
stack 9:    407 492 324 262 119 
stack 10:    482 368 301 260 74 195 463 
stack 11:    261 450 247 110 488 248 331 
stack 12:    469 300 51 396 303 137 179 
stack 13:    468 318 147 263 171 234 138 
stack 14:    14 467 374 200 319 50 291 
stack 15:    460 449 333 156 472 356 456 
stack 16:    389 62 499 205 17 16 244 
stack 17:    267 91 465 309 357 292 216 
stack 18:    344 189 348 233 475 304 24 
stack 19:    494 486 237 249 246 232 19 
stack 20:    491 305 188 270 182 84 219 
stack 21:    410 141 102 412 243 207 146 
stack 22:    320 161 272 419 41 430 315 
stack 23:    149 434 358 103 363 118 273 
stack 24:    388 142 427 274 367 155 113 
stack 25:    201 242 173 160 107 143 25 
stack 26:    73 64 236 459 276 190 136 
stack 27:    314 328 401 123 404 478 48 
stack 28:    28 408 369 230 193 423 343 
stack 29:    471 409 298 355 392 383 390 
stack 30:    30 464 428 150 431 452 382 
stack 31:    210 415 127 422 85 31 222 
stack 32:    457 56 495 172 476 481 299 
stack 33:    53 83 335 306 326 339 493 
stack 34:    100 284 229 129 116 34 144 
stack 35:    285 436 316 153 379 36 57 
stack 36:    43 92 360 286 80 366 154 
stack 37:    125 89 398 489 112 400 421 
stack 38:    490 76 183 130 311 163 329 
stack 39:    375 231 220 87 126 405 297 
stack 40:    93 44 391 308 338 312 218 
stack 41:    332 458 346 133 176 131 88 
stack 42:    470 132 330 442 165 157 461 
stack 43:    78 49 191 340 105 334 197 
stack 44:    0 250 
stack 45:    1 
stack 46:    2 
stack 47:    253 
stack 48:    254 4 
stack 49:    5 255 
stack 50:    6 
stack 51:    7 
stack 52:    8 258 
stack 53:    365 9 497 426 75 317 72 
stack 54:    451 414 399 394 385 10 54 
stack 55:    271 11 124 214 59 208 337 
stack 56:    82 387 352 12 462 354 65 
stack 57:    164 411 402 184 477 322 13 
stack 58:    211 264 81 68 429 265 221 
stack 59:    114 187 296 15 145 55 217 
stack 60:    266 168 167 61 295 140 380 
stack 61:    96 353 268 204 198 45 175 
stack 62:    162 437 18 288 101 185 275 
stack 63:    479 115 416 413 327 117 269 
stack 64:    47 381 293 238 213 111 20 
stack 65:    441 417 108 420 323 310 21 
stack 66:    152 166 22 347 134 454 445 
stack 67:    307 350 203 386 23 496 94 
stack 68:    71 480 443 212 98 181 223 
stack 69:    487 122 186 345 228 342 424 
stack 70:    26 370 432 349 52 395 109 
stack 71:    372 447 378 321 27 277 67 
stack 72:    63 376 466 139 278 209 341 
stack 73:    29 498 484 453 279 69 362 
stack 74:    280 418 199 106 425 194 159 
stack 75:    359 281 403 32 371 192 215 
stack 76:    202 196 174 33 435 60 282 
stack 77:    151 283 66 241 227 294 170 
stack 78:    325 397 135 177 39 373 440 
stack 79:    121 444 302 35 448 158 104 
stack 80:    120 393 226 224 180 95 433 
stack 81:    287 336 128 99 70 485 37 
stack 82:    225 439 38 455 438 473 169 
stack 83:    361 90 97 79 406 289 86 
stack 84:    474 46 483 313 364 40 290 
stack 85:    384 351 178 239 58 42 235 
stack 86:    240 206 446 377 148 77 245 

#####################################################

solved with: SP.constructive_heuristics.GeneralHeuristic
time limit: 1800.0 s
time to solve: 0,00 s
objective value: 337745.58

stacks (top to bottom):
stack 0:    89 11 410 126 65 197 478 
stack 1:    28 211 476 6 194 452 366 
stack 2:    8 162 26 333 294 2 317 
stack 3:    112 498 251 467 198 342 155 
stack 4:    30 186 190 200 234 157 454 
stack 5:    63 422 356 79 38 104 278 
stack 6:    283 177 36 228 86 113 244 
stack 7:    49 206 444 148 435 95 347 
stack 8:    53 161 302 166 448 245 463 
stack 9:    449 1 3 269 235 475 75 
stack 10:    307 187 381 213 328 472 419 
stack 11:    308 264 458 349 204 57 159 
stack 12:    114 127 494 418 373 45 180 
stack 13:    414 246 122 281 141 382 67 
stack 14:    441 484 323 447 309 182 59 
stack 15:    479 0 306 438 134 367 433 
stack 16:    151 132 230 288 431 167 185 
stack 17:    474 268 236 270 465 208 175 
stack 18:    210 468 399 409 322 450 233 
stack 19:    201 325 407 70 68 491 430 
stack 20:    152 164 115 142 274 179 105 
stack 21:    490 261 188 54 423 88 426 
stack 22:    258 416 466 82 480 85 473 
stack 23:    47 191 7 315 55 154 144 
stack 24:    173 415 225 389 118 143 181 
stack 25:    266 184 411 379 311 292 215 
stack 26:    253 413 97 279 406 400 405 
stack 27:    92 293 106 483 385 265 275 
stack 28:    44 384 178 66 464 160 119 
stack 29:    69 207 146 224 23 94 169 
stack 30:    135 495 227 110 10 263 295 
stack 31:    470 284 408 9 61 273 395 
stack 32:    391 64 357 27 216 424 445 
stack 33:    372 121 120 412 386 16 362 
stack 34:    62 102 420 378 174 252 209 
stack 35:    242 439 318 440 354 195 337 
stack 36:    76 363 52 5 345 255 84 
stack 37:    271 149 78 446 22 77 421 
stack 38:    43 457 298 338 199 442 456 
stack 39:    203 256 316 499 243 296 21 
stack 40:    388 469 46 392 20 25 341 
stack 41:    93 361 434 108 481 192 217 
stack 42:    14 147 321 387 212 403 339 
stack 43:    394 29 51 220 396 74 250 
stack 44:    100 96 402 437 229 18 324 
stack 45:    460 259 238 111 267 226 291 
stack 46:    314 99 346 353 241 12 170 
stack 47:    365 351 355 133 313 130 223 
stack 48:    280 336 485 124 488 290 136 
stack 49:    202 231 401 205 33 137 158 
stack 50:    56 116 369 286 425 297 380 
stack 51:    436 300 90 139 310 404 282 
stack 52:    301 73 168 247 348 138 277 
stack 53:    240 71 91 459 80 221 165 
stack 54:    125 398 128 42 109 330 329 
stack 55:    350 377 60 145 222 334 48 
stack 56:    376 393 35 455 15 496 72 
stack 57:    482 156 358 153 123 98 34 
stack 58:    477 218 176 41 131 462 461 
stack 59:    285 489 486 272 443 248 343 
stack 60:    471 81 107 58 101 19 304 
stack 61:    332 344 239 117 429 374 40 
stack 62:    417 249 487 183 371 37 493 
stack 63:    83 427 335 340 326 331 4 
stack 64:    287 312 432 360 150 428 24 
stack 65:    397 305 189 276 364 31 219 
stack 66:    129 193 492 262 383 497 140 
stack 67:    320 359 453 257 32 303 
stack 68:    451 370 103 196 232 171 319 
stack 69:    237 375 87 352 254 50 299 
stack 70:    39 214 163 
stack 71:    327 17 289 
stack 72:    368 260 13 
stack 73:    172 390 
stack 74:    
stack 75:    
stack 76:    
stack 77:    
stack 78:    
stack 79:    
stack 80:    
stack 81:    
stack 82:    
stack 83:    
stack 84:    
stack 85:    
stack 86:    
