solved with: SP.deprecated.TabuSearch
time limit: 1800.0 s
time to solve: 247,94 s
objective value: 310023.82

stacks (top to bottom):
stack 0:    
stack 1:    1 
stack 2:    2 
stack 3:    253 
stack 4:    254 
stack 5:    255 
stack 6:    256 
stack 7:    
stack 8:    8 258 
stack 9:    167 13 166 9 50 260 
stack 10:    263 10 16 81 20 189 183 
stack 11:    266 460 224 12 423 162 11 
stack 12:    233 346 367 54 333 357 385 
stack 13:    14 177 415 208 213 178 295 
stack 14:    371 53 67 248 23 336 449 
stack 15:    450 270 131 389 438 312 28 
stack 16:    271 433 315 27 124 33 31 
stack 17:    19 420 18 484 358 22 93 
stack 18:    399 362 147 477 96 485 338 
stack 19:    351 337 409 32 26 215 269 
stack 20:    100 186 175 30 155 368 396 
stack 21:    196 418 34 392 199 63 481 
stack 22:    225 348 374 393 135 302 347 
stack 23:    25 473 231 339 470 457 442 
stack 24:    86 89 437 99 133 88 165 
stack 25:    289 380 461 184 36 44 425 
stack 26:    122 140 382 496 439 319 85 
stack 27:    202 471 66 61 478 453 292 
stack 28:    322 56 310 108 59 49 55 
stack 29:    317 47 229 77 432 62 430 
stack 30:    242 387 227 487 76 377 238 
stack 31:    148 198 134 69 95 84 210 
stack 32:    303 129 440 402 192 448 127 
stack 33:    79 40 105 386 211 115 370 
stack 34:    35 297 375 48 73 201 340 
stack 35:    492 288 228 305 149 291 136 
stack 36:    426 372 158 466 209 91 42 
stack 37:    125 141 103 207 493 307 241 
stack 38:    120 495 237 352 499 83 401 
stack 39:    321 388 152 381 218 64 200 
stack 40:    232 313 398 65 240 138 462 
stack 41:    452 361 465 116 52 190 156 
stack 42:    205 119 171 406 60 354 191 
stack 43:    142 323 234 244 110 195 300 
stack 44:    0 250 
stack 45:    251 
stack 46:    252 
stack 47:    3 
stack 48:    4 
stack 49:    5 
stack 50:    6 
stack 51:    7 
stack 52:    257 
stack 53:    17 261 180 70 400 278 259 
stack 54:    24 494 267 332 264 360 290 
stack 55:    286 29 280 455 112 113 194 
stack 56:    265 309 335 277 102 467 262 
stack 57:    169 188 15 483 230 126 276 
stack 58:    349 376 469 87 146 331 463 
stack 59:    284 282 57 394 130 243 159 
stack 60:    356 345 482 98 308 412 279 
stack 61:    474 324 480 285 182 283 143 
stack 62:    39 235 373 268 468 239 427 
stack 63:    429 151 364 391 363 472 275 
stack 64:    441 164 273 274 145 106 223 
stack 65:    272 21 226 172 181 369 212 
stack 66:    163 343 109 185 447 221 123 
stack 67:    311 355 246 298 78 287 366 
stack 68:    117 404 329 413 407 293 197 
stack 69:    476 421 281 104 397 446 132 
stack 70:    294 80 411 342 458 341 435 
stack 71:    137 464 121 37 414 68 325 
stack 72:    304 82 107 74 101 139 46 
stack 73:    71 173 320 459 296 306 154 
stack 74:    428 153 72 491 168 90 344 
stack 75:    403 157 222 384 43 444 236 
stack 76:    75 498 160 193 390 219 327 
stack 77:    216 353 41 451 434 314 150 
stack 78:    249 408 328 486 445 245 114 
stack 79:    161 318 176 45 217 94 365 
stack 80:    179 378 489 419 422 206 187 
stack 81:    326 456 204 454 111 417 350 
stack 82:    92 497 475 410 299 334 38 
stack 83:    479 330 359 436 424 405 128 
stack 84:    383 301 214 247 118 443 174 
stack 85:    51 395 379 203 58 220 431 
stack 86:    144 490 97 170 416 316 488 

#####################################################

solved with: SP.post_optimization_methods.HillClimbing
time limit: 1800.0 s
time to solve: 130,83 s
objective value: 310023.82

stacks (top to bottom):
stack 0:    
stack 1:    1 
stack 2:    2 
stack 3:    253 
stack 4:    254 
stack 5:    255 
stack 6:    256 
stack 7:    
stack 8:    257 258 
stack 9:    359 141 9 264 333 260 
stack 10:    418 491 10 261 470 327 95 
stack 11:    433 27 188 220 60 279 33 
stack 12:    179 162 145 140 496 292 385 
stack 13:    399 14 471 280 88 165 350 
stack 14:    92 436 121 409 285 181 230 
stack 15:    322 479 298 199 487 15 431 
stack 16:    482 371 245 22 296 347 154 
stack 17:    410 20 448 91 360 127 52 
stack 18:    117 160 29 107 170 189 275 
stack 19:    203 151 364 34 291 287 236 
stack 20:    379 175 391 119 406 377 212 
stack 21:    284 422 281 182 28 200 38 
stack 22:    47 164 106 244 115 338 316 
stack 23:    232 89 152 147 278 215 68 
stack 24:    349 167 173 274 133 190 370 
stack 25:    289 492 247 96 112 458 84 
stack 26:    233 318 297 130 363 405 50 
stack 27:    286 346 467 375 83 295 136 
stack 28:    137 235 214 381 373 477 393 
stack 29:    480 452 437 407 184 43 300 
stack 30:    466 237 57 402 401 64 73 
stack 31:    460 224 249 198 61 320 114 
stack 32:    72 424 97 192 231 412 414 
stack 33:    469 40 113 211 74 453 110 
stack 34:    51 303 144 35 45 396 241 
stack 35:    125 419 305 102 149 368 187 
stack 36:    355 315 78 483 150 325 430 
stack 37:    351 456 138 105 87 328 445 
stack 38:    120 464 421 54 493 93 357 
stack 39:    202 225 122 386 462 336 210 
stack 40:    324 411 219 374 434 302 365 
stack 41:    345 131 80 248 444 468 459 
stack 42:    329 495 171 472 366 354 331 
stack 43:    153 82 308 420 240 358 194 
stack 44:    0 250 
stack 45:    251 
stack 46:    252 
stack 47:    3 
stack 48:    4 
stack 49:    5 
stack 50:    6 
stack 51:    7 
stack 52:    8 
stack 53:    12 99 268 376 116 259 276 
stack 54:    392 242 63 76 243 307 269 
stack 55:    16 267 17 440 277 11 31 
stack 56:    383 186 309 438 262 446 143 
stack 57:    13 263 265 226 476 55 132 
stack 58:    266 317 273 222 319 223 442 
stack 59:    271 75 282 301 378 367 195 
stack 60:    24 25 352 334 37 229 134 
stack 61:    395 330 169 158 26 59 432 
stack 62:    19 270 18 36 101 69 463 
stack 63:    39 100 246 227 387 238 62 
stack 64:    196 272 473 193 478 23 449 
stack 65:    294 21 372 209 337 332 103 
stack 66:    404 429 58 213 178 447 221 
stack 67:    163 489 172 208 48 443 314 
stack 68:    313 326 343 176 207 139 290 
stack 69:    311 335 155 32 104 42 201 
stack 70:    56 344 30 185 415 217 94 
stack 71:    356 398 204 53 461 118 416 
stack 72:    288 79 388 98 380 135 197 
stack 73:    166 228 81 206 299 369 488 
stack 74:    441 157 382 353 439 85 174 
stack 75:    474 129 454 485 41 486 156 
stack 76:    161 450 304 124 457 46 191 
stack 77:    426 475 108 499 389 312 283 
stack 78:    403 216 361 455 451 417 123 
stack 79:    498 109 310 90 394 159 481 
stack 80:    205 234 323 66 342 77 397 
stack 81:    148 490 321 465 218 239 435 
stack 82:    497 177 400 65 348 425 183 
stack 83:    168 413 180 339 49 427 128 
stack 84:    423 384 408 71 146 293 341 
stack 85:    86 428 67 70 390 484 306 
stack 86:    142 494 362 44 111 340 126 
