lower bound for relaxed s_ij: 310027.44

#####################################################

solved with: SP.mip_formulations.BinPackingFormulation
time limit: 1800.0 s
time to solve: 585,86 s
objective value: 310042.0

stacks (top to bottom):
stack 0:    0 
stack 1:    1 
stack 2:    2 
stack 3:    253 
stack 4:    254 
stack 5:    5 
stack 6:    6 
stack 7:    
stack 8:    258 
stack 9:    190 315 475 437 9 128 
stack 10:    332 340 10 172 249 301 67 
stack 11:    370 125 336 214 365 228 426 
stack 12:    155 449 293 179 189 75 222 
stack 13:    51 362 420 311 239 287 263 
stack 14:    264 387 140 310 186 438 338 
stack 15:    314 21 265 245 231 182 160 
stack 16:    344 131 184 100 391 309 16 
stack 17:    374 205 158 22 218 313 99 
stack 18:    333 211 223 57 268 88 170 
stack 19:    269 489 146 430 199 425 413 
stack 20:    388 329 153 46 343 305 348 
stack 21:    234 142 466 342 49 434 96 
stack 22:    439 345 445 369 84 294 279 
stack 23:    381 149 481 457 367 487 349 
stack 24:    463 433 417 331 319 357 24 
stack 25:    392 354 136 444 167 498 103 
stack 26:    402 112 404 394 171 26 132 
stack 27:    334 115 382 399 327 64 454 
stack 28:    474 363 292 464 148 477 490 
stack 29:    456 447 436 427 470 87 476 
stack 30:    443 485 221 472 284 55 496 
stack 31:    35 441 95 197 134 450 243 
stack 32:    462 451 226 484 187 460 66 
stack 33:    113 236 178 422 47 200 176 
stack 34:    378 238 376 300 98 161 97 
stack 35:    285 74 418 298 210 393 135 
stack 36:    81 385 398 356 396 120 395 
stack 37:    411 389 414 106 323 383 196 
stack 38:    288 165 296 384 201 185 163 
stack 39:    194 111 408 73 209 109 40 
stack 40:    299 339 353 141 90 364 290 
stack 41:    144 220 419 213 195 102 41 
stack 42:    122 403 341 499 156 150 72 
stack 43:    435 61 79 488 86 68 401 
stack 44:    250 
stack 45:    251 
stack 46:    3 
stack 47:    252 
stack 48:    4 
stack 49:    
stack 50:    255 256 
stack 51:    7 
stack 52:    8 257 
stack 53:    486 259 241 77 78 227 295 
stack 54:    260 23 248 244 85 473 242 
stack 55:    204 12 181 133 129 261 11 
stack 56:    233 124 330 89 335 262 468 
stack 57:    320 366 303 13 121 312 276 
stack 58:    52 105 206 322 151 497 14 
stack 59:    15 219 207 126 453 203 346 
stack 60:    266 224 192 471 492 458 143 
stack 61:    76 407 380 101 267 118 17 
stack 62:    479 19 424 410 157 18 347 
stack 63:    412 104 139 117 270 400 48 
stack 64:    355 377 123 409 65 138 20 
stack 65:    217 53 152 271 180 337 193 
stack 66:    360 127 272 316 25 350 94 
stack 67:    423 478 482 82 208 273 321 
stack 68:    431 297 390 325 274 494 308 
stack 69:    358 429 198 371 406 119 275 
stack 70:    328 247 452 183 232 92 230 
stack 71:    27 491 277 174 386 159 317 
stack 72:    278 373 379 235 326 169 28 
stack 73:    480 91 29 147 432 83 455 
stack 74:    59 368 280 281 30 428 110 
stack 75:    215 372 212 62 50 31 465 
stack 76:    416 173 58 282 34 38 32 
stack 77:    33 283 168 56 45 164 188 
stack 78:    225 306 421 63 467 397 43 
stack 79:    483 44 42 130 318 71 54 
stack 80:    36 162 145 286 351 229 37 
stack 81:    175 114 459 359 108 137 415 
stack 82:    469 352 375 107 246 154 60 
stack 83:    240 495 307 70 39 289 69 
stack 84:    442 191 216 177 361 202 166 
stack 85:    493 440 291 461 448 304 80 
stack 86:    116 93 237 446 324 405 302 

#####################################################

solved with: SP.constructive_heuristics.GeneralHeuristic
time limit: 1800.0 s
time to solve: 0,00 s
objective value: 335473.08

stacks (top to bottom):
stack 0:    33 385 466 49 228 167 273 
stack 1:    81 303 255 161 401 405 110 
stack 2:    2 368 79 237 222 160 17 
stack 3:    380 211 34 357 419 102 359 
stack 4:    332 168 286 115 98 382 365 
stack 5:    234 4 236 260 178 304 85 
stack 6:    344 328 225 422 232 63 71 
stack 7:    205 486 296 377 282 107 195 
stack 8:    398 277 241 1 420 141 100 
stack 9:    13 293 439 218 118 497 399 
stack 10:    269 58 184 390 82 384 109 
stack 11:    319 5 369 425 28 428 455 
stack 12:    89 481 65 437 88 263 54 
stack 13:    452 23 26 41 32 465 415 
stack 14:    299 339 495 166 68 498 97 
stack 15:    36 285 469 292 56 188 289 
stack 16:    333 266 336 342 249 274 454 
stack 17:    358 378 238 356 121 199 150 
stack 18:    478 149 471 483 408 458 66 
stack 19:    21 127 367 194 25 364 490 
stack 20:    91 208 461 448 253 468 94 
stack 21:    61 70 191 29 361 252 203 
stack 22:    74 45 120 202 494 40 350 
stack 23:    152 226 322 453 239 410 230 
stack 24:    447 456 418 135 147 182 476 
stack 25:    113 37 371 450 487 477 119 
stack 26:    6 440 372 443 250 186 193 
stack 27:    15 126 77 441 227 406 231 
stack 28:    10 352 172 192 73 335 163 
stack 29:    142 190 206 280 153 404 284 
stack 30:    124 353 265 301 169 257 196 
stack 31:    76 306 291 421 92 43 467 
stack 32:    144 315 221 42 472 30 308 
stack 33:    429 414 430 470 276 460 395 
stack 34:    370 125 362 116 345 432 11 
stack 35:    314 392 187 84 130 313 347 
stack 36:    463 360 220 111 0 140 290 
stack 37:    435 240 39 139 393 400 321 
stack 38:    388 27 341 389 95 427 326 
stack 39:    278 334 12 201 185 80 459 
stack 40:    493 175 47 248 176 200 242 
stack 41:    423 181 38 329 44 9 138 
stack 42:    215 297 112 485 171 386 83 
stack 43:    52 162 489 198 491 151 324 
stack 44:    442 210 298 117 64 24 261 
stack 45:    204 403 351 156 197 424 16 
stack 46:    254 155 457 213 246 262 413 
stack 47:    363 412 22 376 373 229 177 
stack 48:    480 75 180 87 444 343 294 
stack 49:    431 433 35 330 268 132 137 
stack 50:    402 264 183 114 108 496 275 
stack 51:    145 451 90 174 258 318 96 
stack 52:    259 173 123 482 492 387 302 
stack 53:    288 300 484 134 346 243 157 
stack 54:    416 51 436 307 164 14 48 
stack 55:    340 355 375 331 271 214 86 
stack 56:    381 417 325 409 295 99 72 
stack 57:    475 272 55 50 60 287 128 
stack 58:    474 462 93 311 323 78 67 
stack 59:    233 366 224 223 57 209 397 
stack 60:    320 207 189 445 235 391 170 
stack 61:    217 158 464 106 446 3 473 
stack 62:    407 53 379 46 349 143 244 
stack 63:    449 105 499 383 159 316 305 
stack 64:    247 212 62 309 434 103 256 
stack 65:    411 19 281 31 348 20 279 
stack 66:    148 146 312 337 18 69 338 
stack 67:    59 219 216 7 488 396 438 
stack 68:    374 122 283 165 179 131 327 
stack 69:    479 101 154 251 
stack 70:    104 354 245 8 317 
stack 71:    267 270 426 
stack 72:    133 129 310 
stack 73:    394 
stack 74:    136 
stack 75:    
stack 76:    
stack 77:    
stack 78:    
stack 79:    
stack 80:    
stack 81:    
stack 82:    
stack 83:    
stack 84:    
stack 85:    
stack 86:    
