lower bound for relaxed s_ij: 310018.94

#####################################################

solved with: SP.mip_formulations.BinPackingFormulation
time limit: 1800.0 s
time to solve: 560,09 s
objective value: 310023.82

stacks (top to bottom):
stack 0:    
stack 1:    1 
stack 2:    2 
stack 3:    253 
stack 4:    254 
stack 5:    255 
stack 6:    6 256 
stack 7:    
stack 8:    258 
stack 9:    233 144 21 79 9 260 
stack 10:    196 284 10 58 57 405 363 
stack 11:    39 160 437 400 444 393 111 
stack 12:    153 304 477 486 446 55 442 
stack 13:    494 351 345 104 26 239 463 
stack 14:    491 378 361 240 339 190 183 
stack 15:    265 109 419 335 309 401 189 
stack 16:    323 225 384 71 484 427 414 
stack 17:    117 17 70 87 64 134 84 
stack 18:    475 464 410 151 352 337 208 
stack 19:    413 218 107 165 74 85 195 
stack 20:    231 141 412 375 81 438 59 
stack 21:    465 407 374 342 43 293 292 
stack 22:    441 106 496 439 459 197 174 
stack 23:    317 324 202 274 23 215 94 
stack 24:    371 409 228 155 421 369 93 
stack 25:    359 56 172 334 178 458 69 
stack 26:    379 466 343 297 78 76 276 
stack 27:    426 311 436 310 406 199 27 
stack 28:    474 456 467 440 91 83 470 
stack 29:    383 142 222 382 417 115 114 
stack 30:    346 301 30 394 60 62 46 
stack 31:    398 482 214 80 471 451 302 
stack 32:    460 480 234 455 44 478 449 
stack 33:    47 216 198 122 145 453 41 
stack 34:    203 489 299 312 217 77 365 
stack 35:    479 490 473 388 149 45 285 
stack 36:    294 164 157 173 454 61 135 
stack 37:    249 353 244 140 319 385 325 
stack 38:    232 175 391 171 63 377 457 
stack 39:    120 186 176 121 402 305 431 
stack 40:    330 246 242 119 188 130 50 
stack 41:    163 185 181 201 338 123 154 
stack 42:    137 237 213 102 48 156 350 
stack 43:    355 392 364 487 387 220 472 
stack 44:    0 250 
stack 45:    251 
stack 46:    252 
stack 47:    3 
stack 48:    4 
stack 49:    5 
stack 50:    257 
stack 51:    7 
stack 52:    8 
stack 53:    235 75 380 99 386 259 397 
stack 54:    289 321 362 445 128 236 210 
stack 55:    349 205 428 318 261 11 316 
stack 56:    12 177 376 138 65 262 132 
stack 57:    263 13 226 90 192 368 200 
stack 58:    497 326 313 14 264 432 327 
stack 59:    51 429 86 492 450 209 15 
stack 60:    266 16 469 113 96 358 143 
stack 61:    179 267 53 248 336 101 139 
stack 62:    161 268 18 360 229 230 333 
stack 63:    224 129 19 103 291 483 269 
stack 64:    270 20 238 212 493 340 191 
stack 65:    271 433 227 396 243 159 370 
stack 66:    356 148 272 22 296 223 300 
stack 67:    273 221 182 49 52 331 126 
stack 68:    24 495 100 372 424 415 488 
stack 69:    25 476 108 277 206 42 275 
stack 70:    395 169 344 97 332 124 481 
stack 71:    82 147 67 116 66 468 28 
stack 72:    408 278 320 425 347 306 194 
stack 73:    29 447 422 389 279 307 354 
stack 74:    280 348 219 118 443 416 290 
stack 75:    162 381 308 180 152 281 31 
stack 76:    282 131 98 32 207 136 241 
stack 77:    92 125 315 33 283 150 430 
stack 78:    418 404 329 298 34 295 357 
stack 79:    322 35 166 367 170 127 110 
stack 80:    286 204 247 112 36 341 314 
stack 81:    167 399 168 89 499 37 287 
stack 82:    303 72 288 461 328 88 38 
stack 83:    452 373 184 390 105 485 73 
stack 84:    420 40 462 146 133 434 245 
stack 85:    423 403 193 411 211 95 68 
stack 86:    498 158 448 54 187 366 435 

#####################################################

solved with: SP.constructive_heuristics.GeneralHeuristic
time limit: 1800.0 s
time to solve: 0,01 s
objective value: 335703.36

stacks (top to bottom):
stack 0:    235 82 204 80 308 190 236 
stack 1:    205 399 419 352 405 256 385 
stack 2:    202 465 407 87 477 73 350 
stack 3:    12 304 172 5 431 260 241 
stack 4:    47 247 41 397 258 93 210 
stack 5:    474 274 173 71 140 445 425 
stack 6:    311 1 125 100 242 188 27 
stack 7:    282 144 321 374 347 306 296 
stack 8:    492 351 131 229 26 181 252 
stack 9:    186 298 246 394 368 50 442 
stack 10:    428 233 40 189 312 52 338 
stack 11:    162 353 106 135 115 69 150 
stack 12:    349 323 244 439 94 488 183 
stack 13:    362 14 213 208 81 285 132 
stack 14:    160 337 90 264 360 275 307 
stack 15:    303 109 406 487 15 60 340 
stack 16:    456 482 420 180 454 417 114 
stack 17:    410 466 158 237 155 447 59 
stack 18:    117 497 450 98 279 481 276 
stack 19:    429 418 263 169 364 483 331 
stack 20:    433 391 124 33 493 463 46 
stack 21:    329 491 67 23 336 88 449 
stack 22:    86 402 440 192 185 375 217 
stack 23:    494 473 231 334 421 64 134 
stack 24:    383 273 253 393 133 320 293 
stack 25:    289 380 461 147 184 44 416 
stack 26:    142 216 66 218 127 77 154 
stack 27:    286 19 413 102 54 299 187 
stack 28:    89 193 105 342 348 165 174 
stack 29:    167 423 452 234 384 146 223 
stack 30:    137 227 387 377 295 238 62 
stack 31:    249 198 61 123 95 55 327 
stack 32:    490 72 436 30 424 97 297 
stack 33:    13 301 332 409 103 20 31 
stack 34:    284 272 345 35 45 170 11 
stack 35:    346 288 267 149 305 291 191 
stack 36:    355 315 363 78 38 430 365 
stack 37:    294 138 361 65 107 111 197 
stack 38:    120 344 83 499 401 42 341 
stack 39:    21 152 376 3 259 446 435 
stack 40:    240 268 53 96 118 328 292 
stack 41:    163 343 489 108 178 48 300 
stack 42:    495 34 171 243 472 366 354 
stack 43:    148 317 157 122 382 496 2 
stack 44:    265 313 0 471 207 68 357 
stack 45:    371 214 228 37 412 443 156 
stack 46:    39 378 248 485 211 444 459 
stack 47:    196 175 379 176 415 438 110 
stack 48:    51 322 29 112 455 457 370 
stack 49:    426 395 464 372 166 121 76 
stack 50:    261 116 219 386 486 453 458 
stack 51:    356 179 224 225 145 319 84 
stack 52:    75 17 16 250 287 128 325 
stack 53:    266 164 469 400 36 43 22 
stack 54:    8 56 475 392 63 199 200 
stack 55:    232 318 129 277 467 396 333 
stack 56:    271 359 335 309 91 262 136 
stack 57:    498 153 141 389 448 201 126 
stack 58:    222 484 358 478 245 85 194 
stack 59:    479 398 10 79 209 130 159 
stack 60:    24 203 119 220 212 269 283 
stack 61:    330 151 58 6 221 28 432 
stack 62:    373 280 70 257 468 251 101 
stack 63:    460 168 388 437 422 49 414 
stack 64:    324 403 441 411 254 434 302 
stack 65:    226 310 367 369 339 239 195 
stack 66:    480 381 206 9 182 4 143 
stack 67:    404 7 177 270 18 451 316 
stack 68:    161 326 390 113 462 139 290 
stack 69:    25 476 57 281 32 104 230 
stack 70:    408 278 215 314 
stack 71:    92 427 
stack 72:    99 74 
stack 73:    470 
stack 74:    255 
stack 75:    
stack 76:    
stack 77:    
stack 78:    
stack 79:    
stack 80:    
stack 81:    
stack 82:    
stack 83:    
stack 84:    
stack 85:    
stack 86:    
