solved with: SP.deprecated.TabuSearch
time limit: 1800.0 s
time to solve: 231,29 s
objective value: 310020.12

stacks (top to bottom):
stack 0:    
stack 1:    
stack 2:    
stack 3:    
stack 4:    
stack 5:    5 
stack 6:    6 
stack 7:    7 
stack 8:    258 
stack 9:    316 388 247 35 371 259 
stack 10:    350 22 299 10 353 139 88 
stack 11:    199 12 332 151 240 302 227 
stack 12:    269 210 150 442 232 241 146 
stack 13:    265 266 63 162 413 207 356 
stack 14:    47 209 107 374 458 478 26 
stack 15:    383 208 16 122 358 230 18 
stack 16:    361 275 34 366 276 317 203 
stack 17:    330 456 387 164 69 176 271 
stack 18:    24 20 27 354 307 268 285 
stack 19:    294 365 104 289 211 31 245 
stack 20:    321 79 165 23 281 323 372 
stack 21:    272 331 212 415 304 43 324 
stack 22:    286 171 391 42 74 28 306 
stack 23:    319 433 102 141 401 90 138 
stack 24:    360 472 292 301 32 488 367 
stack 25:    163 322 280 489 446 186 421 
stack 26:    29 399 51 184 408 422 36 
stack 27:    474 410 499 290 434 33 484 
stack 28:    158 237 221 296 384 204 68 
stack 29:    174 414 418 454 382 64 106 
stack 30:    364 187 97 283 447 206 86 
stack 31:    486 135 441 393 461 99 103 
stack 32:    83 376 190 369 448 337 59 
stack 33:    378 172 142 124 348 462 416 
stack 34:    239 173 56 220 167 300 117 
stack 35:    188 430 161 352 409 443 148 
stack 36:    229 189 404 368 136 238 194 
stack 37:    77 370 449 420 159 39 496 
stack 38:    402 236 491 126 178 335 95 
stack 39:    465 225 451 445 143 346 81 
stack 40:    351 115 185 198 412 291 471 
stack 41:    41 345 222 444 476 495 145 
stack 42:    147 297 219 398 417 426 197 
stack 43:    464 133 325 89 45 62 140 
stack 44:    1 250 0 
stack 45:    251 
stack 46:    252 2 
stack 47:    3 
stack 48:    254 4 253 
stack 49:    255 
stack 50:    256 
stack 51:    257 
stack 52:    8 
stack 53:    262 261 149 477 9 13 260 
stack 54:    17 75 362 11 460 84 19 
stack 55:    14 278 248 38 397 338 52 
stack 56:    406 263 270 72 326 424 473 
stack 57:    144 195 264 21 137 183 191 
stack 58:    470 309 463 66 113 192 436 
stack 59:    76 15 431 200 111 396 375 
stack 60:    343 217 295 279 92 223 87 
stack 61:    339 96 467 214 312 267 490 
stack 62:    157 305 129 234 202 44 25 
stack 63:    284 282 494 226 329 67 120 
stack 64:    342 437 482 181 177 340 128 
stack 65:    400 134 105 419 48 205 213 
stack 66:    123 341 359 216 440 153 385 
stack 67:    327 313 403 242 273 101 53 
stack 68:    249 274 429 82 235 155 130 
stack 69:    58 466 277 468 218 91 40 
stack 70:    453 459 196 65 179 193 480 
stack 71:    492 344 114 37 392 94 246 
stack 72:    308 100 125 469 432 49 320 
stack 73:    483 233 450 428 154 80 169 
stack 74:    110 182 228 85 379 357 30 
stack 75:    394 497 298 112 479 390 168 
stack 76:    311 389 119 334 452 201 132 
stack 77:    373 215 93 487 118 314 328 
stack 78:    131 427 333 336 355 386 244 
stack 79:    405 121 455 243 70 287 363 
stack 80:    475 108 160 71 425 423 411 
stack 81:    485 231 380 303 55 498 54 
stack 82:    310 180 377 493 288 224 439 
stack 83:    170 127 175 315 438 347 457 
stack 84:    395 57 78 435 381 166 73 
stack 85:    481 407 156 61 152 349 50 
stack 86:    116 98 318 109 293 60 46 

#####################################################

solved with: SP.post_optimization_methods.HillClimbing
time limit: 1800.0 s
time to solve: 115,83 s
objective value: 310023.74

stacks (top to bottom):
stack 0:    
stack 1:    
stack 2:    
stack 3:    
stack 4:    
stack 5:    5 
stack 6:    6 
stack 7:    7 
stack 8:    258 
stack 9:    264 192 142 13 259 
stack 10:    261 12 22 299 176 11 19 
stack 11:    265 263 47 355 349 432 423 
stack 12:    345 448 179 301 460 90 145 
stack 13:    165 281 109 120 36 412 356 
stack 14:    83 481 100 482 61 125 87 
stack 15:    185 16 315 175 136 230 18 
stack 16:    231 160 204 382 48 439 271 
stack 17:    483 313 113 23 372 381 246 
stack 18:    163 190 380 97 283 193 440 
stack 19:    365 92 104 67 477 338 146 
stack 20:    310 34 430 217 39 150 26 
stack 21:    376 272 415 467 203 443 74 
stack 22:    351 388 29 122 286 247 391 
stack 23:    298 172 44 273 124 171 178 
stack 24:    199 119 452 359 55 33 153 
stack 25:    188 279 323 60 28 84 117 
stack 26:    474 420 37 495 392 371 324 
stack 27:    135 105 419 240 312 30 490 
stack 28:    394 77 444 499 161 164 401 
stack 29:    449 229 170 294 368 438 238 
stack 30:    110 210 239 196 82 218 191 
stack 31:    245 31 335 53 390 347 306 
stack 32:    343 284 322 75 242 314 166 
stack 33:    174 450 402 287 70 228 307 
stack 34:    342 209 451 107 424 469 300 
stack 35:    404 399 51 422 46 207 140 
stack 36:    453 131 243 308 333 304 68 
stack 37:    370 373 208 184 112 479 194 
stack 38:    316 358 183 95 348 169 484 
stack 39:    180 429 332 400 173 182 396 
stack 40:    158 78 198 463 435 137 291 
stack 41:    327 189 127 378 408 42 416 
stack 42:    98 403 475 352 154 442 353 
stack 43:    133 295 409 101 421 45 138 
stack 44:    1 0 250 
stack 45:    251 
stack 46:    252 253 2 
stack 47:    3 
stack 48:    254 4 
stack 49:    255 
stack 50:    256 
stack 51:    257 
stack 52:    8 9 
stack 53:    65 10 64 91 267 62 260 
stack 54:    262 461 491 289 487 35 293 
stack 55:    14 331 248 337 219 340 488 
stack 56:    269 459 249 212 152 59 320 
stack 57:    222 354 241 141 103 43 130 
stack 58:    330 15 455 266 111 49 197 
stack 59:    456 431 200 296 20 426 375 
stack 60:    275 144 276 236 211 223 94 
stack 61:    17 414 454 278 268 52 168 
stack 62:    311 274 156 270 346 86 457 
stack 63:    321 393 472 366 292 303 328 
stack 64:    464 492 329 93 25 21 81 
stack 65:    389 493 427 102 334 214 40 
stack 66:    405 339 280 318 80 285 367 
stack 67:    41 234 24 341 63 71 32 
stack 68:    282 344 398 27 213 379 411 
stack 69:    383 129 233 489 277 89 132 
stack 70:    407 447 326 143 206 167 155 
stack 71:    157 225 410 56 336 374 473 
stack 72:    465 108 441 50 216 498 88 
stack 73:    237 134 38 384 357 139 363 
stack 74:    187 151 85 69 425 224 106 
stack 75:    486 406 437 181 458 244 385 
stack 76:    485 305 377 221 386 445 177 
stack 77:    123 319 58 72 128 496 478 
stack 78:    121 76 433 369 317 232 54 
stack 79:    418 350 387 288 235 73 471 
stack 80:    497 325 466 434 468 162 413 
stack 81:    79 290 446 149 397 205 436 
stack 82:    395 215 494 195 186 220 480 
stack 83:    115 428 202 201 417 99 302 
stack 84:    360 159 309 362 118 148 227 
stack 85:    361 297 57 96 66 476 226 
stack 86:    364 116 147 470 114 126 462 
