solved with: SP.deprecated.TabuSearch
time limit: 1800.0 s
time to solve: 310,09 s
objective value: 310037.12

stacks (top to bottom):
stack 0:    0 250 
stack 1:    
stack 2:    251 
stack 3:    3 
stack 4:    4 
stack 5:    5 
stack 6:    
stack 7:    257 
stack 8:    
stack 9:    370 9 313 261 197 
stack 10:    270 264 168 39 141 262 156 
stack 11:    219 205 434 280 177 32 70 
stack 12:    447 12 72 329 240 464 487 
stack 13:    341 274 424 383 388 20 63 
stack 14:    492 16 266 166 294 338 31 
stack 15:    364 425 244 310 143 45 268 
stack 16:    17 347 180 283 360 330 320 
stack 17:    19 235 433 94 43 273 83 
stack 18:    121 151 132 423 131 408 149 
stack 19:    411 230 100 25 42 243 75 
stack 20:    172 53 476 417 339 112 33 
stack 21:    439 102 420 299 40 458 389 
stack 22:    213 390 325 477 49 22 282 
stack 23:    35 348 173 204 30 334 171 
stack 24:    239 295 376 162 438 323 275 
stack 25:    432 60 485 117 398 286 343 
stack 26:    55 108 468 436 133 297 109 
stack 27:    344 287 391 292 486 103 445 
stack 28:    456 335 34 136 307 279 416 
stack 29:    98 147 104 66 431 124 93 
stack 30:    187 374 194 175 140 85 460 
stack 31:    395 426 65 191 281 56 377 
stack 32:    375 192 81 231 414 321 400 
stack 33:    387 298 146 178 217 450 498 
stack 34:    207 345 407 37 435 119 50 
stack 35:    457 86 127 46 409 82 90 
stack 36:    167 101 44 95 350 110 120 
stack 37:    354 225 495 385 190 340 153 
stack 38:    336 474 97 222 174 428 346 
stack 39:    405 159 152 322 224 327 227 
stack 40:    206 199 67 182 471 402 233 
stack 41:    139 312 342 315 77 248 373 
stack 42:    442 126 88 455 106 326 316 
stack 43:    185 467 314 209 368 451 441 
stack 44:    
stack 45:    1 2 
stack 46:    252 
stack 47:    253 
stack 48:    254 
stack 49:    255 
stack 50:    6 256 
stack 51:    7 258 
stack 52:    259 8 
stack 53:    490 118 18 14 351 10 11 
stack 54:    114 188 272 179 293 271 260 
stack 55:    319 488 214 27 285 130 459 
stack 56:    134 201 263 145 71 229 429 
stack 57:    401 378 68 328 21 13 371 
stack 58:    473 160 24 265 359 303 305 
stack 59:    218 15 196 300 267 356 422 
stack 60:    454 234 480 26 362 392 269 
stack 61:    484 232 463 352 202 189 38 
stack 62:    79 170 358 461 23 216 497 
stack 63:    69 355 276 489 78 296 394 
stack 64:    413 122 418 289 372 105 113 
stack 65:    277 475 381 138 220 499 249 
stack 66:    242 116 301 123 29 404 142 
stack 67:    74 208 481 437 99 427 237 
stack 68:    28 406 478 107 62 128 421 
stack 69:    331 430 57 198 73 163 36 
stack 70:    246 365 80 318 493 496 236 
stack 71:    195 211 291 184 397 410 308 
stack 72:    470 324 226 278 210 87 200 
stack 73:    403 181 380 129 148 440 304 
stack 74:    223 51 302 215 363 245 491 
stack 75:    228 479 91 241 58 164 472 
stack 76:    47 247 386 158 353 366 92 
stack 77:    349 89 382 419 165 115 212 
stack 78:    469 369 494 284 52 483 288 
stack 79:    396 193 61 453 96 444 317 
stack 80:    186 155 238 183 137 135 337 
stack 81:    452 54 399 415 157 384 125 
stack 82:    311 412 169 41 465 466 144 
stack 83:    309 48 482 333 59 367 357 
stack 84:    150 161 449 332 84 448 290 
stack 85:    221 64 76 393 176 361 203 
stack 86:    306 379 154 462 446 443 111 

#####################################################

solved with: SP.post_optimization_methods.HillClimbing
time limit: 1800.0 s
time to solve: 113,93 s
objective value: 310043.18

stacks (top to bottom):
stack 0:    0 250 
stack 1:    
stack 2:    251 
stack 3:    3 
stack 4:    4 
stack 5:    5 
stack 6:    
stack 7:    257 
stack 8:    14 
stack 9:    242 9 144 82 
stack 10:    55 436 71 310 450 402 11 
stack 11:    18 265 42 179 174 63 491 
stack 12:    12 57 80 394 90 45 269 
stack 13:    205 122 353 438 275 372 303 
stack 14:    354 186 365 127 104 66 337 
stack 15:    469 16 266 244 280 373 32 
stack 16:    17 274 123 446 360 443 70 
stack 17:    206 150 152 473 291 27 268 
stack 18:    213 228 432 480 214 284 455 
stack 19:    19 495 166 338 25 141 293 
stack 20:    134 492 355 417 81 276 131 
stack 21:    219 404 77 419 363 30 497 
stack 22:    411 341 78 112 210 410 233 
stack 23:    114 312 301 116 342 296 451 
stack 24:    195 369 102 465 471 135 483 
stack 25:    26 169 43 294 41 368 496 
stack 26:    187 239 381 201 226 231 164 
stack 27:    490 484 322 248 38 323 317 
stack 28:    396 335 34 160 36 119 498 
stack 29:    65 281 29 388 189 96 31 
stack 30:    474 89 287 243 458 113 227 
stack 31:    139 247 352 434 393 85 165 
stack 32:    295 220 93 416 204 236 441 
stack 33:    442 155 401 437 285 58 190 
stack 34:    157 68 107 88 241 52 99 
stack 35:    370 194 61 424 377 366 75 
stack 36:    375 475 147 229 350 149 428 
stack 37:    462 39 240 73 376 333 316 
stack 38:    447 379 72 315 383 224 245 
stack 39:    412 198 193 464 197 444 120 
stack 40:    211 439 94 318 356 87 429 
stack 41:    454 324 488 321 48 151 485 
stack 42:    399 390 339 298 100 132 422 
stack 43:    74 476 208 46 409 125 427 
stack 44:    
stack 45:    1 2 
stack 46:    252 
stack 47:    253 
stack 48:    254 
stack 49:    255 
stack 50:    6 256 
stack 51:    7 258 
stack 52:    260 8 
stack 53:    121 259 262 95 10 334 50 
stack 54:    277 270 347 420 264 261 290 
stack 55:    192 479 136 91 184 271 237 
stack 56:    386 263 168 124 278 22 156 
stack 57:    161 457 225 21 13 178 23 
stack 58:    154 272 425 397 15 493 203 
stack 59:    405 319 449 300 423 499 267 
stack 60:    468 329 489 24 325 359 398 
stack 61:    403 246 302 180 330 20 115 
stack 62:    336 418 103 289 361 177 83 
stack 63:    364 167 47 188 314 163 286 
stack 64:    306 86 384 62 481 358 392 
stack 65:    108 283 215 482 273 33 200 
stack 66:    207 183 37 407 106 217 357 
stack 67:    181 234 362 44 143 153 288 
stack 68:    470 415 28 378 406 328 346 
stack 69:    311 69 307 431 279 440 326 
stack 70:    172 238 170 67 182 435 282 
stack 71:    395 382 292 389 142 110 343 
stack 72:    309 60 53 126 345 472 459 
stack 73:    430 35 158 64 176 105 305 
stack 74:    467 51 232 191 445 327 367 
stack 75:    349 223 426 297 84 111 351 
stack 76:    221 129 230 40 145 414 49 
stack 77:    374 109 196 222 59 308 171 
stack 78:    331 97 391 486 76 460 92 
stack 79:    185 54 159 380 494 385 371 
stack 80:    79 478 146 461 199 128 216 
stack 81:    118 344 175 413 140 313 421 
stack 82:    299 133 463 332 453 162 130 
stack 83:    98 148 137 340 400 320 304 
stack 84:    218 387 101 433 235 466 408 
stack 85:    452 456 202 173 249 487 212 
stack 86:    138 209 348 117 477 56 448 
