solved with: SP.deprecated.TabuSearch
time limit: 1800.0 s
time to solve: 238,50 s
objective value: 310029.8

stacks (top to bottom):
stack 0:    0 
stack 1:    
stack 2:    
stack 3:    
stack 4:    4 
stack 5:    5 
stack 6:    
stack 7:    
stack 8:    
stack 9:    261 497 258 364 488 28 
stack 10:    136 260 214 406 100 71 324 
stack 11:    105 98 267 45 11 419 24 
stack 12:    392 409 119 245 451 342 429 
stack 13:    450 36 40 99 266 461 463 
stack 14:    210 65 120 14 276 455 321 
stack 15:    265 400 274 133 161 228 16 
stack 16:    180 361 272 417 286 174 97 
stack 17:    20 356 19 490 17 453 352 
stack 18:    372 412 248 319 74 423 132 
stack 19:    183 146 365 281 458 287 43 
stack 20:    303 315 234 484 443 190 26 
stack 21:    387 191 278 449 27 164 322 
stack 22:    233 435 424 285 474 151 30 
stack 23:    23 288 204 118 404 483 414 
stack 24:    420 222 170 141 69 295 35 
stack 25:    432 439 75 184 308 93 294 
stack 26:    336 39 52 279 422 200 85 
stack 27:    198 215 300 83 241 80 91 
stack 28:    102 410 123 29 339 478 482 
stack 29:    348 78 328 460 415 440 76 
stack 30:    145 476 106 289 306 203 359 
stack 31:    202 293 194 335 50 331 134 
stack 32:    213 88 310 144 236 218 159 
stack 33:    135 59 345 244 350 391 320 
stack 34:    330 447 347 212 121 340 152 
stack 35:    393 337 169 418 163 155 109 
stack 36:    243 298 316 466 66 437 403 
stack 37:    64 94 436 297 197 242 344 
stack 38:    142 72 131 309 172 411 346 
stack 39:    366 349 498 341 353 292 219 
stack 40:    386 462 313 60 454 334 226 
stack 41:    149 402 389 49 357 496 401 
stack 42:    196 87 472 53 117 441 158 
stack 43:    68 220 355 486 326 362 175 
stack 44:    250 
stack 45:    1 251 
stack 46:    2 252 
stack 47:    3 253 
stack 48:    254 
stack 49:    255 
stack 50:    256 257 6 
stack 51:    7 268 
stack 52:    8 
stack 53:    10 264 263 13 9 114 259 
stack 54:    86 177 480 143 211 370 275 
stack 55:    269 434 428 230 381 12 225 
stack 56:    179 192 67 153 338 262 137 
stack 57:    217 181 481 426 407 385 283 
stack 58:    249 277 15 54 456 111 238 
stack 59:    305 459 96 448 22 171 147 
stack 60:    18 495 470 333 125 390 398 
stack 61:    127 25 231 405 51 206 273 
stack 62:    477 489 21 34 492 247 271 
stack 63:    44 396 280 239 92 124 270 
stack 64:    104 140 427 195 284 394 499 
stack 65:    199 367 379 431 47 237 101 
stack 66:    57 397 221 378 468 150 84 
stack 67:    301 208 165 95 416 31 438 
stack 68:    382 291 360 395 90 318 185 
stack 69:    32 351 408 154 332 160 223 
stack 70:    377 107 354 302 229 73 487 
stack 71:    290 188 61 317 58 176 138 
stack 72:    383 33 282 375 469 312 56 
stack 73:    446 380 368 128 421 307 227 
stack 74:    471 373 465 374 314 70 156 
stack 75:    473 157 216 38 126 103 182 
stack 76:    167 224 115 113 173 42 430 
stack 77:    442 296 62 323 444 193 209 
stack 78:    325 475 491 493 413 148 81 
stack 79:    46 110 189 37 232 299 82 
stack 80:    207 129 63 77 187 168 162 
stack 81:    327 186 329 358 485 425 108 
stack 82:    48 235 433 201 178 371 369 
stack 83:    452 112 445 343 384 240 388 
stack 84:    130 376 41 399 79 363 205 
stack 85:    89 494 479 464 122 457 304 
stack 86:    139 166 55 311 246 467 116 

#####################################################

solved with: SP.post_optimization_methods.HillClimbing
time limit: 1800.0 s
time to solve: 208,74 s
objective value: 310023.74

stacks (top to bottom):
stack 0:    0 
stack 1:    
stack 2:    
stack 3:    
stack 4:    4 
stack 5:    5 
stack 6:    
stack 7:    258 
stack 8:    
stack 9:    317 262 9 318 346 
stack 10:    261 386 86 479 260 206 344 
stack 11:    44 263 490 112 13 28 147 
stack 12:    290 78 14 21 152 385 443 
stack 13:    450 446 192 266 404 275 226 
stack 14:    136 68 285 383 83 132 209 
stack 15:    471 54 77 466 425 22 304 
stack 16:    494 426 111 484 69 236 430 
stack 17:    180 233 19 184 108 82 137 
stack 18:    439 243 288 274 66 50 24 
stack 19:    20 409 118 467 205 451 273 
stack 20:    296 325 357 444 308 324 97 
stack 21:    420 278 448 284 103 74 164 
stack 22:    135 33 120 355 235 380 47 
stack 23:    23 387 361 204 73 419 175 
stack 24:    198 280 333 88 281 287 182 
stack 25:    104 489 36 421 227 455 91 
stack 26:    337 427 449 38 161 499 242 
stack 27:    106 462 497 124 353 441 109 
stack 28:    477 470 141 465 339 390 463 
stack 29:    142 340 332 440 95 190 482 
stack 30:    407 464 399 221 34 203 200 
stack 31:    249 415 153 370 245 286 151 
stack 32:    432 347 354 297 40 197 486 
stack 33:    442 45 417 51 37 176 159 
stack 34:    127 59 55 436 143 56 321 
stack 35:    222 100 189 487 174 85 162 
stack 36:    98 177 165 65 212 368 116 
stack 37:    303 424 220 315 64 433 241 
stack 38:    49 187 133 496 341 352 488 
stack 39:    373 239 126 228 403 148 342 
stack 40:    412 376 181 210 208 80 238 
stack 41:    207 41 231 306 71 326 134 
stack 42:    356 216 485 335 155 225 81 
stack 43:    372 397 94 234 307 128 247 
stack 44:    250 
stack 45:    1 251 
stack 46:    2 252 
stack 47:    3 253 
stack 48:    254 
stack 49:    255 
stack 50:    257 256 6 
stack 51:    7 
stack 52:    8 11 
stack 53:    410 265 10 268 171 16 259 
stack 54:    393 277 149 475 264 26 223 
stack 55:    123 196 183 29 310 146 413 
stack 56:    46 408 269 230 367 12 279 
stack 57:    327 447 67 363 338 312 461 
stack 58:    215 140 302 343 17 364 240 
stack 59:    202 15 267 459 437 193 271 
stack 60:    272 329 452 472 270 423 414 
stack 61:    18 63 25 178 457 474 31 
stack 62:    57 248 300 96 201 405 114 
stack 63:    396 298 316 491 27 163 43 
stack 64:    32 348 188 276 244 422 30 
stack 65:    48 166 480 282 406 232 150 
stack 66:    105 199 379 434 39 160 362 
stack 67:    435 301 157 331 478 398 185 
stack 68:    113 365 458 314 374 411 158 
stack 69:    213 169 229 313 454 35 429 
stack 70:    115 107 358 293 211 378 492 
stack 71:    389 139 291 418 493 138 483 
stack 72:    224 72 498 309 319 445 388 
stack 73:    191 377 131 194 58 119 371 
stack 74:    428 431 121 345 237 391 76 
stack 75:    179 61 328 460 246 395 334 
stack 76:    473 336 154 381 52 416 283 
stack 77:    130 217 129 402 289 60 394 
stack 78:    382 330 400 294 93 87 53 
stack 79:    167 495 92 360 117 359 42 
stack 80:    145 102 366 476 110 350 320 
stack 81:    323 349 195 453 322 70 401 
stack 82:    89 62 186 79 375 311 122 
stack 83:    481 295 384 369 90 468 438 
stack 84:    305 456 75 292 299 218 84 
stack 85:    170 173 144 125 219 172 156 
stack 86:    351 99 392 214 469 101 168 
