lower bound for relaxed s_ij: 310015.24

#####################################################

solved with: SP.mip_formulations.BinPackingFormulation
time limit: 1800.0 s
time to solve: 852,94 s
objective value: 310022.56

stacks (top to bottom):
stack 0:    
stack 1:    252 251 
stack 2:    
stack 3:    253 
stack 4:    
stack 5:    
stack 6:    6 
stack 7:    
stack 8:    258 
stack 9:    384 259 420 338 162 226 
stack 10:    62 70 260 339 354 217 61 
stack 11:    183 66 453 476 386 297 118 
stack 12:    142 112 465 414 356 186 238 
stack 13:    419 385 102 241 89 204 313 
stack 14:    85 449 264 233 63 140 373 
stack 15:    378 335 126 115 178 169 155 
stack 16:    434 75 381 212 266 243 122 
stack 17:    221 397 179 92 171 150 119 
stack 18:    123 86 478 58 194 428 132 
stack 19:    469 94 460 375 202 325 156 
stack 20:    270 200 105 237 483 135 96 
stack 21:    467 228 395 40 106 424 310 
stack 22:    215 358 182 382 131 272 22 
stack 23:    304 201 69 167 412 333 47 
stack 24:    406 458 37 143 24 198 49 
stack 25:    87 199 305 44 439 227 25 
stack 26:    390 26 312 224 342 293 59 
stack 27:    408 425 343 477 435 387 57 
stack 28:    279 148 320 113 184 175 488 
stack 29:    29 195 479 391 247 229 111 
stack 30:    454 73 314 191 319 446 466 
stack 31:    470 355 370 379 81 60 144 
stack 32:    461 133 364 299 440 485 120 
stack 33:    492 164 322 418 367 124 377 
stack 34:    34 91 125 348 193 117 103 
stack 35:    410 56 421 74 417 72 65 
stack 36:    36 246 214 494 219 83 79 
stack 37:    68 426 309 437 116 394 365 
stack 38:    38 288 463 64 231 495 52 
stack 39:    289 475 222 416 149 101 127 
stack 40:    388 341 409 369 323 482 208 
stack 41:    472 216 413 366 444 291 372 
stack 42:    51 114 499 168 141 480 316 
stack 43:    220 402 371 392 462 165 203 
stack 44:    0 250 
stack 45:    1 
stack 46:    2 
stack 47:    3 
stack 48:    254 
stack 49:    255 4 5 
stack 50:    256 
stack 51:    257 7 
stack 52:    8 
stack 53:    330 82 303 9 442 431 393 
stack 54:    10 152 374 190 42 121 447 
stack 55:    166 484 90 11 376 261 163 
stack 56:    210 464 147 189 12 455 262 
stack 57:    468 13 15 351 349 285 263 
stack 58:    306 362 180 411 328 206 14 
stack 59:    236 99 95 400 211 88 265 
stack 60:    146 16 154 498 298 218 267 
stack 61:    181 17 18 93 170 353 268 
stack 62:    244 404 245 107 491 207 269 
stack 63:    295 19 296 357 249 234 360 
stack 64:    240 352 327 20 53 490 401 
stack 65:    21 489 336 321 271 451 248 
stack 66:    407 363 225 157 452 332 192 
stack 67:    329 158 97 23 273 487 54 
stack 68:    398 474 46 415 324 457 274 
stack 69:    275 344 443 213 430 223 185 
stack 70:    276 173 441 277 399 345 108 
stack 71:    28 27 104 43 48 230 239 
stack 72:    383 380 161 473 389 278 45 
stack 73:    445 422 172 350 292 67 110 
stack 74:    317 280 337 30 177 346 347 
stack 75:    315 290 31 486 235 130 281 
stack 76:    368 403 80 76 32 128 282 
stack 77:    340 294 160 283 151 33 438 
stack 78:    396 307 429 326 284 302 145 
stack 79:    301 205 456 405 308 35 286 
stack 80:    174 137 84 159 334 197 71 
stack 81:    209 497 496 139 188 287 493 
stack 82:    55 242 318 432 359 176 153 
stack 83:    98 361 39 50 481 129 427 
stack 84:    450 459 187 77 448 136 78 
stack 85:    433 41 134 331 109 300 138 
stack 86:    471 311 196 436 100 423 232 

#####################################################

solved with: SP.constructive_heuristics.GeneralHeuristic
time limit: 1800.0 s
time to solve: 0,00 s
objective value: 337672.86

stacks (top to bottom):
stack 0:    330 123 182 228 432 391 117 
stack 1:    290 172 179 415 324 485 239 
stack 2:    341 352 486 194 451 206 373 
stack 3:    38 112 44 58 457 237 342 
stack 4:    383 173 276 15 337 141 72 
stack 5:    289 222 70 303 336 431 258 
stack 6:    275 99 271 49 192 401 135 
stack 7:    161 94 159 477 213 377 52 
stack 8:    146 270 332 360 150 119 145 
stack 9:    434 426 449 412 476 76 372 
stack 10:    174 56 252 334 61 47 274 
stack 11:    137 414 63 178 277 132 393 
stack 12:    142 95 396 464 301 320 230 
stack 13:    475 73 196 20 423 42 273 
stack 14:    244 315 89 115 442 278 59 
stack 15:    307 351 170 188 176 6 144 
stack 16:    220 390 392 312 67 113 293 
stack 17:    450 257 154 18 160 389 111 
stack 18:    458 489 11 473 379 313 71 
stack 19:    29 151 219 266 129 22 430 
stack 20:    107 27 474 305 92 378 370 
stack 21:    28 69 264 478 204 261 446 
stack 22:    211 339 297 1 319 4 226 
stack 23:    492 199 167 400 359 479 427 
stack 24:    468 470 260 326 218 64 269 
stack 25:    240 209 265 302 439 3 78 
stack 26:    10 361 382 438 186 254 310 
stack 27:    380 280 416 126 267 118 14 
stack 28:    90 484 180 91 381 169 248 
stack 29:    9 318 50 443 424 57 285 
stack 30:    55 84 322 136 138 238 243 
stack 31:    398 19 86 104 203 53 121 
stack 32:    158 51 418 251 365 268 487 
stack 33:    406 368 403 417 153 8 347 
stack 34:    295 388 187 498 143 436 405 
stack 35:    385 358 66 369 355 407 200 
stack 36:    85 317 309 80 333 125 60 
stack 37:    413 499 30 331 247 481 325 
stack 38:    419 259 311 37 284 105 262 
stack 39:    433 445 62 409 46 299 148 
stack 40:    459 441 12 35 399 394 45 
stack 41:    133 454 397 235 205 101 282 
stack 42:    329 2 106 83 348 250 353 
stack 43:    68 17 386 195 387 291 272 
stack 44:    97 421 375 124 156 223 488 
stack 45:    13 134 229 128 316 346 54 
stack 46:    402 364 463 231 130 25 286 
stack 47:    102 221 404 420 233 77 110 
stack 48:    181 246 139 283 444 437 96 
stack 49:    461 31 338 48 357 440 155 
stack 50:    422 189 149 81 217 354 103 
stack 51:    36 152 435 116 448 466 208 
stack 52:    183 491 165 224 249 490 495 
stack 53:    82 21 214 93 109 197 256 
stack 54:    362 323 411 140 308 356 108 
stack 55:    166 242 23 482 281 447 493 
stack 56:    304 0 395 255 127 5 184 
stack 57:    75 429 465 227 171 232 483 
stack 58:    34 408 114 168 131 287 300 
stack 59:    340 236 98 321 294 177 480 
stack 60:    306 16 467 497 33 343 162 
stack 61:    384 245 350 363 157 298 455 
stack 62:    279 288 371 462 225 253 234 
stack 63:    453 88 40 366 345 193 122 
stack 64:    215 335 296 314 328 456 190 
stack 65:    87 472 327 425 349 120 175 
stack 66:    469 41 74 344 494 32 263 
stack 67:    164 410 367 185 
stack 68:    471 191 43 147 198 100 374 
stack 69:    460 212 428 7 
stack 70:    210 496 79 65 
stack 71:    201 216 376 
stack 72:    39 163 
stack 73:    24 
stack 74:    207 26 452 
stack 75:    
stack 76:    
stack 77:    202 
stack 78:    241 
stack 79:    292 
stack 80:    
stack 81:    
stack 82:    
stack 83:    
stack 84:    
stack 85:    
stack 86:    
