solved with: SP.deprecated.TabuSearch
time limit: 1800.0 s
time to solve: 302,39 s
objective value: 310032.24

stacks (top to bottom):
stack 0:    
stack 1:    1 
stack 2:    3 
stack 3:    
stack 4:    
stack 5:    255 
stack 6:    
stack 7:    7 
stack 8:    9 
stack 9:    360 259 14 413 22 
stack 10:    276 67 262 377 350 21 27 
stack 11:    23 392 261 48 268 221 108 
stack 12:    344 388 232 150 66 86 369 
stack 13:    211 482 456 263 357 235 13 
stack 14:    349 462 92 269 89 16 342 
stack 15:    487 272 400 265 187 173 424 
stack 16:    399 117 166 236 38 415 319 
stack 17:    474 36 271 431 328 277 274 
stack 18:    184 33 180 226 102 291 337 
stack 19:    201 480 162 398 372 295 320 
stack 20:    29 31 314 123 279 243 488 
stack 21:    459 141 158 407 419 353 486 
stack 22:    402 109 93 317 244 430 481 
stack 23:    97 450 378 233 439 406 143 
stack 24:    76 80 148 199 465 151 414 
stack 25:    103 71 363 178 203 376 339 
stack 26:    483 379 194 280 90 137 101 
stack 27:    231 168 368 185 217 358 156 
stack 28:    401 247 365 440 373 278 47 
stack 29:    338 380 207 294 432 58 437 
stack 30:    154 225 449 134 310 128 433 
stack 31:    146 434 125 477 43 484 285 
stack 32:    144 316 216 405 351 228 139 
stack 33:    188 384 182 135 202 335 299 
stack 34:    309 418 74 426 210 179 197 
stack 35:    420 371 124 390 453 315 167 
stack 36:    160 174 446 40 471 192 494 
stack 37:    478 230 404 65 245 155 59 
stack 38:    396 323 289 290 305 131 111 
stack 39:    129 104 87 496 142 356 297 
stack 40:    485 397 49 441 169 220 475 
stack 41:    157 311 361 364 302 191 347 
stack 42:    470 386 366 352 460 181 491 
stack 43:    95 171 70 190 296 64 469 
stack 44:    250 
stack 45:    0 251 
stack 46:    252 2 
stack 47:    253 
stack 48:    4 254 
stack 49:    5 
stack 50:    6 256 
stack 51:    257 258 
stack 52:    8 
stack 53:    343 301 260 409 12 19 393 
stack 54:    214 499 147 267 10 416 436 
stack 55:    264 20 130 107 11 18 322 
stack 56:    165 275 383 25 238 493 34 
stack 57:    17 63 273 306 15 375 83 
stack 58:    270 213 425 242 325 28 81 
stack 59:    266 312 282 318 56 209 293 
stack 60:    164 476 333 219 394 163 329 
stack 61:    298 391 473 205 41 153 152 
stack 62:    454 340 32 54 62 423 435 
stack 63:    443 374 138 467 492 387 498 
stack 64:    78 341 222 223 176 85 72 
stack 65:    94 355 122 175 96 114 362 
stack 66:    241 183 75 334 132 53 170 
stack 67:    68 159 438 313 382 91 44 
stack 68:    308 136 196 288 24 300 98 
stack 69:    354 466 26 39 411 495 246 
stack 70:    452 284 307 239 73 189 149 
stack 71:    82 118 204 60 472 51 287 
stack 72:    140 186 145 468 198 249 30 
stack 73:    55 321 286 304 224 428 408 
stack 74:    490 444 367 45 327 212 345 
stack 75:    113 133 427 330 281 283 195 
stack 76:    112 324 161 52 61 121 464 
stack 77:    303 115 429 412 422 127 37 
stack 78:    215 461 336 410 479 50 458 
stack 79:    292 359 35 100 84 116 172 
stack 80:    119 403 69 57 126 200 489 
stack 81:    46 240 395 218 79 346 463 
stack 82:    455 193 229 332 331 389 451 
stack 83:    77 497 88 421 177 348 99 
stack 84:    106 385 381 227 442 105 326 
stack 85:    448 457 248 42 445 208 110 
stack 86:    370 237 447 120 234 417 206 

#####################################################

solved with: SP.post_optimization_methods.HillClimbing
time limit: 1800.0 s
time to solve: 139,08 s
objective value: 310022.56

stacks (top to bottom):
stack 0:    
stack 1:    1 
stack 2:    3 
stack 3:    
stack 4:    
stack 5:    255 
stack 6:    
stack 7:    7 
stack 8:    8 
stack 9:    259 386 11 45 12 424 
stack 10:    266 94 286 376 275 222 260 
stack 11:    106 379 76 492 261 330 245 
stack 12:    262 240 289 102 195 19 331 
stack 13:    374 138 204 312 406 451 156 
stack 14:    264 270 115 230 96 269 293 
stack 15:    26 29 54 333 272 346 322 
stack 16:    241 476 234 84 462 38 389 
stack 17:    154 164 395 121 235 327 329 
stack 18:    355 178 498 439 414 72 486 
stack 19:    447 487 363 427 315 281 285 
stack 20:    213 130 368 219 348 22 24 
stack 21:    323 341 33 316 366 445 155 
stack 22:    470 449 67 124 51 291 342 
stack 23:    168 119 183 317 196 47 37 
stack 24:    392 35 215 25 450 350 81 
stack 25:    129 161 429 383 353 458 179 
stack 26:    448 457 117 422 404 460 139 
stack 27:    71 328 375 228 101 163 152 
stack 28:    452 171 64 296 358 220 206 
stack 29:    338 280 380 58 432 347 56 
stack 30:    201 396 473 116 52 205 169 
stack 31:    354 370 490 62 135 202 53 
stack 32:    443 46 60 301 92 233 244 
stack 33:    420 399 80 100 172 180 362 
stack 34:    140 435 394 440 307 105 484 
stack 35:    349 55 343 387 151 137 167 
stack 36:    248 290 390 336 131 111 345 
stack 37:    425 303 480 97 494 455 295 
stack 38:    384 232 407 158 400 441 475 
stack 39:    93 104 403 126 397 493 173 
stack 40:    146 485 95 57 243 190 469 
stack 41:    113 311 361 294 191 221 108 
stack 42:    321 112 377 405 426 300 110 
stack 43:    446 74 412 238 226 453 393 
stack 44:    250 
stack 45:    0 251 
stack 46:    252 2 
stack 47:    253 
stack 48:    4 254 
stack 49:    5 
stack 50:    6 256 
stack 51:    257 
stack 52:    258 
stack 53:    17 268 9 89 114 16 181 
stack 54:    147 185 10 419 132 49 187 
stack 55:    466 188 263 398 63 339 223 
stack 56:    109 284 388 267 70 297 18 
stack 57:    467 438 282 15 13 153 34 
stack 58:    88 14 324 192 150 66 265 
stack 59:    471 218 193 464 41 143 337 
stack 60:    474 136 20 417 162 273 274 
stack 61:    478 23 68 364 48 209 437 
stack 62:    276 340 224 91 21 166 170 
stack 63:    385 271 75 431 247 73 30 
stack 64:    184 418 77 134 410 382 351 
stack 65:    309 308 28 42 177 86 433 
stack 66:    459 69 279 416 489 436 488 
stack 67:    144 444 423 401 125 277 408 
stack 68:    103 118 148 216 305 491 27 
stack 69:    31 133 495 227 332 288 149 
stack 70:    211 186 372 310 468 365 90 
stack 71:    292 32 142 314 123 217 210 
stack 72:    87 182 107 198 278 208 189 
stack 73:    482 174 472 61 283 98 59 
stack 74:    360 36 239 335 306 83 369 
stack 75:    39 237 411 461 65 176 212 
stack 76:    298 145 381 442 465 373 246 
stack 77:    359 313 236 415 326 197 299 
stack 78:    402 225 40 325 199 320 50 
stack 79:    344 496 242 434 99 409 428 
stack 80:    160 157 207 302 352 127 85 
stack 81:    165 483 194 203 378 287 319 
stack 82:    454 122 175 304 413 79 318 
stack 83:    78 456 249 357 44 479 430 
stack 84:    214 499 141 356 200 128 43 
stack 85:    497 120 421 334 367 477 229 
stack 86:    231 82 371 391 159 463 481 
