lower bound for relaxed s_ij: 310009.18

#####################################################

solved with: SP.mip_formulations.BinPackingFormulation
time limit: 1800.0 s
time to solve: 518,30 s
objective value: 310020.12

stacks (top to bottom):
stack 0:    0 
stack 1:    
stack 2:    
stack 3:    
stack 4:    4 
stack 5:    255 
stack 6:    
stack 7:    
stack 8:    
stack 9:    494 397 208 21 61 55 271 
stack 10:    10 497 319 155 93 318 90 
stack 11:    130 249 65 399 100 371 451 
stack 12:    217 104 439 243 194 189 12 
stack 13:    471 459 140 317 211 178 85 
stack 14:    412 89 45 14 332 419 81 
stack 15:    224 265 204 385 350 200 225 
stack 16:    136 188 177 165 440 345 492 
stack 17:    267 192 415 235 241 214 83 
stack 18:    18 402 149 361 131 229 312 
stack 19:    477 19 201 205 176 242 388 
stack 20:    233 142 186 72 54 475 174 
stack 21:    102 29 374 365 403 463 342 
stack 22:    426 460 99 203 80 73 369 
stack 23:    330 23 376 367 421 455 273 
stack 24:    489 400 274 335 195 294 24 
stack 25:    432 94 375 143 467 405 275 
stack 26:    210 40 433 392 311 404 334 
stack 27:    198 170 333 173 390 228 219 
stack 28:    410 470 485 449 496 491 499 
stack 29:    389 444 493 472 331 423 483 
stack 30:    442 366 144 322 117 53 147 
stack 31:    49 323 480 282 58 240 56 
stack 32:    481 68 479 464 34 128 321 
stack 33:    123 465 339 146 314 158 43 
stack 34:    180 434 230 152 39 237 168 
stack 35:    420 435 129 337 302 108 287 
stack 36:    59 36 234 166 118 236 42 
stack 37:    305 495 396 196 113 458 429 
stack 38:    356 239 448 427 38 71 238 
stack 39:    207 126 490 353 164 74 159 
stack 40:    199 340 307 244 91 304 137 
stack 41:    446 41 231 110 51 190 151 
stack 42:    46 383 212 78 67 232 395 
stack 43:    424 315 86 484 409 245 474 
stack 44:    250 
stack 45:    251 1 
stack 46:    2 252 
stack 47:    3 253 
stack 48:    254 
stack 49:    5 
stack 50:    257 256 6 
stack 51:    7 
stack 52:    8 
stack 53:    357 258 66 112 324 9 259 
stack 54:    301 348 220 355 260 486 82 
stack 55:    387 372 261 98 127 379 11 
stack 56:    347 139 354 288 169 92 262 
stack 57:    222 349 264 263 13 299 84 
stack 58:    377 191 300 107 197 295 266 
stack 59:    15 407 380 79 153 95 101 
stack 60:    115 184 445 360 425 193 16 
stack 61:    145 179 248 466 364 17 162 
stack 62:    268 359 150 134 114 482 226 
stack 63:    202 105 269 428 223 414 346 
stack 64:    20 462 75 133 394 270 185 
stack 65:    213 77 316 103 60 341 161 
stack 66:    351 393 386 272 22 320 438 
stack 67:    215 141 418 163 454 453 156 
stack 68:    450 436 378 370 363 461 218 
stack 69:    296 329 187 25 443 362 31 
stack 70:    408 431 336 276 121 47 26 
stack 71:    277 106 293 313 27 28 70 
stack 72:    278 309 50 478 171 401 109 
stack 73:    57 96 216 469 422 416 279 
stack 74:    280 338 69 384 116 344 30 
stack 75:    32 310 88 281 413 148 430 
stack 76:    135 154 381 227 160 457 247 
stack 77:    48 33 111 52 283 209 175 
stack 78:    62 456 452 284 441 398 172 
stack 79:    303 285 181 297 246 286 35 
stack 80:    44 325 298 308 437 138 76 
stack 81:    358 417 157 37 122 487 132 
stack 82:    447 120 221 406 306 119 391 
stack 83:    473 327 289 124 343 206 97 
stack 84:    382 290 64 368 328 326 468 
stack 85:    476 291 63 498 292 87 352 
stack 86:    167 373 183 125 488 411 182 

#####################################################

solved with: SP.constructive_heuristics.GeneralHeuristic
time limit: 1800.0 s
time to solve: 0,00 s
objective value: 337418.34

stacks (top to bottom):
stack 0:    280 229 60 343 331 42 430 
stack 1:    213 354 58 262 56 304 151 
stack 2:    207 210 348 177 464 469 359 
stack 3:    366 146 268 28 228 159 134 
stack 4:    347 62 459 289 124 66 438 
stack 5:    142 376 434 431 340 276 419 
stack 6:    386 186 380 204 40 266 71 
stack 7:    290 36 260 480 279 225 31 
stack 8:    29 360 284 161 108 441 148 
stack 9:    420 396 298 485 313 13 206 
stack 10:    46 136 86 100 392 122 91 
stack 11:    393 267 447 337 357 140 172 
stack 12:    261 424 428 345 152 168 457 
stack 13:    450 41 61 119 338 138 423 
stack 14:    180 68 426 399 455 160 346 
stack 15:    102 358 107 274 133 496 16 
stack 16:    293 361 194 155 294 50 322 
stack 17:    7 356 497 490 17 74 352 
stack 18:    382 89 296 341 1 90 185 
stack 19:    477 10 183 314 458 281 403 
stack 20:    115 310 171 97 150 482 429 
stack 21:    63 139 111 409 246 116 321 
stack 22:    412 481 67 39 422 101 200 
stack 23:    202 387 400 83 404 251 483 
stack 24:    188 55 378 484 95 416 190 
stack 25:    442 446 59 421 307 227 271 
stack 26:    449 349 427 2 309 0 254 
stack 27:    471 215 300 157 80 474 162 
stack 28:    305 333 173 339 390 478 413 
stack 29:    32 351 303 408 154 367 223 
stack 30:    23 383 48 33 208 312 253 
stack 31:    149 179 302 96 52 209 414 
stack 32:    265 257 316 126 319 453 401 
stack 33:    432 377 417 5 499 394 318 
stack 34:    255 212 14 192 121 362 226 
stack 35:    20 239 141 295 69 487 35 
stack 36:    98 494 106 235 479 166 147 
stack 37:    145 72 169 436 297 9 242 
stack 38:    410 6 27 353 117 219 109 
stack 39:    44 278 54 264 418 498 411 
stack 40:    372 301 15 462 454 114 24 
stack 41:    269 379 332 237 344 30 76 
stack 42:    198 224 170 470 53 182 158 
stack 43:    220 355 120 221 406 326 486 
stack 44:    233 217 21 370 197 82 463 
stack 45:    191 288 308 335 324 275 468 
stack 46:    167 495 144 88 374 287 342 
stack 47:    285 78 165 65 232 451 132 
stack 48:    45 325 475 364 491 85 320 
stack 49:    234 415 328 99 375 306 241 
stack 50:    113 263 466 75 87 193 22 
stack 51:    57 3 94 381 443 175 137 
stack 52:    199 336 11 385 350 12 283 
stack 53:    248 329 38 472 164 252 236 
stack 54:    211 143 110 467 201 395 388 
stack 55:    196 123 125 488 70 398 84 
stack 56:    243 402 34 128 244 26 273 
stack 57:    153 433 189 37 286 174 299 
stack 58:    277 249 456 311 363 203 238 
stack 59:    291 448 92 103 112 437 43 
stack 60:    130 256 131 118 371 178 81 
stack 61:    327 127 25 214 405 51 391 
stack 62:    473 439 489 323 77 492 247 
stack 63:    330 187 250 258 163 270 259 
stack 64:    18 222 407 460 368 440 47 
stack 65:    373 465 365 156 
stack 66:    135 181 397 79 4 231 334 
stack 67:    105 104 435 8 315 230 
stack 68:    389 184 444 493 195 425 93 
stack 69:    272 452 445 240 384 369 218 
stack 70:    476 49 216 245 73 461 
stack 71:    129 64 317 205 176 
stack 72:    19 292 
stack 73:    282 
stack 74:    
stack 75:    
stack 76:    
stack 77:    
stack 78:    
stack 79:    
stack 80:    
stack 81:    
stack 82:    
stack 83:    
stack 84:    
stack 85:    
stack 86:    
