solved with: SP.deprecated.TabuSearch
time limit: 1800.0 s
time to solve: 562,17 s
objective value: 310021.38

stacks (top to bottom):
stack 0:    0 
stack 1:    
stack 2:    2 
stack 3:    
stack 4:    254 
stack 5:    255 
stack 6:    6 
stack 7:    257 
stack 8:    8 
stack 9:    183 261 27 9 143 42 
stack 10:    14 112 389 260 11 222 151 
stack 11:    340 113 475 414 420 13 29 
stack 12:    19 198 237 15 433 406 377 
stack 13:    97 270 478 293 415 56 44 
stack 14:    265 181 309 345 223 291 64 
stack 15:    100 466 339 236 348 357 468 
stack 16:    39 59 231 459 136 33 81 
stack 17:    21 24 448 429 335 432 17 
stack 18:    467 374 308 441 469 185 271 
stack 19:    89 176 23 376 350 161 207 
stack 20:    235 213 150 455 227 362 66 
stack 21:    439 153 211 285 300 204 171 
stack 22:    25 166 147 272 72 421 22 
stack 23:    194 392 470 387 412 316 186 
stack 24:    31 278 453 149 90 26 292 
stack 25:    313 88 403 384 138 472 154 
stack 26:    109 142 205 123 450 280 192 
stack 27:    119 431 156 449 35 496 167 
stack 28:    341 189 497 158 96 401 84 
stack 29:    232 174 200 479 162 85 366 
stack 30:    34 356 460 296 416 165 179 
stack 31:    353 55 346 284 404 400 120 
stack 32:    323 395 240 241 328 111 95 
stack 33:    349 173 481 443 315 208 413 
stack 34:    229 159 312 476 118 129 321 
stack 35:    68 132 464 418 65 343 369 
stack 36:    320 402 498 180 338 249 38 
stack 37:    354 428 94 365 419 492 78 
stack 38:    99 49 494 405 145 128 238 
stack 39:    495 133 487 73 58 482 245 
stack 40:    71 458 298 446 386 117 169 
stack 41:    206 410 70 202 491 233 54 
stack 42:    317 347 187 91 442 417 220 
stack 43:    409 93 379 397 116 164 360 
stack 44:    251 250 
stack 45:    1 
stack 46:    252 
stack 47:    3 253 
stack 48:    4 
stack 49:    5 
stack 50:    256 
stack 51:    7 
stack 52:    258 
stack 53:    259 50 465 76 212 262 454 
stack 54:    10 489 263 110 486 12 393 
stack 55:    275 307 144 325 493 46 193 
stack 56:    20 80 266 471 277 28 48 
stack 57:    146 201 163 157 264 216 267 
stack 58:    394 358 140 75 422 98 440 
stack 59:    301 367 177 435 485 127 18 
stack 60:    191 124 334 122 16 47 172 
stack 61:    106 182 30 134 225 274 269 
stack 62:    53 329 135 268 242 388 214 
stack 63:    175 226 276 424 115 332 273 
stack 64:    484 155 40 51 425 359 326 
stack 65:    297 477 344 434 60 290 282 
stack 66:    244 411 383 294 279 480 219 
stack 67:    375 436 372 457 67 32 452 
stack 68:    57 399 217 390 408 385 364 
stack 69:    288 195 499 327 203 447 463 
stack 70:    196 209 283 114 37 101 286 
stack 71:    45 306 86 444 333 451 243 
stack 72:    423 248 289 105 368 295 139 
stack 73:    126 63 310 121 287 303 305 
stack 74:    74 148 36 87 490 103 371 
stack 75:    361 473 197 322 302 107 281 
stack 76:    427 407 370 247 239 137 221 
stack 77:    77 188 437 396 474 363 230 
stack 78:    131 331 382 319 170 224 199 
stack 79:    311 234 141 430 92 102 184 
stack 80:    190 246 380 52 108 342 398 
stack 81:    426 41 61 79 125 130 83 
stack 82:    355 299 218 438 378 324 352 
stack 83:    351 391 456 210 462 330 304 
stack 84:    314 445 461 160 62 488 318 
stack 85:    337 336 483 104 381 43 228 
stack 86:    82 178 373 168 215 69 152 

#####################################################

solved with: SP.post_optimization_methods.HillClimbing
time limit: 1800.0 s
time to solve: 124,50 s
objective value: 310021.38

stacks (top to bottom):
stack 0:    250 
stack 1:    
stack 2:    2 
stack 3:    
stack 4:    254 
stack 5:    255 
stack 6:    6 
stack 7:    257 
stack 8:    8 
stack 9:    270 261 278 9 260 11 
stack 10:    499 266 108 418 274 413 269 
stack 11:    351 14 118 180 104 13 116 
stack 12:    263 153 23 125 412 44 207 
stack 13:    355 347 235 265 227 218 364 
stack 14:    126 188 358 160 64 321 18 
stack 15:    226 426 115 92 332 273 488 
stack 16:    68 195 93 197 56 193 22 
stack 17:    150 124 91 310 119 217 26 
stack 18:    423 27 294 31 158 330 463 
stack 19:    427 229 279 272 176 271 286 
stack 20:    448 76 283 359 138 61 32 
stack 21:    191 301 331 30 390 451 219 
stack 22:    82 39 168 80 487 471 292 
stack 23:    183 391 407 484 498 408 42 
stack 24:    182 394 50 458 225 107 164 
stack 25:    299 213 200 145 415 67 305 
stack 26:    455 329 181 94 492 324 230 
stack 27:    429 58 201 241 100 84 377 
stack 28:    314 49 133 453 378 474 152 
stack 29:    409 354 419 362 468 352 83 
stack 30:    97 240 209 328 165 300 238 
stack 31:    313 443 481 75 302 400 233 
stack 32:    63 122 174 70 156 199 290 
stack 33:    196 353 52 482 212 208 369 
stack 34:    477 312 45 410 134 291 128 
stack 35:    442 334 445 436 322 490 46 
stack 36:    473 320 242 444 365 47 318 
stack 37:    144 59 476 60 293 447 85 
stack 38:    53 475 494 237 433 295 139 
stack 39:    132 465 148 298 65 469 303 
stack 40:    489 392 387 87 350 421 161 
stack 41:    89 349 441 326 398 348 186 
stack 42:    317 483 479 96 372 360 228 
stack 43:    439 170 485 379 43 401 140 
stack 44:    251 0 
stack 45:    1 
stack 46:    252 
stack 47:    3 253 
stack 48:    4 
stack 49:    5 
stack 50:    256 
stack 51:    7 
stack 52:    258 
stack 53:    10 25 311 259 276 446 450 
stack 54:    106 308 211 430 12 486 440 
stack 55:    21 466 386 404 130 262 280 
stack 56:    99 411 275 147 36 185 111 
stack 57:    248 395 497 264 422 17 29 
stack 58:    141 41 110 424 393 28 62 
stack 59:    337 113 414 449 381 15 338 
stack 60:    307 177 19 232 121 16 496 
stack 61:    437 434 462 129 385 243 267 
stack 62:    159 198 268 428 247 363 452 
stack 63:    20 210 155 420 224 304 172 
stack 64:    297 470 342 37 114 151 281 
stack 65:    288 467 88 389 192 117 222 
stack 66:    356 327 460 346 69 403 171 
stack 67:    166 24 374 284 425 51 343 
stack 68:    74 406 397 162 33 216 371 
stack 69:    246 333 137 90 167 81 366 
stack 70:    175 341 215 464 277 120 38 
stack 71:    131 187 438 35 239 221 48 
stack 72:    194 105 72 480 127 282 245 
stack 73:    112 173 123 376 79 454 66 
stack 74:    34 382 319 231 405 493 236 
stack 75:    178 344 495 296 456 285 101 
stack 76:    109 375 383 55 205 40 184 
stack 77:    234 163 339 357 249 169 154 
stack 78:    244 367 491 402 143 315 103 
stack 79:    190 335 289 384 368 157 179 
stack 80:    142 478 336 325 431 435 316 
stack 81:    189 203 380 73 287 54 214 
stack 82:    77 340 416 136 457 98 417 
stack 83:    361 309 135 86 370 396 220 
stack 84:    57 345 223 388 399 149 78 
stack 85:    306 146 71 373 202 461 459 
stack 86:    323 206 432 472 102 95 204 
