lower bound for relaxed s_ij: 310015.24

#####################################################

solved with: SP.mip_formulations.BinPackingFormulation
time limit: 1800.0 s
time to solve: 1010,57 s
objective value: 310022.56

stacks (top to bottom):
stack 0:    
stack 1:    1 
stack 2:    
stack 3:    
stack 4:    254 
stack 5:    255 
stack 6:    
stack 7:    7 
stack 8:    8 
stack 9:    259 211 449 203 172 375 
stack 10:    386 321 67 94 260 85 486 
stack 11:    261 330 236 181 131 389 369 
stack 12:    354 109 429 387 383 151 12 
stack 13:    385 263 123 217 200 400 353 
stack 14:    264 284 314 142 141 358 424 
stack 15:    402 87 456 368 190 132 265 
stack 16:    17 204 175 216 199 229 187 
stack 17:    452 36 242 42 445 208 163 
stack 18:    160 134 312 439 350 269 137 
stack 19:    487 377 148 405 426 44 220 
stack 20:    298 467 373 223 121 451 81 
stack 21:    443 82 80 361 21 195 153 
stack 22:    379 301 247 306 288 173 72 
stack 23:    420 23 122 178 378 273 458 
stack 24:    309 474 140 496 444 278 128 
stack 25:    399 157 316 100 52 352 414 
stack 26:    26 93 423 372 333 317 430 
stack 27:    388 419 407 416 296 433 408 
stack 28:    438 453 318 65 491 329 326 
stack 29:    29 427 180 404 346 327 300 
stack 30:    466 374 76 221 191 322 299 
stack 31:    478 144 338 194 294 481 155 
stack 32:    492 391 207 79 315 362 108 
stack 33:    184 482 411 192 74 46 351 
stack 34:    165 75 417 249 125 409 73 
stack 35:    213 129 57 297 469 86 169 
stack 36:    485 147 95 69 185 189 170 
stack 37:    497 418 135 348 193 176 37 
stack 38:    138 68 432 347 58 393 206 
stack 39:    39 133 112 412 289 114 53 
stack 40:    174 304 60 468 196 244 47 
stack 41:    483 311 473 461 233 91 41 
stack 42:    490 214 394 365 202 295 149 
stack 43:    425 359 71 471 84 313 102 
stack 44:    250 
stack 45:    0 251 
stack 46:    252 2 
stack 47:    253 
stack 48:    4 3 
stack 49:    5 
stack 50:    6 256 
stack 51:    257 
stack 52:    258 
stack 53:    360 9 51 331 110 197 59 
stack 54:    225 356 70 10 397 484 83 
stack 55:    168 470 241 55 401 11 105 
stack 56:    262 494 218 226 335 464 127 
stack 57:    363 355 64 489 43 13 152 
stack 58:    14 328 198 90 45 441 210 
stack 59:    266 325 145 227 177 150 15 
stack 60:    78 371 161 117 16 179 156 
stack 61:    370 396 340 154 344 267 18 
stack 62:    231 106 268 166 245 475 437 
stack 63:    119 434 107 367 99 307 19 
stack 64:    270 32 20 271 332 212 34 
stack 65:    303 446 118 272 162 66 339 
stack 66:    136 54 435 431 455 22 98 
stack 67:    232 186 334 442 239 357 277 
stack 68:    308 146 310 440 274 24 345 
stack 69:    292 476 376 275 25 246 479 
stack 70:    276 447 237 462 290 291 209 
stack 71:    343 92 498 382 460 27 111 
stack 72:    104 384 182 398 28 477 493 
stack 73:    454 349 31 323 77 130 279 
stack 74:    280 364 302 48 96 406 30 
stack 75:    88 248 413 366 410 281 124 
stack 76:    113 392 380 159 282 390 342 
stack 77:    33 450 305 283 56 319 293 
stack 78:    499 459 403 171 126 243 158 
stack 79:    457 224 35 320 488 436 285 
stack 80:    480 115 286 336 50 337 143 
stack 81:    103 120 240 116 422 415 287 
stack 82:    164 395 222 61 89 38 463 
stack 83:    234 324 230 63 228 101 139 
stack 84:    40 472 215 97 238 205 235 
stack 85:    448 201 341 421 381 219 49 
stack 86:    188 62 183 495 465 428 167 

#####################################################

solved with: SP.constructive_heuristics.GeneralHeuristic
time limit: 1800.0 s
time to solve: 0,00 s
objective value: 335782.14

stacks (top to bottom):
stack 0:    32 303 77 222 269 13 369 
stack 1:    62 242 398 247 320 128 441 
stack 2:    231 438 159 366 195 110 326 
stack 3:    160 379 392 467 58 347 481 
stack 4:    490 142 171 419 132 353 493 
stack 5:    31 201 71 457 381 310 3 
stack 6:    470 487 145 219 332 256 458 
stack 7:    78 271 263 372 397 416 59 
stack 8:    26 292 36 141 267 356 156 
stack 9:    118 134 112 148 318 281 236 
stack 10:    286 376 275 178 383 289 166 
stack 11:    298 207 268 1 191 167 197 
stack 12:    399 473 91 382 102 252 89 
stack 13:    364 413 306 223 246 127 37 
stack 14:    74 203 84 239 277 479 12 
stack 15:    211 129 425 423 265 400 187 
stack 16:    257 476 133 405 330 21 44 
stack 17:    308 444 417 260 151 464 101 
stack 18:    164 240 316 224 462 65 329 
stack 19:    321 40 28 193 295 433 43 
stack 20:    29 262 387 450 96 81 299 
stack 21:    213 136 54 99 273 337 345 
stack 22:    474 183 11 202 125 41 139 
stack 23:    184 323 39 25 52 406 114 
stack 24:    76 355 7 42 251 18 170 
stack 25:    466 396 314 217 488 424 179 
stack 26:    371 280 216 117 230 63 205 
stack 27:    95 57 255 185 70 254 173 
stack 28:    194 68 494 313 453 350 228 
stack 29:    443 338 80 432 294 209 393 
stack 30:    241 446 471 90 45 278 85 
stack 31:    140 452 434 385 325 121 244 
stack 32:    175 60 218 233 351 245 258 
stack 33:    103 67 161 465 335 428 375 
stack 34:    344 186 107 394 105 288 50 
stack 35:    499 243 10 297 2 189 486 
stack 36:    492 100 253 282 290 336 315 
stack 37:    284 119 435 401 421 49 296 
stack 38:    448 264 304 312 395 235 155 
stack 39:    168 104 87 496 126 153 53 
stack 40:    276 420 144 234 248 498 27 
stack 41:    354 106 113 157 261 221 206 
stack 42:    374 472 377 92 56 287 34 
stack 43:    225 418 412 51 19 163 475 
stack 44:    88 182 456 5 135 64 469 
stack 45:    146 0 4 199 307 210 30 
stack 46:    270 237 94 348 196 409 176 
stack 47:    165 324 116 61 461 491 143 
stack 48:    23 363 14 198 73 98 437 
stack 49:    311 427 79 180 410 439 131 
stack 50:    259 454 97 238 172 72 220 
stack 51:    402 341 480 232 229 24 285 
stack 52:    82 17 250 272 367 463 152 
stack 53:    478 204 301 16 111 331 319 
stack 54:    370 214 147 407 158 414 83 
stack 55:    109 188 388 130 75 440 358 
stack 56:    497 55 449 378 422 291 342 
stack 57:    483 150 317 227 249 86 408 
stack 58:    482 359 215 22 300 212 430 
stack 59:    349 266 226 390 305 283 362 
stack 60:    20 431 334 346 327 274 149 
stack 61:    138 361 391 48 302 451 389 
stack 62:    360 384 333 339 15 208 169 
stack 63:    154 192 33 38 415 460 293 
stack 64:    459 69 123 279 489 436 322 
stack 65:    115 120 174 122 343 177 200 
stack 66:    309 485 403 190 8 484 
stack 67:    447 368 66 365 477 47 357 
stack 68:    386 46 35 124 426 181 108 
stack 69:    340 411 162 495 328 455 445 
stack 70:    6 442 468 137 
stack 71:    9 
stack 72:    380 
stack 73:    404 
stack 74:    93 373 
stack 75:    429 352 
stack 76:    
stack 77:    
stack 78:    
stack 79:    
stack 80:    
stack 81:    
stack 82:    
stack 83:    
stack 84:    
stack 85:    
stack 86:    
