solved with: SP.deprecated.TabuSearch
time limit: 1800.0 s
time to solve: 245,06 s
objective value: 310044.36

stacks (top to bottom):
stack 0:    
stack 1:    1 
stack 2:    2 
stack 3:    252 
stack 4:    
stack 5:    255 
stack 6:    6 
stack 7:    
stack 8:    7 
stack 9:    260 60 263 488 
stack 10:    21 10 57 264 447 426 38 
stack 11:    88 11 277 440 188 486 77 
stack 12:    265 238 235 53 343 193 19 
stack 13:    266 458 329 267 296 413 15 
stack 14:    183 98 195 218 58 355 109 
stack 15:    44 459 311 45 276 270 22 
stack 16:    68 16 351 272 141 275 230 
stack 17:    122 416 304 237 150 378 401 
stack 18:    352 65 152 310 190 104 184 
stack 19:    494 281 337 271 194 285 198 
stack 20:    115 199 326 74 399 387 374 
stack 21:    87 78 478 56 29 110 187 
stack 22:    406 125 210 225 388 59 410 
stack 23:    393 189 139 95 483 27 91 
stack 24:    108 197 464 280 134 283 170 
stack 25:    313 290 47 284 278 32 394 
stack 26:    414 429 33 336 227 292 477 
stack 27:    372 245 298 291 191 444 467 
stack 28:    34 344 148 48 332 306 461 
stack 29:    97 430 51 126 411 498 322 
stack 30:    107 153 320 492 82 31 349 
stack 31:    222 493 409 403 331 240 361 
stack 32:    288 223 102 496 415 145 224 
stack 33:    85 233 180 114 216 363 499 
stack 34:    315 289 159 482 242 460 338 
stack 35:    241 396 472 89 420 456 177 
stack 36:    248 358 402 143 75 434 309 
stack 37:    54 335 408 348 39 379 490 
stack 38:    470 432 73 463 386 205 404 
stack 39:    243 84 390 146 422 164 40 
stack 40:    449 160 412 99 231 468 341 
stack 41:    400 66 439 163 244 495 79 
stack 42:    69 213 368 319 151 201 112 
stack 43:    147 328 314 454 155 451 417 
stack 44:    250 
stack 45:    0 251 
stack 46:    
stack 47:    3 253 
stack 48:    254 4 
stack 49:    5 
stack 50:    256 
stack 51:    8 257 
stack 52:    258 259 9 
stack 53:    220 448 14 149 101 384 203 
stack 54:    12 295 261 262 136 269 94 
stack 55:    80 13 308 407 324 120 469 
stack 56:    46 167 171 347 364 105 208 
stack 57:    350 41 229 497 81 64 333 
stack 58:    70 268 113 441 465 221 312 
stack 59:    116 445 157 424 428 43 28 
stack 60:    18 17 185 206 297 437 327 
stack 61:    373 427 385 491 438 90 215 
stack 62:    20 334 353 453 50 140 119 
stack 63:    455 25 421 398 466 273 474 
stack 64:    228 365 106 118 37 130 162 
stack 65:    52 202 24 370 42 76 479 
stack 66:    207 23 419 274 169 383 356 
stack 67:    366 204 131 303 391 286 471 
stack 68:    473 375 354 117 330 452 63 
stack 69:    121 481 247 176 138 26 156 
stack 70:    127 30 135 279 346 142 103 
stack 71:    175 35 302 299 316 132 389 
stack 72:    382 323 369 182 489 457 480 
stack 73:    96 129 342 232 462 487 392 
stack 74:    92 475 165 86 49 450 55 
stack 75:    212 62 381 380 318 144 397 
stack 76:    123 111 181 367 325 282 173 
stack 77:    305 161 301 71 287 418 446 
stack 78:    61 124 239 249 436 137 186 
stack 79:    158 211 67 345 359 425 226 
stack 80:    93 217 476 36 357 154 219 
stack 81:    236 484 321 168 172 174 423 
stack 82:    293 433 435 246 166 179 371 
stack 83:    72 339 317 234 431 395 405 
stack 84:    442 100 133 200 294 196 128 
stack 85:    192 83 485 209 214 300 443 
stack 86:    340 307 376 178 377 360 362 

#####################################################

solved with: SP.post_optimization_methods.HillClimbing
time limit: 1800.0 s
time to solve: 129,36 s
objective value: 310044.36

stacks (top to bottom):
stack 0:    
stack 1:    1 
stack 2:    2 
stack 3:    252 
stack 4:    
stack 5:    255 
stack 6:    6 256 
stack 7:    
stack 8:    
stack 9:    52 49 260 474 
stack 10:    21 261 10 264 227 136 159 
stack 11:    11 277 30 211 486 67 280 
stack 12:    14 86 308 237 385 438 50 
stack 13:    470 414 323 295 78 397 327 
stack 14:    183 24 16 368 57 271 91 
stack 15:    449 267 60 450 415 32 392 
stack 16:    268 276 272 28 275 221 487 
stack 17:    115 47 241 284 491 39 184 
stack 18:    54 122 335 65 343 193 360 
stack 19:    93 96 439 167 344 424 218 
stack 20:    68 113 129 482 302 154 410 
stack 21:    406 317 478 171 311 142 59 
stack 22:    210 351 249 462 461 22 208 
stack 23:    481 98 201 178 386 357 477 
stack 24:    442 72 25 214 332 417 469 
stack 25:    315 146 163 342 437 395 186 
stack 26:    175 33 403 296 37 485 203 
stack 27:    416 117 318 29 282 219 479 
stack 28:    458 34 301 87 148 141 58 
stack 29:    222 97 440 345 81 134 480 
stack 30:    375 133 290 330 114 463 300 
stack 31:    289 35 307 422 299 316 132 
stack 32:    400 305 161 314 433 496 145 
stack 33:    153 475 233 372 180 187 363 
stack 34:    248 101 53 402 82 483 224 
stack 35:    100 329 150 399 420 162 75 
stack 36:    127 445 88 123 64 388 312 
stack 37:    124 85 303 336 182 287 76 
stack 38:    80 489 48 56 232 460 418 
stack 39:    369 242 465 164 322 426 109 
stack 40:    228 365 106 151 488 371 468 
stack 41:    157 158 411 338 156 362 309 
stack 42:    207 383 306 174 404 119 446 
stack 43:    448 412 320 190 143 401 215 
stack 44:    250 
stack 45:    0 251 
stack 46:    
stack 47:    3 253 
stack 48:    254 4 
stack 49:    5 
stack 50:    7 
stack 51:    8 257 
stack 52:    258 259 9 
stack 53:    396 324 407 191 110 216 15 
stack 54:    493 12 430 262 431 443 349 
stack 55:    160 13 185 432 355 269 389 
stack 56:    265 83 321 27 19 341 499 
stack 57:    223 313 23 380 270 263 421 
stack 58:    46 135 111 497 188 77 94 
stack 59:    266 66 43 137 283 170 40 
stack 60:    435 176 20 206 55 231 198 
stack 61:    340 17 18 125 274 89 467 
stack 62:    179 73 334 285 434 405 394 
stack 63:    473 354 278 361 367 273 471 
stack 64:    131 381 304 281 370 244 453 
stack 65:    293 202 459 181 234 286 140 
stack 66:    92 61 99 74 245 413 356 
stack 67:    69 382 189 152 378 384 31 
stack 68:    366 494 427 118 337 353 79 
stack 69:    212 247 246 138 297 26 38 
stack 70:    279 346 428 225 498 226 423 
stack 71:    44 326 456 298 169 325 490 
stack 72:    288 328 339 126 90 172 379 
stack 73:    102 454 165 451 120 444 292 
stack 74:    393 373 240 294 196 495 63 
stack 75:    147 429 472 319 144 391 205 
stack 76:    192 239 51 390 447 376 194 
stack 77:    116 121 455 358 291 476 177 
stack 78:    484 238 235 310 348 128 104 
stack 79:    236 419 200 209 452 387 173 
stack 80:    243 213 331 36 112 398 466 
stack 81:    70 197 229 217 436 230 374 
stack 82:    204 84 71 166 347 457 103 
stack 83:    409 62 195 441 45 364 105 
stack 84:    108 41 350 464 359 425 333 
stack 85:    107 352 199 408 155 42 377 
stack 86:    220 149 492 139 168 95 130 
