solved with: SP.deprecated.TabuSearch
time limit: 1800.0 s
time to solve: 221,81 s
objective value: 310014.06

stacks (top to bottom):
stack 0:    
stack 1:    
stack 2:    2 
stack 3:    
stack 4:    4 
stack 5:    5 
stack 6:    
stack 7:    257 
stack 8:    
stack 9:    272 265 261 259 336 9 
stack 10:    337 352 148 143 300 444 243 
stack 11:    410 294 186 416 77 480 262 
stack 12:    264 263 145 490 98 271 236 
stack 13:    461 33 23 48 368 274 161 
stack 14:    362 302 267 428 365 287 388 
stack 15:    245 162 198 351 38 135 27 
stack 16:    30 335 126 286 326 492 43 
stack 17:    270 19 482 42 395 407 230 
stack 18:    460 474 296 91 189 278 434 
stack 19:    488 343 105 390 112 356 383 
stack 20:    313 315 106 433 487 129 435 
stack 21:    295 423 484 39 347 116 402 
stack 22:    134 109 120 75 409 310 111 
stack 23:    464 127 386 371 442 169 157 
stack 24:    232 173 178 92 436 47 463 
stack 25:    342 164 196 110 360 276 231 
stack 26:    239 420 82 375 446 165 130 
stack 27:    353 138 170 229 389 220 163 
stack 28:    119 180 422 68 340 59 136 
stack 29:    249 281 133 392 124 113 448 
stack 30:    317 192 495 84 108 248 431 
stack 31:    316 99 215 366 298 454 468 
stack 32:    206 223 200 184 65 379 333 
stack 33:    242 369 208 117 74 56 197 
stack 34:    171 358 191 122 290 312 494 
stack 35:    304 210 475 244 357 128 465 
stack 36:    370 89 50 404 411 458 498 
stack 37:    387 238 104 297 339 345 55 
stack 38:    179 213 391 401 73 399 185 
stack 39:    40 81 45 218 46 144 478 
stack 40:    406 394 459 440 413 79 338 
stack 41:    166 314 447 405 160 69 382 
stack 42:    331 350 421 247 137 499 355 
stack 43:    53 66 373 377 309 222 443 
stack 44:    250 0 
stack 45:    1 251 
stack 46:    252 
stack 47:    253 3 
stack 48:    254 
stack 49:    255 
stack 50:    6 
stack 51:    7 256 
stack 52:    8 258 
stack 53:    201 493 18 319 118 260 415 
stack 54:    11 10 12 21 266 417 95 
stack 55:    303 131 279 472 153 341 427 
stack 56:    445 31 285 16 14 199 203 
stack 57:    202 212 284 470 25 13 346 
stack 58:    207 364 22 17 20 15 121 
stack 59:    385 289 308 477 101 155 159 
stack 60:    176 177 114 397 429 158 103 
stack 61:    280 151 449 227 430 125 150 
stack 62:    237 57 334 268 269 187 167 
stack 63:    292 44 96 348 328 52 26 
stack 64:    64 496 214 481 28 152 34 
stack 65:    35 327 432 426 412 194 439 
stack 66:    283 72 288 398 321 273 451 
stack 67:    60 291 282 181 216 24 354 
stack 68:    102 469 359 497 80 381 275 
stack 69:    141 154 32 41 78 139 424 
stack 70:    277 94 441 83 403 438 29 
stack 71:    90 324 36 142 67 367 361 
stack 72:    211 37 318 87 132 54 363 
stack 73:    425 489 188 219 332 175 235 
stack 74:    393 76 301 491 149 400 299 
stack 75:    205 437 372 85 307 380 462 
stack 76:    396 62 190 233 107 471 384 
stack 77:    61 71 476 100 225 457 146 
stack 78:    88 414 241 305 408 452 224 
stack 79:    93 182 325 330 147 58 455 
stack 80:    418 195 311 51 140 221 450 
stack 81:    453 97 172 86 115 174 378 
stack 82:    483 349 70 204 228 193 234 
stack 83:    240 320 156 293 168 456 246 
stack 84:    217 473 323 209 374 183 123 
stack 85:    485 479 329 63 49 419 322 
stack 86:    306 344 467 226 376 486 466 

#####################################################

solved with: SP.post_optimization_methods.HillClimbing
time limit: 1800.0 s
time to solve: 130,65 s
objective value: 310014.06

stacks (top to bottom):
stack 0:    
stack 1:    
stack 2:    2 
stack 3:    
stack 4:    4 
stack 5:    5 
stack 6:    
stack 7:    257 
stack 8:    
stack 9:    10 432 259 261 186 9 
stack 10:    99 360 297 373 95 15 161 
stack 11:    11 267 296 199 54 262 435 
stack 12:    292 206 180 344 269 374 198 
stack 13:    264 70 284 19 449 143 129 
stack 14:    316 277 313 147 330 266 20 
stack 15:    207 304 18 490 340 275 497 
stack 16:    335 17 428 274 209 341 185 
stack 17:    217 177 270 343 352 229 351 
stack 18:    406 289 23 438 183 450 273 
stack 19:    353 156 33 86 271 92 216 
stack 20:    295 172 170 402 80 120 409 
stack 21:    272 32 493 282 168 58 439 
stack 22:    179 213 165 355 197 443 103 
stack 23:    464 127 196 110 386 426 299 
stack 24:    362 237 393 498 363 388 203 
stack 25:    285 109 357 144 382 407 27 
stack 26:    483 445 280 98 475 87 494 
stack 27:    30 68 410 142 485 347 278 
stack 28:    425 35 496 233 52 169 220 
stack 29:    119 281 124 162 479 128 361 
stack 30:    114 85 454 346 381 430 419 
stack 31:    176 317 202 212 397 307 230 
stack 32:    337 193 390 234 287 159 383 
stack 33:    453 476 226 108 49 189 135 
stack 34:    324 358 241 100 225 452 34 
stack 35:    182 64 420 350 424 130 47 
stack 36:    306 349 473 115 83 471 451 
stack 37:    249 422 138 293 139 433 152 
stack 38:    302 131 375 408 73 112 224 
stack 39:    303 366 191 389 46 75 150 
stack 40:    53 442 74 104 66 339 123 
stack 41:    314 405 204 244 411 338 356 
stack 42:    88 421 149 486 43 333 427 
stack 43:    61 298 145 134 467 480 434 
stack 44:    250 0 
stack 45:    1 251 
stack 46:    252 
stack 47:    253 3 
stack 48:    254 
stack 49:    255 
stack 50:    6 
stack 51:    7 256 
stack 52:    8 258 
stack 53:    201 210 484 315 107 260 354 
stack 54:    93 370 12 276 371 412 26 
stack 55:    141 94 414 318 132 167 300 
stack 56:    263 265 200 126 16 14 384 
stack 57:    31 470 312 148 13 67 400 
stack 58:    369 460 387 477 368 413 24 
stack 59:    325 364 82 21 89 308 322 
stack 60:    90 319 359 326 376 487 146 
stack 61:    482 228 69 25 136 380 462 
stack 62:    334 279 268 113 122 63 478 
stack 63:    469 60 96 440 48 288 458 
stack 64:    239 232 401 247 51 184 399 
stack 65:    215 97 327 22 403 219 457 
stack 66:    418 71 392 178 39 211 111 
stack 67:    291 45 36 187 175 221 38 
stack 68:    190 391 208 117 417 345 321 
stack 69:    331 283 78 472 214 481 28 
stack 70:    223 495 72 158 29 77 455 
stack 71:    151 372 160 218 395 248 468 
stack 72:    447 40 140 286 65 448 79 
stack 73:    394 62 181 155 379 465 431 
stack 74:    240 385 459 336 101 157 235 
stack 75:    396 81 37 59 367 236 436 
stack 76:    173 423 294 329 42 105 243 
stack 77:    205 57 41 328 377 398 415 
stack 78:    154 188 50 456 365 246 121 
stack 79:    489 348 474 106 91 378 163 
stack 80:    437 195 192 446 441 174 55 
stack 81:    342 238 164 499 309 231 194 
stack 82:    461 44 133 153 311 222 56 
stack 83:    166 245 320 118 290 310 125 
stack 84:    171 488 84 429 116 227 444 
stack 85:    242 76 137 404 491 305 332 
stack 86:    102 301 323 492 416 466 463 
