solved with: SP.deprecated.TabuSearch
time limit: 1800.0 s
time to solve: 353,02 s
objective value: 310039.56

stacks (top to bottom):
stack 0:    
stack 1:    1 
stack 2:    2 
stack 3:    253 
stack 4:    4 254 
stack 5:    
stack 6:    255 
stack 7:    
stack 8:    8 
stack 9:    462 14 260 51 259 11 
stack 10:    286 145 326 24 70 59 44 
stack 11:    433 135 263 19 56 30 480 
stack 12:    13 265 350 12 380 115 262 
stack 13:    295 460 414 378 94 193 16 
stack 14:    375 443 100 194 268 478 270 
stack 15:    110 269 165 27 475 266 428 
stack 16:    301 474 18 169 34 205 419 
stack 17:    413 325 47 67 403 183 90 
stack 18:    83 463 89 486 273 84 151 
stack 19:    57 92 77 241 449 26 322 
stack 20:    98 300 363 484 379 323 74 
stack 21:    412 272 187 399 38 398 182 
stack 22:    357 469 490 303 221 310 162 
stack 23:    489 64 240 85 207 308 61 
stack 24:    324 355 459 408 470 25 365 
stack 25:    353 109 97 66 197 416 210 
stack 26:    395 148 385 452 340 492 390 
stack 27:    63 366 466 93 58 49 482 
stack 28:    381 280 222 111 88 445 417 
stack 29:    50 447 499 208 104 389 158 
stack 30:    236 406 35 386 465 62 152 
stack 31:    103 305 494 318 105 342 374 
stack 32:    292 387 453 121 76 285 188 
stack 33:    55 304 200 127 235 230 226 
stack 34:    435 223 78 307 243 72 455 
stack 35:    288 167 493 289 415 209 346 
stack 36:    422 196 498 440 411 434 130 
stack 37:    367 147 225 349 212 352 317 
stack 38:    487 418 106 450 358 190 439 
stack 39:    351 146 175 377 488 95 52 
stack 40:    248 195 461 73 192 176 134 
stack 41:    140 191 54 427 336 216 168 
stack 42:    394 91 144 229 400 341 436 
stack 43:    404 184 458 114 81 65 334 
stack 44:    0 250 
stack 45:    251 
stack 46:    252 
stack 47:    3 
stack 48:    5 
stack 49:    
stack 50:    256 6 257 
stack 51:    258 7 
stack 52:    
stack 53:    9 10 261 472 421 311 217 
stack 54:    170 302 234 79 328 75 166 
stack 55:    343 186 80 345 410 206 232 
stack 56:    33 369 143 294 220 264 244 
stack 57:    276 82 312 485 159 306 203 
stack 58:    473 271 131 15 481 21 371 
stack 59:    274 239 198 249 405 267 388 
stack 60:    454 189 87 199 178 17 359 
stack 61:    483 409 160 495 348 464 29 
stack 62:    227 22 23 138 238 339 53 
stack 63:    471 99 444 20 204 335 372 
stack 64:    32 275 36 456 28 344 107 
stack 65:    296 279 137 122 287 113 42 
stack 66:    496 164 116 125 155 60 451 
stack 67:    154 423 132 224 362 112 277 
stack 68:    457 39 177 425 174 442 43 
stack 69:    278 117 376 218 128 426 299 
stack 70:    393 446 172 281 313 245 40 
stack 71:    161 284 171 124 242 314 347 
stack 72:    468 401 282 337 477 118 309 
stack 73:    139 142 211 246 133 283 41 
stack 74:    141 101 69 68 370 356 321 
stack 75:    31 360 424 320 497 213 123 
stack 76:    179 407 383 163 437 338 476 
stack 77:    431 150 364 432 102 391 392 
stack 78:    291 108 402 448 120 237 181 
stack 79:    247 157 491 430 149 315 156 
stack 80:    396 153 45 37 233 46 290 
stack 81:    298 71 429 219 86 329 332 
stack 82:    136 293 173 330 48 231 119 
stack 83:    333 420 316 129 327 382 126 
stack 84:    202 479 228 384 438 201 297 
stack 85:    354 331 467 214 96 368 441 
stack 86:    373 180 185 215 319 361 397 

#####################################################

solved with: SP.post_optimization_methods.HillClimbing
time limit: 1800.0 s
time to solve: 143,09 s
objective value: 310043.18

stacks (top to bottom):
stack 0:    
stack 1:    1 
stack 2:    2 
stack 3:    253 
stack 4:    4 254 
stack 5:    
stack 6:    255 
stack 7:    
stack 8:    8 
stack 9:    260 259 263 67 133 
stack 10:    422 57 180 453 198 25 107 
stack 11:    13 47 357 26 407 382 317 
stack 12:    103 305 269 12 78 480 262 
stack 13:    31 483 153 265 138 461 264 
stack 14:    165 86 19 70 416 358 230 
stack 15:    248 199 445 112 345 192 426 
stack 16:    351 406 80 23 34 277 417 
stack 17:    32 132 224 205 493 472 451 
stack 18:    298 284 222 312 238 101 156 
stack 19:    71 497 285 100 411 194 390 
stack 20:    479 429 51 208 319 113 270 
stack 21:    274 164 329 173 237 492 372 
stack 22:    409 87 466 456 28 273 232 
stack 23:    292 373 127 121 185 375 130 
stack 24:    202 402 448 73 370 289 336 
stack 25:    275 459 35 313 364 183 388 
stack 26:    396 38 27 464 428 115 309 
stack 27:    486 280 247 327 403 368 58 
stack 28:    242 82 195 68 88 169 374 
stack 29:    413 282 233 450 60 244 217 
stack 30:    316 36 143 120 339 410 42 
stack 31:    109 177 494 105 408 303 465 
stack 32:    136 353 139 444 469 490 335 
stack 33:    148 304 446 249 137 384 116 
stack 34:    45 213 432 59 311 95 346 
stack 35:    288 147 193 376 117 352 52 
stack 36:    64 189 318 341 386 321 359 
stack 37:    161 355 144 167 69 439 168 
stack 38:    187 197 190 226 334 397 158 
stack 39:    331 385 89 79 322 178 330 
stack 40:    110 85 123 152 62 93 74 
stack 41:    471 229 308 54 380 49 377 
stack 42:    184 433 239 438 443 155 188 
stack 43:    179 300 150 424 440 405 118 
stack 44:    0 250 
stack 45:    251 
stack 46:    252 
stack 47:    3 
stack 48:    5 
stack 49:    
stack 50:    256 257 6 
stack 51:    258 7 
stack 52:    16 
stack 53:    9 191 207 10 261 128 166 
stack 54:    295 271 15 340 243 72 392 
stack 55:    276 399 11 125 201 65 297 
stack 56:    487 129 475 326 20 245 231 
stack 57:    454 14 425 18 159 421 371 
stack 58:    135 431 266 332 268 48 126 
stack 59:    412 401 200 196 267 389 17 
stack 60:    394 141 91 367 21 209 299 
stack 61:    279 124 111 427 436 362 419 
stack 62:    354 140 30 356 482 151 162 
stack 63:    286 22 210 75 283 455 476 
stack 64:    467 458 320 363 114 56 328 
stack 65:    55 272 219 106 211 24 204 
stack 66:    489 131 278 423 94 485 61 
stack 67:    33 99 350 149 163 314 488 
stack 68:    404 98 387 214 234 175 29 
stack 69:    381 414 154 160 481 212 53 
stack 70:    360 393 337 76 434 323 235 
stack 71:    223 420 349 225 347 102 338 
stack 72:    473 293 77 498 215 122 104 
stack 73:    39 241 499 449 281 46 365 
stack 74:    496 343 37 484 287 361 441 
stack 75:    457 145 302 430 307 41 342 
stack 76:    333 63 236 97 495 437 146 
stack 77:    296 447 398 310 221 478 43 
stack 78:    468 83 171 369 315 491 442 
stack 79:    325 172 142 81 90 181 44 
stack 80:    460 452 301 246 383 470 294 
stack 81:    395 240 170 366 218 176 40 
stack 82:    108 378 400 344 84 216 134 
stack 83:    50 418 228 477 379 182 119 
stack 84:    463 157 186 220 174 96 290 
stack 85:    435 291 92 306 415 203 206 
stack 86:    324 462 227 66 474 348 391 
