lower bound for relaxed s_ij: 310037.12

#####################################################

solved with: SP.mip_formulations.BinPackingFormulation
time limit: 1800.0 s
time to solve: 620,97 s
objective value: 310039.56

stacks (top to bottom):
stack 0:    
stack 1:    251 
stack 2:    2 
stack 3:    253 
stack 4:    4 254 
stack 5:    
stack 6:    255 
stack 7:    
stack 8:    8 
stack 9:    298 241 135 259 475 470 
stack 10:    260 448 386 159 356 441 188 
stack 11:    353 324 242 261 390 158 392 
stack 12:    454 109 350 380 75 476 262 
stack 13:    496 148 103 153 97 263 74 
stack 14:    387 497 444 332 146 237 226 
stack 15:    265 430 382 465 428 314 342 
stack 16:    99 170 312 191 85 88 169 
stack 17:    376 225 224 54 344 72 317 
stack 18:    354 385 227 164 86 434 268 
stack 19:    269 172 27 133 364 416 152 
stack 20:    55 325 239 449 142 104 270 
stack 21:    452 459 78 306 167 190 232 
stack 22:    22 302 485 195 294 93 309 
stack 23:    381 23 436 455 321 374 346 
stack 24:    292 179 198 137 440 379 297 
stack 25:    401 282 233 407 211 235 389 
stack 26:    276 446 139 71 26 311 168 
stack 27:    457 63 486 495 308 69 362 
stack 28:    83 45 494 144 491 339 176 
stack 29:    98 458 424 418 443 228 323 
stack 30:    280 484 464 328 197 113 126 
stack 31:    394 420 349 212 203 166 41 
stack 32:    413 360 487 490 129 326 70 
stack 33:    412 47 165 116 100 65 48 
stack 34:    91 160 94 111 205 156 107 
stack 35:    435 136 296 154 352 417 43 
stack 36:    147 131 348 238 192 206 84 
stack 37:    249 127 155 182 178 46 230 
stack 38:    288 499 246 234 173 204 368 
stack 39:    177 222 87 341 61 421 371 
stack 40:    92 66 207 73 68 336 134 
stack 41:    489 460 141 193 132 120 128 
stack 42:    453 200 196 185 180 498 76 
stack 43:    393 373 438 375 411 405 125 
stack 44:    250 0 
stack 45:    1 
stack 46:    252 
stack 47:    3 
stack 48:    5 
stack 49:    
stack 50:    256 257 6 
stack 51:    258 7 
stack 52:    
stack 53:    9 462 331 406 400 10 44 
stack 54:    471 357 469 403 322 335 377 
stack 55:    343 318 329 11 174 245 115 
stack 56:    367 12 163 432 358 492 338 
stack 57:    13 300 77 50 219 81 264 
stack 58:    14 171 248 229 307 427 52 
stack 59:    291 15 481 16 299 217 42 
stack 60:    463 402 355 474 266 221 17 
stack 61:    404 479 189 467 447 214 267 
stack 62:    333 378 423 18 112 397 388 
stack 63:    161 236 89 19 123 488 391 
stack 64:    64 366 186 157 20 49 90 
stack 65:    473 271 117 21 209 162 119 
stack 66:    433 184 272 383 102 59 151 
stack 67:    408 466 138 472 445 370 273 
stack 68:    274 24 130 118 330 25 181 
stack 69:    414 275 313 303 340 347 334 
stack 70:    247 240 35 218 345 277 231 
stack 71:    468 425 315 461 415 426 410 
stack 72:    278 143 28 216 53 482 95 
stack 73:    57 279 369 80 456 493 29 
stack 74:    223 108 409 281 30 60 478 
stack 75:    31 351 301 124 105 327 210 
stack 76:    32 67 437 79 62 442 243 
stack 77:    33 450 96 58 283 451 359 
stack 78:    483 316 140 284 101 34 419 
stack 79:    295 422 395 304 320 285 244 
stack 80:    286 199 36 480 183 175 439 
stack 81:    396 429 399 37 51 208 287 
stack 82:    202 150 363 114 38 215 319 
stack 83:    305 293 110 39 149 82 289 
stack 84:    145 213 56 220 361 290 40 
stack 85:    431 337 121 384 477 201 372 
stack 86:    187 106 398 194 122 310 365 

#####################################################

solved with: SP.constructive_heuristics.GeneralHeuristic
time limit: 1800.0 s
time to solve: 0,00 s
objective value: 335824.56

stacks (top to bottom):
stack 0:    233 499 38 172 310 359 119 
stack 1:    446 121 178 113 90 390 43 
stack 2:    333 109 236 36 308 245 368 
stack 3:    177 248 229 120 205 203 436 
stack 4:    393 234 332 326 464 163 59 
stack 5:    473 131 349 224 16 419 53 
stack 6:    240 369 386 3 218 347 392 
stack 7:    140 355 35 199 111 306 362 
stack 8:    295 353 282 360 214 389 309 
stack 9:    292 437 382 470 204 335 74 
stack 10:    496 401 325 453 337 405 104 
stack 11:    148 447 142 263 30 403 60 
stack 12:    409 157 312 101 128 370 339 
stack 13:    291 423 278 138 461 190 391 
stack 14:    99 150 86 56 8 416 377 
stack 15:    489 258 4 329 129 328 478 
stack 16:    161 351 280 85 87 371 216 
stack 17:    108 225 481 212 176 472 206 
stack 18:    9 331 170 247 250 93 217 
stack 19:    92 47 71 399 440 379 155 
stack 20:    269 429 76 411 287 334 40 
stack 21:    394 490 24 173 314 492 372 
stack 22:    223 15 466 10 456 181 158 
stack 23:    185 100 130 48 126 226 107 
stack 24:    103 27 449 484 81 123 283 
stack 25:    193 68 28 192 112 134 162 
stack 26:    45 22 242 366 5 445 415 
stack 27:    479 171 400 322 96 58 270 
stack 28:    395 114 210 340 358 7 290 
stack 29:    50 300 246 20 432 72 439 
stack 30:    305 422 64 486 459 319 268 
stack 31:    381 343 82 80 315 341 273 
stack 32:    288 165 213 164 407 235 46 
stack 33:    110 249 373 137 438 116 25 
stack 34:    435 378 364 197 152 311 95 
stack 35:    31 414 154 147 376 255 374 
stack 36:    404 457 189 153 186 266 49 
stack 37:    66 78 167 159 344 34 41 
stack 38:    239 241 304 281 79 480 361 
stack 39:    324 462 463 467 375 323 451 
stack 40:    483 191 430 195 174 102 237 
stack 41:    316 491 348 238 207 380 17 
stack 42:    136 471 286 298 276 410 232 
stack 43:    139 357 444 384 118 251 397 
stack 44:    468 77 363 259 62 75 231 
stack 45:    354 260 37 498 398 477 297 
stack 46:    141 124 302 475 252 221 182 
stack 47:    184 431 487 133 166 317 346 
stack 48:    55 497 51 356 455 338 52 
stack 49:    57 179 196 200 443 125 441 
stack 50:    63 89 408 495 277 417 84 
stack 51:    94 117 132 21 156 421 151 
stack 52:    396 418 19 208 428 321 168 
stack 53:    97 0 88 493 336 342 262 
stack 54:    33 14 144 301 474 70 220 
stack 55:    412 424 458 228 434 201 330 
stack 56:    274 135 219 383 294 253 488 
stack 57:    293 222 105 485 261 61 388 
stack 58:    271 256 254 230 365 257 188 
stack 59:    83 13 272 127 198 267 42 
stack 60:    32 367 91 307 18 54 299 
stack 61:    39 279 275 425 406 345 426 
stack 62:    460 420 160 146 183 115 482 
stack 63:    413 320 469 67 26 11 465 
stack 64:    385 402 284 448 23 73 244 
stack 65:    202 296 145 106 194 215 6 
stack 66:    265 12 427 69 289 169 1 
stack 67:    454 227 350 149 143 209 
stack 68:    98 387 211 327 450 303 442 
stack 69:    2 352 
stack 70:    187 313 243 175 476 44 
stack 71:    29 
stack 72:    180 285 122 65 
stack 73:    494 452 
stack 74:    318 
stack 75:    433 264 
stack 76:    
stack 77:    
stack 78:    
stack 79:    
stack 80:    
stack 81:    
stack 82:    
stack 83:    
stack 84:    
stack 85:    
stack 86:    
