solved with: SP.deprecated.TabuSearch
time limit: 1800.0 s
time to solve: 218,01 s
objective value: 310022.56

stacks (top to bottom):
stack 0:    0 
stack 1:    1 
stack 2:    
stack 3:    3 
stack 4:    
stack 5:    5 
stack 6:    6 
stack 7:    
stack 8:    
stack 9:    247 15 264 63 20 9 
stack 10:    336 32 11 86 439 449 21 
stack 11:    60 345 278 361 263 225 172 
stack 12:    12 463 378 317 350 13 332 
stack 13:    370 119 337 480 358 188 452 
stack 14:    282 23 283 464 288 289 14 
stack 15:    410 488 85 152 343 327 374 
stack 16:    229 484 97 114 75 494 272 
stack 17:    329 200 454 379 61 98 62 
stack 18:    280 34 381 169 216 286 145 
stack 19:    38 204 430 176 165 227 37 
stack 20:    460 299 141 497 160 434 51 
stack 21:    99 353 451 173 72 28 354 
stack 22:    458 164 325 385 81 303 490 
stack 23:    455 66 191 389 187 171 92 
stack 24:    349 287 56 284 275 41 30 
stack 25:    466 192 368 181 483 209 448 
stack 26:    397 106 29 403 399 334 40 
stack 27:    244 104 246 459 80 33 42 
stack 28:    193 440 491 224 123 79 146 
stack 29:    230 309 462 194 196 445 233 
stack 30:    304 95 218 472 344 48 453 
stack 31:    474 53 356 240 155 371 214 
stack 32:    293 394 232 478 446 36 499 
stack 33:    436 423 465 39 486 140 153 
stack 34:    102 477 405 314 195 485 348 
stack 35:    239 321 469 398 316 88 428 
stack 36:    366 340 404 84 300 161 213 
stack 37:    391 111 190 112 117 306 319 
stack 38:    170 475 292 365 443 431 197 
stack 39:    96 420 52 318 461 418 113 
stack 40:    291 77 206 400 387 351 219 
stack 41:    199 414 492 87 91 393 324 
stack 42:    226 242 377 415 315 180 369 
stack 43:    110 108 159 205 372 339 220 
stack 44:    250 
stack 45:    252 
stack 46:    251 2 
stack 47:    253 
stack 48:    254 4 
stack 49:    255 
stack 50:    256 
stack 51:    257 7 
stack 52:    8 258 
stack 53:    259 441 262 16 142 261 124 
stack 54:    175 260 208 18 17 331 10 
stack 55:    267 243 312 346 296 392 223 
stack 56:    270 68 266 424 279 245 373 
stack 57:    43 271 139 273 422 395 495 
stack 58:    125 103 281 249 265 221 73 
stack 59:    268 19 186 367 150 121 59 
stack 60:    115 217 384 126 82 295 426 
stack 61:    71 269 479 313 100 427 482 
stack 62:    22 342 383 178 456 163 65 
stack 63:    320 425 45 25 330 26 136 
stack 64:    307 148 285 338 210 133 274 
stack 65:    24 412 376 298 47 468 177 
stack 66:    248 413 90 78 352 234 27 
stack 67:    70 156 302 402 432 94 498 
stack 68:    202 388 44 116 89 311 276 
stack 69:    382 105 447 203 237 277 433 
stack 70:    301 411 31 359 328 162 64 
stack 71:    396 179 450 429 118 235 189 
stack 72:    305 487 157 132 50 406 215 
stack 73:    212 473 185 228 419 135 457 
stack 74:    375 182 386 166 364 131 408 
stack 75:    380 310 58 362 35 442 333 
stack 76:    471 107 134 231 167 308 222 
stack 77:    360 129 407 154 496 183 297 
stack 78:    101 363 409 417 290 57 168 
stack 79:    93 438 390 130 147 238 49 
stack 80:    174 401 444 322 122 151 158 
stack 81:    470 144 128 357 416 481 127 
stack 82:    489 55 207 437 326 335 347 
stack 83:    149 323 241 201 211 74 493 
stack 84:    138 435 355 476 120 421 198 
stack 85:    46 137 236 83 341 69 67 
stack 86:    467 109 76 184 143 54 294 

#####################################################

solved with: SP.post_optimization_methods.HillClimbing
time limit: 1800.0 s
time to solve: 126,65 s
objective value: 310022.56

stacks (top to bottom):
stack 0:    0 
stack 1:    1 
stack 2:    
stack 3:    253 
stack 4:    
stack 5:    5 
stack 6:    6 
stack 7:    
stack 8:    
stack 9:    259 260 412 314 18 9 
stack 10:    336 11 262 264 296 10 498 
stack 11:    309 268 273 147 135 351 64 
stack 12:    12 381 61 148 29 210 421 
stack 13:    396 207 450 279 118 453 121 
stack 14:    43 164 139 284 419 343 369 
stack 15:    15 78 109 443 19 358 275 
stack 16:    310 471 366 439 79 65 51 
stack 17:    455 487 23 137 316 276 374 
stack 18:    125 488 364 326 327 395 40 
stack 19:    71 25 269 353 355 325 26 
stack 20:    270 382 218 36 220 339 172 
stack 21:    312 130 105 405 160 35 28 
stack 22:    192 386 212 389 473 438 406 
stack 23:    474 363 436 44 362 331 67 
stack 24:    170 441 404 350 300 81 234 
stack 25:    239 247 77 344 429 472 48 
stack 26:    38 110 115 323 371 155 153 
stack 27:    375 104 246 391 32 231 113 
stack 28:    244 66 106 317 322 303 319 
stack 29:    55 475 458 114 228 298 136 
stack 30:    204 211 74 224 183 449 448 
stack 31:    401 45 330 89 122 233 189 
stack 32:    304 232 400 186 41 392 306 
stack 33:    435 199 423 39 297 286 354 
stack 34:    34 477 425 107 476 54 223 
stack 35:    321 52 398 53 56 464 431 
stack 36:    454 384 80 442 37 124 445 
stack 37:    60 46 483 221 356 162 347 
stack 38:    349 397 182 93 413 82 94 
stack 39:    460 299 497 451 227 434 127 
stack 40:    229 320 292 305 152 415 195 
stack 41:    70 241 201 86 456 294 42 
stack 42:    420 242 378 157 161 333 59 
stack 43:    58 444 494 117 112 180 151 
stack 44:    250 
stack 45:    
stack 46:    251 2 
stack 47:    3 252 
stack 48:    254 4 
stack 49:    255 
stack 50:    256 
stack 51:    257 7 
stack 52:    8 258 
stack 53:    414 16 493 261 33 21 277 
stack 54:    190 134 216 13 17 63 485 
stack 55:    129 446 424 263 393 219 433 
stack 56:    489 138 266 245 14 373 225 
stack 57:    390 447 265 237 315 311 426 
stack 58:    280 243 154 407 452 206 27 
stack 59:    394 291 478 179 49 177 150 
stack 60:    484 267 24 417 479 87 274 
stack 61:    96 409 208 281 328 238 457 
stack 62:    411 271 283 437 468 83 20 
stack 63:    302 383 430 22 178 432 62 
stack 64:    68 287 278 418 197 367 215 
stack 65:    282 230 191 187 203 408 30 
stack 66:    466 202 75 166 249 272 120 
stack 67:    380 342 156 402 126 295 158 
stack 68:    329 173 116 133 385 240 428 
stack 69:    307 194 144 352 361 236 73 
stack 70:    388 285 213 167 88 145 348 
stack 71:    102 200 313 340 377 92 222 
stack 72:    90 181 365 469 337 334 205 
stack 73:    101 97 175 31 159 163 142 
stack 74:    141 359 462 131 143 341 214 
stack 75:    226 290 465 379 85 171 196 
stack 76:    99 149 440 176 168 165 146 
stack 77:    301 360 467 57 169 50 91 
stack 78:    368 185 119 376 184 289 335 
stack 79:    293 95 422 416 387 69 324 
stack 80:    410 103 496 346 76 288 490 
stack 81:    492 338 403 84 399 209 482 
stack 82:    108 463 111 459 72 198 308 
stack 83:    217 193 491 486 123 332 427 
stack 84:    174 470 132 98 100 499 140 
stack 85:    248 345 318 461 357 481 495 
stack 86:    370 480 128 47 188 372 235 
