solved with: SP.deprecated.TabuSearch
time limit: 1800.0 s
time to solve: 242,63 s
objective value: 310050.42

stacks (top to bottom):
stack 0:    
stack 1:    250 
stack 2:    
stack 3:    3 
stack 4:    4 
stack 5:    5 
stack 6:    
stack 7:    
stack 8:    
stack 9:    258 179 262 14 259 110 
stack 10:    452 11 271 15 335 438 267 
stack 11:    33 264 177 244 10 489 317 
stack 12:    466 45 23 59 339 12 90 
stack 13:    265 471 140 22 76 306 300 
stack 14:    205 185 283 227 497 286 168 
stack 15:    281 432 149 491 342 87 280 
stack 16:    71 266 274 20 328 27 44 
stack 17:    308 361 54 123 312 233 91 
stack 18:    302 133 270 106 318 273 115 
stack 19:    310 290 102 458 461 165 487 
stack 20:    24 169 150 51 406 433 309 
stack 21:    394 427 415 357 272 28 354 
stack 22:    217 121 78 172 99 277 486 
stack 23:    408 431 120 92 34 439 376 
stack 24:    178 124 305 483 293 214 276 
stack 25:    129 436 371 31 42 147 469 
stack 26:    130 476 84 279 347 453 420 
stack 27:    248 421 105 222 429 442 498 
stack 28:    61 446 55 292 389 397 282 
stack 29:    484 80 430 343 464 380 225 
stack 30:    101 223 158 221 191 247 332 
stack 31:    363 448 495 108 401 41 295 
stack 32:    70 456 198 207 122 38 202 
stack 33:    37 423 304 57 355 474 74 
stack 34:    246 206 287 199 144 298 175 
stack 35:    405 482 131 412 182 103 449 
stack 36:    451 82 368 216 400 135 79 
stack 37:    454 422 118 288 89 455 116 
stack 38:    139 399 53 171 60 370 176 
stack 39:    194 47 447 220 468 364 157 
stack 40:    48 291 107 69 68 163 65 
stack 41:    153 340 481 132 492 359 112 
stack 42:    485 417 211 297 166 375 393 
stack 43:    348 208 104 366 209 457 467 
stack 44:    0 
stack 45:    252 251 1 
stack 46:    2 
stack 47:    253 
stack 48:    254 
stack 49:    255 
stack 50:    6 
stack 51:    256 257 7 
stack 52:    260 8 
stack 53:    9 261 49 352 93 268 17 
stack 54:    111 402 13 278 29 26 384 
stack 55:    32 299 378 391 480 284 459 
stack 56:    228 232 496 330 327 263 19 
stack 57:    50 64 39 159 362 269 189 
stack 58:    188 445 413 344 18 416 16 
stack 59:    403 351 296 316 215 81 36 
stack 60:    30 128 52 367 138 236 488 
stack 61:    369 407 346 152 181 419 141 
stack 62:    161 40 388 241 470 387 204 
stack 63:    75 360 203 184 119 338 329 
stack 64:    98 477 226 311 94 275 21 
stack 65:    192 462 322 183 326 285 127 
stack 66:    56 499 238 142 472 180 186 
stack 67:    195 201 67 167 475 58 85 
stack 68:    213 379 25 418 245 136 170 
stack 69:    237 240 174 334 358 404 143 
stack 70:    479 323 331 73 414 224 164 
stack 71:    444 441 383 386 493 187 239 
stack 72:    95 148 473 341 219 151 125 
stack 73:    77 424 428 425 86 307 313 
stack 74:    494 155 373 113 382 465 100 
stack 75:    35 377 411 249 235 162 212 
stack 76:    315 126 353 160 490 190 229 
stack 77:    410 230 440 173 210 396 88 
stack 78:    460 435 385 66 156 350 478 
stack 79:    114 324 200 374 426 62 392 
stack 80:    294 234 196 463 231 109 409 
stack 81:    154 303 325 390 197 289 337 
stack 82:    437 96 381 345 314 320 46 
stack 83:    434 145 193 97 372 398 321 
stack 84:    395 243 83 134 218 349 356 
stack 85:    63 443 365 242 336 333 319 
stack 86:    450 117 72 146 43 301 137 

#####################################################

solved with: SP.post_optimization_methods.HillClimbing
time limit: 1800.0 s
time to solve: 111,75 s
objective value: 310050.42

stacks (top to bottom):
stack 0:    
stack 1:    250 
stack 2:    
stack 3:    3 
stack 4:    4 
stack 5:    5 
stack 6:    
stack 7:    10 
stack 8:    
stack 9:    258 146 370 14 259 
stack 10:    261 15 325 20 353 366 36 
stack 11:    66 264 144 244 298 177 398 
stack 12:    56 117 304 12 170 21 16 
stack 13:    450 303 134 31 462 159 464 
stack 14:    77 424 497 280 29 442 376 
stack 15:    458 249 322 470 92 285 116 
stack 16:    451 373 268 27 397 455 186 
stack 17:    206 33 65 68 267 175 372 
stack 18:    460 228 53 402 166 269 275 
stack 19:    130 427 174 203 143 350 317 
stack 20:    61 198 377 407 270 273 110 
stack 21:    345 131 150 414 480 400 349 
stack 22:    302 230 482 22 355 94 26 
stack 23:    32 385 232 199 152 156 276 
stack 24:    294 281 378 51 278 286 337 
stack 25:    494 371 42 346 109 125 282 
stack 26:    476 432 71 465 28 112 44 
stack 27:    466 279 113 347 46 103 147 
stack 28:    363 111 161 431 105 233 356 
stack 29:    82 316 471 481 306 158 225 
stack 30:    55 375 207 193 307 333 321 
stack 31:    374 426 47 81 364 354 487 
stack 32:    368 456 386 196 334 339 384 
stack 33:    192 70 440 289 74 167 284 
stack 34:    211 495 201 326 242 475 309 
stack 35:    234 208 57 119 191 172 332 
stack 36:    37 403 348 217 324 62 420 
stack 37:    315 83 299 48 291 218 108 
stack 38:    139 445 415 60 189 163 319 
stack 39:    63 169 335 331 490 329 467 
stack 40:    248 413 223 311 474 87 122 
stack 41:    428 98 382 182 447 220 392 
stack 42:    484 448 297 73 216 99 127 
stack 43:    391 231 106 120 478 380 90 
stack 44:    0 
stack 45:    252 251 1 
stack 46:    2 
stack 47:    253 
stack 48:    254 
stack 49:    255 
stack 50:    6 
stack 51:    256 257 7 
stack 52:    260 8 
stack 53:    35 96 9 153 121 138 486 
stack 54:    11 262 271 104 13 312 180 
stack 55:    381 140 266 78 221 416 202 
stack 56:    129 179 344 283 176 263 19 
stack 57:    114 314 340 300 492 165 79 
stack 58:    155 23 357 226 209 17 85 
stack 59:    410 265 84 274 477 272 468 
stack 60:    479 72 491 184 461 449 393 
stack 61:    124 290 24 499 318 330 336 
stack 62:    395 435 238 390 18 224 91 
stack 63:    178 405 293 342 328 277 88 
stack 64:    240 102 362 292 183 181 433 
stack 65:    243 361 411 185 358 419 164 
stack 66:    452 287 434 40 145 489 229 
stack 67:    80 288 118 421 190 498 295 
stack 68:    351 30 418 25 157 219 168 
stack 69:    438 39 89 241 222 388 313 
stack 70:    430 107 69 429 387 401 212 
stack 71:    436 383 64 493 160 187 162 
stack 72:    194 379 200 52 412 338 236 
stack 73:    45 49 76 473 93 359 469 
stack 74:    149 215 245 453 136 135 137 
stack 75:    485 154 188 50 148 142 123 
stack 76:    205 197 365 404 239 472 58 
stack 77:    75 483 227 210 343 34 214 
stack 78:    237 394 308 408 443 173 301 
stack 79:    417 446 360 133 59 389 439 
stack 80:    423 126 101 369 67 235 141 
stack 81:    444 425 195 86 247 457 100 
stack 82:    323 296 320 54 406 396 38 
stack 83:    246 454 422 97 409 115 41 
stack 84:    437 441 95 128 367 488 459 
stack 85:    310 399 463 171 496 327 204 
stack 86:    213 305 352 132 43 341 151 
