lower bound for relaxed s_ij: 716566.14

#####################################################

solved with: SP.mip_formulations.BinPackingFormulation
time limit: 1800.0 s
time to solve: 1801,54 s (time limit exceeded)
objective value: 716568.58 (not optimal)

stacks (top to bottom):
stack 0:    375 0 
stack 1:    1 
stack 2:    2 
stack 3:    
stack 4:    
stack 5:    
stack 6:    381 
stack 7:    244 143 110 149 7 229 209 
stack 8:    543 111 595 641 603 504 434 
stack 9:    260 502 265 735 600 9 527 
stack 10:    625 215 76 77 545 506 90 
stack 11:    646 534 437 386 304 83 331 
stack 12:    387 464 291 79 13 533 431 
stack 13:    187 499 435 276 444 129 345 
stack 14:    389 371 676 568 588 692 528 
stack 15:    294 290 101 476 605 214 186 
stack 16:    616 178 256 391 33 347 719 
stack 17:    742 743 650 465 458 624 228 
stack 18:    104 609 299 267 254 324 479 
stack 19:    337 531 517 300 635 731 85 
stack 20:    730 718 218 210 440 97 430 
stack 21:    741 661 227 526 487 219 698 
stack 22:    206 226 579 366 737 163 81 
stack 23:    286 155 505 470 518 720 725 
stack 24:    339 88 740 684 454 69 399 
stack 25:    678 455 658 644 544 48 482 
stack 26:    212 714 288 153 693 270 174 
stack 27:    365 189 313 194 309 328 618 
stack 28:    184 91 549 352 283 563 419 
stack 29:    700 71 594 492 284 679 29 
stack 30:    561 547 665 519 167 405 633 
stack 31:    459 364 681 191 630 130 31 
stack 32:    222 103 686 407 266 250 180 
stack 33:    315 532 243 704 164 296 176 
stack 34:    34 317 202 173 109 213 619 
stack 35:    35 729 680 656 738 554 443 
stack 36:    598 207 721 239 691 203 508 
stack 37:    717 542 715 728 355 559 165 
stack 38:    573 38 666 596 510 460 493 
stack 39:    716 529 739 368 87 688 744 
stack 40:    93 608 503 107 611 580 523 
stack 41:    201 58 175 587 156 148 196 
stack 42:    417 125 327 642 637 497 249 
stack 43:    257 177 707 689 133 161 120 
stack 44:    574 72 478 575 127 722 694 
stack 45:    115 142 726 500 301 591 472 
stack 46:    198 146 343 279 114 565 121 
stack 47:    606 453 511 135 281 422 474 
stack 48:    592 536 95 703 333 356 124 
stack 49:    584 530 334 252 509 424 314 
stack 50:    292 546 323 491 208 723 734 
stack 51:    466 145 332 697 151 747 285 
stack 52:    86 674 263 512 52 586 569 
stack 53:    727 647 237 610 298 354 535 
stack 54:    429 446 261 567 185 745 372 
stack 55:    193 63 669 461 157 78 96 
stack 56:    557 56 442 217 627 322 269 
stack 57:    264 61 708 538 320 447 94 
stack 58:    233 477 614 585 335 553 572 
stack 59:    653 84 663 541 439 462 590 
stack 60:    376 
stack 61:    
stack 62:    377 
stack 63:    3 378 
stack 64:    379 4 
stack 65:    380 
stack 66:    6 5 154 
stack 67:    548 382 251 513 220 230 119 
stack 68:    302 670 695 171 699 8 383 
stack 69:    384 736 66 99 514 272 242 
stack 70:    385 259 452 10 426 113 672 
stack 71:    268 353 168 188 550 262 11 
stack 72:    12 199 117 626 617 82 388 
stack 73:    100 235 17 289 620 258 204 
stack 74:    481 305 169 450 241 748 14 
stack 75:    321 342 141 15 325 711 390 
stack 76:    16 160 555 489 463 248 158 
stack 77:    253 521 392 19 367 373 89 
stack 78:    654 516 488 393 18 613 216 
stack 79:    278 394 522 357 350 655 631 
stack 80:    640 282 668 231 501 395 20 
stack 81:    432 480 236 597 702 21 396 
stack 82:    22 397 369 274 632 238 346 
stack 83:    170 398 628 23 122 26 660 
stack 84:    537 75 24 484 57 360 195 
stack 85:    131 400 25 448 361 629 607 
stack 86:    232 582 43 713 540 39 401 
stack 87:    427 307 402 277 152 27 336 
stack 88:    370 634 374 403 28 576 338 
stack 89:    404 494 441 438 108 150 601 
stack 90:    621 359 556 287 326 297 30 
stack 91:    571 593 136 490 577 564 406 
stack 92:    311 70 604 520 192 32 612 
stack 93:    98 408 473 471 409 643 144 
stack 94:    280 677 671 137 475 344 552 
stack 95:    410 599 525 140 566 551 316 
stack 96:    341 652 673 295 570 411 36 
stack 97:    166 132 705 712 303 412 37 
stack 98:    413 657 706 701 495 539 457 
stack 99:    223 116 138 414 200 67 80 
stack 100:    415 558 436 638 319 147 40 
stack 101:    515 416 602 683 41 649 183 
stack 102:    507 733 560 724 312 126 42 
stack 103:    418 581 662 363 68 451 362 
stack 104:    181 245 44 211 182 162 62 
stack 105:    45 225 112 496 224 134 420 
stack 106:    421 687 639 46 159 351 690 
stack 107:    234 433 423 47 340 318 205 
stack 108:    664 468 329 247 696 73 102 
stack 109:    749 732 49 659 118 105 92 
stack 110:    648 746 50 562 64 467 425 
stack 111:    524 51 578 682 456 651 485 
stack 112:    449 240 221 179 123 498 349 
stack 113:    53 622 428 65 330 246 106 
stack 114:    623 445 172 667 139 54 306 
stack 115:    55 348 59 583 271 197 74 
stack 116:    486 273 675 709 615 293 60 
stack 117:    190 275 483 308 589 310 128 
stack 118:    685 636 469 645 710 255 358 

#####################################################

solved with: SP.constructive_heuristics.GeneralHeuristic
time limit: 1800.0 s
time to solve: 0,01 s
objective value: 752375.43

stacks (top to bottom):
stack 0:    253 374 402 704 29 217 165 
stack 1:    278 429 111 74 27 113 346 
stack 2:    623 465 645 358 681 162 744 
stack 3:    749 170 732 288 747 405 612 
stack 4:    12 184 189 353 503 587 627 
stack 5:    713 194 172 179 718 639 551 
stack 6:    290 168 261 375 82 304 31 
stack 7:    557 370 17 731 46 484 269 
stack 8:    421 622 343 598 675 580 60 
stack 9:    326 459 274 188 285 463 485 
stack 10:    45 199 593 75 76 470 49 
stack 11:    665 417 393 450 312 171 97 
stack 12:    177 257 67 364 147 694 158 
stack 13:    578 379 471 276 33 607 479 
stack 14:    437 531 526 441 597 107 618 
stack 15:    232 22 674 175 469 354 475 
stack 16:    240 145 668 301 209 737 462 
stack 17:    311 233 16 658 231 409 425 
stack 18:    146 178 739 586 378 403 572 
stack 19:    714 58 15 19 577 388 250 
stack 20:    507 661 108 317 447 242 655 
stack 21:    3 547 657 667 229 366 725 
stack 22:    104 428 114 474 161 118 497 
stack 23:    93 129 376 157 109 202 692 
stack 24:    561 342 277 334 126 262 90 
stack 25:    222 546 297 298 461 347 18 
stack 26:    433 636 291 691 25 345 205 
stack 27:    380 56 32 284 698 163 457 
stack 28:    432 239 707 122 148 213 314 
stack 29:    234 548 606 243 141 549 164 
stack 30:    100 110 541 538 0 550 372 
stack 31:    143 223 705 138 671 377 318 
stack 32:    287 647 254 299 154 448 196 
stack 33:    329 540 348 594 748 176 81 
stack 34:    235 226 4 638 156 383 472 
stack 35:    268 35 192 283 160 590 183 
stack 36:    524 279 709 173 508 426 36 
stack 37:    337 444 617 504 624 119 228 
stack 38:    115 604 453 263 61 103 270 
stack 39:    292 153 738 41 533 127 92 
stack 40:    244 664 123 48 1 14 20 
stack 41:    543 116 416 9 367 124 720 
stack 42:    86 2 302 640 525 69 322 
stack 43:    653 445 140 401 553 309 360 
stack 44:    72 152 24 527 368 83 535 
stack 45:    190 473 273 458 513 676 601 
stack 46:    39 492 259 325 603 327 651 
stack 47:    727 677 66 407 26 106 96 
stack 48:    742 717 323 191 669 121 174 
stack 49:    654 206 371 490 77 728 451 
stack 50:    385 501 214 518 522 552 619 
stack 51:    621 181 529 280 125 412 629 
stack 52:    400 321 340 686 693 569 659 
stack 53:    468 634 5 21 186 467 40 
stack 54:    700 389 333 684 439 442 701 
stack 55:    187 307 265 477 635 554 105 
stack 56:    341 300 515 219 336 649 248 
stack 57:    516 71 706 605 662 596 57 
stack 58:    574 227 486 614 564 338 195 
stack 59:    404 305 23 52 369 203 216 
stack 60:    438 480 567 308 137 272 631 
stack 61:    207 256 193 144 539 420 351 
stack 62:    260 6 608 494 491 319 722 
stack 63:    410 592 537 449 386 712 10 
stack 64:    387 65 50 246 456 630 723 
stack 65:    43 511 423 13 568 255 528 
stack 66:    55 628 710 80 745 182 637 
stack 67:    582 520 673 583 581 498 102 
stack 68:    571 88 488 703 373 399 306 
stack 69:    521 155 708 505 641 395 331 
stack 70:    150 30 87 609 267 28 211 
stack 71:    733 382 169 650 414 610 682 
stack 72:    413 117 434 390 94 509 514 
stack 73:    721 611 208 394 711 324 78 
stack 74:    84 599 315 697 151 555 249 
stack 75:    201 435 715 729 252 588 493 
stack 76:    536 534 512 595 241 356 396 
stack 77:    735 478 135 391 695 62 672 
stack 78:    53 716 616 648 63 565 238 
stack 79:    487 724 736 99 266 362 37 
stack 80:    294 730 566 620 224 679 11 
stack 81:    365 149 381 670 419 660 350 
stack 82:    573 132 286 560 482 134 258 
stack 83:    454 54 496 666 204 510 690 
stack 84:    98 687 600 47 236 281 523 
stack 85:    466 646 251 483 683 422 120 
stack 86:    131 481 198 359 384 133 689 
stack 87:    644 392 335 355 38 440 316 
stack 88:    625 215 455 398 685 293 424 
stack 89:    142 544 197 185 220 361 180 
stack 90:    502 530 476 128 589 642 591 
stack 91:    264 91 663 519 585 633 406 
stack 92:    95 339 313 221 559 296 460 
stack 93:    678 452 563 411 443 85 576 
stack 94:    427 166 532 332 230 8 489 
stack 95:    70 726 282 7 740 218 68 
stack 96:    517 51 397 602 436 702 562 
stack 97:    743 418 499 408 656 680 506 
stack 98:    212 446 556 632 310 344 719 
stack 99:    741 542 200 464 79 688 89 
stack 100:    584 746 330 64 699 431 613 
stack 101:    247 652 696 210 328 159 734 
stack 102:    136 112 271 352 570 643 357 
stack 103:    415 59 139 363 42 349 495 
stack 104:    275 237 245 44 558 575 
stack 105:    225 73 289 
stack 106:    34 130 
stack 107:    101 295 500 545 303 167 626 
stack 108:    615 430 
stack 109:    579 320 
stack 110:    
stack 111:    
stack 112:    
stack 113:    
stack 114:    
stack 115:    
stack 116:    
stack 117:    
stack 118:    
