lower bound for relaxed s_ij: 716549.14

#####################################################

solved with: SP.mip_formulations.BinPackingFormulation
time limit: 1800.0 s
time to solve: 1801,42 s (time limit exceeded)
objective value: 716551.58 (not optimal)

stacks (top to bottom):
stack 0:    
stack 1:    
stack 2:    377 
stack 3:    
stack 4:    379 
stack 5:    380 
stack 6:    
stack 7:    160 560 382 624 653 155 614 
stack 8:    517 192 318 454 355 87 9 
stack 9:    515 275 119 174 711 323 147 
stack 10:    571 502 227 216 156 543 470 
stack 11:    197 176 67 436 630 326 256 
stack 12:    679 302 82 504 737 171 12 
stack 13:    388 249 207 736 25 220 354 
stack 14:    639 468 114 456 338 450 463 
stack 15:    681 238 347 541 368 366 589 
stack 16:    118 241 663 546 228 72 132 
stack 17:    111 180 142 392 608 660 17 
stack 18:    304 562 239 635 73 101 631 
stack 19:    277 103 741 125 198 394 19 
stack 20:    359 739 306 609 607 109 395 
stack 21:    22 396 298 725 459 485 240 
stack 22:    563 573 524 172 497 444 287 
stack 23:    670 585 123 738 159 78 599 
stack 24:    507 271 214 223 259 622 153 
stack 25:    452 310 590 558 93 319 400 
stack 26:    311 120 666 579 148 370 208 
stack 27:    96 141 712 595 615 479 582 
stack 28:    269 612 693 85 461 548 403 
stack 29:    516 544 303 29 592 433 527 
stack 30:    285 360 477 346 518 691 437 
stack 31:    196 651 665 244 451 209 97 
stack 32:    290 494 315 284 407 331 604 
stack 33:    286 314 293 33 591 357 280 
stack 34:    638 623 352 34 715 353 645 
stack 35:    633 569 276 92 641 493 655 
stack 36:    657 91 94 644 684 447 717 
stack 37:    743 138 723 720 74 642 133 
stack 38:    694 129 601 597 619 536 710 
stack 39:    686 668 334 297 620 339 39 
stack 40:    130 367 122 514 213 415 478 
stack 41:    212 264 139 104 41 190 161 
stack 42:    307 289 748 634 56 574 281 
stack 43:    203 200 182 69 65 127 418 
stack 44:    144 356 44 490 566 248 135 
stack 45:    333 59 420 534 45 492 335 
stack 46:    466 218 521 163 221 664 724 
stack 47:    484 145 632 361 422 64 235 
stack 48:    554 702 555 117 577 675 68 
stack 49:    678 440 707 542 513 372 292 
stack 50:    55 373 251 425 627 102 309 
stack 51:    576 201 483 327 95 628 288 
stack 52:    503 473 643 53 427 714 570 
stack 53:    488 522 89 205 698 648 322 
stack 54:    435 291 54 234 202 137 60 
stack 55:    262 538 531 112 294 445 430 
stack 56:    351 539 191 469 547 61 556 
stack 57:    308 146 170 83 441 84 345 
stack 58:    647 206 498 236 136 626 106 
stack 59:    659 480 258 222 594 150 537 
stack 60:    375 0 
stack 61:    1 376 
stack 62:    2 
stack 63:    378 3 
stack 64:    4 
stack 65:    5 
stack 66:    381 328 6 
stack 67:    7 460 316 267 252 586 552 
stack 68:    383 384 8 709 250 98 230 
stack 69:    266 10 650 273 409 528 154 
stack 70:    385 229 699 166 126 255 553 
stack 71:    11 640 458 545 386 121 57 
stack 72:    179 199 312 713 588 387 496 
stack 73:    716 193 177 115 580 13 572 
stack 74:    14 389 369 344 300 88 390 
stack 75:    371 80 86 358 245 446 15 
stack 76:    391 16 495 226 455 708 99 
stack 77:    342 442 330 158 70 677 690 
stack 78:    505 453 247 18 393 169 475 
stack 79:    175 520 674 231 260 734 501 
stack 80:    20 204 278 617 90 532 268 
stack 81:    21 733 471 697 491 530 509 
stack 82:    557 721 629 243 233 397 283 
stack 83:    23 219 706 512 46 606 398 
stack 84:    731 735 168 500 578 399 24 
stack 85:    217 658 474 656 438 683 559 
stack 86:    401 329 616 26 149 110 499 
stack 87:    701 27 732 237 688 402 128 
stack 88:    28 321 253 37 551 364 107 
stack 89:    610 341 481 449 404 32 540 
stack 90:    745 565 30 164 596 600 405 
stack 91:    263 584 282 31 673 434 406 
stack 92:    549 672 257 108 746 613 730 
stack 93:    408 195 621 279 189 448 184 
stack 94:    618 704 661 654 476 362 325 
stack 95:    337 35 567 526 506 410 183 
stack 96:    411 561 564 467 486 324 36 
stack 97:    181 687 696 637 726 131 412 
stack 98:    487 413 671 646 295 636 38 
stack 99:    443 414 669 349 489 662 188 
stack 100:    336 140 40 652 535 465 457 
stack 101:    695 42 744 705 682 727 416 
stack 102:    722 719 587 581 332 685 417 
stack 103:    43 343 81 143 62 729 66 
stack 104:    568 689 215 510 700 419 533 
stack 105:    728 299 472 272 525 625 105 
stack 106:    464 254 511 740 51 421 680 
stack 107:    194 162 747 47 602 274 186 
stack 108:    676 692 423 157 718 100 48 
stack 109:    49 424 187 173 749 603 242 
stack 110:    317 374 58 50 116 75 462 
stack 111:    151 210 79 611 426 649 246 
stack 112:    52 482 703 667 529 313 428 
stack 113:    439 167 76 320 225 124 77 
stack 114:    178 350 134 296 232 429 348 
stack 115:    365 211 165 301 593 550 185 
stack 116:    71 598 340 575 270 605 431 
stack 117:    742 523 508 432 519 152 224 
stack 118:    63 583 265 261 113 363 305 

#####################################################

solved with: SP.constructive_heuristics.GeneralHeuristic
time limit: 1800.0 s
time to solve: 0,00 s
objective value: 752581.46

stacks (top to bottom):
stack 0:    616 239 674 172 267 394 68 
stack 1:    103 672 58 402 9 106 100 
stack 2:    130 257 125 577 608 372 552 
stack 3:    575 538 546 419 666 404 677 
stack 4:    408 170 294 137 570 51 132 
stack 5:    181 206 653 353 727 630 724 
stack 6:    563 584 700 26 620 12 368 
stack 7:    549 716 515 315 730 594 457 
stack 8:    263 342 217 531 295 186 88 
stack 9:    383 312 413 679 526 18 553 
stack 10:    293 303 176 574 362 541 491 
stack 11:    93 276 119 201 87 156 268 
stack 12:    251 647 329 44 258 116 99 
stack 13:    203 266 519 56 328 459 406 
stack 14:    365 554 117 233 506 248 416 
stack 15:    118 241 164 2 24 645 288 
stack 16:    371 229 585 70 534 109 38 
stack 17:    473 612 384 112 609 41 518 
stack 18:    108 592 706 500 224 259 154 
stack 19:    160 442 40 67 278 37 463 
stack 20:    94 618 33 344 444 183 513 
stack 21:    701 382 350 732 214 429 287 
stack 22:    610 464 304 739 636 147 19 
stack 23:    11 487 510 469 525 649 537 
stack 24:    59 4 595 83 62 683 184 
stack 25:    420 243 297 28 536 514 84 
stack 26:    517 633 200 374 10 236 675 
stack 27:    96 333 694 615 279 593 475 
stack 28:    269 85 34 155 338 369 256 
stack 29:    49 446 547 255 720 486 305 
stack 30:    494 516 355 646 274 496 729 
stack 31:    42 249 302 456 321 532 6 
stack 32:    22 748 544 485 604 589 292 
stack 33:    435 308 343 441 208 190 492 
stack 34:    317 569 480 650 652 501 528 
stack 35:    367 163 13 477 370 393 242 
stack 36:    311 668 601 621 123 77 625 
stack 37:    177 86 219 476 204 379 398 
stack 38:    337 522 120 189 31 478 559 
stack 39:    657 218 30 699 709 548 644 
stack 40:    571 590 741 685 323 499 246 
stack 41:    686 488 658 561 440 161 45 
stack 42:    689 314 262 427 173 327 465 
stack 43:    453 212 539 654 529 121 614 
stack 44:    452 424 167 626 426 357 209 
stack 45:    14 521 126 213 445 107 551 
stack 46:    638 623 458 216 688 222 493 
stack 47:    227 76 558 174 39 364 5 
stack 48:    55 210 391 381 746 283 36 
stack 49:    678 146 63 737 725 436 628 
stack 50:    722 53 8 461 73 579 582 
stack 51:    576 634 69 512 627 82 497 
stack 52:    523 587 207 433 736 376 240 
stack 53:    411 580 250 260 47 535 366 
stack 54:    175 702 286 663 265 448 599 
stack 55:    568 484 3 272 270 348 223 
stack 56:    573 524 165 479 673 25 345 
stack 57:    182 728 498 237 507 150 349 
stack 58:    359 334 195 715 588 723 710 
stack 59:    43 676 298 713 467 98 66 
stack 60:    401 373 693 140 696 682 733 
stack 61:    27 194 489 97 495 226 431 
stack 62:    151 695 545 581 460 403 662 
stack 63:    180 197 318 635 149 281 642 
stack 64:    380 141 712 81 122 714 412 
stack 65:    193 192 340 296 320 75 417 
stack 66:    52 168 566 596 397 655 153 
stack 67:    704 166 306 629 619 202 447 
stack 68:    91 238 637 157 396 399 530 
stack 69:    134 508 16 744 225 400 734 
stack 70:    20 632 29 468 749 90 680 
stack 71:    352 511 550 74 185 354 235 
stack 72:    598 687 275 591 377 622 48 
stack 73:    178 503 640 264 158 721 504 
stack 74:    388 142 61 607 583 159 390 
stack 75:    731 199 347 253 606 171 135 
stack 76:    336 560 284 50 232 280 690 
stack 77:    681 454 325 95 110 78 691 
stack 78:    520 261 32 631 60 387 57 
stack 79:    385 1 330 562 139 415 324 
stack 80:    71 624 319 667 313 410 105 
stack 81:    670 215 414 187 705 450 707 
stack 82:    196 466 358 339 234 697 543 
stack 83:    144 482 102 65 664 717 133 
stack 84:    191 692 718 72 698 603 395 
stack 85:    277 21 439 422 407 660 409 
stack 86:    745 743 290 271 659 273 470 
stack 87:    639 432 472 665 198 711 437 
stack 88:    505 129 423 449 648 143 509 
stack 89:    162 79 483 747 0 602 127 
stack 90:    341 245 138 671 316 405 418 
stack 91:    555 735 282 661 703 533 542 
stack 92:    378 425 145 332 490 64 230 
stack 93:    111 557 291 301 656 169 335 
stack 94:    356 651 128 669 331 188 462 
stack 95:    443 643 389 564 228 738 438 
stack 96:    115 289 719 375 101 326 540 
stack 97:    285 7 360 113 205 455 708 
stack 98:    351 35 89 15 578 309 527 
stack 99:    299 310 392 244 386 300 471 
stack 100:    136 613 605 428 220 
stack 101:    481 740 148 572 131 322 556 
stack 102:    307 92 361 114 124 421 434 
stack 103:    502 23 80 179 611 641 17 
stack 104:    247 565 152 46 221 252 430 
stack 105:    211 254 617 586 
stack 106:    742 451 
stack 107:    597 474 363 684 
stack 108:    54 
stack 109:    231 567 346 726 
stack 110:    104 600 
stack 111:    
stack 112:    
stack 113:    
stack 114:    
stack 115:    
stack 116:    
stack 117:    
stack 118:    
