lower bound for relaxed s_ij: 716561.26

#####################################################

solved with: SP.mip_formulations.BinPackingFormulation
time limit: 1800.0 s
time to solve: 1804,59 s (time limit exceeded)
objective value: 720863.34 (not optimal)

stacks (top to bottom):
stack 0:    375 5 7 0 11 
stack 1:    18 6 26 12 
stack 2:    3 14 16 13 4 25 29 
stack 3:    22 2 380 15 17 376 32 
stack 4:    34 37 40 20 28 38 33 
stack 5:    35 388 41 44 24 47 30 
stack 6:    393 400 392 408 27 386 46 
stack 7:    42 377 379 378 53 68 52 
stack 8:    69 55 43 67 66 80 76 
stack 9:    383 382 58 54 57 64 60 
stack 10:    9 510 492 402 88 36 62 
stack 11:    73 65 466 425 86 72 454 
stack 12:    428 61 497 82 444 92 91 
stack 13:    487 422 406 124 95 75 106 
stack 14:    397 399 111 84 110 97 81 
stack 15:    100 419 409 413 117 90 120 
stack 16:    109 125 121 112 127 113 87 
stack 17:    128 123 122 384 119 105 99 
stack 18:    468 103 407 136 108 166 463 
stack 19:    187 427 186 175 161 126 180 
stack 20:    464 133 138 129 135 132 137 
stack 21:    401 147 146 143 139 156 152 
stack 22:    149 158 148 162 131 410 145 
stack 23:    176 153 165 159 154 150 155 
stack 24:    458 208 182 157 439 194 183 
stack 25:    172 174 197 460 459 438 164 
stack 26:    199 449 447 437 140 411 169 
stack 27:    168 201 188 170 167 160 396 
stack 28:    191 171 163 412 204 178 177 
stack 29:    403 218 196 179 461 220 414 
stack 30:    202 216 205 213 192 214 217 
stack 31:    456 398 230 195 210 209 212 
stack 32:    232 224 521 240 233 211 509 
stack 33:    243 228 219 475 471 485 434 
stack 34:    249 256 239 253 245 562 238 
stack 35:    480 229 474 440 234 257 225 
stack 36:    268 247 432 259 244 241 452 
stack 37:    237 283 274 494 252 258 495 
stack 38:    269 404 242 291 264 500 504 
stack 39:    415 436 299 300 261 301 267 
stack 40:    271 270 554 482 263 285 281 
stack 41:    306 278 286 293 280 298 416 
stack 42:    435 312 329 290 305 265 327 
stack 43:    417 276 303 288 282 469 316 
stack 44:    313 294 314 309 330 287 319 
stack 45:    618 353 364 315 272 365 351 
stack 46:    310 325 317 307 322 328 331 
stack 47:    608 374 332 390 296 626 624 
stack 48:    348 335 284 349 324 321 326 
stack 49:    342 336 352 339 345 320 333 
stack 50:    354 344 340 341 367 338 318 
stack 51:    370 346 357 362 347 323 358 
stack 52:    570 356 334 369 368 600 573 
stack 53:    529 423 563 552 355 337 543 
stack 54:    478 359 363 517 516 514 489 
stack 55:    467 501 483 361 373 479 508 
stack 56:    360 490 493 421 371 488 477 
stack 57:    453 430 465 372 451 426 450 
stack 58:    476 457 429 424 420 455 448 
stack 59:    446 445 433 441 443 418 431 
stack 60:    
stack 61:    1 
stack 62:    442 
stack 63:    462 
stack 64:    
stack 65:    
stack 66:    470 381 
stack 67:    472 
stack 68:    486 8 
stack 69:    385 519 
stack 70:    491 498 473 484 10 
stack 71:    387 513 503 395 
stack 72:    542 525 481 507 
stack 73:    523 515 
stack 74:    524 505 520 511 502 522 
stack 75:    540 506 571 19 
stack 76:    536 550 544 512 547 528 537 
stack 77:    556 389 545 534 539 518 391 
stack 78:    599 597 576 604 564 527 588 
stack 79:    553 532 566 559 551 533 526 
stack 80:    574 568 575 569 538 548 394 
stack 81:    572 555 549 531 565 561 535 
stack 82:    530 578 579 567 558 581 557 
stack 83:    580 577 560 593 541 582 584 
stack 84:    602 586 583 614 546 617 23 
stack 85:    21 592 587 601 595 589 585 
stack 86:    606 610 615 590 609 594 31 
stack 87:    603 611 605 598 591 613 623 
stack 88:    628 622 612 635 627 596 637 
stack 89:    405 633 634 607 632 640 
stack 90:    667 625 681 665 619 616 639 
stack 91:    656 652 653 638 646 645 620 
stack 92:    657 661 644 662 664 643 621 
stack 93:    659 649 642 636 630 629 641 
stack 94:    666 651 669 660 663 648 674 
stack 95:    679 658 655 650 672 673 683 
stack 96:    691 689 694 690 654 631 670 
stack 97:    695 697 671 704 668 647 706 
stack 98:    703 687 692 701 676 705 693 
stack 99:    716 722 729 682 684 686 680 
stack 100:    696 709 698 678 702 699 677 
stack 101:    700 727 688 717 715 712 685 
stack 102:    710 720 724 707 736 713 718 
stack 103:    711 730 746 721 708 675 732 
stack 104:    725 714 731 733 742 735 719 
stack 105:    734 726 741 740 743 728 744 
stack 106:    308 292 739 749 745 748 747 
stack 107:    304 499 366 289 496 723 350 
stack 108:    297 311 737 223 295 343 302 
stack 109:    266 279 275 273 262 738 277 
stack 110:    260 255 203 251 236 231 246 
stack 111:    226 235 250 248 227 115 254 
stack 112:    222 221 198 78 215 206 207 
stack 113:    96 185 181 141 134 130 116 
stack 114:    102 190 142 114 189 193 200 
stack 115:    184 39 173 144 101 151 118 
stack 116:    56 70 45 107 77 104 98 
stack 117:    48 83 94 63 50 51 49 
stack 118:    85 59 93 89 74 71 79 

#####################################################

solved with: SP.constructive_heuristics.GeneralHeuristic
time limit: 1800.0 s
time to solve: 0,00 s
objective value: 753490.45

stacks (top to bottom):
stack 0:    423 387 400 538 274 744 683 
stack 1:    83 339 590 63 416 504 588 
stack 2:    606 453 55 393 224 208 80 
stack 3:    198 580 205 669 627 713 319 
stack 4:    366 292 201 65 565 90 680 
stack 5:    710 370 67 719 742 68 673 
stack 6:    275 260 574 357 211 47 77 
stack 7:    695 649 740 317 338 4 410 
stack 8:    262 344 382 294 163 500 254 
stack 9:    657 687 592 653 515 442 98 
stack 10:    691 501 181 35 471 617 19 
stack 11:    467 725 125 688 220 223 624 
stack 12:    222 56 232 682 126 120 489 
stack 13:    279 256 481 334 288 169 631 
stack 14:    59 78 195 690 81 152 431 
stack 15:    291 709 698 44 252 460 24 
stack 16:    714 536 491 182 106 712 200 
stack 17:    711 496 630 440 131 92 647 
stack 18:    601 392 280 330 582 495 600 
stack 19:    532 134 569 132 301 677 732 
stack 20:    142 598 240 484 462 584 227 
stack 21:    499 628 399 282 674 116 193 
stack 22:    310 428 611 436 218 551 235 
stack 23:    380 243 694 210 369 543 302 
stack 24:    703 234 64 178 609 381 594 
stack 25:    69 172 373 461 244 238 51 
stack 26:    336 144 147 444 668 581 514 
stack 27:    659 332 633 525 296 506 663 
stack 28:    199 667 487 335 290 175 639 
stack 29:    374 689 644 5 664 466 706 
stack 30:    415 483 731 158 162 215 516 
stack 31:    430 61 263 736 259 557 547 
stack 32:    221 422 329 305 157 439 277 
stack 33:    602 420 306 612 20 281 463 
stack 34:    48 473 0 233 267 684 246 
stack 35:    273 441 738 258 386 349 29 
stack 36:    128 586 636 367 71 217 623 
stack 37:    93 74 13 72 454 490 45 
stack 38:    308 269 701 413 681 621 76 
stack 39:    389 94 3 614 108 253 236 
stack 40:    656 530 189 84 642 735 371 
stack 41:    356 583 728 316 718 469 130 
stack 42:    480 174 146 437 589 140 451 
stack 43:    85 188 154 86 41 409 87 
stack 44:    424 542 737 111 519 82 99 
stack 45:    696 730 299 121 165 702 672 
stack 46:    666 109 348 359 527 8 104 
stack 47:    340 635 170 707 558 379 675 
stack 48:    403 247 739 28 648 670 455 
stack 49:    716 475 671 474 482 298 748 
stack 50:    734 57 325 53 38 25 137 
stack 51:    153 568 66 321 665 685 326 
stack 52:    190 383 268 314 225 257 418 
stack 53:    266 405 524 320 150 129 180 
stack 54:    364 216 58 26 637 477 450 
stack 55:    230 546 723 285 139 368 23 
stack 56:    237 124 512 544 161 564 705 
stack 57:    249 429 545 660 123 245 743 
stack 58:    73 229 464 133 650 307 426 
stack 59:    572 27 283 135 591 117 46 
stack 60:    608 1 563 242 459 7 620 
stack 61:    9 720 122 167 16 641 509 
stack 62:    289 278 560 577 337 295 479 
stack 63:    203 579 105 328 331 10 537 
stack 64:    42 741 615 678 177 145 528 
stack 65:    456 655 36 518 585 562 626 
stack 66:    297 360 406 265 576 619 394 
stack 67:    114 498 531 494 472 438 745 
stack 68:    465 595 555 505 559 333 32 
stack 69:    457 402 37 492 293 411 593 
stack 70:    202 15 365 88 212 607 49 
stack 71:    700 587 361 523 179 541 107 
stack 72:    478 550 597 604 363 517 391 
stack 73:    417 75 625 284 250 118 488 
stack 74:    184 603 143 708 362 324 79 
stack 75:    185 556 651 375 503 521 127 
stack 76:    102 553 486 14 148 17 303 
stack 77:    446 470 534 384 60 214 548 
stack 78:    342 445 388 18 605 721 502 
stack 79:    458 408 715 264 323 526 613 
stack 80:    476 622 228 239 376 351 231 
stack 81:    433 404 171 241 372 699 322 
stack 82:    34 385 697 578 554 309 358 
stack 83:    141 539 724 286 213 110 396 
stack 84:    599 435 692 95 183 50 747 
stack 85:    96 219 510 497 629 206 248 
stack 86:    513 427 746 419 717 11 561 
stack 87:    271 540 353 726 704 156 343 
stack 88:    722 176 638 425 159 646 533 
stack 89:    103 407 654 209 443 166 62 
stack 90:    313 89 662 341 412 33 421 
stack 91:    304 570 226 112 616 30 194 
stack 92:    661 255 352 733 204 522 693 
stack 93:    21 311 136 571 91 251 508 
stack 94:    70 39 187 43 312 676 520 
stack 95:    196 300 197 164 113 645 115 
stack 96:    22 2 679 610 658 276 634 
stack 97:    191 119 432 155 12 52 395 
stack 98:    401 549 566 100 643 101 207 
stack 99:    168 447 449 727 345 511 31 
stack 100:    346 729 186 327 535 640 
stack 101:    355 378 596 493 151 686 448 
stack 102:    618 354 318 485 287 434 452 
stack 103:    468 398 390 160 632 414 573 
stack 104:    529 552 377 54 507 97 
stack 105:    652 173 40 270 567 192 749 
stack 106:    6 138 350 
stack 107:    261 347 
stack 108:    397 315 149 
stack 109:    575 
stack 110:    272 
stack 111:    
stack 112:    
stack 113:    
stack 114:    
stack 115:    
stack 116:    
stack 117:    
stack 118:    
