solved with: SP.deprecated.TabuSearch
time limit: 1800.0 s
time to solve: 304,70 s
objective value: 716568.58

stacks (top to bottom):
stack 0:    
stack 1:    1 
stack 2:    377 
stack 3:    378 
stack 4:    379 
stack 5:    380 
stack 6:    
stack 7:    390 361 8 387 400 491 399 
stack 8:    10 19 533 370 38 334 502 
stack 9:    680 535 9 372 343 165 182 
stack 10:    385 703 292 386 299 388 164 
stack 11:    638 610 480 747 190 548 155 
stack 12:    27 18 663 12 68 571 241 
stack 13:    16 211 323 32 179 100 272 
stack 14:    679 509 710 499 193 550 232 
stack 15:    634 477 700 290 470 368 15 
stack 16:    641 67 243 514 226 415 507 
stack 17:    237 298 63 221 600 540 433 
stack 18:    145 106 210 258 402 590 613 
stack 19:    560 222 701 729 688 77 81 
stack 20:    586 332 22 172 233 423 427 
stack 21:    253 35 696 493 118 119 307 
stack 22:    184 669 579 181 88 647 731 
stack 23:    403 461 335 573 26 512 231 
stack 24:    599 705 178 64 160 714 174 
stack 25:    608 440 127 254 137 302 340 
stack 26:    53 724 713 407 726 205 618 
stack 27:    311 736 416 672 306 331 70 
stack 28:    275 748 577 168 587 47 166 
stack 29:    220 474 94 526 312 169 660 
stack 30:    451 138 622 702 486 716 419 
stack 31:    152 217 303 80 476 690 72 
stack 32:    424 259 309 44 667 682 598 
stack 33:    467 532 596 278 187 36 678 
stack 34:    49 555 269 478 534 649 74 
stack 35:    541 244 270 485 109 105 37 
stack 36:    133 727 287 256 495 715 291 
stack 37:    48 227 659 305 538 43 318 
stack 38:    177 652 271 603 488 542 578 
stack 39:    54 670 735 580 709 201 723 
stack 40:    93 40 122 728 215 324 699 
stack 41:    86 250 642 517 52 565 489 
stack 42:    286 739 249 189 697 300 568 
stack 43:    572 651 129 261 236 336 734 
stack 44:    629 280 46 51 749 527 687 
stack 45:    525 337 666 356 421 366 175 
stack 46:    458 91 639 132 223 508 479 
stack 47:    492 282 83 664 84 513 156 
stack 48:    584 621 510 345 142 134 455 
stack 49:    176 522 661 472 685 566 219 
stack 50:    589 120 658 111 567 546 239 
stack 51:    583 273 648 717 135 151 98 
stack 52:    246 188 276 655 139 185 444 
stack 53:    101 597 347 89 87 742 501 
stack 54:    473 104 722 147 627 624 102 
stack 55:    457 319 484 657 115 482 284 
stack 56:    207 436 140 359 144 562 719 
stack 57:    167 706 676 327 743 707 738 
stack 58:    117 520 183 674 504 581 114 
stack 59:    157 116 301 564 235 725 85 
stack 60:    0 375 
stack 61:    
stack 62:    3 376 2 
stack 63:    
stack 64:    4 
stack 65:    5 
stack 66:    381 389 6 
stack 67:    681 7 382 391 384 238 395 
stack 68:    369 45 426 30 383 398 260 
stack 69:    617 401 11 475 295 625 17 
stack 70:    503 75 392 268 20 684 428 
stack 71:    523 163 234 554 686 417 25 
stack 72:    262 322 149 14 130 635 252 
stack 73:    13 338 650 505 362 711 575 
stack 74:    519 422 350 342 529 317 741 
stack 75:    553 333 536 34 61 203 267 
stack 76:    393 344 394 611 365 405 406 
stack 77:    645 441 432 341 449 360 744 
stack 78:    288 646 602 316 330 668 730 
stack 79:    733 462 582 204 364 355 414 
stack 80:    285 24 42 346 740 745 289 
stack 81:    397 21 408 521 396 544 481 
stack 82:    158 413 516 41 23 605 609 
stack 83:    594 438 57 591 450 294 404 
stack 84:    216 412 112 329 55 720 200 
stack 85:    29 569 570 561 452 191 585 
stack 86:    593 545 265 58 595 653 296 
stack 87:    186 162 159 225 28 636 643 
stack 88:    631 410 351 549 539 136 50 
stack 89:    310 528 746 79 349 71 224 
stack 90:    92 31 623 420 411 308 718 
stack 91:    218 197 192 460 66 202 439 
stack 92:    99 409 274 620 153 150 33 
stack 93:    320 418 465 619 180 606 464 
stack 94:    353 615 128 626 454 425 691 
stack 95:    665 161 518 612 123 39 557 
stack 96:    108 677 487 206 463 515 588 
stack 97:    693 97 616 373 229 110 712 
stack 98:    199 558 339 698 601 673 240 
stack 99:    170 103 214 124 644 56 445 
stack 100:    371 297 367 255 212 497 60 
stack 101:    543 348 121 208 434 357 443 
stack 102:    551 732 248 154 195 358 283 
stack 103:    574 607 107 173 73 604 494 
stack 104:    78 490 468 431 531 62 326 
stack 105:    671 198 632 126 228 247 263 
stack 106:    633 125 171 429 281 435 213 
stack 107:    692 506 469 559 471 293 524 
stack 108:    530 630 483 131 704 547 721 
stack 109:    614 737 321 694 148 328 656 
stack 110:    90 96 637 537 141 498 65 
stack 111:    82 314 95 662 496 313 456 
stack 112:    363 552 245 242 640 69 683 
stack 113:    354 442 279 430 628 459 146 
stack 114:    76 592 266 196 209 563 352 
stack 115:    113 59 374 447 453 143 675 
stack 116:    315 466 304 708 511 556 264 
stack 117:    251 500 689 695 194 654 437 
stack 118:    325 576 257 448 446 277 230 

#####################################################

solved with: SP.post_optimization_methods.HillClimbing
time limit: 1800.0 s
time to solve: 243,40 s
objective value: 716568.58

stacks (top to bottom):
stack 0:    
stack 1:    1 
stack 2:    377 
stack 3:    378 
stack 4:    379 
stack 5:    380 
stack 6:    
stack 7:    722 9 154 205 150 527 414 
stack 8:    8 516 559 41 266 360 609 
stack 9:    16 90 129 139 279 349 56 
stack 10:    385 390 10 388 635 744 578 
stack 11:    371 250 339 640 539 210 417 
stack 12:    188 677 142 122 387 23 595 
stack 13:    78 441 214 688 88 566 17 
stack 14:    724 26 659 213 457 389 406 
stack 15:    413 748 577 400 33 201 439 
stack 16:    693 168 469 265 683 606 731 
stack 17:    733 532 28 434 716 252 741 
stack 18:    681 634 270 197 226 136 284 
stack 19:    506 692 158 717 293 524 711 
stack 20:    67 194 729 447 20 479 423 
stack 21:    99 31 448 446 466 449 239 
stack 22:    523 133 576 314 602 496 568 
stack 23:    220 462 617 416 401 526 494 
stack 24:    251 594 665 652 94 630 312 
stack 25:    615 465 55 234 619 567 405 
stack 26:    363 262 335 705 666 359 187 
stack 27:    663 315 570 571 294 44 291 
stack 28:    91 40 596 645 42 471 482 
stack 29:    305 343 175 43 233 307 131 
stack 30:    451 128 412 626 112 735 590 
stack 31:    418 486 573 281 106 89 36 
stack 32:    641 46 211 34 364 667 85 
stack 33:    161 290 202 87 538 114 712 
stack 34:    621 714 580 366 238 224 267 
stack 35:    492 622 520 121 511 484 156 
stack 36:    631 297 228 425 740 657 604 
stack 37:    541 737 223 460 620 515 531 
stack 38:    638 248 422 662 69 209 470 
stack 39:    54 127 111 636 372 444 734 
stack 40:    104 736 301 235 749 70 169 
stack 41:    374 535 710 459 328 730 715 
stack 42:    320 713 642 51 146 437 355 
stack 43:    117 632 708 719 263 605 50 
stack 44:    589 53 361 510 454 144 352 
stack 45:    351 278 485 208 183 493 52 
stack 46:    519 134 324 229 84 497 143 
stack 47:    458 574 48 508 147 426 179 
stack 48:    593 108 245 435 365 373 455 
stack 49:    509 246 113 276 627 624 647 
stack 50:    275 592 587 196 678 546 718 
stack 51:    286 478 173 673 534 296 699 
stack 52:    152 311 79 732 430 607 738 
stack 53:    680 553 304 118 649 141 230 
stack 54:    338 163 356 329 686 443 613 
stack 55:    703 176 442 528 193 453 643 
stack 56:    543 346 64 264 336 110 368 
stack 57:    583 273 215 565 464 326 98 
stack 58:    157 348 674 319 350 105 547 
stack 59:    560 199 125 480 77 258 557 
stack 60:    0 375 
stack 61:    
stack 62:    3 376 2 
stack 63:    
stack 64:    4 
stack 65:    5 
stack 66:    381 24 6 
stack 67:    7 393 382 394 384 357 507 
stack 68:    386 12 243 38 488 203 383 
stack 69:    93 298 474 537 408 11 283 
stack 70:    27 19 261 548 195 124 331 
stack 71:    522 254 392 330 472 685 697 
stack 72:    101 13 14 66 22 395 15 
stack 73:    18 487 552 167 505 411 200 
stack 74:    530 564 396 544 588 260 398 
stack 75:    59 310 244 558 581 180 25 
stack 76:    353 468 344 145 391 601 502 
stack 77:    370 639 86 222 153 95 45 
stack 78:    49 116 438 63 241 475 654 
stack 79:    227 419 504 691 231 289 498 
stack 80:    120 21 303 483 30 317 74 
stack 81:    397 249 658 32 259 450 240 
stack 82:    650 255 362 212 664 58 151 
stack 83:    237 271 476 221 300 721 65 
stack 84:    689 669 701 747 103 612 399 
stack 85:    29 409 503 407 700 745 39 
stack 86:    162 322 159 696 512 463 165 
stack 87:    35 556 432 123 402 709 182 
stack 88:    403 410 149 347 242 720 47 
stack 89:    190 268 316 477 404 433 232 
stack 90:    584 706 126 623 257 420 415 
stack 91:    467 436 247 562 334 37 501 
stack 92:    282 461 597 490 345 728 62 
stack 93:    96 637 582 80 72 495 313 
stack 94:    671 354 367 429 327 135 675 
stack 95:    337 514 181 694 603 742 60 
stack 96:    424 217 256 155 456 100 164 
stack 97:    551 586 333 132 549 561 704 
stack 98:    440 323 57 71 148 172 102 
stack 99:    280 269 61 306 445 295 340 
stack 100:    608 648 676 743 616 653 166 
stack 101:    198 670 206 611 702 178 563 
stack 102:    171 661 332 726 137 600 550 
stack 103:    325 629 321 536 73 342 174 
stack 104:    614 555 651 517 421 81 428 
stack 105:    288 610 170 225 554 308 585 
stack 106:    569 140 216 431 130 489 723 
stack 107:    292 628 309 302 644 119 219 
stack 108:    633 473 184 192 579 107 358 
stack 109:    521 287 204 690 656 575 660 
stack 110:    369 186 253 341 452 115 598 
stack 111:    177 739 500 274 499 668 618 
stack 112:    82 525 572 68 698 529 427 
stack 113:    599 138 285 299 277 707 318 
stack 114:    207 727 218 695 160 236 513 
stack 115:    679 655 646 189 625 540 272 
stack 116:    533 591 518 75 725 672 542 
stack 117:    746 185 109 191 687 682 684 
stack 118:    92 76 97 545 83 481 491 
