solved with: SP.deprecated.TabuSearch
time limit: 1800.0 s
time to solve: 534,09 s
objective value: 716563.7

stacks (top to bottom):
stack 0:    
stack 1:    
stack 2:    377 
stack 3:    
stack 4:    
stack 5:    
stack 6:    6 380 
stack 7:    299 166 576 7 17 687 29 
stack 8:    383 70 494 207 150 191 413 
stack 9:    389 168 386 387 641 20 384 
stack 10:    211 430 229 297 14 109 367 
stack 11:    15 23 280 583 106 650 393 
stack 12:    69 34 662 374 77 270 116 
stack 13:    665 510 340 597 691 395 555 
stack 14:    714 43 260 187 525 32 390 
stack 15:    98 418 46 700 629 44 89 
stack 16:    729 71 398 189 483 739 403 
stack 17:    37 409 63 609 65 560 292 
stack 18:    287 21 237 457 227 428 47 
stack 19:    261 198 39 123 358 319 592 
stack 20:    680 639 717 315 676 236 526 
stack 21:    564 83 203 153 127 165 320 
stack 22:    188 518 52 138 90 491 183 
stack 23:    505 247 566 586 536 50 567 
stack 24:    24 661 167 479 604 695 589 
stack 25:    337 274 546 265 748 122 702 
stack 26:    455 73 103 121 660 209 605 
stack 27:    587 716 740 147 117 410 404 
stack 28:    607 599 366 195 221 715 210 
stack 29:    162 330 59 519 328 281 284 
stack 30:    417 91 706 696 601 322 111 
stack 31:    667 371 412 362 666 569 425 
stack 32:    56 534 438 429 441 724 419 
stack 33:    705 658 591 463 304 738 363 
stack 34:    223 707 99 631 176 450 681 
stack 35:    558 529 348 416 513 148 64 
stack 36:    252 245 85 440 235 62 414 
stack 37:    120 278 286 144 475 723 745 
stack 38:    622 249 321 464 178 258 94 
stack 39:    742 239 54 580 712 130 415 
stack 40:    67 509 154 685 731 327 512 
stack 41:    226 74 634 656 357 670 125 
stack 42:    228 124 199 57 584 626 259 
stack 43:    208 55 426 643 316 248 421 
stack 44:    368 508 633 539 652 295 323 
stack 45:    709 632 456 465 324 372 232 
stack 46:    511 446 61 285 437 722 595 
stack 47:    614 434 202 559 533 79 493 
stack 48:    611 364 134 309 734 110 342 
stack 49:    718 76 616 594 303 149 668 
stack 50:    213 514 466 112 313 521 737 
stack 51:    107 590 87 205 190 314 684 
stack 52:    222 341 554 146 294 72 251 
stack 53:    212 732 129 644 499 469 277 
stack 54:    115 194 516 663 174 671 180 
stack 55:    192 68 225 224 492 160 689 
stack 56:    541 172 540 143 352 625 311 
stack 57:    351 600 686 240 329 204 118 
stack 58:    481 646 603 273 563 490 743 
stack 59:    543 572 602 140 243 283 131 
stack 60:    375 0 
stack 61:    376 1 
stack 62:    2 
stack 63:    378 3 
stack 64:    4 379 
stack 65:    
stack 66:    5 381 382 
stack 67:    97 710 439 444 9 628 16 
stack 68:    12 41 8 579 548 157 388 
stack 69:    655 397 385 11 10 581 142 
stack 70:    169 30 436 326 22 215 527 
stack 71:    231 433 300 100 179 197 394 
stack 72:    396 276 13 19 400 218 81 
stack 73:    619 293 606 18 449 200 407 
stack 74:    573 497 332 36 636 254 624 
stack 75:    241 58 392 635 255 133 289 
stack 76:    102 522 370 105 136 126 391 
stack 77:    582 360 27 338 206 405 461 
stack 78:    145 38 500 642 442 28 459 
stack 79:    547 721 630 408 114 683 561 
stack 80:    296 279 132 335 528 263 502 
stack 81:    468 467 487 53 201 402 25 
stack 82:    654 704 562 399 92 501 651 
stack 83:    331 353 310 170 733 406 664 
stack 84:    401 472 66 51 485 593 31 
stack 85:    443 551 306 234 423 647 291 
stack 86:    302 26 708 431 216 422 250 
stack 87:    640 196 523 282 365 333 496 
stack 88:    672 585 480 33 40 682 343 
stack 89:    645 346 571 325 648 679 269 
stack 90:    334 453 355 486 451 242 649 
stack 91:    701 262 156 669 75 542 244 
stack 92:    48 697 692 462 298 531 730 
stack 93:    96 220 474 301 185 359 477 
stack 94:    35 411 137 217 507 49 693 
stack 95:    699 253 175 219 568 78 578 
stack 96:    659 101 694 424 530 182 257 
stack 97:    744 504 420 113 615 545 746 
stack 98:    45 427 171 128 741 42 749 
stack 99:    565 317 613 726 711 155 495 
stack 100:    256 557 515 725 80 193 618 
stack 101:    720 238 268 537 736 674 356 
stack 102:    246 336 608 164 104 532 308 
stack 103:    553 549 458 703 470 373 544 
stack 104:    610 471 349 598 489 727 347 
stack 105:    448 728 577 637 290 673 345 
stack 106:    339 95 675 163 520 570 135 
stack 107:    735 139 88 657 612 690 350 
stack 108:    266 498 713 484 688 575 552 
stack 109:    272 435 447 181 93 517 307 
stack 110:    538 264 454 620 638 361 214 
stack 111:    617 653 524 184 186 698 158 
stack 112:    719 141 233 621 271 288 267 
stack 113:    452 177 173 159 476 535 151 
stack 114:    432 482 60 86 275 588 623 
stack 115:    354 445 488 108 82 627 678 
stack 116:    460 84 119 161 574 503 478 
stack 117:    596 550 312 473 747 230 369 
stack 118:    556 318 506 344 152 677 305 

#####################################################

solved with: SP.post_optimization_methods.HillClimbing
time limit: 1800.0 s
time to solve: 280,02 s
objective value: 716566.14

stacks (top to bottom):
stack 0:    
stack 1:    
stack 2:    377 
stack 3:    
stack 4:    380 
stack 5:    
stack 6:    381 6 
stack 7:    383 299 460 600 387 548 382 
stack 8:    667 721 26 440 431 49 404 
stack 9:    15 434 740 523 437 407 384 
stack 10:    272 498 385 103 17 416 16 
stack 11:    389 11 395 609 517 180 388 
stack 12:    658 12 187 621 19 689 624 
stack 13:    446 593 732 271 267 682 40 
stack 14:    661 23 399 300 42 151 391 
stack 15:    487 68 597 236 125 123 133 
stack 16:    188 355 177 438 90 723 350 
stack 17:    354 24 439 726 291 179 289 
stack 18:    455 635 400 31 451 257 727 
stack 19:    396 278 510 670 574 363 578 
stack 20:    340 27 691 674 183 358 552 
stack 21:    134 576 245 685 646 324 421 
stack 22:    614 686 276 558 372 734 148 
stack 23:    445 571 198 639 648 315 745 
stack 24:    74 697 426 139 325 144 294 
stack 25:    701 504 447 285 698 284 367 
stack 26:    655 680 266 73 409 717 209 
stack 27:    719 76 433 539 147 490 403 
stack 28:    564 617 349 583 424 449 311 
stack 29:    557 156 577 694 44 244 533 
stack 30:    247 591 696 463 338 286 589 
stack 31:    582 632 634 672 602 53 743 
stack 32:    608 456 43 560 342 512 157 
stack 33:    334 556 175 312 205 595 47 
stack 34:    412 508 61 207 671 216 182 
stack 35:    346 212 336 304 39 319 592 
stack 36:    241 264 121 112 110 174 105 
stack 37:    352 599 258 54 130 415 215 
stack 38:    256 622 710 716 458 101 641 
stack 39:    318 66 488 173 603 202 259 
stack 40:    360 206 660 459 72 605 425 
stack 41:    468 705 279 82 690 531 158 
stack 42:    443 586 536 491 65 569 327 
stack 43:    718 341 58 69 313 176 673 
stack 44:    541 280 483 373 598 513 681 
stack 45:    262 482 647 369 584 715 561 
stack 46:    231 52 441 104 160 77 570 
stack 47:    331 332 633 87 235 651 527 
stack 48:    744 669 546 168 631 657 254 
stack 49:    246 601 566 636 626 89 135 
stack 50:    547 509 102 573 474 653 520 
stack 51:    550 189 663 132 328 747 668 
stack 52:    306 201 243 193 532 149 737 
stack 53:    211 351 220 703 613 638 559 
stack 54:    587 500 86 60 153 64 136 
stack 55:    167 479 515 321 722 100 478 
stack 56:    213 233 466 486 525 273 503 
stack 57:    645 141 99 191 528 109 450 
stack 58:    219 538 457 497 181 171 477 
stack 59:    339 364 708 329 733 323 618 
stack 60:    375 0 
stack 61:    376 1 
stack 62:    2 
stack 63:    378 3 
stack 64:    4 379 
stack 65:    
stack 66:    5 7 
stack 67:    228 427 249 9 545 394 495 
stack 68:    666 10 428 8 422 393 197 
stack 69:    448 353 604 18 114 408 544 
stack 70:    240 274 386 398 542 14 749 
stack 71:    45 436 22 178 444 410 347 
stack 72:    611 516 709 224 13 702 390 
stack 73:    665 397 225 629 308 250 345 
stack 74:    166 227 420 507 406 741 693 
stack 75:    140 357 620 218 242 62 678 
stack 76:    194 260 429 164 392 348 314 
stack 77:    401 67 265 297 530 489 270 
stack 78:    91 41 442 34 476 535 361 
stack 79:    145 519 93 152 232 563 419 
stack 80:    453 21 38 154 28 20 493 
stack 81:    534 51 537 322 736 402 25 
stack 82:    35 452 222 692 724 644 32 
stack 83:    704 729 470 36 606 186 57 
stack 84:    248 95 418 374 501 29 214 
stack 85:    505 494 616 596 138 129 579 
stack 86:    607 143 30 317 464 712 496 
stack 87:    371 565 75 288 255 131 627 
stack 88:    252 430 652 344 113 625 711 
stack 89:    296 253 619 282 588 155 677 
stack 90:    659 485 268 475 405 679 469 
stack 91:    37 63 585 555 119 78 277 
stack 92:    467 411 108 33 161 688 111 
stack 93:    435 562 309 275 305 650 210 
stack 94:    192 735 454 316 662 80 413 
stack 95:    48 85 643 122 303 748 301 
stack 96:    162 553 196 124 366 615 628 
stack 97:    337 55 529 731 127 142 414 
stack 98:    137 217 725 630 473 637 263 
stack 99:    417 549 170 239 94 580 118 
stack 100:    287 590 84 117 128 79 526 
stack 101:    699 120 554 251 343 307 502 
stack 102:    98 472 713 146 480 738 50 
stack 103:    208 462 675 484 522 46 499 
stack 104:    742 172 97 524 728 739 695 
stack 105:    107 551 96 572 568 492 687 
stack 106:    506 481 706 298 581 684 320 
stack 107:    261 543 423 234 200 730 165 
stack 108:    56 238 514 594 612 163 106 
stack 109:    432 518 465 88 159 92 521 
stack 110:    150 283 290 185 567 269 623 
stack 111:    169 362 335 184 683 746 664 
stack 112:    511 720 226 656 676 356 575 
stack 113:    115 330 293 229 204 365 281 
stack 114:    223 707 471 333 116 359 649 
stack 115:    654 540 310 326 199 195 221 
stack 116:    368 237 610 71 295 230 292 
stack 117:    70 83 302 59 190 461 126 
stack 118:    640 714 642 203 700 370 81 
