lower bound for relaxed s_ij: 716557.64

#####################################################

solved with: SP.mip_formulations.BinPackingFormulation
time limit: 1800.0 s
time to solve: 1802,76 s (time limit exceeded)
objective value: 720170.06 (not optimal)

stacks (top to bottom):
stack 0:    0 9 2 
stack 1:    427 388 3 24 18 12 1 
stack 2:    384 11 7 17 4 
stack 3:    28 398 34 32 8 23 14 
stack 4:    41 38 31 379 10 27 25 
stack 5:    15 39 396 376 20 437 19 
stack 6:    47 33 49 61 53 26 46 
stack 7:    36 63 52 40 397 42 54 
stack 8:    467 496 70 395 45 69 60 
stack 9:    62 393 67 48 400 375 399 
stack 10:    58 56 55 57 77 65 68 
stack 11:    383 378 100 88 64 405 89 
stack 12:    78 75 404 390 93 412 87 
stack 13:    413 107 82 421 425 128 126 
stack 14:    101 86 85 103 95 394 92 
stack 15:    119 104 109 99 102 117 116 
stack 16:    120 91 135 98 90 114 96 
stack 17:    460 129 438 420 113 457 447 
stack 18:    106 124 392 139 487 115 97 
stack 19:    152 459 445 121 127 122 105 
stack 20:    462 112 153 137 142 432 149 
stack 21:    446 157 156 131 436 444 433 
stack 22:    463 456 166 145 130 144 141 
stack 23:    138 162 178 491 477 164 159 
stack 24:    147 183 451 406 170 182 168 
stack 25:    532 150 175 169 190 481 181 
stack 26:    193 161 495 461 455 173 464 
stack 27:    179 417 177 176 443 189 199 
stack 28:    205 216 185 450 212 208 211 
stack 29:    174 220 207 195 191 548 473 
stack 30:    198 209 213 194 252 248 510 
stack 31:    200 227 206 217 219 221 203 
stack 32:    204 237 210 493 228 214 531 
stack 33:    223 240 476 403 225 224 247 
stack 34:    520 522 474 246 233 238 232 
stack 35:    262 230 242 255 251 254 249 
stack 36:    235 264 475 256 265 258 253 
stack 37:    577 241 534 295 279 260 259 
stack 38:    284 239 489 272 278 401 263 
stack 39:    556 245 518 270 307 261 257 
stack 40:    416 267 271 268 501 482 283 
stack 41:    506 280 286 291 277 276 409 
stack 42:    414 408 311 309 288 419 313 
stack 43:    300 314 269 325 335 281 410 
stack 44:    333 308 345 343 321 287 525 
stack 45:    293 316 411 315 326 304 305 
stack 46:    299 329 319 332 310 327 306 
stack 47:    371 360 302 337 324 369 349 
stack 48:    365 492 357 323 355 497 312 
stack 49:    341 340 339 338 331 317 347 
stack 50:    350 344 342 361 353 354 330 
stack 51:    328 348 318 562 527 356 537 
stack 52:    490 352 480 364 362 336 423 
stack 53:    418 366 372 358 359 351 373 
stack 54:    424 471 435 363 367 368 426 
stack 55:    346 422 453 544 541 533 442 
stack 56:    434 452 429 370 502 521 431 
stack 57:    468 374 485 430 428 466 470 
stack 58:    513 500 449 448 512 469 494 
stack 59:    478 441 439 484 454 486 472 
stack 60:    
stack 61:    
stack 62:    377 
stack 63:    
stack 64:    380 
stack 65:    5 
stack 66:    6 483 440 381 
stack 67:    498 458 
stack 68:    465 509 382 
stack 69:    
stack 70:    385 523 
stack 71:    386 499 503 
stack 72:    508 488 479 519 505 387 
stack 73:    529 507 511 
stack 74:    391 530 504 514 13 
stack 75:    543 528 526 389 
stack 76:    551 517 516 582 580 536 16 
stack 77:    552 539 546 542 540 535 30 
stack 78:    407 545 586 524 557 515 22 
stack 79:    538 553 579 568 574 566 21 
stack 80:    402 560 554 564 559 563 549 
stack 81:    565 550 561 583 575 570 558 
stack 82:    29 584 573 594 547 591 587 
stack 83:    576 555 569 581 567 588 589 
stack 84:    603 607 578 592 601 590 602 
stack 85:    598 597 600 585 593 571 595 
stack 86:    629 613 625 572 614 627 608 
stack 87:    621 626 631 606 596 628 610 
stack 88:    599 630 605 604 620 617 623 
stack 89:    619 646 658 651 649 609 616 
stack 90:    643 640 638 642 635 612 622 
stack 91:    639 611 645 624 633 618 637 
stack 92:    673 661 647 656 670 615 669 
stack 93:    664 666 632 648 644 641 634 
stack 94:    659 680 665 699 676 636 685 
stack 95:    663 652 672 693 650 655 682 
stack 96:    677 653 654 660 674 668 667 
stack 97:    684 686 657 671 688 681 678 
stack 98:    689 700 683 714 698 679 697 
stack 99:    705 707 690 708 687 662 706 
stack 100:    712 703 711 691 715 710 695 
stack 101:    742 729 749 738 696 728 723 
stack 102:    721 718 726 719 694 731 725 
stack 103:    43 727 701 675 717 716 709 
stack 104:    724 692 704 747 734 732 735 
stack 105:    322 320 702 415 334 744 294 
stack 106:    733 720 745 743 713 736 730 
stack 107:    298 722 748 740 303 301 296 
stack 108:    297 250 737 746 739 273 229 
stack 109:    289 282 275 290 292 274 244 
stack 110:    231 35 741 188 285 236 266 
stack 111:    234 187 243 218 201 125 180 
stack 112:    197 196 165 226 222 202 37 
stack 113:    148 171 140 172 154 111 163 
stack 114:    167 146 192 215 51 186 160 
stack 115:    184 155 158 50 143 76 151 
stack 116:    108 136 134 132 123 133 118 
stack 117:    44 110 83 81 80 72 71 
stack 118:    59 73 66 94 84 74 79 

#####################################################

solved with: SP.constructive_heuristics.GeneralHeuristic
time limit: 1800.0 s
time to solve: 0,00 s
objective value: 752605.7

stacks (top to bottom):
stack 0:    322 289 499 256 276 580 531 
stack 1:    705 286 93 421 723 306 423 
stack 2:    35 599 576 579 364 389 301 
stack 3:    677 471 676 142 222 735 201 
stack 4:    638 689 162 465 98 149 186 
stack 5:    47 208 176 283 332 679 126 
stack 6:    220 452 572 614 65 514 668 
stack 7:    250 315 436 469 617 620 327 
stack 8:    187 446 517 650 25 381 637 
stack 9:    707 427 291 375 493 16 84 
stack 10:    673 749 518 581 438 178 42 
stack 11:    377 0 653 367 191 54 627 
stack 12:    561 592 505 109 604 654 26 
stack 13:    463 82 190 615 730 335 236 
stack 14:    619 314 476 131 271 593 66 
stack 15:    597 73 504 227 474 153 121 
stack 16:    136 85 357 696 339 221 628 
stack 17:    385 152 564 8 363 337 19 
stack 18:    639 320 143 418 704 523 477 
stack 19:    328 672 175 130 400 265 180 
stack 20:    663 691 455 706 464 623 454 
stack 21:    666 52 451 698 116 570 541 
stack 22:    198 343 497 247 189 387 132 
stack 23:    44 659 129 56 586 422 23 
stack 24:    603 282 498 70 605 219 254 
stack 25:    140 9 372 606 401 295 591 
stack 26:    478 321 524 548 351 359 537 
stack 27:    108 513 565 726 395 481 444 
stack 28:    311 171 157 45 574 281 46 
stack 29:    598 644 224 69 274 37 118 
stack 30:    196 490 585 450 99 173 669 
stack 31:    63 200 489 40 631 238 100 
stack 32:    150 235 508 393 145 440 655 
stack 33:    146 460 701 302 114 324 533 
stack 34:    424 297 555 290 161 700 378 
stack 35:    184 556 462 396 636 622 470 
stack 36:    223 694 316 713 487 501 266 
stack 37:    448 243 569 567 394 472 697 
stack 38:    551 226 495 461 403 688 192 
stack 39:    245 329 683 534 113 248 442 
stack 40:    538 621 600 170 494 562 2 
stack 41:    148 234 483 645 624 433 181 
stack 42:    165 344 206 530 228 128 258 
stack 43:    167 640 441 55 716 447 432 
stack 44:    240 269 27 406 12 527 163 
stack 45:    407 104 11 714 503 575 334 
stack 46:    15 58 635 354 732 368 260 
stack 47:    155 500 690 205 18 409 160 
stack 48:    632 573 459 748 88 105 486 
stack 49:    197 408 341 449 193 338 137 
stack 50:    607 479 480 526 674 349 347 
stack 51:    468 298 246 112 330 429 257 
stack 52:    371 31 516 141 511 410 602 
stack 53:    300 458 693 536 618 87 154 
stack 54:    584 91 209 594 90 709 5 
stack 55:    542 32 288 692 515 218 305 
stack 56:    138 174 642 588 571 678 731 
stack 57:    158 543 307 261 232 122 667 
stack 58:    75 568 711 737 217 362 558 
stack 59:    50 475 255 528 710 695 22 
stack 60:    552 101 383 331 279 702 259 
stack 61:    550 41 230 185 214 111 30 
stack 62:    29 287 717 159 369 51 229 
stack 63:    507 299 738 665 215 125 14 
stack 64:    124 264 392 303 133 13 79 
stack 65:    467 106 107 24 662 48 399 
stack 66:    361 309 596 612 734 127 89 
stack 67:    270 443 117 616 182 430 292 
stack 68:    506 134 729 207 77 587 313 
stack 69:    59 651 519 609 115 76 608 
stack 70:    231 119 708 630 566 431 294 
stack 71:    204 237 413 412 425 188 380 
stack 72:    414 147 545 675 397 370 373 
stack 73:    626 512 379 33 7 326 484 
stack 74:    434 648 641 57 358 457 509 
stack 75:    647 28 712 398 195 213 420 
stack 76:    262 348 496 456 553 156 312 
stack 77:    43 416 583 318 590 634 94 
stack 78:    720 293 411 660 419 97 199 
stack 79:    629 308 345 547 376 405 296 
stack 80:    613 239 135 64 510 382 685 
stack 81:    6 319 722 649 746 356 81 
stack 82:    684 745 721 646 242 10 210 
stack 83:    435 546 183 563 68 473 544 
stack 84:    78 388 741 3 277 582 744 
stack 85:    268 719 743 601 485 123 453 
stack 86:    350 272 263 317 244 415 202 
stack 87:    661 365 34 529 49 715 80 
stack 88:    724 733 267 179 139 466 426 
stack 89:    703 340 492 559 681 21 682 
stack 90:    664 342 657 670 225 482 728 
stack 91:    391 742 360 120 39 20 437 
stack 92:    284 522 560 589 739 60 610 
stack 93:    38 687 216 212 249 17 725 
stack 94:    727 554 61 102 633 1 285 
stack 95:    539 275 110 194 252 747 595 
stack 96:    643 656 520 680 233 535 273 
stack 97:    62 352 355 251 4 521 71 
stack 98:    577 177 417 144 336 203 151 
stack 99:    652 169 390 611 166 172 74 
stack 100:    323 86 658 374 168 502 525 
stack 101:    402 346 625 699 491 304 428 
stack 102:    280 384 540 211 310 740 72 
stack 103:    36 386 83 95 445 366 439 
stack 104:    532 718 404 67 736 325 
stack 105:    333 578 686 278 164 96 549 
stack 106:    353 103 53 253 
stack 107:    488 671 92 
stack 108:    241 557 
stack 109:    
stack 110:    
stack 111:    
stack 112:    
stack 113:    
stack 114:    
stack 115:    
stack 116:    
stack 117:    
stack 118:    
