solved with: SP.deprecated.TabuSearch
time limit: 1800.0 s
time to solve: 308,09 s
objective value: 716585.58

stacks (top to bottom):
stack 0:    376 
stack 1:    
stack 2:    2 
stack 3:    378 
stack 4:    379 4 
stack 5:    13 
stack 6:    6 
stack 7:    30 169 220 195 15 19 707 
stack 8:    385 9 269 293 384 387 386 
stack 9:    24 239 606 383 561 399 455 
stack 10:    469 26 551 139 712 521 89 
stack 11:    388 161 726 395 641 33 11 
stack 12:    242 252 723 640 439 248 370 
stack 13:    418 229 585 652 686 532 365 
stack 14:    571 103 272 719 273 397 96 
stack 15:    266 277 287 305 567 410 614 
stack 16:    86 655 673 563 312 628 603 
stack 17:    444 333 523 682 479 219 584 
stack 18:    141 692 34 58 137 48 358 
stack 19:    495 442 645 401 558 260 349 
stack 20:    648 513 282 656 40 147 244 
stack 21:    715 92 404 487 734 740 224 
stack 22:    99 63 46 39 491 704 28 
stack 23:    714 107 480 82 497 430 263 
stack 24:    436 415 680 650 233 171 110 
stack 25:    254 695 81 371 409 412 594 
stack 26:    420 38 471 499 347 140 743 
stack 27:    403 552 144 684 638 493 405 
stack 28:    414 334 246 328 274 360 29 
stack 29:    694 268 601 85 623 142 672 
stack 30:    586 636 236 286 582 747 518 
stack 31:    148 598 531 481 699 727 557 
stack 32:    167 419 97 559 736 616 247 
stack 33:    264 353 749 124 443 259 295 
stack 34:    191 510 441 194 556 346 367 
stack 35:    261 509 374 307 53 177 722 
stack 36:    607 517 575 80 72 718 209 
stack 37:    440 696 581 135 502 157 678 
stack 38:    193 484 88 149 621 428 514 
stack 39:    133 691 192 474 197 687 522 
stack 40:    700 228 540 416 488 302 626 
stack 41:    315 669 464 174 668 644 216 
stack 42:    735 359 627 587 51 279 738 
stack 43:    524 134 535 90 642 609 580 
stack 44:    213 186 178 310 588 679 91 
stack 45:    336 78 70 675 206 203 160 
stack 46:    729 363 508 579 332 662 275 
stack 47:    533 666 602 505 235 511 458 
stack 48:    300 701 352 689 452 431 265 
stack 49:    54 659 338 227 459 591 564 
stack 50:    709 527 702 296 604 663 438 
stack 51:    313 210 520 111 667 283 427 
stack 52:    280 732 625 98 204 629 56 
stack 53:    324 460 301 127 175 519 741 
stack 54:    340 257 693 278 188 348 184 
stack 55:    449 494 577 291 289 357 57 
stack 56:    215 466 321 728 106 541 153 
stack 57:    542 506 165 620 100 717 681 
stack 58:    151 534 720 168 208 87 270 
stack 59:    343 450 196 158 445 150 713 
stack 60:    0 375 
stack 61:    1 
stack 62:    377 
stack 63:    3 
stack 64:    
stack 65:    380 5 
stack 66:    381 
stack 67:    382 730 7 605 396 398 392 
stack 68:    705 526 12 271 159 8 10 
stack 69:    14 400 451 341 21 394 737 
stack 70:    725 634 64 221 592 647 18 
stack 71:    393 61 698 20 308 402 372 
stack 72:    22 406 185 136 530 138 407 
stack 73:    660 105 538 17 126 187 622 
stack 74:    500 477 706 202 554 389 599 
stack 75:    311 390 31 16 243 326 36 
stack 76:    119 146 337 525 292 391 742 
stack 77:    284 570 544 319 234 748 446 
stack 78:    600 683 635 114 35 59 156 
stack 79:    355 677 512 478 653 560 108 
stack 80:    504 211 122 434 320 41 241 
stack 81:    637 489 27 71 470 548 516 
stack 82:    55 251 316 463 181 608 154 
stack 83:    576 95 23 25 309 49 249 
stack 84:    503 65 483 245 661 306 593 
stack 85:    426 75 572 708 166 164 69 
stack 86:    674 408 298 670 744 630 155 
stack 87:    671 422 101 364 180 173 685 
stack 88:    52 240 115 468 231 132 632 
stack 89:    67 102 565 716 237 143 182 
stack 90:    344 50 214 550 457 323 94 
stack 91:    253 619 255 32 109 201 43 
stack 92:    624 507 163 218 413 262 425 
stack 93:    60 739 299 190 356 42 314 
stack 94:    116 721 697 104 44 37 207 
stack 95:    366 131 589 568 482 476 665 
stack 96:    322 411 256 545 212 79 325 
stack 97:    205 423 486 267 573 226 45 
stack 98:    432 654 113 578 128 421 152 
stack 99:    710 424 222 633 731 120 562 
stack 100:    646 536 199 93 448 297 77 
stack 101:    330 66 223 615 145 447 649 
stack 102:    566 200 417 539 198 354 118 
stack 103:    47 84 327 610 613 335 250 
stack 104:    490 529 590 746 170 473 217 
stack 105:    688 651 703 501 690 583 285 
stack 106:    121 547 290 74 339 711 238 
stack 107:    342 129 618 294 467 225 373 
stack 108:    733 676 597 569 179 276 429 
stack 109:    462 62 369 745 492 350 612 
stack 110:    515 117 596 130 362 230 76 
stack 111:    232 617 317 368 555 472 183 
stack 112:    456 258 546 318 553 461 528 
stack 113:    303 631 435 331 329 123 83 
stack 114:    345 658 549 574 485 643 611 
stack 115:    433 453 498 304 172 162 595 
stack 116:    112 361 68 465 437 454 281 
stack 117:    189 664 73 475 496 639 657 
stack 118:    125 724 543 288 351 537 176 

#####################################################

solved with: SP.post_optimization_methods.HillClimbing
time limit: 1800.0 s
time to solve: 212,09 s
objective value: 716571.02

stacks (top to bottom):
stack 0:    376 
stack 1:    
stack 2:    2 
stack 3:    378 
stack 4:    379 4 
stack 5:    
stack 6:    6 
stack 7:    418 435 27 15 394 260 108 
stack 8:    388 385 551 732 689 362 120 
stack 9:    24 9 384 407 482 455 386 
stack 10:    624 477 17 14 157 341 365 
stack 11:    714 34 13 273 630 687 562 
stack 12:    525 409 639 161 675 619 626 
stack 13:    210 111 204 736 623 224 649 
stack 14:    393 23 287 437 123 37 738 
stack 15:    442 196 589 452 203 546 36 
stack 16:    342 290 749 641 402 29 672 
stack 17:    495 423 666 486 690 326 398 
stack 18:    701 406 185 530 136 397 628 
stack 19:    125 627 587 415 51 279 174 
stack 20:    506 631 403 638 182 79 110 
stack 21:    527 186 721 396 188 350 323 
stack 22:    228 523 598 682 130 557 591 
stack 23:    163 50 511 644 457 217 632 
stack 24:    86 193 658 596 307 53 399 
stack 25:    345 146 71 588 558 401 238 
stack 26:    417 466 73 374 64 43 611 
stack 27:    414 280 122 726 92 198 247 
stack 28:    705 695 144 246 428 609 564 
stack 29:    462 344 52 115 231 668 283 
stack 30:    651 478 544 706 501 554 657 
stack 31:    648 222 702 261 360 58 221 
stack 32:    253 422 660 286 126 38 179 
stack 33:    469 200 102 316 320 80 740 
stack 34:    112 571 436 240 187 734 521 
stack 35:    515 151 189 336 416 722 603 
stack 36:    664 552 206 718 412 461 545 
stack 37:    343 524 636 68 748 454 275 
stack 38:    633 426 746 421 329 502 612 
stack 39:    359 361 669 468 464 262 737 
stack 40:    141 566 322 166 681 40 244 
stack 41:    504 420 317 492 645 234 216 
stack 42:    484 340 439 85 209 472 94 
stack 43:    99 284 127 239 535 479 338 
stack 44:    205 698 607 369 281 541 514 
stack 45:    729 520 218 667 543 45 647 
stack 46:    178 715 208 335 473 295 77 
stack 47:    533 590 601 278 679 74 351 
stack 48:    242 131 357 356 719 568 665 
stack 49:    735 121 169 264 269 430 743 
stack 50:    211 617 567 128 114 276 555 
stack 51:    95 673 563 508 138 312 263 
stack 52:    621 693 581 368 135 583 241 
stack 53:    254 709 453 578 480 448 59 
stack 54:    540 534 434 168 321 137 176 
stack 55:    577 291 615 225 177 704 367 
stack 56:    449 252 236 243 445 158 550 
stack 57:    730 600 683 256 663 347 83 
stack 58:    710 331 654 319 470 697 171 
stack 59:    333 213 220 575 106 226 145 
stack 60:    0 375 
stack 61:    1 
stack 62:    377 
stack 63:    3 
stack 64:    
stack 65:    380 381 5 
stack 66:    8 
stack 67:    526 382 61 7 613 383 10 
stack 68:    646 724 159 207 11 592 18 
stack 69:    62 82 98 608 599 560 373 
stack 70:    167 390 635 19 16 400 516 
stack 71:    103 81 496 57 39 272 467 
stack 72:    12 149 604 517 573 389 387 
stack 73:    30 432 450 101 201 411 391 
stack 74:    352 175 625 661 395 404 594 
stack 75:    676 529 315 456 358 405 392 
stack 76:    655 309 48 33 493 124 212 
stack 77:    542 22 54 643 485 727 584 
stack 78:    303 25 354 172 139 346 438 
stack 79:    570 47 88 248 20 235 265 
stack 80:    195 257 44 21 410 446 89 
stack 81:    26 363 84 579 42 332 459 
stack 82:    55 75 31 232 100 164 184 
stack 83:    63 408 299 606 642 227 28 
stack 84:    700 313 277 306 712 35 522 
stack 85:    723 255 292 717 155 662 156 
stack 86:    586 271 214 548 233 711 650 
stack 87:    366 419 109 87 616 91 56 
stack 88:    113 602 364 310 348 518 429 
stack 89:    671 634 716 463 237 143 499 
stack 90:    696 507 202 745 353 140 288 
stack 91:    165 304 610 32 328 487 742 
stack 92:    300 444 490 733 413 427 425 
stack 93:    503 424 251 337 744 659 653 
stack 94:    215 60 330 282 223 66 76 
stack 95:    191 116 105 720 441 556 152 
stack 96:    536 597 505 547 569 614 183 
stack 97:    483 97 539 684 270 274 314 
stack 98:    692 725 559 431 318 41 528 
stack 99:    494 656 46 488 476 230 447 
stack 100:    637 65 680 93 553 297 259 
stack 101:    677 298 670 190 731 491 678 
stack 102:    576 324 498 327 293 334 622 
stack 103:    688 618 305 652 258 451 707 
stack 104:    694 500 538 245 181 72 147 
stack 105:    119 67 605 180 250 162 154 
stack 106:    640 229 294 308 728 142 153 
stack 107:    266 433 78 134 509 194 302 
stack 108:    440 582 747 713 249 285 160 
stack 109:    585 104 465 370 49 132 150 
stack 110:    268 471 170 458 173 349 595 
stack 111:    513 301 739 708 475 267 443 
stack 112:    549 574 197 510 90 580 537 
stack 113:    355 460 674 620 519 741 118 
stack 114:    489 512 107 686 199 497 325 
stack 115:    133 148 117 289 699 219 69 
stack 116:    572 311 296 371 70 565 372 
stack 117:    192 691 474 531 481 561 96 
stack 118:    129 703 532 339 629 685 593 
