solved with: SP.deprecated.TabuSearch
time limit: 1800.0 s
time to solve: 508,86 s
objective value: 716571.02

stacks (top to bottom):
stack 0:    375 
stack 1:    0 376 
stack 2:    377 
stack 3:    3 
stack 4:    
stack 5:    5 
stack 6:    
stack 7:    563 120 383 371 742 728 9 
stack 8:    384 26 10 388 184 11 385 
stack 9:    568 74 387 450 348 20 635 
stack 10:    122 41 210 647 418 152 322 
stack 11:    667 716 271 278 460 17 654 
stack 12:    604 470 430 69 83 597 146 
stack 13:    447 266 331 14 709 454 517 
stack 14:    212 394 16 522 421 648 118 
stack 15:    94 703 88 746 391 507 281 
stack 16:    19 720 589 687 666 455 619 
stack 17:    408 309 180 138 173 395 628 
stack 18:    274 521 702 304 104 354 676 
stack 19:    731 397 86 411 639 205 37 
stack 20:    443 409 62 729 28 32 156 
stack 21:    601 218 714 285 252 477 279 
stack 22:    211 670 65 345 552 504 101 
stack 23:    55 31 75 192 451 361 605 
stack 24:    534 33 316 696 401 132 191 
stack 25:    681 25 247 491 566 527 671 
stack 26:    510 117 149 123 501 403 487 
stack 27:    54 186 526 214 256 481 44 
stack 28:    431 323 516 420 485 531 618 
stack 29:    705 78 415 557 282 318 253 
stack 30:    330 95 48 575 691 594 228 
stack 31:    374 320 586 312 338 545 452 
stack 32:    369 417 686 267 185 42 165 
stack 33:    453 684 200 537 193 583 172 
stack 34:    35 520 419 53 546 506 351 
stack 35:    203 357 571 538 325 171 38 
stack 36:    257 556 302 499 704 523 178 
stack 37:    456 717 678 242 315 577 80 
stack 38:    625 576 715 745 698 630 651 
stack 39:    590 109 125 49 238 72 535 
stack 40:    642 241 335 368 464 495 738 
stack 41:    649 308 699 682 674 324 64 
stack 42:    685 358 259 217 328 554 468 
stack 43:    144 57 142 119 245 111 622 
stack 44:    350 503 609 286 560 289 91 
stack 45:    497 262 734 73 548 428 299 
stack 46:    435 565 427 216 657 433 50 
stack 47:    114 462 610 679 311 446 690 
stack 48:    255 483 437 343 536 689 621 
stack 49:    482 140 254 90 293 313 638 
stack 50:    76 525 287 581 249 300 243 
stack 51:    511 84 250 558 137 652 261 
stack 52:    329 469 549 239 650 199 440 
stack 53:    68 735 108 656 67 275 542 
stack 54:    273 81 188 187 608 307 366 
stack 55:    63 693 270 215 498 733 641 
stack 56:    154 579 85 364 112 227 201 
stack 57:    655 319 292 662 623 541 161 
stack 58:    445 100 473 726 340 183 528 
stack 59:    570 206 449 718 213 544 457 
stack 60:    
stack 61:    1 
stack 62:    2 
stack 63:    378 
stack 64:    379 4 
stack 65:    380 381 
stack 66:    6 382 
stack 67:    596 7 616 106 301 160 732 
stack 68:    70 669 424 414 334 8 168 
stack 69:    393 82 524 157 748 529 386 
stack 70:    400 52 606 688 116 288 392 
stack 71:    406 404 333 519 637 135 174 
stack 72:    107 390 13 12 295 18 389 
stack 73:    148 588 23 195 268 356 740 
stack 74:    352 396 15 97 24 422 514 
stack 75:    36 30 663 139 458 416 77 
stack 76:    365 600 399 640 233 21 413 
stack 77:    423 291 103 102 480 327 725 
stack 78:    672 425 515 407 314 461 398 
stack 79:    412 479 235 569 700 533 260 
stack 80:    230 692 45 234 362 128 553 
stack 81:    402 645 633 181 355 283 59 
stack 82:    22 629 27 573 592 349 405 
stack 83:    694 466 105 39 486 339 584 
stack 84:    550 337 675 591 61 478 347 
stack 85:    471 177 707 373 442 658 336 
stack 86:    465 723 150 660 294 730 634 
stack 87:    167 29 598 502 695 133 367 
stack 88:    326 530 607 127 202 677 673 
stack 89:    34 248 237 223 176 272 611 
stack 90:    736 476 701 644 664 448 56 
stack 91:    659 668 98 40 66 264 89 
stack 92:    143 743 194 134 711 500 496 
stack 93:    712 613 561 484 646 540 574 
stack 94:    410 572 739 306 124 236 130 
stack 95:    164 110 99 587 463 505 708 
stack 96:    680 96 47 276 182 51 438 
stack 97:    567 488 439 551 344 141 724 
stack 98:    346 615 562 145 737 626 305 
stack 99:    196 432 46 240 79 290 547 
stack 100:    43 493 518 612 277 310 197 
stack 101:    620 136 721 151 706 475 595 
stack 102:    115 341 426 372 593 87 170 
stack 103:    555 722 749 222 599 747 179 
stack 104:    190 492 429 113 269 719 284 
stack 105:    474 131 121 459 321 643 60 
stack 106:    636 370 219 489 153 317 226 
stack 107:    209 603 189 246 93 744 263 
stack 108:    220 441 559 353 543 163 162 
stack 109:    697 436 231 467 204 198 582 
stack 110:    207 169 578 564 258 512 298 
stack 111:    280 175 472 147 513 444 614 
stack 112:    490 265 539 494 434 71 661 
stack 113:    665 58 126 627 509 332 713 
stack 114:    508 221 224 303 631 155 158 
stack 115:    532 296 617 129 342 359 683 
stack 116:    710 297 363 653 208 232 159 
stack 117:    225 580 727 251 92 585 244 
stack 118:    229 166 741 602 632 360 624 

#####################################################

solved with: SP.post_optimization_methods.HillClimbing
time limit: 1800.0 s
time to solve: 216,16 s
objective value: 716573.46

stacks (top to bottom):
stack 0:    375 
stack 1:    0 376 
stack 2:    377 
stack 3:    3 
stack 4:    
stack 5:    5 
stack 6:    7 
stack 7:    613 388 383 9 405 91 336 
stack 8:    26 399 53 139 728 295 11 
stack 9:    443 142 602 462 93 20 385 
stack 10:    10 13 16 12 208 433 260 
stack 11:    30 734 331 591 576 616 481 
stack 12:    735 36 434 536 560 391 698 
stack 13:    555 466 94 33 508 524 558 
stack 14:    19 302 25 23 606 501 695 
stack 15:    70 390 122 671 487 533 159 
stack 16:    43 259 27 562 129 726 651 
stack 17:    400 264 537 254 29 674 732 
stack 18:    659 195 612 421 654 366 460 
stack 19:    397 306 286 401 301 44 205 
stack 20:    530 511 499 692 187 92 575 
stack 21:    22 670 396 427 240 706 278 
stack 22:    483 681 121 332 468 610 185 
stack 23:    369 98 62 335 644 747 367 
stack 24:    74 402 404 645 603 577 51 
stack 25:    337 588 515 516 748 193 634 
stack 26:    412 470 180 403 339 135 597 
stack 27:    144 270 693 215 269 242 89 
stack 28:    739 66 224 157 621 317 300 
stack 29:    218 479 373 478 42 455 485 
stack 30:    712 476 105 200 59 275 152 
stack 31:    225 424 262 746 420 418 448 
stack 32:    316 343 689 362 652 745 37 
stack 33:    280 54 456 123 40 569 197 
stack 34:    35 721 663 718 489 522 592 
stack 35:    255 363 338 289 155 624 690 
stack 36:    532 149 124 538 137 249 605 
stack 37:    309 181 246 227 540 116 322 
stack 38:    685 474 629 439 48 473 60 
stack 39:    273 705 520 164 78 125 657 
stack 40:    699 720 675 202 351 428 619 
stack 41:    268 709 740 673 502 505 724 
stack 42:    320 710 578 231 134 251 342 
stack 43:    736 222 725 171 174 553 56 
stack 44:    115 196 557 87 517 305 574 
stack 45:    642 664 276 315 85 368 272 
stack 46:    265 703 292 627 261 50 118 
stack 47:    63 722 472 656 80 459 700 
stack 48:    274 527 525 653 704 232 311 
stack 49:    607 567 188 303 640 293 708 
stack 50:    345 312 451 344 163 595 253 
stack 51:    55 109 282 101 504 318 359 
stack 52:    207 230 258 216 581 353 643 
stack 53:    493 491 441 529 128 90 547 
stack 54:    534 73 126 161 325 283 179 
stack 55:    81 297 330 213 153 467 372 
stack 56:    435 596 617 580 436 458 737 
stack 57:    308 539 604 328 314 679 133 
stack 58:    512 341 183 168 130 64 299 
stack 59:    678 684 437 304 486 496 156 
stack 60:    
stack 61:    1 
stack 62:    2 
stack 63:    378 
stack 64:    379 4 
stack 65:    380 381 
stack 66:    6 
stack 67:    82 382 425 632 647 729 28 
stack 68:    697 84 566 8 15 18 17 
stack 69:    563 384 409 609 160 71 386 
stack 70:    636 492 387 67 146 392 638 
stack 71:    350 408 47 519 321 635 288 
stack 72:    374 357 14 75 666 294 618 
stack 73:    68 393 719 235 395 599 24 
stack 74:    510 465 150 97 648 389 228 
stack 75:    175 52 176 444 733 438 422 
stack 76:    431 731 394 248 103 21 413 
stack 77:    565 358 488 589 233 545 398 
stack 78:    114 680 57 526 119 407 676 
stack 79:    655 206 672 296 541 682 611 
stack 80:    117 503 633 333 173 584 226 
stack 81:    625 600 650 742 573 279 658 
stack 82:    571 677 102 327 111 347 594 
stack 83:    568 58 646 509 32 165 500 
stack 84:    601 490 291 615 198 463 528 
stack 85:    107 561 743 323 411 310 204 
stack 86:    590 31 552 49 236 162 416 
stack 87:    136 177 41 707 104 354 542 
stack 88:    326 34 410 449 334 548 507 
stack 89:    406 749 113 355 241 637 38 
stack 90:    570 211 586 65 432 79 691 
stack 91:    96 430 237 39 127 250 513 
stack 92:    669 727 730 593 307 340 626 
stack 93:    143 166 365 450 221 256 191 
stack 94:    419 415 564 546 184 178 622 
stack 95:    445 169 99 723 287 585 281 
stack 96:    352 447 229 521 182 364 284 
stack 97:    665 167 741 132 45 639 77 
stack 98:    694 572 329 217 194 210 214 
stack 99:    714 414 145 506 95 551 738 
stack 100:    556 417 370 285 716 583 348 
stack 101:    620 46 238 72 454 683 535 
stack 102:    423 277 426 582 711 475 141 
stack 103:    717 69 494 482 662 189 628 
stack 104:    220 186 319 88 661 442 158 
stack 105:    212 579 623 631 234 324 641 
stack 106:    550 131 686 518 120 192 349 
stack 107:    702 554 140 598 630 361 446 
stack 108:    649 148 257 76 219 696 480 
stack 109:    497 346 100 252 587 660 267 
stack 110:    154 668 429 83 495 201 744 
stack 111:    108 701 112 464 688 614 713 
stack 112:    471 239 523 356 559 244 440 
stack 113:    453 484 360 106 715 531 514 
stack 114:    247 687 271 543 245 172 298 
stack 115:    203 667 371 477 608 457 544 
stack 116:    266 110 151 199 290 461 170 
stack 117:    469 86 549 61 313 243 452 
stack 118:    190 209 498 223 138 147 263 
