solved with: SP.deprecated.TabuSearch
time limit: 1800.0 s
time to solve: 331,30 s
objective value: 716563.7

stacks (top to bottom):
stack 0:    375 
stack 1:    
stack 2:    
stack 3:    
stack 4:    
stack 5:    
stack 6:    381 6 
stack 7:    495 37 245 599 8 395 525 
stack 8:    299 615 80 435 666 286 571 
stack 9:    635 390 292 267 95 24 9 
stack 10:    414 11 452 439 10 422 12 
stack 11:    418 18 274 102 562 33 465 
stack 12:    304 350 195 417 692 211 582 
stack 13:    34 678 726 15 727 142 17 
stack 14:    66 329 531 260 548 132 448 
stack 15:    410 224 421 40 391 63 134 
stack 16:    161 633 393 138 591 31 735 
stack 17:    247 441 347 241 523 626 23 
stack 18:    189 398 663 167 331 529 673 
stack 19:    420 220 281 90 128 640 552 
stack 20:    741 639 659 365 175 396 684 
stack 21:    674 273 607 295 36 693 550 
stack 22:    137 196 549 285 415 178 409 
stack 23:    600 508 462 333 539 76 740 
stack 24:    736 266 498 590 402 251 520 
stack 25:    455 497 426 491 199 706 204 
stack 26:    105 130 718 460 721 144 745 
stack 27:    363 55 366 176 79 184 405 
stack 28:    653 120 259 472 558 483 424 
stack 29:    158 594 655 115 319 133 739 
stack 30:    323 500 671 250 116 106 482 
stack 31:    197 561 324 114 153 670 326 
stack 32:    703 263 584 444 179 303 278 
stack 33:    213 694 200 572 445 43 203 
stack 34:    433 496 470 212 530 328 307 
stack 35:    351 746 223 535 476 580 372 
stack 36:    310 280 215 473 413 468 217 
stack 37:    332 210 38 253 64 707 685 
stack 38:    364 57 705 622 654 628 604 
stack 39:    609 111 229 127 614 320 555 
stack 40:    547 419 119 182 467 712 340 
stack 41:    461 454 355 141 575 613 527 
stack 42:    593 89 749 236 83 230 135 
stack 43:    533 275 557 669 171 517 78 
stack 44:    188 339 100 423 645 244 318 
stack 45:    145 631 588 159 432 156 269 
stack 46:    459 442 725 702 48 86 85 
stack 47:    330 335 563 242 425 648 641 
stack 48:    279 164 228 698 499 322 602 
stack 49:    192 157 675 298 553 733 629 
stack 50:    227 620 516 546 143 209 172 
stack 51:    624 644 226 206 61 58 234 
stack 52:    70 505 124 147 117 612 464 
stack 53:    474 264 316 704 258 556 302 
stack 54:    185 711 451 713 509 577 680 
stack 55:    291 254 481 492 660 748 129 
stack 56:    608 268 207 559 554 730 312 
stack 57:    598 717 643 478 214 507 88 
stack 58:    68 155 193 587 490 738 676 
stack 59:    93 528 689 73 125 681 151 
stack 60:    0 
stack 61:    376 1 
stack 62:    2 377 378 
stack 63:    3 
stack 64:    379 4 
stack 65:    380 
stack 66:    7 5 
stack 67:    383 382 384 603 46 169 103 
stack 68:    162 583 21 651 387 709 77 
stack 69:    385 519 389 123 440 407 403 
stack 70:    504 140 691 494 354 20 249 
stack 71:    610 436 731 392 183 522 386 
stack 72:    54 14 443 149 501 537 16 
stack 73:    13 96 579 388 98 27 744 
stack 74:    521 686 487 566 479 30 394 
stack 75:    97 19 430 168 362 506 401 
stack 76:    51 524 346 716 412 658 26 
stack 77:    540 248 317 636 532 52 514 
stack 78:    270 502 113 110 44 257 29 
stack 79:    661 397 139 650 697 493 485 
stack 80:    616 743 625 163 399 297 611 
stack 81:    696 146 276 25 49 652 357 
stack 82:    22 488 541 65 570 246 710 
stack 83:    50 42 503 344 431 400 84 
stack 84:    406 313 256 632 243 408 233 
stack 85:    688 637 287 28 475 683 121 
stack 86:    300 35 679 118 621 94 370 
stack 87:    301 573 543 32 232 404 82 
stack 88:    544 150 62 235 623 589 510 
stack 89:    69 617 225 240 289 518 581 
stack 90:    109 216 682 359 60 411 715 
stack 91:    47 198 647 170 677 342 538 
stack 92:    734 356 39 564 630 358 314 
stack 93:    284 742 574 177 341 255 262 
stack 94:    466 480 131 565 373 486 41 
stack 95:    74 290 534 585 668 428 349 
stack 96:    722 699 597 325 664 416 724 
stack 97:    732 672 453 512 309 201 649 
stack 98:    576 737 458 701 605 720 700 
stack 99:    352 656 690 536 337 53 104 
stack 100:    511 489 45 126 136 447 112 
stack 101:    191 348 463 181 343 99 194 
stack 102:    560 634 272 56 165 619 471 
stack 103:    92 205 219 67 283 222 592 
stack 104:    469 122 457 369 306 265 345 
stack 105:    293 434 728 596 665 277 695 
stack 106:    174 360 368 282 708 567 371 
stack 107:    662 450 545 107 208 334 187 
stack 108:    311 296 542 59 578 438 160 
stack 109:    261 515 657 91 238 173 714 
stack 110:    551 72 321 719 687 586 477 
stack 111:    294 642 336 327 315 154 87 
stack 112:    427 606 723 638 166 484 108 
stack 113:    71 221 429 569 513 239 81 
stack 114:    449 729 747 148 568 75 618 
stack 115:    526 231 646 218 456 627 308 
stack 116:    446 237 186 101 601 595 437 
stack 117:    190 667 374 338 305 180 288 
stack 118:    152 271 361 353 252 202 367 

#####################################################

solved with: SP.post_optimization_methods.HillClimbing
time limit: 1800.0 s
time to solve: 250,06 s
objective value: 716563.7

stacks (top to bottom):
stack 0:    375 
stack 1:    
stack 2:    
stack 3:    
stack 4:    
stack 5:    
stack 6:    6 381 
stack 7:    22 11 25 529 289 684 187 
stack 8:    71 19 531 10 532 681 447 
stack 9:    272 292 458 267 397 432 33 
stack 10:    615 360 669 574 155 56 262 
stack 11:    332 224 159 344 32 707 477 
stack 12:    18 193 636 179 411 27 169 
stack 13:    47 14 488 121 553 409 17 
stack 14:    598 688 189 237 136 601 60 
stack 15:    686 40 391 575 75 328 16 
stack 16:    731 393 31 214 331 49 204 
stack 17:    420 480 647 241 546 24 555 
stack 18:    301 463 679 308 399 714 30 
stack 19:    459 747 585 614 396 277 326 
stack 20:    560 92 472 402 740 395 468 
stack 21:    190 534 149 336 257 693 295 
stack 22:    137 271 221 429 513 718 217 
stack 23:    97 130 118 730 548 562 658 
stack 24:    196 544 115 298 628 209 41 
stack 25:    364 634 61 572 416 697 43 
stack 26:    461 418 291 545 701 235 142 
stack 27:    294 639 564 711 451 567 550 
stack 28:    287 596 216 746 222 337 408 
stack 29:    410 666 494 571 154 405 437 
stack 30:    500 716 255 453 278 712 318 
stack 31:    284 643 539 86 36 706 673 
stack 32:    158 588 290 317 677 604 499 
stack 33:    594 316 285 721 195 670 582 
stack 34:    339 414 511 489 45 55 470 
stack 35:    227 478 657 421 338 359 476 
stack 36:    674 70 427 374 484 147 103 
stack 37:    455 341 419 428 72 467 744 
stack 38:    609 593 621 456 654 156 685 
stack 39:    591 280 215 702 518 676 602 
stack 40:    319 105 62 683 745 194 520 
stack 41:    299 109 348 245 694 622 102 
stack 42:    504 296 225 617 240 738 581 
stack 43:    696 508 281 558 184 652 357 
stack 44:    250 114 365 542 151 727 720 
stack 45:    502 637 671 242 48 715 134 
stack 46:    433 496 174 183 286 354 471 
stack 47:    449 275 119 431 144 509 710 
stack 48:    703 218 492 423 699 139 506 
stack 49:    304 503 229 547 248 512 303 
stack 50:    663 566 708 682 305 611 104 
stack 51:    631 584 606 73 556 165 302 
stack 52:    505 516 124 258 612 464 172 
stack 53:    474 57 742 569 125 349 695 
stack 54:    515 330 678 153 595 475 629 
stack 55:    668 106 127 587 320 238 77 
stack 56:    69 268 244 605 603 234 297 
stack 57:    188 608 450 200 361 619 700 
stack 58:    192 74 141 164 662 651 58 
stack 59:    446 219 67 79 59 578 687 
stack 60:    0 
stack 61:    376 1 
stack 62:    2 377 378 
stack 63:    3 
stack 64:    379 4 
stack 65:    380 
stack 66:    7 5 
stack 67:    383 382 166 8 384 101 29 
stack 68:    369 260 387 28 12 53 9 
stack 69:    261 140 90 20 315 413 552 
stack 70:    385 444 389 15 388 626 203 
stack 71:    113 13 521 392 327 530 386 
stack 72:    197 435 633 276 333 249 84 
stack 73:    161 469 351 579 175 135 394 
stack 74:    279 390 207 457 460 401 403 
stack 75:    635 198 650 597 168 129 623 
stack 76:    51 266 540 656 536 517 26 
stack 77:    120 21 254 23 52 211 680 
stack 78:    736 741 66 157 170 660 713 
stack 79:    398 343 554 412 493 486 269 
stack 80:    717 557 91 434 638 182 490 
stack 81:    310 561 110 366 117 108 479 
stack 82:    42 37 39 439 422 400 367 
stack 83:    498 415 251 160 372 78 85 
stack 84:    311 220 89 568 704 321 649 
stack 85:    616 495 35 347 625 163 404 
stack 86:    406 528 324 123 236 749 407 
stack 87:    50 497 116 640 592 618 87 
stack 88:    323 213 126 177 243 202 448 
stack 89:    68 181 645 417 99 178 98 
stack 90:    729 541 65 76 607 580 537 
stack 91:    466 655 38 107 445 485 358 
stack 92:    185 620 559 94 314 589 340 
stack 93:    524 247 441 133 573 675 88 
stack 94:    34 734 436 167 443 501 307 
stack 95:    737 329 353 748 565 132 232 
stack 96:    551 270 80 44 201 288 538 
stack 97:    226 186 309 440 438 81 527 
stack 98:    300 642 519 665 239 252 345 
stack 99:    263 212 487 273 726 199 522 
stack 100:    259 583 256 306 83 180 510 
stack 101:    576 600 146 725 483 246 535 
stack 102:    610 264 368 282 283 171 570 
stack 103:    152 653 96 689 46 424 648 
stack 104:    644 138 148 723 128 63 482 
stack 105:    93 293 355 728 176 230 465 
stack 106:    426 54 363 442 335 563 425 
stack 107:    111 231 352 210 100 173 233 
stack 108:    356 205 599 525 613 342 641 
stack 109:    162 646 150 481 206 698 112 
stack 110:    624 350 690 274 122 373 143 
stack 111:    722 430 523 664 362 627 724 
stack 112:    661 732 131 739 322 82 577 
stack 113:    667 705 312 709 334 265 733 
stack 114:    526 208 253 64 325 543 586 
stack 115:    462 691 491 473 735 507 371 
stack 116:    533 228 659 590 452 95 692 
stack 117:    145 743 549 672 346 630 370 
stack 118:    454 191 313 632 223 719 514 
