solved with: SP.deprecated.TabuSearch
time limit: 1800.0 s
time to solve: 344,86 s
objective value: 716586.76

stacks (top to bottom):
stack 0:    
stack 1:    376 
stack 2:    
stack 3:    3 
stack 4:    379 
stack 5:    6 
stack 6:    381 
stack 7:    23 12 11 422 190 383 387 
stack 8:    393 395 465 38 48 234 306 
stack 9:    164 671 618 13 587 627 220 
stack 10:    333 619 104 368 721 490 265 
stack 11:    56 392 281 531 400 15 620 
stack 12:    17 389 233 20 398 339 433 
stack 13:    492 43 562 47 582 342 748 
stack 14:    215 478 109 352 216 28 246 
stack 15:    626 631 509 98 691 113 633 
stack 16:    260 650 456 606 394 63 159 
stack 17:    410 681 609 680 33 130 305 
stack 18:    279 573 644 274 405 143 635 
stack 19:    666 199 25 51 45 250 399 
stack 20:    540 745 407 22 623 204 93 
stack 21:    172 139 411 114 447 218 563 
stack 22:    735 408 474 58 461 416 249 
stack 23:    275 497 564 230 538 547 95 
stack 24:    302 412 578 349 556 488 661 
stack 25:    67 485 319 206 655 616 140 
stack 26:    321 111 660 361 585 434 703 
stack 27:    326 243 65 571 261 278 610 
stack 28:    283 576 501 166 533 175 195 
stack 29:    508 668 740 86 200 174 629 
stack 30:    518 567 132 524 430 532 406 
stack 31:    719 419 31 181 425 673 427 
stack 32:    88 687 131 193 338 725 511 
stack 33:    345 212 353 503 506 37 648 
stack 34:    714 171 202 365 231 197 676 
stack 35:    186 286 297 242 232 516 244 
stack 36:    194 653 320 720 54 594 716 
stack 37:    366 87 468 294 428 443 561 
stack 38:    146 583 597 489 40 477 177 
stack 39:    245 553 369 327 684 108 205 
stack 40:    81 183 592 452 500 484 604 
stack 41:    458 150 97 293 185 367 448 
stack 42:    694 55 180 189 133 559 739 
stack 43:    318 498 706 723 262 438 634 
stack 44:    79 153 210 228 83 536 642 
stack 45:    284 75 682 209 658 355 311 
stack 46:    348 526 203 539 473 689 184 
stack 47:    505 667 304 713 251 191 236 
stack 48:    257 656 201 50 444 523 315 
stack 49:    674 237 325 705 709 670 364 
stack 50:    322 137 741 66 726 688 223 
stack 51:    722 596 314 358 603 643 652 
stack 52:    572 207 589 480 241 334 521 
stack 53:    178 317 182 53 645 591 313 
stack 54:    712 134 454 512 227 149 354 
stack 55:    222 495 285 710 280 580 628 
stack 56:    560 570 621 708 332 507 307 
stack 57:    310 537 116 698 152 711 112 
stack 58:    557 717 103 144 744 664 235 
stack 59:    466 451 607 224 122 541 624 
stack 60:    0 375 
stack 61:    1 
stack 62:    2 
stack 63:    4 378 377 
stack 64:    
stack 65:    5 380 
stack 66:    8 
stack 67:    301 27 613 386 651 7 382 
stack 68:    385 384 21 290 608 464 269 
stack 69:    291 679 276 272 26 390 514 
stack 70:    391 528 10 9 388 566 18 
stack 71:    148 19 128 701 600 16 638 
stack 72:    119 350 502 252 14 704 647 
stack 73:    198 295 678 147 424 637 727 
stack 74:    742 371 141 421 299 402 595 
stack 75:    520 52 196 601 78 494 118 
stack 76:    409 337 590 549 574 672 675 
stack 77:    665 287 457 548 630 586 529 
stack 78:    593 282 74 125 39 90 491 
stack 79:    162 707 255 316 24 107 543 
stack 80:    214 192 29 396 289 397 35 
stack 81:    163 734 733 32 486 453 92 
stack 82:    41 622 357 738 158 435 99 
stack 83:    96 450 476 417 340 612 475 
stack 84:    335 432 669 401 662 82 298 
stack 85:    121 258 441 226 30 525 346 
stack 86:    373 487 403 483 730 522 702 
stack 87:    420 683 167 510 413 240 160 
stack 88:    138 728 544 746 135 253 625 
stack 89:    356 737 69 323 34 404 248 
stack 90:    429 259 692 80 481 654 217 
stack 91:    173 343 472 575 515 415 324 
stack 92:    677 161 219 504 239 615 256 
stack 93:    268 513 165 156 693 331 646 
stack 94:    471 62 588 527 467 418 442 
stack 95:    271 729 124 46 71 605 462 
stack 96:    263 36 437 213 129 446 57 
stack 97:    84 347 208 363 105 640 61 
stack 98:    718 414 565 690 176 579 351 
stack 99:    187 60 445 558 44 115 211 
stack 100:    470 238 123 145 142 535 426 
stack 101:    545 76 328 632 49 431 359 
stack 102:    59 336 42 117 736 731 657 
stack 103:    270 157 126 700 617 482 300 
stack 104:    639 519 602 229 423 100 330 
stack 105:    581 732 611 169 277 743 151 
stack 106:    68 91 94 85 695 460 303 
stack 107:    64 439 542 747 699 496 179 
stack 108:    73 569 555 292 77 659 188 
stack 109:    370 341 154 469 534 273 598 
stack 110:    362 493 374 686 266 372 110 
stack 111:    296 697 329 440 641 225 455 
stack 112:    463 550 102 70 264 312 89 
stack 113:    649 308 101 614 288 459 170 
stack 114:    599 221 499 360 685 552 449 
stack 115:    715 309 127 663 636 546 554 
stack 116:    155 247 577 584 120 568 106 
stack 117:    551 724 517 168 749 136 479 
stack 118:    344 267 254 530 436 72 696 

#####################################################

solved with: SP.post_optimization_methods.HillClimbing
time limit: 1800.0 s
time to solve: 239,87 s
objective value: 716574.64

stacks (top to bottom):
stack 0:    
stack 1:    376 
stack 2:    
stack 3:    3 
stack 4:    379 
stack 5:    6 
stack 6:    381 
stack 7:    395 102 710 8 170 566 591 
stack 8:    268 408 735 425 606 71 195 
stack 9:    163 551 485 13 648 324 244 
stack 10:    348 392 319 196 389 746 424 
stack 11:    432 436 219 530 47 210 388 
stack 12:    257 391 601 713 336 166 430 
stack 13:    17 396 43 738 108 14 582 
stack 14:    407 45 72 19 590 181 449 
stack 15:    458 681 260 607 282 440 711 
stack 16:    722 410 687 729 124 46 303 
stack 17:    393 697 368 264 413 240 160 
stack 18:    649 692 524 586 266 541 547 
stack 19:    353 506 700 669 516 595 624 
stack 20:    279 560 165 274 459 645 628 
stack 21:    345 263 270 575 397 415 616 
stack 22:    545 155 534 686 93 28 427 
stack 23:    492 23 308 34 131 224 234 
stack 24:    712 167 87 39 709 672 90 
stack 25:    695 158 417 340 30 453 306 
stack 26:    609 316 339 197 273 241 364 
stack 27:    73 54 190 546 477 40 61 
stack 28:    429 619 588 452 527 490 418 
stack 29:    284 680 404 598 346 604 92 
stack 30:    631 101 737 281 262 488 703 
stack 31:    665 75 347 706 171 44 331 
stack 32:    463 302 567 504 32 658 664 
stack 33:    465 70 647 685 467 561 491 
stack 34:    677 172 297 142 200 482 748 
stack 35:    254 366 481 501 168 578 484 
stack 36:    518 148 288 691 716 464 249 
stack 37:    198 203 261 654 113 175 82 
stack 38:    56 732 38 277 104 205 351 
stack 39:    150 69 252 562 337 428 250 
stack 40:    52 572 618 126 140 634 313 
stack 41:    214 344 593 705 451 372 696 
stack 42:    581 230 486 174 535 475 629 
stack 43:    222 327 238 507 355 184 83 
stack 44:    292 162 608 632 191 676 95 
stack 45:    667 296 420 294 360 434 315 
stack 46:    192 119 497 59 147 298 106 
stack 47:    62 283 79 576 80 49 529 
stack 48:    178 519 58 130 149 431 523 
stack 49:    505 596 461 99 100 265 620 
stack 50:    186 350 189 206 457 105 438 
stack 51:    64 466 66 57 646 246 159 
stack 52:    742 694 199 258 229 354 675 
stack 53:    194 550 721 704 531 638 269 
stack 54:    183 215 445 446 223 651 211 
stack 55:    373 67 371 478 564 77 352 
stack 56:    715 103 365 176 736 743 727 
stack 57:    333 683 134 193 125 182 556 
stack 58:    717 656 589 358 109 177 514 
stack 59:    728 94 483 701 349 204 359 
stack 60:    375 0 
stack 61:    1 377 
stack 62:    2 
stack 63:    4 378 
stack 64:    
stack 65:    5 380 
stack 66:    9 
stack 67:    384 11 571 26 7 610 382 
stack 68:    36 318 603 480 10 390 383 
stack 69:    503 573 558 587 386 635 256 
stack 70:    385 414 12 726 398 641 387 
stack 71:    513 55 725 400 600 16 15 
stack 72:    41 25 237 630 24 18 455 
stack 73:    146 472 27 374 20 633 536 
stack 74:    81 597 734 233 156 328 401 
stack 75:    243 409 341 517 323 574 136 
stack 76:    476 22 185 730 33 48 416 
stack 77:    526 299 133 426 559 739 521 
stack 78:    671 707 422 723 98 115 563 
stack 79:    169 285 394 549 702 236 543 
stack 80:    21 60 289 213 242 179 688 
stack 81:    212 555 111 621 539 405 144 
stack 82:    309 498 660 708 469 637 37 
stack 83:    29 411 31 733 208 594 399 
stack 84:    653 544 139 508 51 118 225 
stack 85:    520 286 202 515 699 402 744 
stack 86:    487 622 403 614 698 412 74 
stack 87:    495 611 510 132 248 670 406 
stack 88:    84 96 537 123 145 585 235 
stack 89:    540 116 356 152 128 500 443 
stack 90:    626 592 221 120 423 330 448 
stack 91:    321 173 583 718 275 437 421 
stack 92:    639 76 253 135 720 42 251 
stack 93:    127 538 78 122 188 661 110 
stack 94:    310 668 317 226 338 367 552 
stack 95:    68 187 97 153 602 35 462 
stack 96:    714 304 290 644 143 433 300 
stack 97:    553 369 114 682 456 112 63 
stack 98:    419 565 255 361 579 731 640 
stack 99:    259 291 154 623 494 218 673 
stack 100:    570 295 741 655 86 444 442 
stack 101:    470 493 509 684 460 568 311 
stack 102:    719 335 689 332 231 307 216 
stack 103:    267 454 227 580 625 53 642 
stack 104:    557 201 117 50 749 278 657 
stack 105:    439 121 542 322 678 747 496 
stack 106:    370 85 441 599 435 447 554 
stack 107:    666 674 325 272 659 107 89 
stack 108:    362 329 468 512 522 605 280 
stack 109:    88 314 740 502 293 636 276 
stack 110:    301 137 473 363 533 662 220 
stack 111:    138 474 161 287 247 528 548 
stack 112:    745 320 650 584 525 334 312 
stack 113:    129 232 643 615 617 612 151 
stack 114:    164 343 180 207 663 690 209 
stack 115:    357 450 724 679 613 489 65 
stack 116:    326 271 239 499 511 342 305 
stack 117:    471 569 141 157 693 627 652 
stack 118:    245 91 577 228 217 479 532 
