lower bound for relaxed s_ij: 716554.02

#####################################################

solved with: SP.mip_formulations.BinPackingFormulation
time limit: 1800.0 s
time to solve: 1804,18 s (time limit exceeded)
objective value: 720674.3 (not optimal)

stacks (top to bottom):
stack 0:    375 1 376 6 0 8 
stack 1:    9 2 388 380 51 395 59 
stack 2:    13 24 16 20 12 
stack 3:    39 4 381 15 33 31 27 
stack 4:    5 28 21 22 23 37 7 
stack 5:    49 26 54 14 385 34 399 
stack 6:    89 437 425 488 445 17 68 
stack 7:    71 30 377 50 44 40 32 
stack 8:    66 63 75 65 42 56 55 
stack 9:    72 74 43 62 57 53 52 
stack 10:    379 60 67 36 98 73 45 
stack 11:    401 436 433 137 106 61 81 
stack 12:    526 94 85 78 69 79 87 
stack 13:    406 100 96 76 86 90 80 
stack 14:    10 92 84 77 83 97 524 
stack 15:    128 387 82 409 400 397 103 
stack 16:    392 390 115 112 113 99 108 
stack 17:    507 130 93 129 121 455 434 
stack 18:    135 141 109 140 123 133 122 
stack 19:    144 114 147 149 126 163 118 
stack 20:    125 158 156 146 154 120 155 
stack 21:    408 177 131 116 145 454 449 
stack 22:    143 153 522 168 166 148 150 
stack 23:    178 162 152 169 161 413 127 
stack 24:    139 424 157 451 398 182 173 
stack 25:    167 138 160 159 151 172 203 
stack 26:    457 447 444 456 440 171 439 
stack 27:    502 184 212 206 181 509 506 
stack 28:    188 183 201 228 469 220 198 
stack 29:    197 195 474 435 464 189 180 
stack 30:    495 482 463 205 192 462 487 
stack 31:    216 193 479 490 485 475 222 
stack 32:    468 246 226 248 199 453 215 
stack 33:    241 221 224 480 477 245 225 
stack 34:    483 254 242 202 515 252 471 
stack 35:    244 513 255 250 247 249 233 
stack 36:    412 500 481 508 503 285 236 
stack 37:    267 260 240 270 264 263 403 
stack 38:    545 281 266 420 261 265 232 
stack 39:    278 283 237 288 272 287 268 
stack 40:    318 251 271 322 470 310 302 
stack 41:    407 277 279 273 290 282 414 
stack 42:    289 416 294 305 258 418 298 
stack 43:    417 306 276 330 300 422 308 
stack 44:    292 299 297 295 309 307 291 
stack 45:    343 320 311 316 319 301 323 
stack 46:    419 314 326 324 312 329 325 
stack 47:    332 344 331 304 313 339 327 
stack 48:    334 337 335 349 348 341 321 
stack 49:    345 365 374 328 510 354 357 
stack 50:    355 338 342 350 358 356 336 
stack 51:    587 426 363 550 340 569 541 
stack 52:    493 369 372 366 353 361 523 
stack 53:    370 429 364 371 367 359 346 
stack 54:    421 411 368 497 347 373 362 
stack 55:    484 531 529 544 527 486 351 
stack 56:    461 476 472 430 467 432 465 
stack 57:    492 514 491 438 360 512 505 
stack 58:    431 428 410 423 442 460 450 
stack 59:    466 446 441 478 459 427 448 
stack 60:    405 458 452 
stack 61:    415 
stack 62:    
stack 63:    3 378 
stack 64:    
stack 65:    535 
stack 66:    
stack 67:    382 
stack 68:    383 
stack 69:    443 538 384 
stack 70:    11 
stack 71:    504 489 386 
stack 72:    542 473 496 511 
stack 73:    494 498 518 499 
stack 74:    393 501 525 520 517 521 516 
stack 75:    556 389 
stack 76:    532 404 396 528 552 391 
stack 77:    540 548 533 519 537 551 530 
stack 78:    573 576 534 567 558 571 570 
stack 79:    394 536 554 543 539 402 18 
stack 80:    29 582 547 561 549 555 25 
stack 81:    563 584 559 583 586 577 562 
stack 82:    585 581 574 606 572 602 560 
stack 83:    19 568 591 601 598 605 566 
stack 84:    579 615 626 611 575 610 616 
stack 85:    622 589 588 564 580 627 603 
stack 86:    614 612 637 565 621 630 629 
stack 87:    609 600 597 592 578 613 590 
stack 88:    607 617 596 594 618 593 608 
stack 89:    657 646 595 648 631 642 636 
stack 90:    632 624 604 625 619 634 628 
stack 91:    647 641 651 654 652 599 623 
stack 92:    633 650 638 645 655 649 644 
stack 93:    659 670 620 663 640 666 665 
stack 94:    669 635 653 676 673 667 662 
stack 95:    720 713 643 677 705 671 691 
stack 96:    686 685 689 675 639 684 688 
stack 97:    668 664 658 683 661 656 660 
stack 98:    694 690 687 678 700 681 703 
stack 99:    708 699 710 697 680 679 672 
stack 100:    709 674 717 712 711 692 719 
stack 101:    286 259 721 723 682 695 727 
stack 102:    38 707 702 696 733 734 704 
stack 103:    715 729 725 714 693 718 701 
stack 104:    303 275 698 747 557 553 546 
stack 105:    736 726 731 716 730 737 728 
stack 106:    738 742 743 741 740 732 739 
stack 107:    269 253 746 724 722 706 262 
stack 108:    333 748 735 352 293 256 194 
stack 109:    315 296 234 280 745 744 317 
stack 110:    218 257 284 239 274 243 229 
stack 111:    219 235 227 231 190 238 223 
stack 112:    208 200 185 214 749 230 217 
stack 113:    207 191 196 213 211 209 204 
stack 114:    175 124 111 164 110 48 176 
stack 115:    187 134 210 46 41 35 136 
stack 116:    165 186 142 70 170 179 174 
stack 117:    132 104 119 47 117 107 95 
stack 118:    91 105 64 88 102 101 58 

#####################################################

solved with: SP.constructive_heuristics.GeneralHeuristic
time limit: 1800.0 s
time to solve: 0,00 s
objective value: 754914.56

stacks (top to bottom):
stack 0:    214 472 294 591 319 20 101 
stack 1:    379 328 388 423 151 730 391 
stack 2:    365 128 602 113 501 6 176 
stack 3:    514 311 645 702 737 238 262 
stack 4:    187 275 482 696 490 621 384 
stack 5:    186 296 1 685 148 675 603 
stack 6:    694 338 283 331 130 679 630 
stack 7:    134 343 682 575 469 256 229 
stack 8:    596 479 499 543 359 569 510 
stack 9:    165 280 177 502 600 340 409 
stack 10:    720 289 445 705 351 301 553 
stack 11:    207 527 350 547 652 728 117 
stack 12:    142 320 396 564 69 245 0 
stack 13:    483 392 120 517 297 733 293 
stack 14:    71 535 443 565 127 639 323 
stack 15:    609 199 496 470 636 35 136 
stack 16:    690 550 617 749 638 133 268 
stack 17:    104 637 680 583 474 521 562 
stack 18:    686 257 585 678 304 518 172 
stack 19:    411 314 438 178 366 439 357 
stack 20:    260 716 288 98 454 7 471 
stack 21:    70 276 250 261 516 204 465 
stack 22:    316 447 247 611 321 12 362 
stack 23:    116 683 427 551 50 555 310 
stack 24:    426 721 707 437 228 695 106 
stack 25:    239 231 724 326 612 451 87 
stack 26:    408 573 390 360 23 32 8 
stack 27:    184 212 410 415 400 648 623 
stack 28:    342 741 651 66 589 77 522 
stack 29:    72 594 146 202 156 549 174 
stack 30:    188 436 463 424 282 673 541 
stack 31:    132 536 715 743 143 322 222 
stack 32:    383 670 232 233 48 665 691 
stack 33:    135 473 458 73 504 46 389 
stack 34:    125 664 548 533 650 74 655 
stack 35:    542 406 43 193 22 735 217 
stack 36:    26 49 568 244 61 373 666 
stack 37:    587 559 416 693 477 205 706 
stack 38:    315 185 368 513 236 580 81 
stack 39:    19 726 481 464 273 40 352 
stack 40:    404 382 381 79 42 524 18 
stack 41:    4 179 84 520 298 557 95 
stack 42:    318 141 246 53 99 453 681 
stack 43:    167 405 271 475 506 688 546 
stack 44:    137 16 422 467 512 163 58 
stack 45:    370 544 39 606 364 225 434 
stack 46:    421 235 157 162 15 386 505 
stack 47:    200 372 508 24 399 566 102 
stack 48:    191 491 531 658 358 312 662 
stack 49:    635 278 507 656 121 539 308 
stack 50:    234 412 401 341 689 150 55 
stack 51:    38 574 746 160 103 590 667 
stack 52:    492 486 572 435 722 155 194 
stack 53:    466 91 731 618 509 631 223 
stack 54:    579 201 615 17 487 627 378 
stack 55:    669 387 206 82 181 159 744 
stack 56:    394 337 94 78 456 126 263 
stack 57:    417 736 497 661 189 118 325 
stack 58:    431 668 452 397 37 41 403 
stack 59:    563 545 119 697 92 712 418 
stack 60:    218 124 556 620 732 171 616 
stack 61:    306 197 274 211 395 302 210 
stack 62:    441 105 76 62 51 215 339 
stack 63:    334 152 353 598 740 605 644 
stack 64:    653 374 428 67 237 145 560 
stack 65:    708 607 332 657 267 534 450 
stack 66:    284 459 348 701 739 164 336 
stack 67:    494 9 115 398 252 44 129 
stack 68:    13 488 27 31 68 346 523 
stack 69:    253 158 100 582 558 511 230 
stack 70:    175 633 375 729 349 264 180 
stack 71:    659 393 112 324 356 243 402 
stack 72:    208 478 710 241 430 97 610 
stack 73:    493 500 154 93 561 80 649 
stack 74:    269 419 96 123 567 700 327 
stack 75:    281 433 601 626 347 747 56 
stack 76:    109 226 592 489 485 203 354 
stack 77:    88 216 21 377 57 660 47 
stack 78:    495 224 139 63 249 663 291 
stack 79:    532 468 131 593 242 619 432 
stack 80:    3 725 503 168 300 628 629 
stack 81:    286 369 86 571 711 287 107 
stack 82:    461 581 240 745 576 597 380 
stack 83:    29 647 498 295 290 530 209 
stack 84:    446 484 425 385 734 684 448 
stack 85:    355 144 643 718 108 634 11 
stack 86:    170 622 292 195 692 642 59 
stack 87:    641 190 335 114 444 420 90 
stack 88:    748 687 28 624 254 525 317 
stack 89:    60 36 2 578 613 449 703 
stack 90:    303 363 259 457 723 698 220 
stack 91:    345 344 537 279 604 371 329 
stack 92:    333 227 266 14 83 413 198 
stack 93:    742 699 52 528 554 307 719 
stack 94:    614 588 221 147 299 166 552 
stack 95:    540 674 595 248 676 122 45 
stack 96:    111 64 586 577 33 75 671 
stack 97:    738 429 717 654 367 515 414 
stack 98:    196 407 476 714 255 192 65 
stack 99:    529 584 305 480 153 440 727 
stack 100:    632 376 258 309 455 704 25 
stack 101:    646 519 251 138 140 570 272 
stack 102:    10 89 330 34 462 361 640 
stack 103:    713 526 85 625 599 173 110 
stack 104:    5 219 30 213 54 182 608 
stack 105:    709 161 285 265 538 
stack 106:    277 270 149 672 460 
stack 107:    313 442 
stack 108:    183 169 677 
stack 109:    
stack 110:    
stack 111:    
stack 112:    
stack 113:    
stack 114:    
stack 115:    
stack 116:    
stack 117:    
stack 118:    
