lower bound for relaxed s_ij: 716555.2

#####################################################

solved with: SP.mip_formulations.BinPackingFormulation
time limit: 1800.0 s
time to solve: 1801,57 s (time limit exceeded)
objective value: 720882.78 (not optimal)

stacks (top to bottom):
stack 0:    376 2 17 8 4 20 0 
stack 1:    16 18 375 1 377 
stack 2:    3 27 21 11 5 24 382 
stack 3:    23 32 34 12 6 33 10 
stack 4:    394 39 15 459 9 53 48 
stack 5:    26 395 19 380 22 393 38 
stack 6:    49 25 29 403 63 62 402 
stack 7:    91 28 73 41 439 64 82 
stack 8:    51 54 47 46 57 56 31 
stack 9:    43 427 79 59 50 388 40 
stack 10:    61 473 410 98 386 30 390 
stack 11:    74 67 69 389 90 83 66 
stack 12:    84 94 417 398 95 87 71 
stack 13:    391 379 89 72 117 103 101 
stack 14:    80 97 93 78 75 92 107 
stack 15:    123 105 100 76 111 406 113 
stack 16:    397 129 86 81 127 109 120 
stack 17:    500 140 114 138 482 454 13 
stack 18:    135 104 149 143 396 130 118 
stack 19:    190 108 468 433 160 144 180 
stack 20:    401 399 115 153 141 122 155 
stack 21:    110 121 148 136 126 137 147 
stack 22:    412 441 128 134 405 152 133 
stack 23:    194 181 125 430 414 408 161 
stack 24:    142 176 470 186 214 449 451 
stack 25:    156 151 165 162 139 164 159 
stack 26:    191 168 175 198 170 188 196 
stack 27:    446 435 178 184 204 187 202 
stack 28:    177 440 163 211 171 212 207 
stack 29:    208 467 447 415 185 183 416 
stack 30:    419 239 203 504 237 489 225 
stack 31:    217 216 418 230 219 199 445 
stack 32:    234 462 227 220 205 235 222 
stack 33:    218 248 215 247 244 242 209 
stack 34:    221 460 249 236 224 223 228 
stack 35:    271 285 213 254 238 541 551 
stack 36:    472 263 480 261 241 424 275 
stack 37:    510 240 243 257 245 251 533 
stack 38:    278 287 280 270 265 253 269 
stack 39:    274 273 266 476 267 259 246 
stack 40:    291 477 471 272 277 466 409 
stack 41:    279 292 495 297 289 469 295 
stack 42:    299 452 450 262 423 303 282 
stack 43:    530 602 310 337 283 619 603 
stack 44:    422 314 300 294 302 311 317 
stack 45:    319 296 308 328 316 330 324 
stack 46:    322 346 332 301 327 356 348 
stack 47:    331 321 318 350 329 309 342 
stack 48:    340 343 336 344 339 326 312 
stack 49:    357 353 347 335 325 352 411 
stack 50:    358 359 323 361 333 367 363 
stack 51:    345 334 354 360 509 525 426 
stack 52:    520 514 518 484 355 338 387 
stack 53:    413 421 365 349 368 464 372 
stack 54:    374 371 351 366 364 369 373 
stack 55:    542 458 523 513 370 521 515 
stack 56:    506 431 505 503 437 428 493 
stack 57:    501 490 432 498 491 481 492 
stack 58:    455 485 475 438 461 456 453 
stack 59:    434 448 442 425 429 436 444 
stack 60:    
stack 61:    
stack 62:    
stack 63:    
stack 64:    378 
stack 65:    517 
stack 66:    381 474 
stack 67:    494 457 443 497 7 
stack 68:    463 524 507 
stack 69:    483 465 
stack 70:    385 487 383 384 
stack 71:    499 496 479 478 
stack 72:    502 512 486 
stack 73:    519 488 516 
stack 74:    538 539 
stack 75:    400 522 549 532 529 392 14 
stack 76:    545 543 407 508 537 531 
stack 77:    528 562 
stack 78:    568 544 526 557 559 575 555 
stack 79:    598 547 534 556 535 594 587 
stack 80:    563 546 570 566 560 561 552 
stack 81:    579 540 583 588 571 550 553 
stack 82:    612 605 536 548 614 611 580 
stack 83:    565 578 567 577 572 573 558 
stack 84:    595 608 569 600 576 564 404 
stack 85:    574 609 618 582 601 581 599 
stack 86:    593 585 596 590 584 589 586 
stack 87:    606 592 627 607 604 554 36 
stack 88:    626 637 622 610 630 636 639 
stack 89:    616 638 640 613 632 620 645 
stack 90:    647 635 644 615 625 633 628 
stack 91:    651 634 661 655 662 617 631 
stack 92:    650 621 643 674 691 669 646 
stack 93:    666 668 648 623 624 667 660 
stack 94:    597 672 657 649 652 663 670 
stack 95:    681 664 680 678 673 641 676 
stack 96:    705 720 719 726 703 642 709 
stack 97:    684 682 671 697 653 679 659 
stack 98:    700 693 692 699 654 685 698 
stack 99:    704 708 717 688 689 656 675 
stack 100:    724 710 665 658 738 677 729 
stack 101:    690 687 686 694 696 695 683 
stack 102:    711 714 702 701 707 706 715 
stack 103:    739 723 736 725 727 722 718 
stack 104:    716 748 744 721 741 713 731 
stack 105:    315 735 728 712 307 306 730 
stack 106:    591 313 734 732 629 527 420 
stack 107:    341 742 746 737 733 511 298 
stack 108:    740 290 284 268 293 749 288 
stack 109:    743 747 745 362 304 305 320 
stack 110:    281 252 229 258 276 286 250 
stack 111:    145 256 264 255 231 179 260 
stack 112:    233 210 154 201 226 232 193 
stack 113:    172 167 189 206 195 174 42 
stack 114:    197 169 112 192 182 158 200 
stack 115:    85 157 37 173 44 35 146 
stack 116:    102 52 150 166 132 96 55 
stack 117:    119 99 68 124 106 131 45 
stack 118:    58 60 70 88 77 65 116 

#####################################################

solved with: SP.constructive_heuristics.GeneralHeuristic
time limit: 1800.0 s
time to solve: 0,00 s
objective value: 750921.01

stacks (top to bottom):
stack 0:    99 739 711 233 583 354 645 
stack 1:    501 332 240 441 573 529 551 
stack 2:    52 27 308 566 211 550 226 
stack 3:    747 427 548 257 237 155 533 
stack 4:    399 397 215 728 625 214 289 
stack 5:    484 124 699 503 300 473 670 
stack 6:    18 721 417 389 328 581 305 
stack 7:    734 606 440 474 78 384 629 
stack 8:    150 744 714 15 630 730 288 
stack 9:    518 110 742 569 312 393 377 
stack 10:    704 346 301 253 611 186 456 
stack 11:    218 299 6 680 12 467 307 
stack 12:    455 274 217 394 460 398 492 
stack 13:    234 584 476 249 326 525 575 
stack 14:    278 401 707 230 247 641 436 
stack 15:    268 666 291 687 33 469 619 
stack 16:    16 231 84 103 302 251 495 
stack 17:    189 407 457 350 98 372 652 
stack 18:    258 129 556 370 628 497 88 
stack 19:    255 35 472 725 578 727 42 
stack 20:    329 34 686 204 509 106 31 
stack 21:    221 608 136 731 339 403 632 
stack 22:    340 720 337 408 344 92 537 
stack 23:    58 374 79 624 295 562 131 
stack 24:    448 616 123 90 683 66 426 
stack 25:    358 528 643 642 113 228 107 
stack 26:    598 100 181 267 236 9 146 
stack 27:    612 490 156 57 470 373 623 
stack 28:    379 549 139 712 516 193 639 
stack 29:    514 44 626 613 607 654 392 
stack 30:    167 359 723 319 690 362 603 
stack 31:    520 446 648 582 225 311 382 
stack 32:    112 381 179 590 499 87 552 
stack 33:    68 547 647 54 239 745 515 
stack 34:    343 530 190 383 306 38 428 
stack 35:    172 229 693 173 121 125 433 
stack 36:    651 355 285 213 726 468 144 
stack 37:    412 635 717 323 241 498 202 
stack 38:    276 655 415 622 572 188 718 
stack 39:    375 395 259 254 97 564 558 
stack 40:    119 364 618 694 587 378 120 
stack 41:    506 579 67 162 678 133 118 
stack 42:    432 585 294 163 617 76 180 
stack 43:    80 140 223 137 93 733 636 
stack 44:    369 32 262 450 657 649 554 
stack 45:    345 138 553 55 232 116 200 
stack 46:    682 191 46 50 327 265 245 
stack 47:    192 543 640 195 219 675 667 
stack 48:    592 749 30 303 324 164 481 
stack 49:    128 325 418 447 153 512 464 
stack 50:    264 661 199 316 246 660 541 
stack 51:    252 315 609 664 465 152 451 
stack 52:    536 681 716 708 321 526 117 
stack 53:    700 322 143 292 243 77 453 
stack 54:    458 336 508 95 539 560 507 
stack 55:    637 494 8 209 386 424 282 
stack 56:    94 178 261 746 360 461 444 
stack 57:    591 206 713 212 64 600 45 
stack 58:    310 266 410 567 423 184 238 
stack 59:    574 331 43 517 656 390 158 
stack 60:    421 510 201 4 352 122 348 
stack 61:    154 701 702 435 61 519 430 
stack 62:    145 114 227 524 22 409 260 
stack 63:    26 83 244 437 196 466 491 
stack 64:    385 168 544 522 615 330 0 
stack 65:    51 151 2 335 610 429 663 
stack 66:    735 597 368 19 674 161 402 
stack 67:    546 105 479 478 439 454 406 
stack 68:    724 115 665 203 614 445 320 
stack 69:    357 60 595 49 271 703 691 
stack 70:    197 545 475 210 127 532 130 
stack 71:    621 719 108 732 527 132 14 
stack 72:    705 563 91 650 387 283 298 
stack 73:    284 638 565 627 459 111 62 
stack 74:    540 165 277 20 601 599 7 
stack 75:    413 135 535 443 10 449 363 
stack 76:    353 422 380 620 275 147 729 
stack 77:    371 671 425 81 198 696 695 
stack 78:    290 208 596 11 24 486 685 
stack 79:    248 309 175 69 185 577 594 
stack 80:    216 263 496 48 576 207 715 
stack 81:    341 21 480 334 148 580 679 
stack 82:    376 318 471 134 333 396 659 
stack 83:    434 668 391 502 477 269 416 
stack 84:    684 157 280 487 673 511 555 
stack 85:    293 485 314 170 56 174 36 
stack 86:    177 5 220 586 531 160 482 
stack 87:    534 738 653 40 297 367 356 
stack 88:    431 400 570 194 75 588 13 
stack 89:    442 89 74 483 388 633 317 
stack 90:    593 662 126 141 187 722 166 
stack 91:    542 365 644 706 361 96 250 
stack 92:    28 500 463 571 1 631 561 
stack 93:    743 689 438 557 342 559 698 
stack 94:    104 59 677 405 489 182 65 
stack 95:    347 748 538 488 224 53 737 
stack 96:    740 568 86 242 109 222 709 
stack 97:    634 39 171 462 205 71 304 
stack 98:    273 741 604 235 63 414 669 
stack 99:    102 602 41 646 82 420 493 
stack 100:    169 281 366 279 658 697 183 
stack 101:    313 73 338 676 404 411 
stack 102:    85 605 3 72 736 272 504 
stack 103:    351 419 688 17 159 521 
stack 104:    513 505 523 349 296 672 29 
stack 105:    37 692 589 286 
stack 106:    25 
stack 107:    256 70 101 
stack 108:    287 142 270 176 
stack 109:    23 47 452 
stack 110:    
stack 111:    710 149 
stack 112:    
stack 113:    
stack 114:    
stack 115:    
stack 116:    
stack 117:    
stack 118:    
