solved with: SP.deprecated.TabuSearch
time limit: 1800.0 s
time to solve: 439,80 s
objective value: 716557.64

stacks (top to bottom):
stack 0:    
stack 1:    
stack 2:    2 
stack 3:    
stack 4:    4 
stack 5:    380 
stack 6:    385 
stack 7:    7 386 10 384 383 429 
stack 8:    412 9 67 387 524 467 12 
stack 9:    686 11 20 329 154 531 220 
stack 10:    738 402 532 609 608 354 139 
stack 11:    285 541 602 688 223 322 262 
stack 12:    93 731 685 40 388 359 669 
stack 13:    345 344 543 684 567 125 36 
stack 14:    391 27 665 416 553 306 191 
stack 15:    417 390 571 743 656 161 260 
stack 16:    85 46 393 49 410 138 338 
stack 17:    52 17 330 373 473 107 145 
stack 18:    229 641 114 726 737 28 433 
stack 19:    173 711 98 39 394 62 44 
stack 20:    333 447 68 565 194 319 208 
stack 21:    187 629 399 108 422 419 214 
stack 22:    113 562 600 370 411 133 621 
stack 23:    112 697 252 241 591 595 421 
stack 24:    584 450 323 702 748 547 282 
stack 25:    292 730 60 271 500 725 32 
stack 26:    479 583 739 87 30 625 248 
stack 27:    597 474 55 481 729 704 593 
stack 28:    683 371 207 305 592 456 203 
stack 29:    445 38 202 431 53 556 462 
stack 30:    570 408 314 690 230 351 710 
stack 31:    580 455 673 444 471 701 35 
stack 32:    254 205 606 75 33 232 283 
stack 33:    82 742 546 280 712 135 279 
stack 34:    51 181 176 361 506 169 425 
stack 35:    217 199 723 667 478 364 680 
stack 36:    299 216 589 434 698 448 83 
stack 37:    652 197 64 413 353 334 69 
stack 38:    430 363 89 270 552 577 310 
stack 39:    649 336 699 222 102 127 218 
stack 40:    708 654 317 303 188 43 724 
stack 41:    63 464 151 496 233 352 195 
stack 42:    483 235 588 558 523 92 313 
stack 43:    186 153 715 746 266 178 423 
stack 44:    342 281 705 528 278 694 163 
stack 45:    617 209 527 713 367 696 128 
stack 46:    321 265 477 358 674 327 466 
stack 47:    157 718 663 137 586 716 486 
stack 48:    590 612 238 594 297 616 670 
stack 49:    537 268 660 668 587 636 703 
stack 50:    211 242 324 116 134 700 360 
stack 51:    645 518 647 341 237 465 560 
stack 52:    193 747 315 368 284 251 671 
stack 53:    472 146 640 578 175 470 504 
stack 54:    164 691 530 638 286 65 167 
stack 55:    325 369 630 741 249 601 717 
stack 56:    615 99 658 269 632 749 263 
stack 57:    356 639 349 488 136 610 287 
stack 58:    596 446 449 542 312 657 437 
stack 59:    735 213 115 611 672 365 66 
stack 60:    0 375 
stack 61:    1 376 
stack 62:    377 
stack 63:    378 3 
stack 64:    379 
stack 65:    5 
stack 66:    381 382 6 
stack 67:    348 675 100 551 633 261 709 
stack 68:    489 166 165 8 526 94 104 
stack 69:    331 144 727 316 480 122 404 
stack 70:    86 147 424 22 13 121 634 
stack 71:    25 16 695 653 339 110 403 
stack 72:    31 559 453 14 184 548 15 
stack 73:    392 598 397 396 79 247 642 
stack 74:    521 389 732 400 407 605 37 
stack 75:    498 18 706 42 646 635 298 
stack 76:    714 733 84 728 288 398 71 
stack 77:    628 24 170 573 149 401 210 
stack 78:    492 307 21 395 243 428 296 
stack 79:    244 555 58 73 643 511 19 
stack 80:    719 529 152 304 362 550 677 
stack 81:    231 495 117 177 77 26 572 
stack 82:    295 538 29 406 276 225 23 
stack 83:    468 126 626 435 484 651 180 
stack 84:    461 414 158 655 637 274 267 
stack 85:    185 76 564 463 454 318 415 
stack 86:    534 614 264 273 172 722 302 
stack 87:    41 343 536 290 505 309 106 
stack 88:    50 420 155 159 34 405 693 
stack 89:    439 648 179 516 458 661 57 
stack 90:    535 734 418 129 219 78 720 
stack 91:    221 48 236 619 469 522 350 
stack 92:    561 662 226 272 326 239 245 
stack 93:    576 514 682 206 120 544 457 
stack 94:    525 140 72 409 736 70 131 
stack 95:    88 721 585 666 659 337 142 
stack 96:    160 569 183 47 438 540 59 
stack 97:    91 557 497 493 224 575 476 
stack 98:    475 613 427 485 599 494 347 
stack 99:    174 61 182 607 103 581 215 
stack 100:    301 627 346 515 508 45 162 
stack 101:    509 124 357 604 156 436 520 
stack 102:    255 502 432 507 568 228 259 
stack 103:    513 275 554 119 366 130 109 
stack 104:    289 332 168 490 90 328 519 
stack 105:    250 482 563 192 372 212 503 
stack 106:    624 745 451 101 533 440 545 
stack 107:    148 499 460 320 171 442 240 
stack 108:    579 491 150 200 582 198 96 
stack 109:    623 311 257 227 664 539 707 
stack 110:    549 689 426 293 452 512 201 
stack 111:    678 335 141 54 80 204 95 
stack 112:    300 676 258 81 459 234 277 
stack 113:    189 487 355 111 692 256 644 
stack 114:    501 687 443 622 681 308 650 
stack 115:    143 740 441 56 97 679 510 
stack 116:    190 246 105 118 517 618 291 
stack 117:    253 744 574 196 123 603 620 
stack 118:    566 294 74 340 631 132 374 

#####################################################

solved with: SP.post_optimization_methods.HillClimbing
time limit: 1800.0 s
time to solve: 371,92 s
objective value: 716557.64

stacks (top to bottom):
stack 0:    
stack 1:    
stack 2:    2 
stack 3:    
stack 4:    4 
stack 5:    380 
stack 6:    385 
stack 7:    331 7 386 55 384 383 
stack 8:    9 439 292 721 253 12 693 
stack 9:    182 16 454 401 288 180 347 
stack 10:    18 356 690 471 717 635 701 
stack 11:    389 629 602 29 398 394 15 
stack 12:    628 275 447 388 397 43 79 
stack 13:    549 280 723 469 659 326 139 
stack 14:    412 335 390 617 480 243 578 
stack 15:    186 265 51 739 409 260 620 
stack 16:    295 417 493 509 558 418 161 
stack 17:    46 675 546 553 49 17 694 
stack 18:    229 627 744 306 308 37 162 
stack 19:    307 735 679 98 703 259 503 
stack 20:    99 149 296 436 208 403 240 
stack 21:    300 460 705 609 138 66 36 
stack 22:    50 501 226 431 103 159 511 
stack 23:    513 402 554 127 656 608 178 
stack 24:    483 535 363 582 639 257 601 
stack 25:    658 414 269 528 304 327 722 
stack 26:    654 140 731 631 287 283 277 
stack 27:    686 715 290 653 184 577 33 
stack 28:    543 371 271 196 274 442 504 
stack 29:    660 281 100 330 526 667 405 
stack 30:    41 570 294 314 507 70 581 
stack 31:    317 446 718 518 742 62 245 
stack 32:    359 432 452 476 247 556 411 
stack 33:    113 408 427 598 600 736 351 
stack 34:    461 68 323 177 117 506 425 
stack 35:    497 72 562 552 230 429 724 
stack 36:    530 482 662 519 322 318 282 
stack 37:    576 573 168 89 640 225 109 
stack 38:    52 420 413 346 459 676 364 
stack 39:    114 730 278 572 125 702 233 
stack 40:    91 211 502 40 599 729 195 
stack 41:    342 734 607 636 261 496 263 
stack 42:    708 85 112 216 137 329 531 
stack 43:    185 231 534 612 663 134 625 
stack 44:    236 464 689 630 673 111 75 
stack 45:    492 649 424 688 733 661 603 
stack 46:    678 164 102 633 358 433 279 
stack 47:    254 684 618 81 291 748 128 
stack 48:    285 205 242 740 84 465 131 
stack 49:    235 682 198 57 457 107 470 
stack 50:    615 741 312 692 256 621 201 
stack 51:    479 747 489 368 647 71 586 
stack 52:    584 213 505 179 435 313 510 
stack 53:    174 206 714 249 227 130 132 
stack 54:    691 541 193 638 569 495 622 
stack 55:    525 613 115 568 237 215 669 
stack 56:    209 574 529 258 508 302 248 
stack 57:    524 105 467 517 522 592 352 
stack 58:    255 58 241 516 251 163 142 
stack 59:    147 491 316 315 90 136 228 
stack 60:    0 375 
stack 61:    1 376 
stack 62:    377 
stack 63:    378 3 
stack 64:    379 
stack 65:    5 
stack 66:    381 382 6 
stack 67:    498 387 683 8 28 19 59 
stack 68:    561 687 619 712 135 337 298 
stack 69:    148 21 11 82 266 171 35 
stack 70:    200 10 13 396 560 415 374 
stack 71:    187 391 407 119 34 23 548 
stack 72:    566 451 14 92 484 671 145 
stack 73:    153 369 25 224 97 30 437 
stack 74:    321 732 183 400 466 95 167 
stack 75:    623 144 555 392 419 643 646 
stack 76:    537 286 38 614 448 704 360 
stack 77:    336 27 20 393 155 26 478 
stack 78:    445 737 416 395 305 309 219 
stack 79:    557 22 611 122 716 65 404 
stack 80:    344 652 118 515 45 680 334 
stack 81:    289 311 244 340 310 214 232 
stack 82:    399 449 564 698 567 674 456 
stack 83:    74 474 606 575 370 634 494 
stack 84:    24 87 373 175 421 319 234 
stack 85:    332 645 301 641 719 353 512 
stack 86:    31 559 325 426 487 533 328 
stack 87:    333 150 121 711 626 610 133 
stack 88:    521 406 523 428 664 367 267 
stack 89:    538 542 252 477 207 338 78 
stack 90:    726 67 217 192 354 410 32 
stack 91:    514 706 76 355 42 284 462 
stack 92:    697 583 668 181 438 616 710 
stack 93:    250 101 56 672 700 540 223 
stack 94:    60 54 169 372 77 350 104 
stack 95:    348 222 238 434 551 47 365 
stack 96:    189 441 536 440 73 655 696 
stack 97:    63 699 563 202 594 463 362 
stack 98:    624 48 170 746 173 485 488 
stack 99:    61 455 188 39 129 239 203 
stack 100:    745 685 657 728 110 44 593 
stack 101:    499 165 166 565 293 544 595 
stack 102:    93 343 324 597 481 444 423 
stack 103:    143 268 303 738 151 341 422 
stack 104:    450 681 725 154 632 156 106 
stack 105:    590 585 473 443 273 123 212 
stack 106:    453 727 120 637 545 709 644 
stack 107:    345 320 108 53 176 94 191 
stack 108:    160 596 589 665 666 194 520 
stack 109:    468 475 116 276 591 83 210 
stack 110:    472 146 490 695 339 707 720 
stack 111:    157 64 743 297 158 264 605 
stack 112:    579 588 430 126 651 96 486 
stack 113:    197 141 571 152 80 677 204 
stack 114:    88 527 199 500 172 642 670 
stack 115:    299 221 124 270 366 604 69 
stack 116:    246 648 361 272 650 550 547 
stack 117:    86 580 587 458 218 713 220 
stack 118:    190 532 349 357 749 539 262 
