lower bound for relaxed s_ij: 716557.64

#####################################################

solved with: SP.mip_formulations.BinPackingFormulation
time limit: 1800.0 s
time to solve: 1803,18 s (time limit exceeded)
objective value: 721371.2 (not optimal)

stacks (top to bottom):
stack 0:    1 17 16 0 
stack 1:    12 23 15 6 381 2 3 
stack 2:    47 4 11 24 385 40 9 
stack 3:    8 379 33 10 28 35 25 
stack 4:    14 382 390 380 46 44 56 
stack 5:    41 43 18 42 20 27 34 
stack 6:    376 49 21 36 65 61 72 
stack 7:    50 22 52 31 387 7 51 
stack 8:    74 70 53 73 81 26 37 
stack 9:    109 30 45 391 389 386 98 
stack 10:    38 394 404 63 58 406 59 
stack 11:    485 102 121 119 54 127 393 
stack 12:    80 76 75 82 77 83 69 
stack 13:    57 84 486 400 79 88 85 
stack 14:    97 92 78 469 95 475 410 
stack 15:    115 123 107 101 89 99 116 
stack 16:    388 114 96 126 122 113 108 
stack 17:    110 407 117 90 375 136 140 
stack 18:    383 147 144 103 143 111 443 
stack 19:    128 125 132 474 135 129 455 
stack 20:    438 433 139 478 134 105 156 
stack 21:    480 150 149 414 398 146 138 
stack 22:    124 106 161 166 151 159 148 
stack 23:    422 176 428 165 154 168 162 
stack 24:    160 167 145 175 170 467 184 
stack 25:    461 457 465 172 177 442 183 
stack 26:    500 238 169 202 230 507 525 
stack 27:    213 182 445 413 174 424 164 
stack 28:    466 471 178 153 429 453 197 
stack 29:    219 218 205 191 473 417 192 
stack 30:    217 203 211 194 193 220 200 
stack 31:    222 198 214 210 208 199 207 
stack 32:    226 221 206 224 463 235 196 
stack 33:    435 229 215 409 237 246 240 
stack 34:    243 250 245 259 251 247 225 
stack 35:    448 239 249 241 233 234 232 
stack 36:    265 273 275 231 262 533 278 
stack 37:    253 248 255 264 256 411 267 
stack 38:    261 252 271 266 459 272 505 
stack 39:    283 286 268 479 282 260 285 
stack 40:    451 276 280 281 279 263 415 
stack 41:    290 303 308 277 545 477 299 
stack 42:    310 292 294 293 300 304 301 
stack 43:    295 447 291 317 305 288 284 
stack 44:    560 316 297 307 313 314 546 
stack 45:    532 298 325 517 315 326 311 
stack 46:    421 614 604 347 357 339 302 
stack 47:    508 330 323 432 322 334 340 
stack 48:    329 324 338 337 327 332 341 
stack 49:    512 511 361 360 333 372 613 
stack 50:    367 526 342 355 368 601 593 
stack 51:    363 346 356 343 351 358 349 
stack 52:    364 353 369 352 344 354 370 
stack 53:    365 527 499 371 348 493 373 
stack 54:    345 549 584 586 580 540 450 
stack 55:    502 506 362 366 359 374 481 
stack 56:    427 470 446 350 472 468 454 
stack 57:    434 464 462 430 444 456 452 
stack 58:    418 416 402 408 488 551 497 
stack 59:    436 441 437 395 431 425 458 
stack 60:    405 
stack 61:    377 
stack 62:    419 
stack 63:    460 426 
stack 64:    378 
stack 65:    440 439 5 
stack 66:    
stack 67:    449 476 
stack 68:    484 
stack 69:    487 
stack 70:    384 489 491 483 492 494 501 
stack 71:    503 
stack 72:    528 490 524 482 513 
stack 73:    522 496 530 509 13 
stack 74:    515 495 538 510 531 
stack 75:    553 504 568 547 518 
stack 76:    592 519 598 589 516 
stack 77:    542 521 
stack 78:    537 543 550 548 562 539 19 
stack 79:    609 535 573 612 574 572 392 
stack 80:    558 556 523 552 559 541 520 
stack 81:    397 582 595 605 544 575 
stack 82:    564 567 561 563 554 557 396 
stack 83:    576 577 566 583 581 565 569 
stack 84:    401 32 615 555 599 571 594 
stack 85:    608 578 610 597 590 588 29 
stack 86:    629 630 625 638 579 621 
stack 87:    624 585 570 611 603 600 399 
stack 88:    596 602 626 606 607 631 628 
stack 89:    403 665 654 681 666 587 679 
stack 90:    635 642 617 645 632 634 640 
stack 91:    644 663 622 591 633 650 667 
stack 92:    649 655 651 648 616 660 659 
stack 93:    646 639 623 619 627 653 661 
stack 94:    618 652 637 676 674 670 656 
stack 95:    684 680 677 678 620 682 673 
stack 96:    643 658 711 641 529 412 692 
stack 97:    664 647 693 687 636 671 694 
stack 98:    696 691 657 685 668 714 707 
stack 99:    690 675 689 686 688 672 695 
stack 100:    699 705 700 704 697 721 669 
stack 101:    729 725 713 724 662 703 726 
stack 102:    733 718 683 735 716 717 708 
stack 103:    720 727 723 712 701 698 710 
stack 104:    739 734 732 706 742 709 715 
stack 105:    536 722 702 744 534 514 420 
stack 106:    736 740 746 719 748 730 749 
stack 107:    745 743 498 738 728 737 289 
stack 108:    321 336 731 741 423 331 236 
stack 109:    335 320 306 747 319 318 328 
stack 110:    287 309 244 312 274 254 296 
stack 111:    270 223 257 242 228 216 204 
stack 112:    212 185 201 269 171 158 258 
stack 113:    227 209 190 189 155 133 195 
stack 114:    186 181 187 180 179 163 55 
stack 115:    173 152 137 157 39 188 142 
stack 116:    141 120 112 131 130 118 62 
stack 117:    86 48 93 104 66 94 64 
stack 118:    91 67 100 87 68 71 60 

#####################################################

solved with: SP.constructive_heuristics.GeneralHeuristic
time limit: 1800.0 s
time to solve: 0,00 s
objective value: 753478.34

stacks (top to bottom):
stack 0:    585 655 616 730 391 414 640 
stack 1:    649 137 499 623 689 192 108 
stack 2:    181 309 229 657 402 332 35 
stack 3:    502 160 81 510 579 184 641 
stack 4:    532 180 690 32 599 387 415 
stack 5:    238 106 548 471 588 246 613 
stack 6:    310 10 145 52 554 559 669 
stack 7:    576 639 22 566 210 2 514 
stack 8:    418 54 574 61 232 546 269 
stack 9:    110 740 193 521 626 590 334 
stack 10:    624 273 496 609 119 342 195 
stack 11:    321 68 693 557 565 83 55 
stack 12:    362 347 417 267 456 13 497 
stack 13:    378 131 48 33 92 177 398 
stack 14:    704 126 463 27 199 571 475 
stack 15:    152 578 194 248 44 56 5 
stack 16:    470 252 625 544 656 305 676 
stack 17:    506 292 57 136 234 65 392 
stack 18:    365 165 733 253 476 572 726 
stack 19:    567 172 712 280 581 742 674 
stack 20:    43 261 271 688 650 133 420 
stack 21:    403 582 515 4 53 147 405 
stack 22:    109 241 671 633 493 197 77 
stack 23:    206 643 357 302 37 681 207 
stack 24:    384 561 465 6 702 156 204 
stack 25:    209 376 724 642 748 507 314 
stack 26:    369 723 486 69 88 29 586 
stack 27:    312 179 337 327 409 549 505 
stack 28:    287 464 189 217 178 153 341 
stack 29:    379 291 489 356 394 251 240 
stack 30:    419 275 230 437 533 171 659 
stack 31:    480 346 96 627 16 331 529 
stack 32:    86 447 698 159 445 477 85 
stack 33:    360 76 461 491 541 9 531 
stack 34:    243 519 587 666 284 443 452 
stack 35:    169 648 127 617 425 98 458 
stack 36:    14 215 324 545 164 534 472 
stack 37:    427 320 706 198 150 15 148 
stack 38:    421 41 663 622 381 236 216 
stack 39:    736 441 637 279 59 235 385 
stack 40:    112 440 211 602 354 313 168 
stack 41:    87 558 462 338 746 286 488 
stack 42:    504 31 710 631 93 228 692 
stack 43:    729 30 687 255 731 517 634 
stack 44:    720 564 388 444 563 738 135 
stack 45:    244 120 201 297 603 708 25 
stack 46:    223 363 598 670 170 40 410 
stack 47:    500 21 439 735 395 612 289 
stack 48:    336 446 123 568 247 494 412 
stack 49:    527 298 662 747 562 737 399 
stack 50:    361 128 219 222 175 315 744 
stack 51:    401 335 157 577 58 24 300 
stack 52:    141 543 407 716 260 694 569 
stack 53:    699 718 647 46 151 396 62 
stack 54:    451 665 495 17 339 658 711 
stack 55:    604 727 709 143 288 318 64 
stack 56:    705 503 348 432 113 424 304 
stack 57:    353 490 691 685 703 278 370 
stack 58:    448 422 90 573 525 601 258 
stack 59:    664 101 610 351 628 155 468 
stack 60:    614 74 323 233 166 741 319 
stack 61:    364 221 103 333 673 721 328 
stack 62:    583 84 293 20 459 400 575 
stack 63:    187 542 743 218 42 266 34 
stack 64:    434 436 190 696 382 36 202 
stack 65:    185 646 50 330 697 551 296 
stack 66:    227 67 306 732 245 483 695 
stack 67:    522 249 308 75 220 3 142 
stack 68:    212 555 457 99 116 146 632 
stack 69:    553 125 350 701 259 487 225 
stack 70:    449 124 231 355 322 393 72 
stack 71:    250 224 272 474 715 208 467 
stack 72:    270 115 73 144 383 518 188 
stack 73:    512 8 39 325 524 408 513 
stack 74:    713 428 161 719 597 606 413 
stack 75:    191 205 294 652 589 163 373 
stack 76:    511 629 182 70 134 404 51 
stack 77:    345 176 203 117 303 154 645 
stack 78:    239 651 570 344 352 264 540 
stack 79:    433 139 630 547 263 501 594 
stack 80:    560 684 97 167 509 593 340 
stack 81:    265 102 121 389 386 138 660 
stack 82:    397 498 429 717 237 661 60 
stack 83:    100 276 678 111 196 104 71 
stack 84:    739 615 23 105 455 621 301 
stack 85:    654 460 1 281 129 317 481 
stack 86:    485 537 283 290 256 82 349 
stack 87:    91 680 316 390 607 274 667 
stack 88:    329 375 307 600 285 707 299 
stack 89:    728 552 619 453 162 311 158 
stack 90:    745 38 734 700 675 262 19 
stack 91:    644 722 122 478 359 79 682 
stack 92:    438 226 63 132 406 469 580 
stack 93:    186 367 538 426 26 423 450 
stack 94:    213 47 11 242 254 66 94 
stack 95:    596 556 430 523 343 78 620 
stack 96:    49 683 611 277 174 442 358 
stack 97:    371 725 535 45 539 200 714 
stack 98:    173 89 380 530 268 668 326 
stack 99:    114 618 366 473 374 672 7 
stack 100:    12 608 591 479 149 130 118 
stack 101:    536 257 295 282 183 679 454 
stack 102:    435 528 635 431 749 
stack 103:    377 508 677 686 516 0 372 
stack 104:    416 482 368 
stack 105:    592 520 492 214 653 95 584 
stack 106:    18 484 
stack 107:    595 638 
stack 108:    605 
stack 109:    107 636 140 
stack 110:    526 80 28 411 
stack 111:    466 550 
stack 112:    
stack 113:    
stack 114:    
stack 115:    
stack 116:    
stack 117:    
stack 118:    
