lower bound for relaxed s_ij: 716578.26

#####################################################

solved with: SP.mip_formulations.BinPackingFormulation
time limit: 1800.0 s
time to solve: 1800,73 s (time limit exceeded)
objective value: 720624.56 (not optimal)

stacks (top to bottom):
stack 0:    3 7 381 0 5 
stack 1:    377 4 14 1 2 376 
stack 2:    21 15 379 9 
stack 3:    22 47 23 40 10 378 35 
stack 4:    17 39 44 32 438 386 27 
stack 5:    28 25 20 43 56 26 36 
stack 6:    42 64 58 30 383 34 48 
stack 7:    446 38 483 124 31 41 29 
stack 8:    70 69 18 443 397 52 37 
stack 9:    33 388 385 74 63 111 60 
stack 10:    82 49 83 77 50 62 8 
stack 11:    78 67 54 375 73 55 79 
stack 12:    463 90 68 59 389 71 19 
stack 13:    93 16 390 92 51 95 12 
stack 14:    395 61 91 109 391 103 85 
stack 15:    384 398 72 106 76 113 104 
stack 16:    136 404 110 128 117 89 392 
stack 17:    402 114 102 115 405 396 127 
stack 18:    453 122 139 435 126 112 137 
stack 19:    121 144 125 424 412 119 133 
stack 20:    145 146 134 138 164 132 437 
stack 21:    160 201 153 135 99 527 419 
stack 22:    487 486 485 470 140 142 399 
stack 23:    155 169 407 149 150 416 191 
stack 24:    436 429 187 143 434 154 151 
stack 25:    176 175 170 161 157 165 189 
stack 26:    182 177 441 440 158 185 172 
stack 27:    204 183 195 171 209 459 418 
stack 28:    205 202 417 179 456 196 178 
stack 29:    203 206 194 467 451 444 210 
stack 30:    227 181 442 462 454 222 167 
stack 31:    219 223 234 235 268 212 536 
stack 32:    225 218 192 238 208 231 481 
stack 33:    229 476 471 464 217 211 482 
stack 34:    246 518 504 497 474 233 502 
stack 35:    255 251 216 264 241 236 258 
stack 36:    507 266 480 239 257 242 403 
stack 37:    260 247 274 265 271 414 243 
stack 38:    252 263 278 270 262 267 409 
stack 39:    280 499 490 269 494 259 286 
stack 40:    410 284 401 256 408 282 406 
stack 41:    289 309 297 261 315 291 316 
stack 42:    306 304 287 298 308 296 305 
stack 43:    313 314 307 281 301 299 279 
stack 44:    323 293 330 294 338 336 285 
stack 45:    311 295 292 327 326 320 310 
stack 46:    321 325 318 319 312 302 333 
stack 47:    331 335 339 347 317 342 329 
stack 48:    345 343 346 341 322 324 344 
stack 49:    357 354 332 328 369 361 362 
stack 50:    349 351 371 348 365 353 359 
stack 51:    358 350 368 337 367 363 422 
stack 52:    511 374 364 352 334 423 360 
stack 53:    506 355 373 484 372 370 356 
stack 54:    517 492 523 514 505 413 520 
stack 55:    491 526 411 340 430 532 498 
stack 56:    477 415 366 472 466 468 433 
stack 57:    428 465 458 457 449 445 426 
stack 58:    493 479 393 432 475 460 452 
stack 59:    450 439 427 420 425 431 448 
stack 60:    
stack 61:    
stack 62:    
stack 63:    
stack 64:    421 
stack 65:    
stack 66:    380 447 
stack 67:    469 473 
stack 68:    6 382 
stack 69:    535 544 455 
stack 70:    478 461 
stack 71:    387 
stack 72:    522 519 509 503 496 495 11 
stack 73:    512 500 510 501 488 13 
stack 74:    540 508 537 489 531 539 
stack 75:    521 513 515 24 
stack 76:    550 525 529 542 528 516 533 
stack 77:    394 575 549 541 583 563 
stack 78:    561 557 400 547 562 555 545 
stack 79:    524 593 589 578 566 548 530 
stack 80:    568 538 571 565 551 543 546 
stack 81:    580 553 564 573 572 560 584 
stack 82:    552 581 599 570 595 554 605 
stack 83:    567 579 576 582 569 592 591 
stack 84:    597 574 556 611 587 609 588 
stack 85:    619 577 620 594 614 606 590 
stack 86:    607 586 612 600 616 596 608 
stack 87:    613 603 604 598 585 610 621 
stack 88:    632 615 559 602 638 622 625 
stack 89:    626 633 627 601 618 624 641 
stack 90:    629 617 630 639 636 628 635 
stack 91:    648 644 646 642 623 649 645 
stack 92:    647 653 669 634 640 665 677 
stack 93:    643 685 683 675 631 681 686 
stack 94:    655 670 668 674 637 676 651 
stack 95:    684 679 680 650 657 691 654 
stack 96:    666 662 688 656 664 698 660 
stack 97:    667 687 652 659 701 671 700 
stack 98:    721 693 734 661 747 725 711 
stack 99:    696 690 658 717 695 719 716 
stack 100:    663 738 689 710 697 727 699 
stack 101:    678 673 720 735 240 534 558 
stack 102:    724 672 743 739 702 682 722 
stack 103:    707 704 712 705 692 694 709 
stack 104:    732 718 713 708 723 729 741 
stack 105:    45 726 703 728 742 740 744 
stack 106:    733 746 714 706 303 283 300 
stack 107:    737 276 249 715 748 736 731 
stack 108:    272 159 749 253 250 273 275 
stack 109:    232 730 288 290 277 254 248 
stack 110:    245 745 228 237 224 213 193 
stack 111:    230 207 244 220 173 221 190 
stack 112:    226 215 200 214 166 168 198 
stack 113:    53 162 199 197 148 186 184 
stack 114:    174 152 123 156 188 163 180 
stack 115:    46 131 141 84 147 130 107 
stack 116:    129 108 101 116 120 94 118 
stack 117:    100 97 88 75 57 105 98 
stack 118:    81 66 96 86 65 87 80 

#####################################################

solved with: SP.constructive_heuristics.GeneralHeuristic
time limit: 1800.0 s
time to solve: 0,00 s
objective value: 752326.94

stacks (top to bottom):
stack 0:    615 223 693 160 31 80 98 
stack 1:    226 429 504 749 425 5 148 
stack 2:    200 631 63 447 367 608 107 
stack 3:    340 307 728 370 9 104 258 
stack 4:    351 82 217 622 85 156 180 
stack 5:    552 91 295 347 472 344 224 
stack 6:    7 712 618 308 188 8 360 
stack 7:    219 28 187 576 281 554 257 
stack 8:    93 715 149 243 353 467 709 
stack 9:    90 42 629 634 263 495 530 
stack 10:    394 486 196 127 682 649 534 
stack 11:    607 724 348 714 628 288 13 
stack 12:    745 703 507 18 695 563 498 
stack 13:    183 121 398 171 259 369 606 
stack 14:    21 400 690 436 54 301 363 
stack 15:    663 157 40 583 111 625 605 
stack 16:    683 685 23 294 699 700 11 
stack 17:    575 202 167 222 482 609 237 
stack 18:    550 718 656 271 636 193 186 
stack 19:    415 114 216 72 322 494 461 
stack 20:    522 746 34 266 138 435 279 
stack 21:    313 633 69 694 592 283 558 
stack 22:    174 66 562 499 657 731 419 
stack 23:    380 643 417 383 476 48 317 
stack 24:    131 579 318 32 501 736 41 
stack 25:    644 732 384 478 172 120 458 
stack 26:    721 293 385 673 665 273 221 
stack 27:    218 388 481 12 741 190 362 
stack 28:    619 15 455 661 536 546 248 
stack 29:    479 306 669 492 684 334 681 
stack 30:    355 667 623 76 516 113 52 
stack 31:    311 244 477 484 128 132 94 
stack 32:    1 247 92 179 274 701 197 
stack 33:    524 598 568 610 264 154 416 
stack 34:    547 601 39 177 441 497 454 
stack 35:    491 526 577 201 528 543 184 
stack 36:    648 586 170 47 239 389 329 
stack 37:    46 553 377 730 298 158 382 
stack 38:    228 70 123 670 339 299 587 
stack 39:    647 343 655 705 372 405 533 
stack 40:    169 585 256 25 401 62 719 
stack 41:    395 252 238 278 336 173 300 
stack 42:    276 500 67 571 444 621 460 
stack 43:    493 152 471 616 381 659 199 
stack 44:    81 371 146 330 720 253 711 
stack 45:    733 22 175 652 437 572 551 
stack 46:    427 523 75 668 490 37 590 
stack 47:    567 465 16 630 391 112 213 
stack 48:    101 354 434 346 412 691 452 
stack 49:    159 140 470 509 376 35 431 
stack 50:    556 125 529 106 319 27 676 
stack 51:    358 350 580 192 678 710 735 
stack 52:    100 514 373 525 692 560 305 
stack 53:    517 3 205 596 316 242 432 
stack 54:    61 442 324 532 457 65 698 
stack 55:    53 604 181 570 142 262 641 
stack 56:    141 182 102 115 55 397 286 
stack 57:    599 541 165 291 60 220 118 
stack 58:    357 38 483 234 424 312 527 
stack 59:    672 50 265 466 290 468 635 
stack 60:    411 145 707 229 251 282 240 
stack 61:    349 450 122 662 396 162 660 
stack 62:    129 57 688 440 320 95 342 
stack 63:    345 374 704 589 29 591 277 
stack 64:    561 96 518 538 637 356 163 
stack 65:    506 17 59 261 285 399 19 
stack 66:    511 4 390 109 327 502 520 
stack 67:    446 513 474 126 185 588 166 
stack 68:    245 535 135 99 268 747 716 
stack 69:    632 155 153 734 544 212 79 
stack 70:    653 375 545 386 650 569 473 
stack 71:    227 453 738 337 422 387 645 
stack 72:    64 137 365 147 739 86 475 
stack 73:    116 304 335 743 326 71 130 
stack 74:    613 6 230 246 582 594 717 
stack 75:    593 627 420 740 328 488 725 
stack 76:    232 214 404 292 58 105 423 
stack 77:    549 309 194 456 671 250 198 
stack 78:    603 88 20 407 611 151 722 
stack 79:    439 505 366 206 510 542 614 
stack 80:    143 664 462 164 296 0 449 
stack 81:    410 204 559 124 235 361 584 
stack 82:    49 14 83 134 564 231 677 
stack 83:    45 679 428 211 548 267 531 
stack 84:    540 225 323 393 689 640 409 
stack 85:    574 406 310 133 333 706 413 
stack 86:    487 364 726 521 639 117 744 
stack 87:    331 646 642 195 210 403 448 
stack 88:    97 284 578 325 469 742 191 
stack 89:    612 260 287 708 537 51 686 
stack 90:    581 10 74 270 315 489 378 
stack 91:    272 597 144 209 658 302 651 
stack 92:    687 43 89 480 430 654 254 
stack 93:    626 314 150 674 73 443 445 
stack 94:    485 600 713 30 697 392 426 
stack 95:    280 402 255 515 119 379 303 
stack 96:    557 249 723 566 2 189 178 
stack 97:    696 512 408 56 414 359 433 
stack 98:    215 207 269 438 565 451 87 
stack 99:    136 176 675 617 368 539 275 
stack 100:    108 737 139 464 233 729 573 
stack 101:    332 421 
stack 102:    463 289 508 503 727 624 168 
stack 103:    203 680 44 602 459 620 702 
stack 104:    352 84 78 341 241 236 24 
stack 105:    321 110 638 36 
stack 106:    161 77 103 26 
stack 107:    33 519 208 338 595 
stack 108:    666 68 297 496 
stack 109:    748 418 
stack 110:    555 
stack 111:    
stack 112:    
stack 113:    
stack 114:    
stack 115:    
stack 116:    
stack 117:    
stack 118:    
