solved with: SP.deprecated.TabuSearch
time limit: 1800.0 s
time to solve: 361,03 s
objective value: 716583.14

stacks (top to bottom):
stack 0:    1 
stack 1:    376 
stack 2:    
stack 3:    3 
stack 4:    379 
stack 5:    380 
stack 6:    13 381 
stack 7:    423 382 523 290 21 434 
stack 8:    480 8 642 277 56 436 412 
stack 9:    363 88 10 568 18 154 9 
stack 10:    401 620 594 746 721 399 75 
stack 11:    131 419 601 393 659 392 661 
stack 12:    440 692 660 98 387 533 298 
stack 13:    405 709 22 185 745 390 40 
stack 14:    15 169 570 619 54 289 19 
stack 15:    723 246 313 17 226 414 654 
stack 16:    344 740 299 204 468 156 635 
stack 17:    240 683 291 292 504 211 164 
stack 18:    148 417 236 324 700 317 737 
stack 19:    394 600 218 114 595 565 87 
stack 20:    44 159 279 647 733 549 408 
stack 21:    28 241 693 712 73 429 460 
stack 22:    322 36 409 694 228 466 582 
stack 23:    548 118 744 31 415 24 187 
stack 24:    614 55 331 39 274 617 725 
stack 25:    372 652 720 612 585 402 34 
stack 26:    561 474 728 717 237 574 174 
stack 27:    472 597 243 222 727 607 367 
stack 28:    703 206 479 68 66 650 143 
stack 29:    579 630 188 592 368 559 97 
stack 30:    492 501 334 194 168 526 681 
stack 31:    283 262 314 178 497 152 540 
stack 32:    350 42 282 210 352 58 41 
stack 33:    680 257 239 346 135 286 84 
stack 34:    250 641 221 306 739 171 644 
stack 35:    305 685 511 293 113 141 238 
stack 36:    280 435 425 666 192 105 438 
stack 37:    518 624 422 308 569 146 444 
stack 38:    130 662 80 589 202 656 147 
stack 39:    505 448 596 558 517 476 49 
stack 40:    441 663 196 653 62 207 244 
stack 41:    547 157 695 111 235 473 129 
stack 42:    482 186 443 195 503 90 749 
stack 43:    48 67 150 546 108 203 364 
stack 44:    711 550 127 688 248 437 132 
stack 45:    432 495 93 465 691 520 83 
stack 46:    325 294 254 208 170 687 101 
stack 47:    625 682 342 121 112 201 696 
stack 48:    576 563 673 646 577 59 360 
stack 49:    81 347 92 500 633 232 490 
stack 50:    442 469 276 369 355 281 86 
stack 51:    199 182 446 337 698 126 510 
stack 52:    593 191 320 53 71 560 610 
stack 53:    249 321 284 245 571 107 316 
stack 54:    345 606 499 330 534 462 477 
stack 55:    318 611 265 507 609 351 586 
stack 56:    230 269 537 707 315 463 627 
stack 57:    453 562 636 583 651 200 263 
stack 58:    65 258 705 307 676 180 270 
stack 59:    488 672 271 220 743 216 64 
stack 60:    0 375 
stack 61:    
stack 62:    2 377 
stack 63:    378 
stack 64:    
stack 65:    5 4 6 
stack 66:    7 
stack 67:    383 386 214 671 391 27 697 
stack 68:    426 189 385 573 47 398 371 
stack 69:    332 384 731 470 581 396 12 
stack 70:    365 45 11 155 736 349 14 
stack 71:    616 621 261 197 389 724 730 
stack 72:    253 509 456 455 260 551 388 
stack 73:    395 719 297 37 603 686 229 
stack 74:    566 618 354 153 339 481 38 
stack 75:    329 522 433 151 464 637 340 
stack 76:    411 530 669 521 16 403 138 
stack 77:    486 543 538 247 20 527 23 
stack 78:    25 212 410 29 397 478 33 
stack 79:    133 267 287 734 163 489 176 
stack 80:    288 144 32 134 166 43 556 
stack 81:    590 61 553 205 679 404 416 
stack 82:    649 400 348 584 46 35 50 
stack 83:    519 716 508 52 657 122 531 
stack 84:    471 356 424 515 564 26 63 
stack 85:    278 242 89 708 638 738 525 
stack 86:    104 418 668 69 273 77 145 
stack 87:    670 502 110 430 162 431 142 
stack 88:    167 219 336 664 57 79 124 
stack 89:    665 115 742 704 452 631 139 
stack 90:    310 604 184 406 735 628 30 
stack 91:    362 370 304 524 117 578 177 
stack 92:    655 667 407 532 706 427 158 
stack 93:    268 85 714 95 123 514 491 
stack 94:    629 183 623 580 541 373 536 
stack 95:    552 252 70 702 643 326 487 
stack 96:    535 634 296 575 529 285 327 
stack 97:    572 341 213 234 748 266 732 
stack 98:    678 359 413 493 613 353 639 
stack 99:    125 699 251 300 516 467 439 
stack 100:    165 539 140 554 645 496 302 
stack 101:    459 51 475 116 100 557 484 
stack 102:    259 333 461 60 715 301 209 
stack 103:    161 421 179 626 587 588 420 
stack 104:    136 701 94 713 128 91 272 
stack 105:    555 275 338 632 485 640 119 
stack 106:    319 374 149 428 674 677 96 
stack 107:    72 726 445 223 451 193 747 
stack 108:    335 450 103 615 528 366 323 
stack 109:    710 227 684 256 622 513 172 
stack 110:    160 264 498 311 175 591 357 
stack 111:    542 544 675 605 217 741 120 
stack 112:    82 729 690 181 231 361 343 
stack 113:    598 295 328 483 190 225 224 
stack 114:    454 106 658 255 303 215 198 
stack 115:    506 173 137 447 648 449 608 
stack 116:    358 545 233 567 78 722 512 
stack 117:    457 602 309 99 76 74 312 
stack 118:    689 494 718 109 458 599 102 

#####################################################

solved with: SP.post_optimization_methods.HillClimbing
time limit: 1800.0 s
time to solve: 238,93 s
objective value: 716573.46

stacks (top to bottom):
stack 0:    1 
stack 1:    376 
stack 2:    
stack 3:    3 
stack 4:    379 
stack 5:    380 
stack 6:    13 381 
stack 7:    482 382 22 385 456 584 21 
stack 8:    350 678 8 563 493 602 112 
stack 9:    728 344 10 568 330 430 9 
stack 10:    418 594 331 292 690 235 635 
stack 11:    372 562 397 419 228 122 749 
stack 12:    15 450 54 619 19 490 129 
stack 13:    125 85 144 311 528 62 23 
stack 14:    294 621 127 16 403 404 96 
stack 15:    347 17 287 391 414 717 496 
stack 16:    304 691 641 290 371 444 540 
stack 17:    249 421 446 394 70 705 326 
stack 18:    442 65 502 410 18 393 343 
stack 19:    729 709 601 415 583 468 138 
stack 20:    411 25 246 566 140 733 549 
stack 21:    634 329 194 667 558 170 533 
stack 22:    593 718 32 633 369 516 416 
stack 23:    670 173 309 527 24 298 732 
stack 24:    363 494 103 357 366 514 86 
stack 25:    242 423 342 52 239 603 83 
stack 26:    265 157 443 623 664 617 487 
stack 27:    230 258 606 649 567 609 142 
stack 28:    590 28 293 92 241 300 153 
stack 29:    426 668 499 427 466 163 84 
stack 30:    130 80 208 483 33 686 198 
stack 31:    472 575 454 611 36 336 63 
stack 32:    719 445 607 564 197 666 412 
stack 33:    305 598 684 671 109 141 113 
stack 34:    703 291 614 578 622 211 674 
stack 35:    44 297 648 204 608 143 610 
stack 36:    535 746 682 114 370 66 117 
stack 37:    506 662 89 612 190 473 631 
stack 38:    544 625 111 580 306 77 224 
stack 39:    629 69 509 510 195 215 40 
stack 40:    652 435 223 307 105 531 556 
stack 41:    104 199 600 461 587 118 489 
stack 42:    440 334 537 417 271 256 449 
stack 43:    240 576 488 284 60 637 497 
stack 44:    505 186 100 303 367 231 438 
stack 45:    283 577 455 210 171 266 640 
stack 46:    136 254 76 216 64 107 263 
stack 47:    457 321 310 273 747 201 158 
stack 48:    288 663 448 700 538 178 355 
stack 49:    424 308 520 193 724 172 119 
stack 50:    362 597 51 470 126 503 713 
stack 51:    492 579 212 313 539 651 176 
stack 52:    245 275 323 302 481 722 174 
stack 53:    626 522 548 447 504 532 101 
stack 54:    723 711 205 328 541 525 187 
stack 55:    81 268 134 714 458 123 677 
stack 56:    61 285 518 322 82 121 145 
stack 57:    669 188 744 681 574 632 485 
stack 58:    160 227 335 324 78 738 725 
stack 59:    182 692 72 261 702 255 90 
stack 60:    0 375 
stack 61:    
stack 62:    2 377 
stack 63:    378 
stack 64:    
stack 65:    5 4 
stack 66:    6 
stack 67:    383 165 386 279 289 7 102 
stack 68:    480 530 150 573 47 260 387 
stack 69:    332 217 384 551 588 646 14 
stack 70:    29 31 11 736 428 349 582 
stack 71:    683 389 146 128 91 398 696 
stack 72:    405 295 219 185 388 392 12 
stack 73:    116 395 358 727 569 452 87 
stack 74:    278 257 521 26 390 399 147 
stack 75:    689 604 406 647 312 351 74 
stack 76:    301 314 396 43 429 599 491 
stack 77:    67 546 218 688 407 507 639 
stack 78:    486 247 715 20 276 627 30 
stack 79:    88 131 636 739 585 132 156 
stack 80:    269 267 630 743 653 281 477 
stack 81:    459 553 221 56 39 679 402 
stack 82:    337 333 37 68 274 734 229 
stack 83:    716 252 280 106 589 202 192 
stack 84:    685 345 341 498 315 735 38 
stack 85:    325 148 400 348 638 164 232 
stack 86:    401 474 250 233 656 478 34 
stack 87:    159 413 184 183 286 27 364 
stack 88:    616 550 42 45 196 654 462 
stack 89:    501 655 526 368 354 554 408 
stack 90:    115 665 742 704 643 745 434 
stack 91:    179 137 642 523 35 659 571 
stack 92:    259 620 422 94 248 353 58 
stack 93:    547 707 299 46 420 97 340 
stack 94:    365 524 409 225 98 697 41 
stack 95:    161 189 465 374 209 149 645 
stack 96:    720 672 596 687 316 49 360 
stack 97:    319 699 220 338 464 95 512 
stack 98:    453 320 359 53 560 676 120 
stack 99:    519 133 110 262 99 592 559 
stack 100:    432 48 55 243 515 451 272 
stack 101:    475 108 708 177 650 352 59 
stack 102:    471 552 318 277 673 737 166 
stack 103:    542 356 167 695 436 657 124 
stack 104:    710 154 50 476 581 200 661 
stack 105:    296 425 565 557 180 75 513 
stack 106:    545 660 181 203 79 730 536 
stack 107:    561 675 731 71 595 317 586 
stack 108:    441 701 613 694 135 706 361 
stack 109:    191 236 282 433 162 373 139 
stack 110:    555 175 748 534 237 152 431 
stack 111:    508 605 698 624 346 741 270 
stack 112:    93 206 479 517 57 437 644 
stack 113:    169 618 214 693 207 712 244 
stack 114:    680 529 726 327 222 658 721 
stack 115:    511 264 570 615 591 439 484 
stack 116:    572 251 339 628 467 238 460 
stack 117:    469 213 543 155 168 226 151 
stack 118:    495 253 740 234 500 463 73 
