lower bound for relaxed s_ij: 716558.82

#####################################################

solved with: SP.mip_formulations.BinPackingFormulation
time limit: 1800.0 s
time to solve: 1803,33 s (time limit exceeded)
objective value: 719545.88 (not optimal)

stacks (top to bottom):
stack 0:    376 8 1 
stack 1:    19 7 378 41 4 0 
stack 2:    13 14 381 6 25 20 29 
stack 3:    18 35 21 10 12 5 
stack 4:    37 39 382 15 27 24 23 
stack 5:    11 38 387 375 379 33 43 
stack 6:    442 392 31 391 76 65 40 
stack 7:    380 460 397 62 64 416 32 
stack 8:    57 45 44 389 59 49 36 
stack 9:    383 71 68 417 61 58 404 
stack 10:    55 79 73 56 384 72 60 
stack 11:    385 80 48 63 86 75 405 
stack 12:    54 96 91 67 101 388 83 
stack 13:    418 105 66 95 422 99 401 
stack 14:    92 118 100 107 399 102 82 
stack 15:    455 146 140 90 473 128 154 
stack 16:    113 393 110 89 114 106 117 
stack 17:    115 411 408 396 124 407 125 
stack 18:    441 423 445 432 412 139 94 
stack 19:    466 97 130 578 512 428 151 
stack 20:    138 116 127 123 119 136 144 
stack 21:    149 419 155 153 126 402 413 
stack 22:    164 162 159 122 163 156 143 
stack 23:    131 157 170 456 168 132 486 
stack 24:    196 498 133 493 232 499 209 
stack 25:    148 174 167 421 171 166 179 
stack 26:    435 426 434 177 176 182 180 
stack 27:    480 198 439 200 186 150 175 
stack 28:    205 415 206 195 181 178 194 
stack 29:    436 215 240 225 214 183 476 
stack 30:    221 463 450 210 207 193 201 
stack 31:    444 216 212 243 246 184 395 
stack 32:    219 458 457 218 492 481 208 
stack 33:    248 237 452 226 223 249 199 
stack 34:    228 222 236 239 251 234 233 
stack 35:    261 220 250 255 258 252 244 
stack 36:    259 254 260 464 265 262 238 
stack 37:    266 544 291 247 241 253 278 
stack 38:    270 280 275 287 273 242 257 
stack 39:    293 284 279 272 256 267 269 
stack 40:    310 263 296 281 276 286 295 
stack 41:    268 292 283 282 277 297 288 
stack 42:    406 290 285 274 453 484 303 
stack 43:    313 304 271 309 306 305 307 
stack 44:    330 311 331 289 315 482 328 
stack 45:    301 319 559 329 325 322 314 
stack 46:    560 347 298 370 358 589 367 
stack 47:    339 414 316 343 312 308 409 
stack 48:    348 346 317 326 320 334 345 
stack 49:    351 336 324 338 337 321 349 
stack 50:    363 335 333 354 518 371 357 
stack 51:    355 540 350 327 537 522 372 
stack 52:    356 352 374 366 341 359 431 
stack 53:    524 511 361 344 373 362 510 
stack 54:    526 427 368 360 451 509 527 
stack 55:    500 503 369 353 532 520 514 
stack 56:    495 489 429 365 475 479 448 
stack 57:    449 459 447 438 467 465 477 
stack 58:    474 496 505 469 446 425 471 
stack 59:    461 454 433 443 440 437 468 
stack 60:    
stack 61:    
stack 62:    2 377 
stack 63:    430 3 
stack 64:    
stack 65:    
stack 66:    
stack 67:    462 494 491 
stack 68:    487 472 483 
stack 69:    497 488 478 9 
stack 70:    470 507 490 
stack 71:    513 485 386 
stack 72:    516 531 523 
stack 73:    545 543 506 
stack 74:    534 398 390 517 400 553 
stack 75:    504 541 501 535 530 
stack 76:    551 502 508 539 525 16 
stack 77:    561 521 557 574 568 566 28 
stack 78:    515 528 579 519 552 17 
stack 79:    34 22 533 547 542 580 394 
stack 80:    549 564 572 554 562 546 403 
stack 81:    563 575 571 558 529 570 582 
stack 82:    576 588 569 565 548 556 581 
stack 83:    616 593 594 573 586 30 26 
stack 84:    598 583 590 587 603 595 611 
stack 85:    608 591 606 596 536 601 605 
stack 86:    599 622 621 597 627 604 577 
stack 87:    600 615 584 617 607 592 618 
stack 88:    624 610 620 585 638 614 613 
stack 89:    609 634 636 612 619 641 629 
stack 90:    642 635 639 625 658 626 623 
stack 91:    631 632 646 651 630 649 648 
stack 92:    644 656 659 645 650 654 628 
stack 93:    671 663 657 669 640 673 652 
stack 94:    653 637 668 643 665 670 676 
stack 95:    688 633 666 702 691 684 695 
stack 96:    661 672 655 647 675 664 680 
stack 97:    667 662 679 677 687 683 685 
stack 98:    674 690 705 701 694 660 700 
stack 99:    703 696 678 689 682 693 706 
stack 100:    717 686 708 704 681 713 710 
stack 101:    718 709 699 707 692 714 712 
stack 102:    734 716 730 698 697 724 733 
stack 103:    736 732 741 721 727 719 720 
stack 104:    742 737 229 245 711 235 738 
stack 105:    410 743 722 715 550 302 602 
stack 106:    264 231 746 728 749 726 740 
stack 107:    332 729 723 735 567 555 538 
stack 108:    420 323 299 731 725 424 342 
stack 109:    300 364 294 51 739 318 340 
stack 110:    192 227 50 747 230 745 744 
stack 111:    158 224 748 202 211 203 217 
stack 112:    197 191 189 213 134 204 187 
stack 113:    185 93 42 190 169 52 172 
stack 114:    188 161 147 173 165 160 135 
stack 115:    145 47 152 74 142 104 103 
stack 116:    137 109 70 141 129 108 81 
stack 117:    120 111 53 46 121 112 85 
stack 118:    69 98 77 87 84 78 88 

#####################################################

solved with: SP.constructive_heuristics.GeneralHeuristic
time limit: 1800.0 s
time to solve: 0,00 s
objective value: 752369.35

stacks (top to bottom):
stack 0:    34 497 435 392 76 437 78 
stack 1:    609 414 690 219 492 107 334 
stack 2:    363 668 421 566 123 73 119 
stack 3:    736 672 105 441 61 139 94 
stack 4:    313 350 282 175 239 252 465 
stack 5:    398 120 228 397 387 379 448 
stack 6:    261 311 442 657 384 27 372 
stack 7:    296 585 116 607 315 482 700 
stack 8:    418 291 131 559 10 486 403 
stack 9:    734 356 390 292 542 201 142 
stack 10:    185 189 304 150 439 422 619 
stack 11:    410 207 254 554 456 233 104 
stack 12:    351 614 682 60 431 411 684 
stack 13:    406 678 155 153 726 305 409 
stack 14:    560 534 663 539 331 527 87 
stack 15:    57 224 669 391 63 103 386 
stack 16:    393 14 633 671 31 187 468 
stack 17:    420 480 741 347 241 202 626 
stack 18:    593 35 301 206 543 370 82 
stack 19:    533 109 151 681 125 46 371 
stack 20:    294 524 639 716 564 15 603 
stack 21:    188 332 253 707 562 623 278 
stack 22:    729 541 65 570 740 476 525 
stack 23:    694 572 445 58 378 43 203 
stack 24:    498 679 402 251 129 160 520 
stack 25:    717 496 360 174 183 530 88 
stack 26:    74 374 606 723 638 147 484 
stack 27:    644 489 268 511 126 408 447 
stack 28:    642 89 749 83 670 649 165 
stack 29:    631 299 80 615 666 571 302 
stack 30:    352 536 222 337 407 53 204 
stack 31:    310 561 568 324 5 514 685 
stack 32:    47 478 382 580 49 328 84 
stack 33:    500 446 226 118 630 687 135 
stack 34:    266 66 19 548 132 33 102 
stack 35:    598 227 220 90 128 640 538 
stack 36:    624 674 96 273 472 25 693 
stack 37:    113 171 708 72 326 467 744 
stack 38:    364 18 196 298 628 209 318 
stack 39:    161 229 231 248 127 507 16 
stack 40:    329 130 721 95 460 677 683 
stack 41:    610 162 450 195 373 582 695 
stack 42:    504 240 225 617 289 395 581 
stack 43:    449 13 148 333 276 702 134 
stack 44:    170 509 713 345 680 367 577 
stack 45:    383 237 348 136 309 601 101 
stack 46:    293 728 212 216 428 277 230 
stack 47:    376 218 100 423 645 719 244 
stack 48:    526 245 646 627 358 506 322 
stack 49:    192 157 675 692 0 733 510 
stack 50:    600 462 146 725 246 154 550 
stack 51:    93 637 55 336 179 320 303 
stack 52:    191 505 366 124 117 612 464 
stack 53:    474 264 419 704 258 12 297 
stack 54:    608 284 659 599 260 208 730 
stack 55:    2 385 515 341 106 365 238 
stack 56:    701 415 38 531 605 98 553 
stack 57:    316 353 481 748 565 660 416 
stack 58:    141 159 181 163 399 32 172 
stack 59:    703 433 67 59 578 438 121 
stack 60:    68 71 647 573 523 288 477 
stack 61:    459 21 317 62 595 556 652 
stack 62:    495 443 491 214 529 36 676 
stack 63:    653 70 259 452 359 86 535 
stack 64:    521 138 250 686 338 587 112 
stack 65:    635 544 7 412 41 401 499 
stack 66:    377 11 503 545 698 325 234 
stack 67:    197 620 213 111 590 186 173 
stack 68:    466 583 651 709 312 77 24 
stack 69:    140 354 494 20 257 715 706 
stack 70:    588 44 444 45 389 182 586 
stack 71:    436 426 731 281 6 327 738 
stack 72:    454 279 167 501 342 555 340 
stack 73:    368 434 579 665 517 745 26 
stack 74:    92 469 487 176 193 479 394 
stack 75:    380 198 430 168 99 362 308 
stack 76:    51 656 346 621 658 143 269 
stack 77:    540 622 343 532 211 52 629 
stack 78:    263 551 270 110 29 490 9 
stack 79:    661 662 463 697 493 485 169 
stack 80:    158 355 557 91 79 184 405 
stack 81:    696 508 735 552 307 357 85 
stack 82:    50 42 39 344 235 400 611 
stack 83:    145 137 616 743 115 625 546 
stack 84:    632 256 547 255 1 295 518 
stack 85:    461 732 285 512 180 475 23 
stack 86:    190 667 596 528 236 108 673 
stack 87:    502 747 584 48 75 249 618 
stack 88:    323 290 427 243 177 453 194 
stack 89:    69 549 516 417 375 178 712 
stack 90:    688 215 280 473 242 413 217 
stack 91:    152 381 483 558 424 648 17 
stack 92:    300 742 718 650 314 604 589 
stack 93:    97 247 133 232 404 4 30 
stack 94:    275 689 306 144 388 710 3 
stack 95:    594 519 114 727 720 349 714 
stack 96:    722 319 267 597 699 664 724 
stack 97:    339 37 205 164 283 592 613 
stack 98:    122 458 361 711 200 396 636 
stack 99:    576 455 488 149 691 199 522 
stack 100:    22 330 54 335 563 425 641 
stack 101:    737 470 746 166 223 440 567 
stack 102:    272 634 56 8 321 602 471 
stack 103:    221 429 569 513 451 537 81 
stack 104:    457 210 705 369 64 28 265 
stack 105:    643 591 574 262 
stack 106:    655 739 
stack 107:    271 274 654 
stack 108:    286 40 575 
stack 109:    432 156 
stack 110:    287 
stack 111:    
stack 112:    
stack 113:    
stack 114:    
stack 115:    
stack 116:    
stack 117:    
stack 118:    
