solved with: SP.deprecated.TabuSearch
time limit: 1800.0 s
time to solve: 341,81 s
objective value: 716566.14

stacks (top to bottom):
stack 0:    
stack 1:    1 375 
stack 2:    
stack 3:    378 
stack 4:    
stack 5:    5 
stack 6:    8 
stack 7:    692 388 382 734 12 7 
stack 8:    630 459 397 391 556 36 18 
stack 9:    9 581 228 394 10 492 19 
stack 10:    644 703 549 575 117 21 33 
stack 11:    529 543 61 65 481 44 434 
stack 12:    308 151 744 208 425 637 401 
stack 13:    592 42 748 404 390 224 486 
stack 14:    560 95 32 409 25 501 367 
stack 15:    245 736 30 683 295 347 202 
stack 16:    730 217 326 419 395 410 392 
stack 17:    235 749 123 60 191 552 493 
stack 18:    352 494 153 584 256 68 338 
stack 19:    47 341 523 629 266 406 207 
stack 20:    50 298 732 398 507 328 511 
stack 21:    424 514 577 699 148 451 184 
stack 22:    370 589 687 253 213 513 704 
stack 23:    583 322 111 497 733 324 729 
stack 24:    428 489 454 542 369 131 491 
stack 25:    344 476 555 470 747 471 448 
stack 26:    99 290 607 604 55 673 64 
stack 27:    110 133 546 35 74 374 38 
stack 28:    356 605 203 515 506 540 305 
stack 29:    502 670 314 709 291 534 333 
stack 30:    334 102 416 627 77 526 158 
stack 31:    659 185 264 547 657 461 149 
stack 32:    144 190 587 277 700 460 143 
stack 33:    672 209 551 633 690 668 296 
stack 34:    689 182 462 156 565 718 723 
stack 35:    225 717 674 189 218 39 688 
stack 36:    275 656 643 487 423 582 412 
stack 37:    532 469 661 215 569 681 155 
stack 38:    415 421 536 450 141 743 51 
stack 39:    553 229 671 431 467 696 337 
stack 40:    682 650 318 611 238 544 355 
stack 41:    126 593 746 361 259 632 196 
stack 42:    164 433 128 329 331 349 675 
stack 43:    172 710 271 576 345 125 550 
stack 44:    159 46 242 72 83 234 616 
stack 45:    122 304 161 107 365 598 561 
stack 46:    288 240 496 236 706 649 449 
stack 47:    571 738 75 620 698 309 227 
stack 48:    708 359 58 52 585 684 740 
stack 49:    735 177 621 321 105 320 539 
stack 50:    711 170 100 267 574 655 168 
stack 51:    270 278 617 160 129 568 701 
stack 52:    619 719 85 82 272 693 623 
stack 53:    654 140 358 721 742 147 596 
stack 54:    179 106 741 705 195 646 287 
stack 55:    357 680 372 503 76 444 362 
stack 56:    737 255 548 112 666 563 297 
stack 57:    332 231 258 350 452 306 339 
stack 58:    613 230 601 651 578 520 653 
stack 59:    707 728 586 624 580 294 685 
stack 60:    0 
stack 61:    376 
stack 62:    377 2 
stack 63:    3 
stack 64:    379 4 
stack 65:    380 
stack 66:    381 384 6 
stack 67:    383 366 639 422 317 371 194 
stack 68:    727 11 386 446 274 465 702 
stack 69:    86 281 414 188 26 119 135 
stack 70:    385 500 22 387 24 91 293 
stack 71:    192 15 484 567 162 399 512 
stack 72:    531 16 389 181 14 197 276 
stack 73:    152 166 289 599 175 13 597 
stack 74:    249 34 636 645 618 407 396 
stack 75:    691 518 327 483 343 212 17 
stack 76:    260 173 527 20 23 658 198 
stack 77:    504 435 354 250 206 393 725 
stack 78:    248 330 405 588 108 27 37 
stack 79:    90 221 635 482 310 81 325 
stack 80:    29 557 402 313 340 634 373 
stack 81:    463 628 403 562 455 712 648 
stack 82:    201 739 608 80 554 537 442 
stack 83:    488 239 498 622 413 615 87 
stack 84:    363 400 114 566 57 261 31 
stack 85:    244 132 662 246 676 53 694 
stack 86:    113 579 591 408 508 475 360 
stack 87:    669 472 490 642 262 98 28 
stack 88:    466 284 510 609 525 346 477 
stack 89:    715 438 120 145 214 495 56 
stack 90:    478 49 564 71 418 269 205 
stack 91:    167 626 411 136 237 458 453 
stack 92:    319 109 745 663 137 600 445 
stack 93:    211 273 652 519 713 606 473 
stack 94:    89 485 535 139 545 247 722 
stack 95:    300 222 686 505 63 301 299 
stack 96:    517 40 48 456 146 726 263 
stack 97:    43 625 417 257 697 521 716 
stack 98:    157 364 41 457 638 436 312 
stack 99:    45 420 282 437 647 533 720 
stack 100:    432 92 731 138 223 614 187 
stack 101:    368 594 678 103 530 631 69 
stack 102:    302 66 204 178 323 59 426 
stack 103:    665 660 219 307 171 97 210 
stack 104:    180 67 612 695 79 283 176 
stack 105:    121 199 573 118 220 241 640 
stack 106:    124 479 443 679 279 285 590 
stack 107:    254 216 464 664 78 468 130 
stack 108:    251 233 714 429 336 559 142 
stack 109:    480 541 116 516 315 101 440 
stack 110:    509 667 252 70 558 528 134 
stack 111:    474 677 154 62 641 303 104 
stack 112:    427 280 724 88 595 193 311 
stack 113:    165 268 603 73 226 265 115 
stack 114:    186 430 538 183 572 441 54 
stack 115:    522 351 447 200 292 439 169 
stack 116:    150 610 84 335 316 342 127 
stack 117:    570 174 94 353 602 286 348 
stack 118:    499 163 243 93 96 232 524 

#####################################################

solved with: SP.post_optimization_methods.HillClimbing
time limit: 1800.0 s
time to solve: 263,79 s
objective value: 716568.58

stacks (top to bottom):
stack 0:    
stack 1:    1 375 
stack 2:    
stack 3:    378 
stack 4:    
stack 5:    5 
stack 6:    8 381 
stack 7:    108 100 386 22 637 569 
stack 8:    738 358 397 96 87 491 13 
stack 9:    400 9 587 437 283 492 539 
stack 10:    415 219 595 550 526 134 38 
stack 11:    479 403 75 391 17 524 392 
stack 12:    216 529 260 389 50 483 554 
stack 13:    121 42 728 541 404 390 24 
stack 14:    363 109 15 16 61 191 28 
stack 15:    560 351 65 329 408 406 81 
stack 16:    41 273 457 265 451 194 175 
stack 17:    110 425 362 676 26 602 36 
stack 18:    222 330 340 306 412 21 176 
stack 19:    741 456 331 20 461 210 196 
stack 20:    463 73 327 620 131 142 105 
stack 21:    140 470 556 23 371 508 33 
stack 22:    589 582 220 241 314 213 301 
stack 23:    405 501 27 141 545 202 673 
stack 24:    257 633 418 224 704 716 729 
stack 25:    185 593 657 544 658 473 653 
stack 26:    466 427 522 335 468 323 486 
stack 27:    708 326 487 636 67 564 534 
stack 28:    474 721 496 93 310 449 606 
stack 29:    435 523 84 691 129 369 475 
stack 30:    357 368 667 687 30 446 324 
stack 31:    217 411 610 145 666 495 693 
stack 32:    629 531 617 748 577 287 747 
stack 33:    749 47 579 690 506 696 51 
stack 34:    174 255 76 409 513 228 743 
stack 35:    157 674 253 647 540 218 434 
stack 36:    85 159 190 94 515 291 373 
stack 37:    40 89 714 102 733 535 168 
stack 38:    271 126 563 521 450 71 305 
stack 39:    211 366 240 712 455 519 471 
stack 40:    248 432 736 431 604 115 448 
stack 41:    199 365 154 223 694 614 303 
stack 42:    48 424 128 611 590 149 442 
stack 43:    231 114 256 62 338 684 158 
stack 44:    571 433 436 232 285 706 460 
stack 45:    192 555 52 298 316 668 262 
stack 46:    254 359 472 318 565 533 311 
stack 47:    341 278 280 266 547 162 309 
stack 48:    300 710 268 586 209 485 726 
stack 49:    669 344 654 638 317 238 537 
stack 50:    319 671 683 267 214 465 688 
stack 51:    665 656 703 281 53 549 133 
stack 52:    86 603 315 698 342 567 227 
stack 53:    517 464 514 429 78 718 64 
stack 54:    509 106 626 591 498 206 655 
stack 55:    650 608 502 705 349 520 596 
stack 56:    672 639 746 343 328 104 293 
stack 57:    270 670 66 171 701 276 702 
stack 58:    179 92 438 242 277 511 187 
stack 59:    735 113 621 742 648 599 675 
stack 60:    0 
stack 61:    376 
stack 62:    377 2 
stack 63:    3 
stack 64:    379 4 
stack 65:    380 
stack 66:    382 6 
stack 67:    383 151 123 334 384 135 7 
stack 68:    11 518 25 10 294 18 12 
stack 69:    165 624 79 609 627 274 440 
stack 70:    144 385 643 497 60 387 35 
stack 71:    388 642 734 484 97 147 685 
stack 72:    430 43 160 14 410 481 19 
stack 73:    707 235 680 356 625 689 634 
stack 74:    122 32 462 469 46 117 396 
stack 75:    417 699 454 307 55 507 360 
stack 76:    583 370 419 574 394 395 393 
stack 77:    488 272 345 398 580 320 184 
stack 78:    251 152 635 166 679 482 259 
stack 79:    172 663 200 664 607 441 353 
stack 80:    420 402 631 572 137 68 401 
stack 81:    90 288 628 264 347 146 367 
stack 82:    302 562 422 527 399 212 98 
stack 83:    275 447 536 116 361 101 646 
stack 84:    504 744 170 239 148 615 289 
stack 85:    719 34 99 538 39 56 337 
stack 86:    332 581 423 528 119 407 207 
stack 87:    372 543 542 413 355 632 312 
stack 88:    557 677 414 188 138 546 31 
stack 89:    682 284 478 252 29 731 91 
stack 90:    443 622 169 559 44 83 325 
stack 91:    304 584 444 661 261 600 512 
stack 92:    421 177 164 163 525 234 72 
stack 93:    613 95 233 573 49 346 299 
stack 94:    737 659 592 58 439 37 339 
stack 95:    459 364 551 516 173 649 722 
stack 96:    245 489 651 204 250 143 333 
stack 97:    570 711 201 660 692 416 616 
stack 98:    290 208 118 336 125 585 286 
stack 99:    739 428 548 120 139 681 720 
stack 100:    45 244 619 494 566 618 640 
stack 101:    124 532 111 203 130 296 348 
stack 102:    180 246 530 107 103 258 63 
stack 103:    225 594 612 605 82 552 295 
stack 104:    630 230 727 167 354 695 247 
stack 105:    644 132 153 161 215 70 263 
stack 106:    601 715 112 80 723 193 205 
stack 107:    321 243 236 279 198 426 725 
stack 108:    745 237 709 292 269 59 155 
stack 109:    510 553 189 588 156 700 467 
stack 110:    686 229 598 452 57 505 183 
stack 111:    350 313 645 69 558 374 597 
stack 112:    322 730 308 724 697 197 77 
stack 113:    500 503 282 136 297 74 740 
stack 114:    186 662 352 678 575 54 561 
stack 115:    150 249 717 182 576 641 477 
stack 116:    490 226 181 178 458 493 445 
stack 117:    480 578 88 732 652 127 713 
stack 118:    499 476 221 568 453 195 623 
