solved with: SP.post_optimization_methods.TabuSearch
time limit: 3600.0 s
time to solve: 1224,46 s
objective value: 1228865.48

stacks (top to bottom):
stack 0:    500 
stack 1:    
stack 2:    502 
stack 3:    
stack 4:    4 504 
stack 5:    5 
stack 6:    6 
stack 7:    
stack 8:    
stack 9:    10 9 
stack 10:    
stack 11:    
stack 12:    12 
stack 13:    513 
stack 14:    
stack 15:    
stack 16:    16 
stack 17:    855 638 382 522 246 517 569 
stack 18:    274 735 422 891 397 462 529 
stack 19:    611 519 760 90 47 530 260 
stack 20:    758 149 199 426 826 472 521 
stack 21:    24 858 69 208 220 654 355 
stack 22:    390 139 373 127 645 772 571 
stack 23:    762 197 152 524 399 872 374 
stack 24:    234 273 528 754 537 138 429 
stack 25:    343 729 934 561 354 588 827 
stack 26:    531 604 34 536 672 61 755 
stack 27:    757 614 572 538 32 839 930 
stack 28:    844 734 815 121 765 901 584 
stack 29:    114 736 998 542 332 962 543 
stack 30:    893 141 30 451 724 148 45 
stack 31:    39 563 461 150 450 79 328 
stack 32:    309 550 745 895 184 228 322 
stack 33:    44 718 868 248 287 928 468 
stack 34:    485 609 846 46 411 410 386 
stack 35:    65 747 375 364 704 167 195 
stack 36:    99 292 104 650 752 885 597 
stack 37:    785 446 190 168 276 643 210 
stack 38:    723 161 226 675 447 56 290 
stack 39:    773 927 709 340 473 541 831 
stack 40:    791 173 55 172 41 978 816 
stack 41:    661 224 780 434 781 51 570 
stack 42:    255 438 282 971 296 344 128 
stack 43:    560 259 191 498 974 759 548 
stack 44:    982 57 888 283 702 545 198 
stack 45:    455 907 174 774 656 936 102 
stack 46:    232 975 325 66 696 335 380 
stack 47:    716 423 969 630 314 297 935 
stack 48:    105 740 391 304 395 50 464 
stack 49:    327 603 157 96 209 440 54 
stack 50:    568 495 267 412 586 491 452 
stack 51:    694 833 991 357 71 206 743 
stack 52:    945 402 445 587 662 72 881 
stack 53:    980 203 494 298 719 599 200 
stack 54:    631 692 670 60 938 151 850 
stack 55:    634 263 874 562 98 988 108 
stack 56:    202 728 404 566 342 756 585 
stack 57:    697 94 890 902 85 67 957 
stack 58:    175 725 417 170 467 746 221 
stack 59:    664 667 63 216 269 799 606 
stack 60:    744 368 809 484 113 677 711 
stack 61:    319 378 899 642 763 860 832 
stack 62:    258 984 435 454 932 972 291 
stack 63:    131 178 797 278 74 665 737 
stack 64:    266 311 742 686 818 448 201 
stack 65:    941 764 280 487 136 403 896 
stack 66:    834 182 823 699 144 345 336 
stack 67:    122 854 582 334 123 77 749 
stack 68:    960 605 801 914 76 143 923 
stack 69:    921 416 979 924 372 359 303 
stack 70:    268 655 800 573 348 953 789 
stack 71:    688 897 828 257 691 111 871 
stack 72:    625 367 861 644 247 915 761 
stack 73:    767 186 358 236 405 160 95 
stack 74:    994 284 83 109 349 479 842 
stack 75:    116 352 798 783 431 674 819 
stack 76:    212 193 262 865 223 389 810 
stack 77:    294 409 651 84 717 140 637 
stack 78:    499 235 214 906 400 779 698 
stack 79:    598 361 424 488 230 766 419 
stack 80:    457 301 286 350 465 179 657 
stack 81:    649 420 331 249 126 153 166 
stack 82:    323 741 101 187 177 383 961 
stack 83:    388 768 943 635 321 946 632 
stack 84:    830 237 406 86 326 229 792 
stack 85:    481 155 275 864 751 873 205 
stack 86:    0 
stack 87:    1 501 
stack 88:    2 
stack 89:    503 
stack 90:    3 
stack 91:    506 505 
stack 92:    
stack 93:    7 507 
stack 94:    8 
stack 95:    509 508 
stack 96:    510 
stack 97:    11 511 
stack 98:    512 
stack 99:    13 
stack 100:    14 514 
stack 101:    15 515 
stack 102:    516 
stack 103:    18 518 17 812 853 21 951 
stack 104:    520 92 28 35 594 33 910 
stack 105:    567 19 684 838 279 525 430 
stack 106:    238 281 556 20 539 58 164 
stack 107:    911 616 997 26 807 23 22 
stack 108:    42 678 147 523 526 863 558 
stack 109:    392 701 549 476 532 185 188 
stack 110:    540 27 527 73 428 626 770 
stack 111:    25 535 379 845 668 679 110 
stack 112:    31 181 362 29 68 547 912 
stack 113:    849 120 551 347 739 640 554 
stack 114:    365 38 49 847 782 425 796 
stack 115:    669 158 671 36 245 937 324 
stack 116:    925 241 633 600 387 950 333 
stack 117:    421 338 432 965 486 990 880 
stack 118:    40 52 949 534 533 239 107 
stack 119:    261 211 987 43 857 615 559 
stack 120:    460 707 947 920 376 37 394 
stack 121:    805 252 922 750 777 146 546 
stack 122:    442 618 169 955 579 851 414 
stack 123:    939 731 629 909 986 477 620 
stack 124:    578 295 778 787 470 954 753 
stack 125:    695 985 270 806 117 811 889 
stack 126:    627 964 970 544 231 204 595 
stack 127:    981 449 64 706 581 265 903 
stack 128:    329 802 952 385 840 683 59 
stack 129:    250 658 775 48 575 306 433 
stack 130:    474 825 715 133 813 771 478 
stack 131:    256 384 933 318 983 552 617 
stack 132:    244 310 660 884 966 163 53 
stack 133:    351 439 62 145 453 977 641 
stack 134:    968 835 710 565 441 784 673 
stack 135:    624 636 103 574 646 993 875 
stack 136:    443 820 215 89 207 790 712 
stack 137:    553 814 793 866 251 727 916 
stack 138:    619 862 836 225 339 557 590 
stack 139:    315 219 381 713 156 469 705 
stack 140:    608 837 963 867 418 659 940 
stack 141:    788 882 996 82 436 555 892 
stack 142:    722 132 821 459 824 490 999 
stack 143:    687 463 967 693 171 690 218 
stack 144:    493 483 100 393 240 887 602 
stack 145:    663 929 307 80 942 192 795 
stack 146:    492 377 992 564 70 106 612 
stack 147:    913 165 162 471 243 356 154 
stack 148:    427 681 843 621 786 720 125 
stack 149:    489 119 466 622 413 320 732 
stack 150:    676 623 78 401 973 81 666 
stack 151:    134 576 370 227 733 444 898 
stack 152:    317 944 233 313 900 680 299 
stack 153:    919 288 877 242 639 856 592 
stack 154:    363 142 124 804 841 908 904 
stack 155:    222 456 371 176 407 708 302 
stack 156:    196 870 189 596 91 112 995 
stack 157:    213 396 496 75 217 583 360 
stack 158:    480 183 685 159 129 408 859 
stack 159:    918 285 700 689 905 869 577 
stack 160:    137 118 272 341 277 613 917 
stack 161:    794 593 497 610 330 130 822 
stack 162:    300 976 714 894 88 648 653 
stack 163:    580 879 87 293 958 726 808 
stack 164:    337 458 876 989 931 926 601 
stack 165:    647 956 437 607 829 682 959 
stack 166:    135 305 253 589 852 652 848 
stack 167:    769 886 369 353 180 346 482 
stack 168:    312 475 878 415 776 316 308 
stack 169:    721 730 254 803 628 93 115 
stack 170:    703 883 194 948 264 748 817 
stack 171:    398 289 366 738 591 97 271 

#####################################################

solved with: SP.post_optimization_methods.HillClimbing
time limit: 3600.0 s
time to solve: 709,32 s
objective value: 1228869.1

stacks (top to bottom):
stack 0:    500 
stack 1:    
stack 2:    502 
stack 3:    
stack 4:    4 504 
stack 5:    505 
stack 6:    506 
stack 7:    
stack 8:    
stack 9:    9 
stack 10:    
stack 11:    10 
stack 12:    12 
stack 13:    513 
stack 14:    
stack 15:    
stack 16:    16 
stack 17:    945 987 522 517 577 896 
stack 18:    196 55 897 763 698 433 346 
stack 19:    202 519 760 530 260 291 355 
stack 20:    132 49 20 204 21 543 521 
stack 21:    463 876 738 971 115 977 832 
stack 22:    268 224 528 536 538 97 22 
stack 23:    625 932 359 403 108 761 772 
stack 24:    553 669 25 157 242 168 679 
stack 25:    311 33 34 287 532 444 978 
stack 26:    785 96 535 345 957 468 617 
stack 27:    980 28 998 561 756 314 904 
stack 28:    261 678 235 29 328 302 529 
stack 29:    636 456 316 117 482 910 569 
stack 30:    39 234 780 30 191 417 45 
stack 31:    461 150 878 450 415 179 657 
stack 32:    312 960 193 778 826 652 748 
stack 33:    44 495 964 660 342 732 916 
stack 34:    152 142 369 997 192 680 217 
stack 35:    238 707 484 644 440 752 247 
stack 36:    391 36 90 136 727 37 999 
stack 37:    42 801 883 572 349 954 479 
stack 38:    627 979 401 854 542 379 387 
stack 39:    773 618 222 439 563 286 41 
stack 40:    631 87 958 928 223 380 571 
stack 41:    757 911 215 922 894 167 210 
stack 42:    137 729 400 615 612 296 554 
stack 43:    327 769 634 902 65 297 205 
stack 44:    310 292 670 965 471 410 653 
stack 45:    821 305 986 103 905 462 665 
stack 46:    116 604 909 837 662 61 674 
stack 47:    52 742 363 642 988 835 374 
stack 48:    178 135 692 918 938 900 425 
stack 49:    611 809 209 496 54 472 81 
stack 50:    968 975 64 895 942 792 429 
stack 51:    309 825 781 802 452 356 570 
stack 52:    730 647 175 566 581 782 218 
stack 53:    676 352 884 726 53 839 185 
stack 54:    688 329 696 600 121 125 645 
stack 55:    258 378 241 714 677 739 431 
stack 56:    274 382 564 70 180 683 59 
stack 57:    970 232 404 376 648 265 75 
stack 58:    398 402 301 711 357 138 796 
stack 59:    716 633 254 628 225 172 620 
stack 60:    435 448 710 91 418 953 602 
stack 61:    580 173 434 996 361 340 243 
stack 62:    307 691 751 239 755 229 583 
stack 63:    735 955 717 163 595 903 140 
stack 64:    576 76 991 80 101 846 129 
stack 65:    578 119 78 622 199 264 912 
stack 66:    266 92 365 706 487 464 845 
stack 67:    793 814 158 405 650 395 195 
stack 68:    396 304 799 827 810 467 917 
stack 69:    949 649 720 322 171 640 166 
stack 70:    460 288 610 597 160 643 303 
stack 71:    661 616 257 803 207 159 898 
stack 72:    703 466 449 169 348 666 962 
stack 73:    767 358 213 236 671 592 360 
stack 74:    427 300 278 187 74 724 875 
stack 75:    181 992 465 308 353 737 993 
stack 76:    409 413 990 872 784 842 206 
stack 77:    605 667 623 104 490 324 885 
stack 78:    728 99 263 815 765 983 901 
stack 79:    390 317 893 113 364 582 333 
stack 80:    723 858 621 675 741 865 188 
stack 81:    139 868 886 256 426 473 995 
stack 82:    118 913 392 373 701 587 318 
stack 83:    226 828 836 277 201 371 321 
stack 84:    921 944 446 190 334 330 221 
stack 85:    275 798 85 586 389 198 959 
stack 86:    0 
stack 87:    1 501 
stack 88:    2 
stack 89:    503 
stack 90:    3 
stack 91:    6 5 
stack 92:    
stack 93:    7 507 
stack 94:    8 
stack 95:    509 508 
stack 96:    510 
stack 97:    11 511 
stack 98:    512 
stack 99:    13 
stack 100:    14 514 
stack 101:    15 515 
stack 102:    523 516 
stack 103:    820 114 18 518 17 19 127 
stack 104:    834 899 788 524 88 32 541 
stack 105:    186 823 216 544 27 527 430 
stack 106:    520 877 539 888 47 588 606 
stack 107:    289 124 23 246 656 282 869 
stack 108:    24 89 775 43 48 526 559 
stack 109:    367 794 862 829 607 771 107 
stack 110:    40 824 293 525 940 548 290 
stack 111:    764 141 725 26 906 599 881 
stack 112:    31 499 362 485 68 422 146 
stack 113:    598 931 399 693 766 743 386 
stack 114:    131 531 38 269 966 549 601 
stack 115:    919 861 740 57 251 276 856 
stack 116:    568 35 294 325 165 372 547 
stack 117:    489 370 715 341 575 537 632 
stack 118:    420 534 718 533 62 813 808 
stack 119:    412 556 800 491 109 67 770 
stack 120:    560 948 84 545 555 394 673 
stack 121:    94 83 86 817 930 637 546 
stack 122:    492 259 608 46 860 102 859 
stack 123:    250 879 63 976 211 174 414 
stack 124:    540 758 567 66 937 783 972 
stack 125:    443 550 331 231 486 892 552 
stack 126:    805 351 100 498 477 908 344 
stack 127:    791 982 295 866 58 332 950 
stack 128:    481 914 51 145 719 613 759 
stack 129:    695 267 98 786 476 668 585 
stack 130:    619 624 350 445 255 106 936 
stack 131:    155 687 736 375 245 50 558 
stack 132:    149 182 122 699 639 428 626 
stack 133:    134 830 237 551 867 411 873 
stack 134:    343 844 253 629 920 436 153 
stack 135:    929 494 689 453 151 682 690 
stack 136:    69 573 126 838 72 56 951 
stack 137:    663 219 79 776 397 574 705 
stack 138:    722 807 840 177 557 961 408 
stack 139:    455 249 589 366 565 974 654 
stack 140:    721 480 833 956 774 339 478 
stack 141:    939 744 423 208 882 952 831 
stack 142:    806 457 963 579 851 790 299 
stack 143:    212 603 406 220 470 441 228 
stack 144:    697 368 924 594 162 777 279 
stack 145:    849 337 244 194 655 112 591 
stack 146:    874 562 248 812 280 60 326 
stack 147:    273 272 214 887 148 946 584 
stack 148:    270 907 488 871 240 133 71 
stack 149:    203 969 779 857 754 128 712 
stack 150:    442 323 843 684 283 336 789 
stack 151:    941 614 197 750 852 230 753 
stack 152:    483 609 437 841 93 863 795 
stack 153:    638 768 377 475 811 306 590 
stack 154:    459 416 731 797 73 170 184 
stack 155:    281 262 847 347 848 154 850 
stack 156:    864 227 934 596 853 787 77 
stack 157:    762 630 685 320 935 156 880 
stack 158:    855 985 474 734 672 816 659 
stack 159:    388 804 82 708 447 383 889 
stack 160:    664 458 981 161 702 130 271 
stack 161:    994 984 694 189 747 947 419 
stack 162:    252 681 285 927 709 407 111 
stack 163:    943 635 384 298 967 424 746 
stack 164:    120 925 890 593 915 704 819 
stack 165:    147 315 381 891 713 646 469 
stack 166:    493 393 183 385 176 438 641 
stack 167:    870 105 497 973 123 95 110 
stack 168:    686 989 658 926 451 143 200 
stack 169:    319 338 651 144 822 749 923 
stack 170:    421 284 233 454 745 354 733 
stack 171:    818 313 432 700 933 335 164 
