solved with: SP.post_optimization_methods.TabuSearch
time limit: 3600.0 s
time to solve: 1063,77 s
objective value: 1228886.02

stacks (top to bottom):
stack 0:    
stack 1:    
stack 2:    2 
stack 3:    
stack 4:    504 
stack 5:    5 
stack 6:    
stack 7:    
stack 8:    8 
stack 9:    
stack 10:    
stack 11:    
stack 12:    12 
stack 13:    512 
stack 14:    514 15 
stack 15:    
stack 16:    516 
stack 17:    26 211 720 49 161 
stack 18:    498 520 745 20 760 21 310 
stack 19:    457 719 530 545 656 525 843 
stack 20:    982 118 682 494 862 577 75 
stack 21:    764 867 263 730 680 563 556 
stack 22:    648 102 838 522 785 139 226 
stack 23:    693 258 793 473 551 38 323 
stack 24:    25 947 647 85 532 541 183 
stack 25:    526 544 52 184 444 59 195 
stack 26:    251 951 346 884 453 355 772 
stack 27:    305 203 66 922 328 107 537 
stack 28:    81 536 91 202 278 574 34 
stack 29:    36 233 716 933 651 903 555 
stack 30:    983 725 475 546 181 921 149 
stack 31:    606 794 700 540 705 601 538 
stack 32:    313 388 969 499 927 243 994 
stack 33:    893 277 110 132 804 803 936 
stack 34:    890 669 534 944 582 191 397 
stack 35:    306 179 646 334 818 726 660 
stack 36:    318 389 421 967 65 235 412 
stack 37:    558 709 111 753 928 821 880 
stack 38:    895 237 863 165 394 568 547 
stack 39:    604 471 41 162 304 626 653 
stack 40:    408 45 960 629 641 870 834 
stack 41:    904 971 711 95 943 766 159 
stack 42:    188 156 914 855 460 129 458 
stack 43:    80 390 899 865 589 841 88 
stack 44:    351 368 888 749 906 633 774 
stack 45:    92 362 846 876 557 482 414 
stack 46:    157 361 966 688 984 454 307 
stack 47:    919 561 288 667 950 218 732 
stack 48:    578 140 372 962 632 981 170 
stack 49:    100 998 618 187 892 50 997 
stack 50:    495 723 850 338 955 77 387 
stack 51:    621 581 123 744 905 650 964 
stack 52:    938 469 587 199 869 417 483 
stack 53:    946 386 354 347 64 365 565 
stack 54:    584 576 885 341 266 560 752 
stack 55:    58 630 640 742 929 849 485 
stack 56:    138 642 293 832 743 607 894 
stack 57:    193 694 154 249 324 173 403 
stack 58:    707 269 413 941 155 751 924 
stack 59:    817 920 678 385 451 396 572 
stack 60:    643 84 775 381 109 963 416 
stack 61:    861 737 221 325 616 117 348 
stack 62:    769 375 686 636 663 635 754 
stack 63:    567 631 727 171 415 842 115 
stack 64:    369 484 448 220 70 254 627 
stack 65:    152 891 718 624 835 868 205 
stack 66:    758 836 789 425 285 780 600 
stack 67:    228 87 787 434 67 142 298 
stack 68:    452 976 377 756 681 645 781 
stack 69:    679 423 840 879 131 954 206 
stack 70:    189 897 948 820 829 784 398 
stack 71:    965 824 356 197 105 598 378 
stack 72:    122 771 437 273 450 455 213 
stack 73:    336 923 225 94 649 918 82 
stack 74:    827 952 912 236 168 490 121 
stack 75:    978 317 480 609 886 491 819 
stack 76:    704 658 898 623 445 280 407 
stack 77:    661 740 956 270 689 447 925 
stack 78:    250 426 89 116 496 583 592 
stack 79:    217 697 889 777 617 404 315 
stack 80:    465 363 837 470 714 103 696 
stack 81:    255 672 992 702 833 750 321 
stack 82:    706 596 882 303 472 830 256 
stack 83:    401 908 595 739 186 814 961 
stack 84:    151 811 859 852 708 210 182 
stack 85:    190 986 172 792 979 433 799 
stack 86:    500 0 
stack 87:    501 1 
stack 88:    502 
stack 89:    3 
stack 90:    4 503 
stack 91:    505 
stack 92:    6 506 
stack 93:    507 
stack 94:    7 508 
stack 95:    509 9 
stack 96:    10 510 
stack 97:    11 511 
stack 98:    
stack 99:    13 513 
stack 100:    14 
stack 101:    515 517 
stack 102:    19 17 
stack 103:    671 56 18 16 710 521 590 
stack 104:    216 523 518 989 519 290 23 
stack 105:    542 638 135 977 260 552 569 
stack 106:    932 851 796 239 428 701 620 
stack 107:    342 22 62 529 916 535 406 
stack 108:    28 24 61 930 524 339 345 
stack 109:    957 39 942 163 267 588 570 
stack 110:    349 533 207 489 703 27 449 
stack 111:    599 548 29 48 664 32 528 
stack 112:    757 797 299 659 147 735 259 
stack 113:    478 31 527 550 126 873 875 
stack 114:    335 405 33 74 30 141 531 
stack 115:    655 42 114 261 79 145 174 
stack 116:    813 763 733 553 153 492 51 
stack 117:    331 755 224 382 613 614 759 
stack 118:    786 238 586 806 767 429 539 
stack 119:    676 917 593 430 245 384 35 
stack 120:    201 37 244 47 419 196 887 
stack 121:    314 332 724 877 762 329 826 
stack 122:    654 622 975 40 543 340 418 
stack 123:    44 573 939 432 782 988 158 
stack 124:    178 164 194 43 431 677 980 
stack 125:    845 562 591 652 219 856 466 
stack 126:    488 392 896 86 400 169 985 
stack 127:    112 46 297 615 53 352 790 
stack 128:    493 344 443 779 308 359 63 
stack 129:    566 871 90 247 844 322 319 
stack 130:    847 60 391 996 286 477 57 
stack 131:    881 98 268 108 610 549 160 
stack 132:    987 940 291 715 854 371 812 
stack 133:    54 55 230 728 816 113 788 
stack 134:    71 625 300 353 991 594 748 
stack 135:    68 474 559 73 808 69 798 
stack 136:    699 907 637 949 143 554 822 
stack 137:    995 761 215 281 326 222 866 
stack 138:    644 422 134 358 479 144 463 
stack 139:    934 864 373 823 242 96 972 
stack 140:    125 738 130 999 486 670 968 
stack 141:    180 209 487 825 608 327 747 
stack 142:    911 619 571 309 872 801 420 
stack 143:    712 441 461 410 973 167 357 
stack 144:    721 240 805 809 741 668 770 
stack 145:    264 120 459 204 958 776 106 
stack 146:    136 272 330 78 729 231 283 
stack 147:    333 692 611 442 580 690 937 
stack 148:    253 839 232 913 915 674 926 
stack 149:    212 468 409 666 857 446 271 
stack 150:    858 564 227 665 831 901 860 
stack 151:    399 150 909 292 910 612 974 
stack 152:    467 395 691 246 185 605 296 
stack 153:    252 366 439 427 603 657 675 
stack 154:    990 279 878 717 959 148 287 
stack 155:    902 83 367 639 295 736 72 
stack 156:    350 257 778 695 223 234 734 
stack 157:    497 464 177 993 662 683 765 
stack 158:    684 810 402 248 456 411 76 
stack 159:    768 685 101 579 360 673 575 
stack 160:    166 301 146 853 320 133 435 
stack 161:    282 783 311 440 476 276 214 
stack 162:    935 634 312 828 791 931 970 
stack 163:    364 376 815 262 874 380 99 
stack 164:    93 104 302 294 602 802 97 
stack 165:    883 128 208 137 337 379 848 
stack 166:    800 585 289 436 124 462 198 
stack 167:    229 687 192 795 438 274 424 
stack 168:    481 746 945 200 316 953 597 
stack 169:    393 731 374 284 127 119 628 
stack 170:    722 176 241 383 698 265 713 
stack 171:    370 275 900 175 807 773 343 

#####################################################

solved with: SP.post_optimization_methods.HillClimbing
time limit: 3600.0 s
time to solve: 1207,68 s
objective value: 1228886.02

stacks (top to bottom):
stack 0:    
stack 1:    
stack 2:    2 
stack 3:    
stack 4:    504 
stack 5:    5 
stack 6:    
stack 7:    
stack 8:    8 
stack 9:    
stack 10:    
stack 11:    
stack 12:    12 
stack 13:    512 
stack 14:    514 
stack 15:    
stack 16:    516 15 
stack 17:    25 520 216 519 860 
stack 18:    891 20 260 760 605 21 843 
stack 19:    536 487 241 756 592 541 848 
stack 20:    258 718 586 598 610 602 539 
stack 21:    26 312 432 109 984 524 97 
stack 22:    71 31 664 225 24 791 51 
stack 23:    28 532 696 588 531 929 968 
stack 24:    264 738 37 442 219 665 27 
stack 25:    389 303 808 243 918 407 162 
stack 26:    800 769 527 146 396 627 323 
stack 27:    209 787 550 40 61 486 537 
stack 28:    851 54 301 717 227 835 535 
stack 29:    36 255 530 110 866 555 35 
stack 30:    217 757 725 992 178 32 921 
stack 31:    707 244 551 387 958 803 319 
stack 32:    481 448 930 107 628 547 345 
stack 33:    313 262 870 922 695 534 972 
stack 34:    46 629 804 834 552 798 556 
stack 35:    332 439 287 568 398 752 826 
stack 36:    634 953 261 288 830 116 538 
stack 37:    768 948 335 266 77 445 198 
stack 38:    408 44 959 611 977 139 307 
stack 39:    349 813 356 998 144 158 963 
stack 40:    188 889 184 59 433 463 213 
stack 41:    388 268 284 50 579 954 818 
stack 42:    951 576 443 733 853 358 161 
stack 43:    212 771 877 559 874 226 449 
stack 44:    585 603 668 856 69 82 403 
stack 45:    694 909 459 820 347 635 483 
stack 46:    986 140 53 220 87 933 560 
stack 47:    251 861 474 881 654 967 320 
stack 48:    60 987 839 801 726 849 819 
stack 49:    366 405 363 852 553 126 565 
stack 50:    465 189 596 468 739 569 310 
stack 51:    712 942 928 753 886 339 868 
stack 52:    499 900 127 475 273 754 113 
stack 53:    150 299 300 749 554 887 384 
stack 54:    228 375 591 129 743 231 296 
stack 55:    376 890 90 975 247 735 729 
stack 56:    746 419 165 171 415 143 844 
stack 57:    92 197 647 308 913 315 674 
stack 58:    693 151 253 111 976 681 875 
stack 59:    727 955 906 888 842 751 378 
stack 60:    68 810 201 648 326 774 412 
stack 61:    147 956 894 234 85 424 773 
stack 62:    497 423 705 950 63 854 236 
stack 63:    902 982 567 898 979 471 597 
stack 64:    393 581 123 715 865 371 286 
stack 65:    413 792 632 148 242 458 394 
stack 66:    83 907 128 686 434 181 365 
stack 67:    156 100 571 589 857 747 121 
stack 68:    469 441 452 872 485 670 926 
stack 69:    421 846 79 476 142 417 295 
stack 70:    427 437 453 440 450 821 283 
stack 71:    786 672 687 966 167 357 383 
stack 72:    671 704 719 361 740 748 280 
stack 73:    934 797 599 659 638 828 294 
stack 74:    815 221 157 697 908 876 119 
stack 75:    684 172 678 428 492 155 594 
stack 76:    350 120 102 94 663 479 925 
stack 77:    467 101 401 480 410 794 322 
stack 78:    211 763 240 917 89 436 159 
stack 79:    362 722 836 703 360 379 149 
stack 80:    960 878 724 636 134 397 406 
stack 81:    646 176 662 782 673 916 462 
stack 82:    230 893 785 270 447 328 431 
stack 83:    370 642 795 438 460 133 936 
stack 84:    372 761 154 946 615 802 124 
stack 85:    125 367 676 377 734 348 205 
stack 86:    500 0 
stack 87:    501 1 
stack 88:    502 
stack 89:    3 
stack 90:    4 503 
stack 91:    505 
stack 92:    6 506 
stack 93:    507 
stack 94:    7 508 
stack 95:    509 9 
stack 96:    10 510 
stack 97:    11 511 
stack 98:    
stack 99:    13 513 
stack 100:    14 
stack 101:    515 517 
stack 102:    19 17 
stack 103:    498 584 18 16 522 324 528 
stack 104:    39 98 523 430 518 702 937 
stack 105:    965 789 825 334 34 765 416 
stack 106:    706 995 623 521 776 169 600 
stack 107:    22 587 224 529 713 759 57 
stack 108:    399 578 177 595 426 311 482 
stack 109:    336 639 545 525 675 570 23 
stack 110:    526 478 809 859 728 30 64 
stack 111:    935 29 95 33 210 970 880 
stack 112:    621 250 200 381 164 291 195 
stack 113:    904 533 573 194 540 496 99 
stack 114:    938 957 342 58 742 640 489 
stack 115:    341 682 544 132 66 191 626 
stack 116:    548 488 941 204 248 86 173 
stack 117:    983 796 385 281 829 985 822 
stack 118:    978 203 163 549 117 232 788 
stack 119:    911 179 685 93 993 43 770 
stack 120:    495 778 233 411 153 49 38 
stack 121:    658 710 338 402 47 353 41 
stack 122:    457 73 208 543 337 780 490 
stack 123:    42 546 807 690 285 736 420 
stack 124:    864 456 373 429 96 106 304 
stack 125:    282 969 996 947 564 657 683 
stack 126:    215 542 239 590 329 254 256 
stack 127:    81 246 355 708 235 259 103 
stack 128:    45 272 939 557 175 145 182 
stack 129:    180 679 755 202 454 265 812 
stack 130:    118 55 838 354 762 137 470 
stack 131:    858 630 561 593 688 72 781 
stack 132:    369 192 622 472 160 905 343 
stack 133:    364 758 999 744 131 730 290 
stack 134:    318 56 884 48 484 711 380 
stack 135:    346 292 723 52 70 649 799 
stack 136:    625 897 422 811 652 582 435 
stack 137:    558 783 892 714 680 88 924 
stack 138:    721 238 464 494 832 352 76 
stack 139:    493 882 914 618 187 199 425 
stack 140:    883 386 249 692 65 944 466 
stack 141:    643 709 827 608 62 271 327 
stack 142:    912 952 613 278 574 382 174 
stack 143:    805 461 666 814 772 601 660 
stack 144:    306 566 305 989 901 873 404 
stack 145:    850 923 806 767 74 563 997 
stack 146:    314 764 855 641 943 185 67 
stack 147:    867 152 562 637 949 620 572 
stack 148:    122 737 289 616 168 841 75 
stack 149:    193 731 302 940 973 206 790 
stack 150:    847 945 374 661 964 732 980 
stack 151:    395 745 777 915 698 218 645 
stack 152:    606 108 840 223 831 677 577 
stack 153:    190 644 166 112 135 451 823 
stack 154:    990 885 824 263 277 994 750 
stack 155:    817 932 631 274 689 862 833 
stack 156:    920 351 269 368 962 974 321 
stack 157:    845 229 699 612 863 981 170 
stack 158:    309 869 446 650 988 491 614 
stack 159:    80 331 91 899 267 455 575 
stack 160:    279 252 793 910 196 222 991 
stack 161:    971 316 130 325 609 583 298 
stack 162:    333 293 275 78 607 580 653 
stack 163:    655 871 237 604 473 896 784 
stack 164:    344 104 927 700 418 186 617 
stack 165:    257 895 392 633 701 400 766 
stack 166:    919 391 84 779 931 444 115 
stack 167:    741 720 409 667 245 141 183 
stack 168:    297 624 716 837 903 414 214 
stack 169:    317 330 651 816 669 340 276 
stack 170:    138 136 691 775 105 961 477 
stack 171:    619 390 656 114 879 359 207 
