lower bound for relaxed s_ij: 1228869.1

#####################################################

solved with: SP.mip_formulations.BinPackingFormulation
time limit: 3600.0 s
time to solve: 3676,16 s (time limit exceeded)
objective value: 1246716.2 (not optimal)

stacks (top to bottom):
stack 0:    501 2 0 1 
stack 1:    20 10 13 
stack 2:    35 17 5 8 503 7 39 
stack 3:    6 3 516 166 504 16 500 
stack 4:    488 502 764 738 
stack 5:    4 9 509 12 25 
stack 6:    24 514 323 26 90 11 30 
stack 7:    523 517 513 616 506 420 507 
stack 8:    530 75 438 512 346 247 521 
stack 9:    511 483 480 262 263 19 374 
stack 10:    551 335 248 526 510 505 529 
stack 11:    23 14 179 155 18 131 31 
stack 12:    36 518 233 286 478 130 38 
stack 13:    587 539 441 391 298 208 528 
stack 14:    532 494 172 46 541 92 536 
stack 15:    690 542 604 708 986 965 336 
stack 16:    424 356 597 678 527 524 691 
stack 17:    608 243 382 540 544 545 282 
stack 18:    165 694 673 753 661 56 979 
stack 19:    754 215 750 417 710 603 275 
stack 20:    196 841 99 840 571 688 50 
stack 21:    878 128 943 543 868 706 453 
stack 22:    479 459 42 611 279 492 443 
stack 23:    817 824 129 482 786 228 705 
stack 24:    802 904 739 675 178 313 136 
stack 25:    740 43 598 606 173 829 843 
stack 26:    925 373 157 931 260 807 881 
stack 27:    872 520 983 574 557 725 525 
stack 28:    393 749 565 254 777 470 45 
stack 29:    241 779 132 320 296 359 471 
stack 30:    977 154 963 280 797 570 646 
stack 31:    138 937 930 534 428 962 22 
stack 32:    245 903 308 934 681 175 88 
stack 33:    84 728 250 890 563 877 778 
stack 34:    244 209 997 345 41 971 164 
stack 35:    33 145 125 895 147 535 199 
stack 36:    676 352 392 27 836 770 948 
stack 37:    466 537 299 823 371 974 401 
stack 38:    735 96 59 989 316 621 399 
stack 39:    766 665 331 216 47 435 288 
stack 40:    614 413 600 550 612 354 884 
stack 41:    188 801 71 468 566 430 255 
stack 42:    490 572 305 625 94 562 91 
stack 43:    988 481 40 944 659 713 385 
stack 44:    187 784 100 237 992 294 991 
stack 45:    846 782 312 302 554 390 485 
stack 46:    640 556 871 630 300 103 874 
stack 47:    583 210 197 460 636 548 761 
stack 48:    462 53 758 115 695 968 719 
stack 49:    835 709 547 52 362 325 297 
stack 50:    231 436 133 369 160 743 87 
stack 51:    108 907 498 472 910 411 552 
stack 52:    938 309 319 277 648 639 655 
stack 53:    666 999 857 615 914 89 322 
stack 54:    732 893 85 815 69 921 283 
stack 55:    905 337 339 98 74 727 920 
stack 56:    573 830 66 955 487 555 343 
stack 57:    444 434 143 105 421 118 253 
stack 58:    757 679 142 720 264 578 613 
stack 59:    671 97 650 473 775 716 109 
stack 60:    83 768 450 185 736 220 121 
stack 61:    114 838 349 674 404 183 161 
stack 62:    697 883 870 933 833 474 686 
stack 63:    901 177 73 251 973 314 865 
stack 64:    643 426 252 602 909 939 683 
stack 65:    812 780 653 408 146 584 63 
stack 66:    995 560 348 141 759 664 388 
stack 67:    958 854 561 814 861 729 112 
stack 68:    412 581 290 198 747 111 62 
stack 69:    495 538 135 993 795 990 879 
stack 70:    711 377 213 647 899 734 124 
stack 71:    752 827 596 660 799 78 200 
stack 72:    110 803 763 609 383 324 896 
stack 73:    575 762 902 638 271 967 153 
stack 74:    259 80 375 61 635 139 696 
stack 75:    350 707 258 897 631 976 467 
stack 76:    848 634 304 951 745 477 926 
stack 77:    334 328 984 77 821 626 284 
stack 78:    641 171 515 268 397 149 773 
stack 79:    772 724 230 788 698 781 221 
stack 80:    205 949 947 622 859 915 140 
stack 81:    193 730 332 457 422 670 227 
stack 82:    184 917 834 623 987 826 669 
stack 83:    889 235 191 240 632 463 924 
stack 84:    158 816 677 476 214 982 756 
stack 85:    618 741 981 658 225 289 559 
stack 86:    
stack 87:    448 
stack 88:    680 
stack 89:    
stack 90:    
stack 91:    
stack 92:    771 
stack 93:    
stack 94:    972 508 
stack 95:    693 48 793 76 
stack 96:    913 
stack 97:    649 825 
stack 98:    950 956 672 582 366 
stack 99:    
stack 100:    642 996 961 
stack 101:    953 919 726 
stack 102:    15 29 458 372 
stack 103:    689 
stack 104:    980 
stack 105:    
stack 106:    959 37 
stack 107:    
stack 108:    946 
stack 109:    117 170 321 522 
stack 110:    774 964 218 186 952 
stack 111:    497 491 229 21 
stack 112:    932 219 201 589 
stack 113:    656 856 234 195 174 
stack 114:    942 442 499 
stack 115:    409 340 28 189 
stack 116:    595 592 232 101 928 580 
stack 117:    594 144 663 
stack 118:    922 810 368 257 32 
stack 119:    317 106 911 701 266 629 
stack 120:    531 832 798 432 
stack 121:    820 533 72 651 
stack 122:    34 885 440 242 954 
stack 123:    599 751 414 127 475 301 
stack 124:    380 590 407 
stack 125:    148 783 423 429 403 211 876 
stack 126:    419 723 256 64 850 760 
stack 127:    576 852 405 363 311 398 456 
stack 128:    941 79 906 306 
stack 129:    449 908 167 402 182 891 
stack 130:    396 387 273 122 765 168 
stack 131:    287 82 564 274 882 684 
stack 132:    269 892 418 746 455 
stack 133:    862 806 439 864 
stack 134:    486 605 330 617 357 860 400 
stack 135:    267 960 898 389 212 452 381 
stack 136:    969 704 276 717 800 
stack 137:    668 204 519 295 104 416 65 
stack 138:    447 849 224 367 
stack 139:    49 437 586 222 929 107 
stack 140:    553 894 831 923 822 776 176 
stack 141:    310 489 718 880 464 
stack 142:    446 858 593 685 376 119 
stack 143:    70 796 628 81 733 57 
stack 144:    692 687 546 811 970 900 722 
stack 145:    787 58 813 203 637 792 410 
stack 146:    395 226 886 51 867 151 585 
stack 147:    912 386 162 236 347 365 627 
stack 148:    461 433 863 169 662 406 700 
stack 149:    645 238 853 342 619 790 851 
stack 150:    945 601 558 714 364 291 842 
stack 151:    633 292 804 246 998 239 355 
stack 152:    360 847 935 579 591 785 425 
stack 153:    358 427 353 731 567 415 370 
stack 154:    839 278 809 307 703 333 327 
stack 155:    957 767 927 624 828 654 818 
stack 156:    102 794 493 150 315 715 68 
stack 157:    379 249 916 549 975 116 808 
stack 158:    855 873 207 55 44 869 95 
stack 159:    265 318 60 748 326 180 293 
stack 160:    837 568 712 120 126 344 769 
stack 161:    791 194 270 805 361 682 652 
stack 162:    465 303 192 994 755 86 285 
stack 163:    569 866 431 137 742 607 985 
stack 164:    819 351 936 113 978 744 918 
stack 165:    667 844 384 54 123 93 496 
stack 166:    206 202 657 163 888 338 577 
stack 167:    190 940 887 281 272 181 378 
stack 168:    610 484 469 341 737 721 159 
stack 169:    620 152 644 445 329 261 134 
stack 170:    789 454 217 451 394 223 966 
stack 171:    588 156 67 702 699 845 875 

#####################################################

solved with: SP.constructive_heuristics.GeneralHeuristic
time limit: 3600.0 s
time to solve: 0,02 s
objective value: 1334470.0

stacks (top to bottom):
stack 0:    259 575 502 450 579 702 136 
stack 1:    988 595 120 590 720 612 333 
stack 2:    553 546 384 54 159 425 370 
stack 3:    70 830 984 392 936 744 146 
stack 4:    614 100 749 221 663 836 948 
stack 5:    837 305 398 300 781 268 149 
stack 6:    827 661 142 600 931 468 876 
stack 7:    640 331 454 85 650 307 725 
stack 8:    870 225 429 928 681 804 25 
stack 9:    445 560 817 431 155 203 316 
stack 10:    886 351 838 698 651 921 475 
stack 11:    483 675 61 975 937 962 401 
stack 12:    145 242 198 216 691 683 648 
stack 13:    73 787 793 906 463 966 566 
stack 14:    424 96 440 126 987 756 1 
stack 15:    462 267 448 94 895 325 535 
stack 16:    105 302 141 8 139 111 478 
stack 17:    530 898 755 438 706 734 22 
stack 18:    520 754 604 223 254 746 247 
stack 19:    191 711 479 972 518 503 580 
stack 20:    334 901 673 795 685 680 74 
stack 21:    490 690 676 894 840 285 619 
stack 22:    36 23 459 460 47 884 410 
stack 23:    812 269 313 81 777 891 297 
stack 24:    265 24 66 672 195 585 655 
stack 25:    668 311 615 760 107 686 378 
stack 26:    693 767 458 552 164 845 696 
stack 27:    741 526 568 276 92 745 843 
stack 28:    903 583 925 465 183 764 770 
stack 29:    241 932 167 887 771 124 362 
stack 30:    679 271 810 477 935 322 584 
stack 31:    486 983 833 129 990 567 896 
stack 32:    641 245 859 701 718 485 399 
stack 33:    946 732 69 487 940 383 536 
stack 34:    395 4 194 336 147 91 521 
stack 35:    231 143 240 353 797 131 372 
stack 36:    618 84 922 959 624 759 400 
stack 37:    393 853 363 628 603 62 130 
stack 38:    782 71 209 266 578 929 507 
stack 39:    839 206 537 408 786 700 865 
stack 40:    643 558 671 794 295 294 726 
stack 41:    461 885 396 123 952 93 926 
stack 42:    358 605 635 42 326 954 851 
stack 43:    762 780 75 677 72 41 626 
stack 44:    252 79 824 390 570 813 918 
stack 45:    158 114 803 861 89 161 275 
stack 46:    912 154 166 320 597 915 407 
stack 47:    350 53 866 820 708 182 778 
stack 48:    523 692 897 910 310 989 409 
stack 49:    766 816 649 484 405 856 625 
stack 50:    342 656 497 659 64 607 45 
stack 51:    495 942 644 638 321 864 88 
stack 52:    819 779 854 758 97 222 7 
stack 53:    791 653 634 192 509 417 807 
stack 54:    704 412 437 967 541 559 880 
stack 55:    863 60 172 153 151 428 874 
stack 56:    202 128 178 563 919 112 965 
stack 57:    318 387 59 811 169 504 775 
stack 58:    666 488 519 349 555 104 283 
stack 59:    511 330 117 210 224 180 621 
stack 60:    889 135 427 339 31 529 420 
stack 61:    539 956 491 788 55 455 199 
stack 62:    789 447 958 317 933 731 376 
stack 63:    849 822 40 250 543 229 234 
stack 64:    382 981 173 86 815 850 38 
stack 65:    379 687 211 834 637 388 652 
stack 66:    883 360 601 768 90 288 808 
stack 67:    916 6 436 168 997 282 121 
stack 68:    171 150 953 220 52 361 733 
stack 69:    193 573 610 576 571 528 301 
stack 70:    423 248 907 969 602 548 790 
stack 71:    667 752 280 170 510 927 664 
stack 72:    433 287 264 799 747 654 842 
stack 73:    501 871 825 366 453 416 343 
stack 74:    205 949 348 197 262 263 279 
stack 75:    48 976 961 116 722 253 669 
stack 76:    43 278 323 201 9 533 492 
stack 77:    556 204 832 237 647 609 113 
stack 78:    620 446 14 236 26 127 773 
stack 79:    739 814 980 473 737 87 985 
stack 80:    774 426 3 596 593 970 67 
stack 81:    442 290 765 913 160 974 293 
stack 82:    517 163 175 369 629 613 545 
stack 83:    413 617 900 16 678 365 39 
stack 84:    35 801 106 357 506 646 920 
stack 85:    995 689 581 540 930 367 705 
stack 86:    908 514 890 144 207 208 103 
stack 87:    15 226 233 101 251 973 670 
stack 88:    950 469 873 452 857 21 719 
stack 89:    707 303 217 904 776 684 792 
stack 90:    694 312 806 58 406 239 57 
stack 91:    434 783 592 996 340 289 355 
stack 92:    608 419 292 137 622 56 359 
stack 93:    335 964 421 549 246 716 869 
stack 94:    572 394 46 923 377 893 636 
stack 95:    852 796 270 944 11 319 391 
stack 96:    373 451 960 809 277 875 327 
stack 97:    598 214 402 272 674 821 761 
stack 98:    33 542 630 346 939 422 432 
stack 99:    244 188 37 829 888 315 68 
stack 100:    352 341 992 470 95 881 284 
stack 101:    184 444 872 977 505 98 354 
stack 102:    196 304 561 10 296 482 769 
stack 103:    148 472 356 642 632 76 439 
stack 104:    569 5 941 132 660 633 911 
stack 105:    235 83 844 753 554 430 464 
stack 106:    606 185 389 347 324 181 713 
stack 107:    947 122 917 662 140 471 385 
stack 108:    587 481 368 28 828 344 499 
stack 109:    328 730 955 899 414 174 381 
stack 110:    258 848 243 714 763 986 826 
stack 111:    162 513 550 951 742 345 338 
stack 112:    34 82 457 281 44 991 291 
stack 113:    152 665 138 435 228 978 743 
stack 114:    772 49 724 599 751 798 738 
stack 115:    697 125 515 65 456 227 577 
stack 116:    645 238 27 582 77 397 63 
stack 117:    835 938 386 329 574 337 489 
stack 118:    858 403 657 374 12 695 524 
stack 119:    594 892 493 547 729 805 109 
stack 120:    165 905 631 934 260 982 800 
stack 121:    740 846 102 728 909 286 860 
stack 122:    757 375 480 784 878 299 999 
stack 123:    735 498 586 19 557 415 879 
stack 124:    945 179 215 212 534 998 703 
stack 125:    841 494 309 418 176 527 968 
stack 126:    17 232 133 717 257 710 785 
stack 127:    108 177 411 467 616 474 306 
stack 128:    213 565 994 441 688 721 496 
stack 129:    516 273 380 712 623 699 882 
stack 130:    963 186 727 522 500 971 314 
stack 131:    802 157 823 190 476 219 736 
stack 132:    118 564 78 591 50 818 682 
stack 133:    538 862 993 189 525 715 508 
stack 134:    466 658 532 99 943 371 256 
stack 135:    449 831 2 364 512 914 639 
stack 136:    80 261 218 156 119 255 
stack 137:    249 551 18 902 544 13 979 
stack 138:    230 404 30 562 
stack 139:    531 855 868 589 877 298 627 
stack 140:    187 588 134 748 115 611 200 
stack 141:    308 750 443 32 924 
stack 142:    709 110 332 723 0 867 
stack 143:    847 274 
stack 144:    51 
stack 145:    957 29 
stack 146:    20 
stack 147:    
stack 148:    
stack 149:    
stack 150:    
stack 151:    
stack 152:    
stack 153:    
stack 154:    
stack 155:    
stack 156:    
stack 157:    
stack 158:    
stack 159:    
stack 160:    
stack 161:    
stack 162:    
stack 163:    
stack 164:    
stack 165:    
stack 166:    
stack 167:    
stack 168:    
stack 169:    
stack 170:    
stack 171:    
