lower bound for relaxed s_ij: 1228850.84

#####################################################

solved with: SP.mip_formulations.BinPackingFormulation
time limit: 3600.0 s
time to solve: 3608,13 s (time limit exceeded)
objective value: 1242888.65 (not optimal)

stacks (top to bottom):
stack 0:    0 
stack 1:    1 11 502 
stack 2:    798 18 20 15 13 25 3 
stack 3:    504 2 27 17 503 
stack 4:    500 228 417 253 501 33 
stack 5:    14 37 236 505 506 7 82 
stack 6:    805 974 808 788 
stack 7:    6 508 5 292 423 471 8 
stack 8:    509 512 511 117 342 154 517 
stack 9:    10 478 470 513 488 507 249 
stack 10:    510 381 114 514 377 213 283 
stack 11:    518 516 268 522 250 62 356 
stack 12:    159 190 319 224 202 36 122 
stack 13:    296 40 734 699 313 519 262 
stack 14:    347 367 101 402 301 91 445 
stack 15:    527 554 189 234 534 753 19 
stack 16:    533 538 338 521 238 525 70 
stack 17:    708 592 678 851 166 804 426 
stack 18:    727 667 677 218 830 477 120 
stack 19:    752 594 520 244 530 529 336 
stack 20:    201 697 673 579 680 526 92 
stack 21:    650 444 716 683 584 412 206 
stack 22:    755 625 561 776 718 515 628 
stack 23:    928 896 758 274 30 846 489 
stack 24:    270 651 868 787 761 817 32 
stack 25:    807 969 16 939 21 289 550 
stack 26:    685 23 688 531 833 22 540 
stack 27:    638 89 765 695 926 97 524 
stack 28:    90 441 982 411 300 360 614 
stack 29:    559 696 578 248 390 886 394 
stack 30:    24 198 191 29 556 348 981 
stack 31:    259 956 890 960 634 453 962 
stack 32:    845 171 81 902 797 654 490 
stack 33:    938 694 129 48 882 157 58 
stack 34:    323 221 200 458 701 55 750 
stack 35:    327 842 880 973 132 757 46 
stack 36:    389 916 536 922 706 158 339 
stack 37:    869 872 670 255 315 738 773 
stack 38:    562 312 541 876 814 385 378 
stack 39:    663 294 118 34 337 83 855 
stack 40:    346 340 450 746 742 721 113 
stack 41:    565 197 735 867 539 535 352 
stack 42:    155 897 404 392 542 187 31 
stack 43:    210 41 792 676 435 637 317 
stack 44:    39 115 433 267 309 165 68 
stack 45:    764 193 623 42 825 806 151 
stack 46:    290 38 945 188 351 136 295 
stack 47:    607 580 407 894 99 783 912 
stack 48:    439 107 822 877 740 71 572 
stack 49:    627 225 410 133 110 619 481 
stack 50:    794 954 333 304 474 50 172 
stack 51:    106 183 332 231 104 692 570 
stack 52:    800 212 415 184 998 760 768 
stack 53:    919 350 827 931 419 824 633 
stack 54:    569 123 891 849 601 179 75 
stack 55:    57 754 622 690 785 298 223 
stack 56:    398 681 168 900 774 841 834 
stack 57:    618 76 929 54 875 932 63 
stack 58:    940 457 802 930 573 220 703 
stack 59:    462 322 182 646 78 134 67 
stack 60:    205 762 657 903 915 836 549 
stack 61:    905 925 935 384 671 69 848 
stack 62:    756 128 138 995 497 355 131 
stack 63:    399 302 944 866 455 52 838 
stack 64:    597 459 884 409 463 373 811 
stack 65:    429 615 979 170 803 598 95 
stack 66:    744 4 414 749 548 406 84 
stack 67:    469 152 284 943 413 271 324 
stack 68:    626 425 992 88 933 860 265 
stack 69:    299 365 354 666 545 263 432 
stack 70:    914 887 970 955 310 733 605 
stack 71:    717 983 126 852 361 77 345 
stack 72:    318 386 595 980 343 566 968 
stack 73:    395 571 748 820 950 320 461 
stack 74:    222 669 655 724 985 823 137 
stack 75:    264 468 173 480 279 600 585 
stack 76:    620 936 602 446 847 729 421 
stack 77:    737 130 174 408 617 711 686 
stack 78:    148 192 781 479 142 698 72 
stack 79:    967 383 786 715 652 258 147 
stack 80:    850 109 861 576 864 927 447 
stack 81:    371 180 612 321 194 297 143 
stack 82:    353 167 873 567 251 987 226 
stack 83:    856 216 400 993 243 61 125 
stack 84:    308 64 568 709 397 747 920 
stack 85:    593 780 791 913 273 108 472 
stack 86:    
stack 87:    
stack 88:    9 881 
stack 89:    
stack 90:    
stack 91:    
stack 92:    
stack 93:    344 195 
stack 94:    978 
stack 95:    784 952 
stack 96:    911 
stack 97:    
stack 98:    560 557 
stack 99:    937 
stack 100:    874 
stack 101:    779 
stack 102:    12 
stack 103:    
stack 104:    288 
stack 105:    679 370 149 362 
stack 106:    
stack 107:    966 591 498 
stack 108:    957 635 
stack 109:    523 674 941 484 
stack 110:    424 486 162 532 
stack 111:    
stack 112:    26 
stack 113:    921 574 946 889 482 
stack 114:    853 229 603 285 374 499 528 
stack 115:    196 144 396 311 
stack 116:    883 767 537 963 643 28 
stack 117:    306 863 280 581 951 
stack 118:    599 546 710 440 658 437 
stack 119:    892 732 553 582 563 
stack 120:    739 186 73 368 624 
stack 121:    996 442 116 185 
stack 122:    972 45 879 376 35 
stack 123:    586 176 105 976 331 859 
stack 124:    659 460 700 391 256 771 275 
stack 125:    161 687 247 237 
stack 126:    269 307 102 449 233 
stack 127:    815 606 430 127 485 49 
stack 128:    543 907 261 282 
stack 129:    246 959 693 464 66 60 
stack 130:    544 141 257 826 870 961 334 
stack 131:    726 177 150 79 948 
stack 132:    977 139 989 660 124 476 964 
stack 133:    51 999 918 888 401 661 844 
stack 134:    428 707 839 906 103 47 575 
stack 135:    828 684 207 163 405 743 
stack 136:    942 958 616 949 328 326 372 
stack 137:    596 986 467 329 893 720 434 
stack 138:    910 629 465 885 204 790 639 
stack 139:    551 495 796 611 609 217 552 
stack 140:    904 898 725 235 44 793 812 
stack 141:    829 293 632 631 994 608 751 
stack 142:    466 934 164 647 375 252 908 
stack 143:    810 555 160 364 871 832 789 
stack 144:    240 640 74 714 899 359 260 
stack 145:    865 53 56 589 422 648 641 
stack 146:    763 558 387 837 547 100 801 
stack 147:    831 818 564 719 924 199 799 
stack 148:    795 691 813 587 366 382 492 
stack 149:    668 988 475 112 254 146 140 
stack 150:    777 494 901 862 705 923 759 
stack 151:    452 418 266 291 682 227 208 
stack 152:    741 438 416 782 656 358 87 
stack 153:    895 59 712 816 427 878 420 
stack 154:    456 448 704 65 219 854 610 
stack 155:    357 325 819 965 80 984 990 
stack 156:    277 286 242 664 316 436 491 
stack 157:    276 230 314 840 369 604 858 
stack 158:    745 672 305 689 215 98 241 
stack 159:    991 675 713 772 577 644 287 
stack 160:    645 178 121 731 766 119 211 
stack 161:    649 971 809 736 483 181 621 
stack 162:    583 769 145 642 473 153 857 
stack 163:    335 245 349 403 85 454 169 
stack 164:    843 662 821 393 775 953 239 
stack 165:    232 93 730 272 487 380 111 
stack 166:    303 443 997 214 975 175 209 
stack 167:    379 770 43 728 723 613 278 
stack 168:    135 653 909 630 388 588 665 
stack 169:    330 94 431 590 702 917 496 
stack 170:    835 86 947 722 203 778 156 
stack 171:    636 96 363 281 451 341 493 

#####################################################

solved with: SP.constructive_heuristics.GeneralHeuristic
time limit: 3600.0 s
time to solve: 0,01 s
objective value: 1328579.68

stacks (top to bottom):
stack 0:    86 940 594 642 525 432 759 
stack 1:    205 225 460 221 635 49 3 
stack 2:    958 756 561 706 251 567 77 
stack 3:    527 606 348 927 951 60 140 
stack 4:    593 40 650 687 666 519 998 
stack 5:    459 933 166 289 824 458 108 
stack 6:    393 479 826 483 339 32 172 
stack 7:    190 399 451 939 924 132 199 
stack 8:    523 425 88 894 652 766 113 
stack 9:    142 790 876 803 906 7 628 
stack 10:    752 694 15 903 392 413 526 
stack 11:    607 663 646 871 491 437 352 
stack 12:    308 386 186 568 965 421 420 
stack 13:    456 51 716 674 361 600 705 
stack 14:    470 150 864 27 588 886 711 
stack 15:    717 983 510 214 584 487 507 
stack 16:    910 59 107 891 581 913 157 
stack 17:    10 210 410 730 79 485 788 
stack 18:    418 662 76 852 609 953 941 
stack 19:    620 929 130 331 617 382 882 
stack 20:    737 74 565 930 543 217 968 
stack 21:    270 114 126 557 820 917 360 
stack 22:    905 988 64 370 414 738 701 
stack 23:    245 791 860 874 720 502 445 
stack 24:    184 478 508 272 722 634 833 
stack 25:    688 690 869 298 582 402 550 
stack 26:    288 675 928 959 403 211 859 
stack 27:    887 813 559 781 579 91 539 
stack 28:    286 191 443 54 721 506 19 
stack 29:    259 123 754 462 110 801 786 
stack 30:    16 947 138 870 811 643 728 
stack 31:    914 897 257 892 660 538 204 
stack 32:    769 514 553 931 351 426 372 
stack 33:    53 235 197 836 336 345 528 
stack 34:    94 533 473 61 899 608 440 
stack 35:    335 883 872 369 423 471 120 
stack 36:    967 682 949 373 740 982 768 
stack 37:    135 719 731 776 17 405 253 
stack 38:    583 266 821 578 591 549 165 
stack 39:    452 24 389 332 34 505 50 
stack 40:    626 622 707 945 889 498 261 
stack 41:    229 73 362 9 92 378 812 
stack 42:    672 5 29 100 976 750 317 
stack 43:    592 329 127 179 224 156 832 
stack 44:    919 195 263 433 411 209 665 
stack 45:    691 106 815 767 486 973 847 
stack 46:    777 725 573 480 117 490 309 
stack 47:    290 997 291 963 680 98 278 
stack 48:    627 708 438 547 493 639 644 
stack 49:    276 38 900 170 30 283 858 
stack 50:    118 999 522 409 343 619 749 
stack 51:    818 216 918 623 566 249 575 
stack 52:    424 62 208 334 95 67 799 
stack 53:    37 511 587 979 787 450 530 
stack 54:    645 856 513 541 310 116 948 
stack 55:    89 198 407 902 134 271 384 
stack 56:    398 810 895 840 255 396 671 
stack 57:    57 986 397 500 447 275 46 
stack 58:    828 430 102 78 419 718 614 
stack 59:    807 254 355 497 390 503 844 
stack 60:    222 574 779 775 367 960 839 
stack 61:    966 545 495 262 654 808 68 
stack 62:    745 269 890 715 144 265 753 
stack 63:    942 139 546 664 710 377 482 
stack 64:    469 896 679 412 356 605 82 
stack 65:    306 52 337 200 391 604 311 
stack 66:    536 268 922 231 817 213 698 
stack 67:    602 520 244 952 359 987 686 
stack 68:    618 18 560 611 760 169 552 
stack 69:    631 338 971 101 453 912 613 
stack 70:    727 670 11 133 700 881 63 
stack 71:    383 341 218 207 66 241 964 
stack 72:    625 589 809 955 661 326 233 
stack 73:    640 946 796 267 735 154 950 
stack 74:    299 446 65 70 104 194 624 
stack 75:    178 277 350 734 304 220 529 
stack 76:    831 636 969 537 822 849 532 
stack 77:    173 182 146 556 376 855 143 
stack 78:    242 653 164 404 174 44 237 
stack 79:    780 285 925 427 806 540 692 
stack 80:    323 319 455 131 273 137 385 
stack 81:    416 542 13 136 181 380 35 
stack 82:    14 798 993 937 696 248 911 
stack 83:    755 431 243 484 474 441 974 
stack 84:    6 673 877 274 713 648 814 
stack 85:    516 234 830 417 978 981 206 
stack 86:    333 153 247 901 320 834 28 
stack 87:    916 415 875 167 408 961 723 
stack 88:    357 358 676 481 8 69 125 
stack 89:    318 935 374 743 151 524 33 
stack 90:    509 112 521 219 321 22 908 
stack 91:    240 630 238 105 746 47 517 
stack 92:    325 159 909 312 364 943 823 
stack 93:    845 129 185 25 499 324 147 
stack 94:    395 904 555 865 457 124 841 
stack 95:    183 21 531 884 401 477 85 
stack 96:    558 302 992 56 996 920 789 
stack 97:    246 322 518 554 236 907 260 
stack 98:    232 504 128 784 586 160 115 
stack 99:    853 659 327 744 783 684 534 
stack 100:    782 880 957 163 733 476 394 
stack 101:    330 763 23 926 463 772 489 
stack 102:    193 292 785 893 83 202 878 
stack 103:    762 468 212 764 119 825 548 
stack 104:    544 296 827 168 616 994 857 
stack 105:    843 657 176 48 316 371 637 
stack 106:    835 774 111 633 621 804 84 
stack 107:    842 972 12 252 879 55 848 
stack 108:    991 726 223 300 187 862 572 
stack 109:    400 161 512 732 436 873 287 
stack 110:    349 770 467 995 577 227 793 
stack 111:    121 340 284 576 280 97 75 
stack 112:    898 39 564 765 729 838 406 
stack 113:    347 977 802 868 388 515 175 
stack 114:    704 145 794 90 954 962 461 
stack 115:    429 580 281 294 189 239 751 
stack 116:    448 748 741 43 792 773 501 
stack 117:    201 293 20 71 180 297 757 
stack 118:    934 667 601 203 758 678 985 
stack 119:    365 141 562 81 724 970 563 
stack 120:    363 944 816 375 80 771 87 
stack 121:    655 861 99 434 36 162 122 
stack 122:    230 96 264 494 714 975 923 
stack 123:    571 196 685 649 590 342 258 
stack 124:    354 595 629 428 250 647 256 
stack 125:    668 152 149 709 984 990 846 
stack 126:    597 739 4 747 45 41 435 
stack 127:    800 669 681 387 956 854 368 
stack 128:    303 651 188 683 736 797 103 
stack 129:    192 307 712 465 837 866 177 
stack 130:    697 1 980 301 328 612 598 
stack 131:    148 466 444 422 279 535 585 
stack 132:    795 850 805 0 31 454 496 
stack 133:    936 314 829 171 938 702 472 
stack 134:    638 439 155 475 677 689 72 
stack 135:    596 695 599 761 932 215 570 
stack 136:    305 381 699 915 658 226 282 
stack 137:    353 346 885 315 778 742 492 
stack 138:    551 989 615 366 442 610 58 
stack 139:    569 603 693 464 42 488 641 
stack 140:    379 656 228 26 
stack 141:    109 2 93 863 888 295 867 
stack 142:    819 851 449 
stack 143:    921 344 313 703 
stack 144:    632 
stack 145:    
stack 146:    158 
stack 147:    
stack 148:    
stack 149:    
stack 150:    
stack 151:    
stack 152:    
stack 153:    
stack 154:    
stack 155:    
stack 156:    
stack 157:    
stack 158:    
stack 159:    
stack 160:    
stack 161:    
stack 162:    
stack 163:    
stack 164:    
stack 165:    
stack 166:    
stack 167:    
stack 168:    
stack 169:    
stack 170:    
stack 171:    
