lower bound for relaxed s_ij: 1228858.16

#####################################################

solved with: SP.mip_formulations.BinPackingFormulation
time limit: 3600.0 s
time to solve: 3707,99 s (time limit exceeded)
objective value: 1240452.44 (not optimal)

stacks (top to bottom):
stack 0:    
stack 1:    1 
stack 2:    116 5 29 
stack 3:    504 9 502 23 
stack 4:    31 970 655 282 712 718 24 
stack 5:    4 3 988 825 357 313 
stack 6:    6 17 503 28 19 505 507 
stack 7:    783 539 529 508 42 536 514 
stack 8:    14 166 315 511 10 8 12 
stack 9:    925 509 821 689 613 952 506 
stack 10:    244 295 510 351 517 538 528 
stack 11:    13 577 307 20 525 523 420 
stack 12:    27 139 700 591 325 796 794 
stack 13:    728 647 705 531 254 294 39 
stack 14:    418 328 937 680 490 842 720 
stack 15:    864 534 412 311 532 813 678 
stack 16:    461 140 516 228 543 527 530 
stack 17:    537 524 401 260 545 256 291 
stack 18:    385 521 518 526 513 22 835 
stack 19:    169 810 463 11 174 417 737 
stack 20:    26 100 314 141 565 549 581 
stack 21:    16 933 889 691 654 827 21 
stack 22:    905 932 744 740 52 535 522 
stack 23:    246 491 478 473 464 457 628 
stack 24:    713 693 541 126 749 127 542 
stack 25:    143 34 973 51 546 234 198 
stack 26:    980 971 996 573 800 120 79 
stack 27:    540 35 371 197 413 994 426 
stack 28:    241 743 872 784 429 44 716 
stack 29:    368 415 274 595 400 550 63 
stack 30:    219 196 104 553 25 895 236 
stack 31:    785 404 869 622 663 653 721 
stack 32:    679 470 149 999 551 221 804 
stack 33:    248 92 495 603 469 312 59 
stack 34:    201 520 982 204 178 160 43 
stack 35:    300 571 326 460 119 935 68 
stack 36:    54 882 87 588 592 456 111 
stack 37:    987 903 611 303 898 706 851 
stack 38:    298 686 218 649 820 107 921 
stack 39:    99 569 402 145 946 157 563 
stack 40:    407 943 671 440 676 403 393 
stack 41:    950 659 969 47 790 90 834 
stack 42:    321 346 959 96 951 585 180 
stack 43:    701 972 944 826 378 673 902 
stack 44:    387 158 61 164 414 953 165 
stack 45:    445 580 255 907 46 746 73 
stack 46:    664 923 661 589 918 897 759 
stack 47:    243 745 711 863 459 350 662 
stack 48:    877 224 172 487 752 776 848 
stack 49:    153 866 410 829 210 773 287 
stack 50:    995 629 472 58 974 69 948 
stack 51:    476 870 492 347 748 965 110 
stack 52:    269 900 760 729 683 115 266 
stack 53:    447 103 644 242 423 590 397 
stack 54:    939 432 912 275 627 335 634 
stack 55:    373 422 843 888 567 436 399 
stack 56:    836 395 788 168 64 214 152 
stack 57:    544 288 475 750 955 142 797 
stack 58:    444 844 267 556 830 355 710 
stack 59:    768 801 411 623 669 624 60 
stack 60:    360 148 909 484 697 819 319 
stack 61:    688 323 926 896 299 406 122 
stack 62:    708 477 117 927 186 301 684 
stack 63:    645 735 651 416 162 593 382 
stack 64:    786 621 639 435 394 343 273 
stack 65:    658 597 787 771 858 209 364 
stack 66:    833 207 308 584 72 167 331 
stack 67:    342 336 979 879 730 808 828 
stack 68:    348 277 913 223 175 594 251 
stack 69:    715 908 129 85 283 181 77 
stack 70:    179 383 966 362 182 919 354 
stack 71:    837 262 284 191 83 205 455 
stack 72:    612 131 479 747 376 922 217 
stack 73:    211 332 719 938 763 155 757 
stack 74:    739 641 635 572 566 929 687 
stack 75:    607 339 97 89 675 163 280 
stack 76:    967 304 782 791 648 147 388 
stack 77:    136 66 369 458 240 128 709 
stack 78:    632 578 497 934 840 756 777 
stack 79:    873 657 56 488 699 245 118 
stack 80:    685 618 257 811 961 991 449 
stack 81:    868 102 338 958 617 568 405 
stack 82:    780 171 614 352 775 774 192 
stack 83:    88 366 183 871 962 446 334 
stack 84:    552 992 220 125 792 633 268 
stack 85:    625 936 575 188 384 159 95 
stack 86:    500 0 
stack 87:    990 
stack 88:    2 
stack 89:    501 
stack 90:    
stack 91:    
stack 92:    
stack 93:    
stack 94:    7 
stack 95:    
stack 96:    
stack 97:    646 
stack 98:    512 
stack 99:    
stack 100:    36 975 643 15 
stack 101:    18 852 515 
stack 102:    599 408 816 
stack 103:    
stack 104:    30 767 427 861 
stack 105:    519 
stack 106:    956 586 389 
stack 107:    
stack 108:    998 561 
stack 109:    941 
stack 110:    195 779 94 
stack 111:    193 742 
stack 112:    483 976 433 
stack 113:    822 600 358 978 263 154 
stack 114:    714 681 
stack 115:    235 367 733 176 831 222 862 
stack 116:    238 261 453 135 345 
stack 117:    365 421 265 33 
stack 118:    846 758 893 924 322 32 
stack 119:    533 466 660 855 677 
stack 120:    878 227 564 144 
stack 121:    324 480 734 474 
stack 122:    330 177 38 
stack 123:    184 173 109 781 381 695 396 
stack 124:    133 910 642 37 374 231 
stack 125:    93 963 670 672 252 
stack 126:    132 674 50 48 931 40 
stack 127:    41 620 899 276 194 917 838 
stack 128:    916 930 957 911 290 161 725 
stack 129:    986 891 928 732 867 954 
stack 130:    237 765 448 258 964 727 904 
stack 131:    894 886 494 386 637 70 795 
stack 132:    890 146 608 486 250 124 481 
stack 133:    53 560 105 230 278 761 452 
stack 134:    885 344 310 439 977 
stack 135:    764 803 372 249 391 769 498 
stack 136:    45 707 667 547 212 914 471 
stack 137:    717 604 857 333 91 854 860 
stack 138:    82 555 106 615 98 881 602 
stack 139:    375 892 130 601 694 65 489 
stack 140:    824 554 839 724 377 419 78 
stack 141:    880 86 557 849 596 850 887 
stack 142:    989 915 762 814 650 668 616 
stack 143:    798 438 807 984 704 306 247 
stack 144:    424 75 499 496 778 558 74 
stack 145:    226 349 123 55 853 316 582 
stack 146:    656 206 766 856 62 789 289 
stack 147:    942 802 390 398 213 605 71 
stack 148:    874 865 297 370 462 631 286 
stack 149:    682 434 690 454 548 468 259 
stack 150:    983 751 570 485 229 754 920 
stack 151:    736 799 817 738 225 264 793 
stack 152:    253 832 818 233 451 425 309 
stack 153:    467 450 361 199 215 981 409 
stack 154:    753 562 947 755 189 875 305 
stack 155:    150 815 270 293 428 698 187 
stack 156:    606 356 318 185 170 380 859 
stack 157:    703 493 809 465 437 49 292 
stack 158:    901 741 576 81 441 985 482 
stack 159:    692 883 806 121 202 279 137 
stack 160:    216 76 317 431 726 337 666 
stack 161:    626 640 200 203 993 696 430 
stack 162:    559 574 619 442 302 84 610 
stack 163:    609 359 823 271 812 113 968 
stack 164:    151 138 731 327 353 598 340 
stack 165:    579 884 722 285 392 341 770 
stack 166:    320 281 847 841 232 772 208 
stack 167:    723 638 239 949 329 57 443 
stack 168:    114 906 805 134 190 945 272 
stack 169:    940 587 876 379 112 80 583 
stack 170:    296 101 67 636 652 702 108 
stack 171:    363 960 665 156 997 630 845 

#####################################################

solved with: SP.constructive_heuristics.GeneralHeuristic
time limit: 3600.0 s
time to solve: 0,01 s
objective value: 1332791.38

stacks (top to bottom):
stack 0:    461 246 55 947 619 335 774 
stack 1:    243 688 224 323 479 633 772 
stack 2:    172 14 467 166 911 522 598 
stack 3:    487 448 727 488 20 329 122 
stack 4:    641 230 39 716 69 546 251 
stack 5:    967 321 294 57 358 127 399 
stack 6:    101 183 950 837 573 966 159 
stack 7:    758 889 601 974 763 563 775 
stack 8:    962 484 426 119 935 848 583 
stack 9:    13 609 509 431 643 920 759 
stack 10:    121 176 585 170 213 78 812 
stack 11:    88 30 803 681 665 644 62 
stack 12:    599 383 600 357 263 455 859 
stack 13:    407 225 657 85 421 839 985 
stack 14:    944 66 437 282 439 553 1 
stack 15:    933 611 50 549 311 126 551 
stack 16:    559 711 882 993 70 458 202 
stack 17:    105 502 65 334 10 851 393 
stack 18:    868 447 207 608 415 190 397 
stack 19:    136 338 486 613 250 919 710 
stack 20:    145 140 229 575 264 527 389 
stack 21:    936 87 81 9 793 929 309 
stack 22:    780 715 766 24 94 720 292 
stack 23:    734 483 975 23 520 77 388 
stack 24:    809 656 146 979 206 208 687 
stack 25:    171 143 637 906 592 302 952 
stack 26:    348 663 858 98 550 888 567 
stack 27:    612 939 645 413 555 831 268 
stack 28:    815 925 569 239 459 22 778 
stack 29:    995 980 682 295 946 912 556 
stack 30:    179 782 621 770 462 849 147 
stack 31:    248 260 301 283 47 796 425 
stack 32:    768 504 878 689 841 627 417 
stack 33:    332 817 705 807 532 419 209 
stack 34:    823 210 278 840 543 605 152 
stack 35:    987 27 261 322 242 73 38 
stack 36:    787 61 164 503 519 160 259 
stack 37:    798 5 690 189 999 463 662 
stack 38:    739 387 970 378 167 327 500 
stack 39:    635 228 754 118 198 384 405 
stack 40:    162 28 847 517 234 15 977 
stack 41:    901 562 636 795 287 64 108 
stack 42:    237 988 956 801 91 822 380 
stack 43:    998 408 561 182 355 362 340 
stack 44:    891 597 712 468 312 353 512 
stack 45:    150 899 683 896 403 530 794 
stack 46:    892 971 386 274 496 489 192 
stack 47:    686 915 762 513 586 978 542 
stack 48:    375 661 791 409 804 40 364 
stack 49:    972 35 307 314 141 568 922 
stack 50:    940 618 525 516 221 59 331 
stack 51:    114 235 103 655 767 746 856 
stack 52:    6 4 328 144 800 535 669 
stack 53:    363 238 614 622 440 271 12 
stack 54:    216 422 642 96 317 838 761 
stack 55:    986 151 836 310 861 702 750 
stack 56:    93 603 257 819 737 757 0 
stack 57:    713 908 659 177 699 247 113 
stack 58:    554 303 404 349 719 808 460 
stack 59:    679 943 927 875 615 876 624 
stack 60:    432 760 485 478 698 695 538 
stack 61:    53 129 821 456 634 507 515 
stack 62:    560 786 650 536 706 217 854 
stack 63:    356 518 557 83 394 593 594 
stack 64:    632 577 450 909 220 752 792 
stack 65:    99 36 589 343 396 272 178 
stack 66:    647 930 872 501 240 709 610 
stack 67:    424 685 537 470 491 531 185 
stack 68:    572 267 660 276 441 566 881 
stack 69:    233 200 203 361 587 154 433 
stack 70:    102 173 270 588 325 34 457 
stack 71:    992 156 584 879 718 997 481 
stack 72:    865 607 731 300 161 769 887 
stack 73:    373 866 722 304 392 961 306 
stack 74:    638 928 781 281 671 84 7 
stack 75:    493 907 195 826 125 155 80 
stack 76:    824 365 438 900 411 333 42 
stack 77:    871 545 564 157 981 174 168 
stack 78:    54 745 524 346 186 44 180 
stack 79:    983 324 402 511 735 694 382 
stack 80:    219 864 771 675 351 602 305 
stack 81:    753 26 418 315 215 187 474 
stack 82:    741 534 184 395 376 21 452 
stack 83:    269 926 799 401 964 523 284 
stack 84:    916 445 241 910 37 280 678 
stack 85:    540 894 869 938 326 68 289 
stack 86:    41 308 372 104 451 2 666 
stack 87:    444 133 497 370 181 266 111 
stack 88:    880 521 604 578 649 201 204 
stack 89:    890 17 227 755 369 106 677 
stack 90:    117 738 729 128 120 175 443 
stack 91:    703 45 765 855 420 291 25 
stack 92:    701 846 100 673 924 571 548 
stack 93:    885 116 67 913 453 862 828 
stack 94:    153 197 667 547 316 676 617 
stack 95:    76 466 58 708 352 391 423 
stack 96:    728 732 565 499 374 436 991 
stack 97:    360 148 740 814 867 672 982 
stack 98:    320 400 696 454 742 958 354 
stack 99:    3 350 857 115 191 646 898 
stack 100:    714 700 805 442 222 773 231 
stack 101:    884 717 297 341 313 616 860 
stack 102:    211 410 285 816 648 852 286 
stack 103:    296 510 56 299 475 623 74 
stack 104:    785 957 827 789 914 319 142 
stack 105:    736 366 371 959 406 945 110 
stack 106:    158 139 494 903 779 630 430 
stack 107:    574 674 651 390 591 223 797 
stack 108:    342 723 330 733 464 60 850 
stack 109:    751 707 969 473 830 107 214 
stack 110:    625 620 416 51 134 377 8 
stack 111:    579 253 472 652 994 853 777 
stack 112:    298 923 949 52 825 921 471 
stack 113:    833 277 46 427 49 776 205 
stack 114:    288 86 668 639 379 273 968 
stack 115:    138 870 149 581 790 112 32 
stack 116:    336 97 747 541 492 293 748 
stack 117:    476 784 495 724 33 704 252 
stack 118:    226 434 806 490 19 163 904 
stack 119:    92 212 842 398 788 953 43 
stack 120:    640 130 131 89 843 506 697 
stack 121:    658 810 262 194 435 337 71 
stack 122:    529 359 539 218 165 590 95 
stack 123:    576 258 48 414 813 628 835 
stack 124:    580 82 692 883 132 428 721 
stack 125:    255 368 893 654 199 693 345 
stack 126:    963 934 820 726 596 449 948 
stack 127:    385 480 783 670 918 756 514 
stack 128:    877 942 75 951 829 63 955 
stack 129:    16 684 469 265 976 482 954 
stack 130:    552 465 135 582 256 725 965 
stack 131:    960 680 937 595 973 232 79 
stack 132:    832 905 477 744 347 505 498 
stack 133:    629 570 932 811 558 749 902 
stack 134:    109 802 941 123 412 528 845 
stack 135:    626 874 873 989 254 631 834 
stack 136:    764 31 196 990 72 730 290 
stack 137:    169 606 508 318 526 895 236 
stack 138:    818 533 244 429 996 984 917 
stack 139:    691 886 193 367 446 653 279 
stack 140:    844 863 11 931 124 90 188 
stack 141:    344 249 
stack 142:    743 29 275 897 
stack 143:    664 544 245 137 
stack 144:    339 381 
stack 145:    
stack 146:    18 
stack 147:    
stack 148:    
stack 149:    
stack 150:    
stack 151:    
stack 152:    
stack 153:    
stack 154:    
stack 155:    
stack 156:    
stack 157:    
stack 158:    
stack 159:    
stack 160:    
stack 161:    
stack 162:    
stack 163:    
stack 164:    
stack 165:    
stack 166:    
stack 167:    
stack 168:    
stack 169:    
stack 170:    
stack 171:    
