lower bound for relaxed s_ij: 1228859.34

#####################################################

solved with: SP.mip_formulations.BinPackingFormulation
time limit: 3600.0 s
time to solve: 3668,71 s (time limit exceeded)
objective value: 1241922.58 (not optimal)

stacks (top to bottom):
stack 0:    1 501 0 500 
stack 1:    2 3 28 5 
stack 2:    518 17 4 
stack 3:    504 514 
stack 4:    521 531 121 746 519 22 16 
stack 5:    505 442 968 502 503 
stack 6:    19 960 506 
stack 7:    523 15 195 20 999 54 509 
stack 8:    443 10 508 488 489 740 526 
stack 9:    485 905 663 366 308 278 109 
stack 10:    516 33 522 529 525 527 511 
stack 11:    248 48 786 725 468 515 852 
stack 12:    350 184 512 549 547 347 250 
stack 13:    656 221 40 517 513 784 478 
stack 14:    14 546 438 747 542 392 435 
stack 15:    808 772 386 319 215 559 558 
stack 16:    743 787 881 857 777 887 125 
stack 17:    568 418 340 884 289 741 726 
stack 18:    834 208 192 227 530 396 670 
stack 19:    600 246 356 108 96 128 36 
stack 20:    756 440 280 141 812 728 865 
stack 21:    237 674 545 24 94 212 543 
stack 22:    177 847 533 393 181 385 942 
stack 23:    901 896 736 30 906 601 635 
stack 24:    934 920 754 245 627 106 444 
stack 25:    268 496 160 374 367 25 23 
stack 26:    959 480 175 939 323 804 378 
stack 27:    996 21 971 495 714 427 719 
stack 28:    828 641 272 372 107 415 550 
stack 29:    962 873 330 861 908 838 732 
stack 30:    930 919 973 420 130 101 580 
stack 31:    639 615 281 434 154 814 32 
stack 32:    88 579 279 818 312 954 800 
stack 33:    534 448 977 886 77 957 99 
stack 34:    768 31 336 200 116 983 497 
stack 35:    798 935 377 759 153 55 234 
stack 36:    120 524 113 597 879 532 
stack 37:    792 750 78 422 982 179 537 
stack 38:    63 710 143 159 948 907 56 
stack 39:    433 883 885 445 574 716 421 
stack 40:    345 39 416 677 327 569 41 
stack 41:    820 899 71 781 162 53 837 
stack 42:    487 690 284 992 563 734 825 
stack 43:    969 45 413 429 428 851 47 
stack 44:    609 216 111 49 918 648 490 
stack 45:    963 888 586 709 142 898 903 
stack 46:    461 576 403 304 789 223 680 
stack 47:    866 475 470 295 300 271 352 
stack 48:    267 320 146 383 727 482 577 
stack 49:    430 124 708 661 548 122 204 
stack 50:    314 332 780 477 118 671 447 
stack 51:    933 811 329 152 843 649 633 
stack 52:    553 414 621 654 628 626 473 
stack 53:    342 363 353 613 984 131 859 
stack 54:    679 229 705 582 317 841 540 
stack 55:    764 618 974 947 894 913 69 
stack 56:    889 788 407 410 255 412 230 
stack 57:    303 90 877 419 946 790 262 
stack 58:    183 61 98 807 81 349 64 
stack 59:    328 321 616 87 564 760 655 
stack 60:    733 636 659 890 368 822 831 
stack 61:    371 955 554 723 178 165 612 
stack 62:    970 357 669 938 201 60 943 
stack 63:    384 863 145 596 417 749 292 
stack 64:    707 186 376 306 561 998 290 
stack 65:    817 704 129 632 774 698 370 
stack 66:    455 802 675 70 745 598 80 
stack 67:    978 986 895 700 466 276 123 
stack 68:    441 739 313 803 232 288 73 
stack 69:    650 182 210 236 882 979 258 
stack 70:    902 880 827 191 458 68 689 
stack 71:    824 603 813 703 362 925 785 
stack 72:    144 673 464 769 225 150 257 
stack 73:    259 944 114 115 874 958 642 
stack 74:    605 253 247 981 912 337 871 
stack 75:    622 491 335 672 687 65 652 
stack 76:    189 766 140 830 849 593 263 
stack 77:    869 850 408 211 199 127 678 
stack 78:    117 567 643 301 409 848 753 
stack 79:    132 799 683 667 453 856 570 
stack 80:    92 965 391 261 988 360 573 
stack 81:    180 692 751 157 665 169 231 
stack 82:    608 277 91 967 486 457 364 
stack 83:    682 270 610 771 472 83 188 
stack 84:    105 474 149 138 400 571 606 
stack 85:    810 110 102 926 924 133 72 
stack 86:    
stack 87:    
stack 88:    
stack 89:    
stack 90:    
stack 91:    
stack 92:    6 
stack 93:    507 
stack 94:    7 932 
stack 95:    9 
stack 96:    535 355 
stack 97:    510 
stack 98:    11 552 12 
stack 99:    
stack 100:    
stack 101:    494 
stack 102:    953 492 657 404 
stack 103:    
stack 104:    
stack 105:    892 476 137 928 
stack 106:    483 867 646 591 38 
stack 107:    193 990 
stack 108:    538 467 
stack 109:    
stack 110:    993 256 794 
stack 111:    915 251 66 
stack 112:    426 240 75 
stack 113:    26 956 34 
stack 114:    937 528 520 167 310 
stack 115:    484 989 390 119 651 560 29 
stack 116:    536 226 891 264 148 185 
stack 117:    432 765 737 694 260 
stack 118:    611 773 809 
stack 119:    854 845 594 666 299 684 298 
stack 120:    853 449 265 941 219 
stack 121:    35 46 949 388 173 252 
stack 122:    351 283 401 
stack 123:    658 664 42 325 194 
stack 124:    171 923 878 668 172 
stack 125:    645 37 779 344 51 
stack 126:    27 876 104 
stack 127:    778 218 791 174 976 238 
stack 128:    921 459 76 640 631 897 62 
stack 129:    465 729 187 875 103 964 44 
stack 130:    397 575 425 375 206 346 334 
stack 131:    868 761 309 961 217 213 249 
stack 132:    275 994 909 93 456 52 405 
stack 133:    864 893 222 585 471 681 439 
stack 134:    936 927 395 588 220 872 951 
stack 135:    815 331 595 676 89 688 85 
stack 136:    858 348 624 207 541 583 539 
stack 137:    712 758 602 793 551 436 50 
stack 138:    846 307 13 695 244 724 333 
stack 139:    387 462 311 995 916 987 589 
stack 140:    836 43 805 691 499 544 406 
stack 141:    762 991 796 359 398 826 797 
stack 142:    59 715 242 469 578 931 755 
stack 143:    782 819 479 972 18 369 151 
stack 144:    399 757 720 450 95 8 460 
stack 145:    556 318 914 731 783 835 833 
stack 146:    324 74 839 696 296 997 446 
stack 147:    224 572 136 693 565 644 752 
stack 148:    823 338 629 361 158 389 555 
stack 149:    293 829 274 198 57 315 373 
stack 150:    742 900 235 599 481 176 196 
stack 151:    343 660 917 713 647 730 860 
stack 152:    322 58 498 97 584 170 163 
stack 153:    975 706 266 816 795 411 100 
stack 154:    718 354 294 952 637 686 273 
stack 155:    316 214 604 287 202 84 950 
stack 156:    638 911 855 775 437 358 562 
stack 157:    254 402 592 929 623 922 587 
stack 158:    617 776 305 341 634 701 801 
stack 159:    126 862 806 821 685 168 243 
stack 160:    161 767 735 209 980 286 566 
stack 161:    203 985 285 302 291 365 239 
stack 162:    326 112 619 620 205 840 904 
stack 163:    607 454 717 744 431 614 463 
stack 164:    625 155 832 653 339 164 452 
stack 165:    662 382 394 870 233 190 738 
stack 166:    763 269 424 423 282 722 147 
stack 167:    842 134 79 379 135 557 139 
stack 168:    581 86 197 493 297 770 702 
stack 169:    748 166 67 381 940 945 699 
stack 170:    82 697 228 451 380 241 721 
stack 171:    910 711 156 630 844 590 966 

#####################################################

solved with: SP.constructive_heuristics.GeneralHeuristic
time limit: 3600.0 s
time to solve: 0,02 s
objective value: 1331052.17

stacks (top to bottom):
stack 0:    189 224 39 143 452 103 370 
stack 1:    35 455 936 793 838 781 234 
stack 2:    935 534 983 142 892 404 64 
stack 3:    318 59 850 932 514 875 352 
stack 4:    303 235 264 155 519 801 139 
stack 5:    901 643 261 806 641 420 252 
stack 6:    883 397 492 737 694 972 460 
stack 7:    956 911 536 133 687 578 727 
stack 8:    683 297 665 344 666 392 541 
stack 9:    696 582 361 563 672 244 655 
stack 10:    386 218 216 915 821 601 942 
stack 11:    177 708 993 955 372 580 286 
stack 12:    810 171 962 21 135 560 494 
stack 13:    102 804 287 542 870 212 232 
stack 14:    815 74 692 703 728 415 606 
stack 15:    388 488 401 162 55 503 950 
stack 16:    475 776 528 335 533 101 721 
stack 17:    270 817 95 540 137 984 188 
stack 18:    970 253 111 991 294 383 20 
stack 19:    869 853 591 520 596 70 315 
stack 20:    414 192 480 10 229 669 353 
stack 21:    621 87 827 428 446 185 784 
stack 22:    227 625 454 371 654 918 52 
stack 23:    91 291 779 299 346 239 163 
stack 24:    443 985 277 416 131 951 797 
stack 25:    531 127 678 402 931 688 774 
stack 26:    479 89 791 574 499 213 56 
stack 27:    422 507 148 445 65 217 223 
stack 28:    58 953 432 664 355 151 29 
stack 29:    441 285 316 33 677 758 917 
stack 30:    617 485 48 24 339 994 153 
stack 31:    510 120 256 744 831 633 73 
stack 32:    524 306 982 439 150 44 373 
stack 33:    459 384 136 896 214 539 977 
stack 34:    768 828 360 118 998 271 406 
stack 35:    430 667 380 364 825 506 550 
stack 36:    595 442 158 771 160 785 99 
stack 37:    208 743 742 121 278 612 257 
stack 38:    567 259 731 210 947 395 308 
stack 39:    799 839 522 676 502 231 60 
stack 40:    228 451 283 941 570 456 954 
stack 41:    720 61 178 53 173 649 573 
stack 42:    132 237 981 997 833 562 814 
stack 43:    854 157 809 610 777 547 887 
stack 44:    465 437 989 760 734 337 980 
stack 45:    864 470 645 338 215 569 170 
stack 46:    660 960 813 202 49 129 260 
stack 47:    600 939 354 527 83 12 9 
stack 48:    78 108 356 794 1 22 745 
stack 49:    387 115 548 840 973 614 952 
stack 50:    82 965 76 851 181 457 473 
stack 51:    88 857 583 476 987 848 943 
stack 52:    618 317 525 498 886 367 698 
stack 53:    474 646 198 651 780 716 292 
stack 54:    521 307 597 390 16 670 907 
stack 55:    934 79 693 628 221 640 759 
stack 56:    556 858 690 504 219 17 803 
stack 57:    505 301 2 93 444 249 497 
stack 58:    762 594 394 77 593 262 194 
stack 59:    324 842 236 0 72 288 258 
stack 60:    733 609 658 275 849 154 8 
stack 61:    63 357 811 247 425 747 871 
stack 62:    166 191 245 458 626 4 957 
stack 63:    11 682 910 782 888 311 749 
stack 64:    836 326 792 112 187 424 585 
stack 65:    330 553 305 345 805 926 874 
stack 66:    996 419 619 599 620 701 482 
stack 67:    866 975 816 974 296 852 204 
stack 68:    269 182 783 561 36 700 566 
stack 69:    581 659 940 546 168 438 590 
stack 70:    440 493 495 564 584 100 5 
stack 71:    639 67 895 434 3 512 190 
stack 72:    969 90 468 242 351 988 623 
stack 73:    140 491 195 705 739 54 627 
stack 74:    650 403 656 484 661 790 702 
stack 75:    328 418 96 332 119 741 75 
stack 76:    105 26 144 552 663 300 6 
stack 77:    615 756 845 68 378 349 25 
stack 78:    662 496 450 807 916 898 752 
stack 79:    697 246 787 673 795 184 478 
stack 80:    523 855 949 631 107 421 555 
stack 81:    748 31 124 905 863 255 637 
stack 82:    937 729 240 769 719 699 243 
stack 83:    274 13 746 571 109 310 50 
stack 84:    820 381 71 98 689 968 976 
stack 85:    281 605 302 990 818 152 509 
stack 86:    893 754 46 309 878 992 559 
stack 87:    134 304 265 545 551 176 844 
stack 88:    86 342 516 751 359 824 604 
stack 89:    819 611 375 925 28 398 41 
stack 90:    348 487 788 924 653 710 517 
stack 91:    267 622 464 365 196 405 147 
stack 92:    766 978 350 220 233 435 966 
stack 93:    343 902 830 130 57 929 879 
stack 94:    763 222 568 199 314 379 726 
stack 95:    706 266 624 877 164 427 680 
stack 96:    461 920 417 290 958 466 80 
stack 97:    868 117 186 674 453 675 477 
stack 98:    572 37 616 736 280 588 23 
stack 99:    320 796 30 431 835 282 714 
stack 100:    407 775 518 891 385 543 32 
stack 101:    761 914 715 205 38 69 922 
stack 102:    462 535 767 586 81 995 18 
stack 103:    27 867 159 447 671 537 755 
stack 104:    45 126 999 890 841 97 928 
stack 105:    823 959 880 508 613 279 904 
stack 106:    889 900 930 114 856 822 389 
stack 107:    110 341 469 515 312 843 165 
stack 108:    323 862 906 106 209 979 532 
stack 109:    408 471 113 426 400 724 500 
stack 110:    399 772 629 411 169 313 125 
stack 111:    607 725 554 40 501 723 948 
stack 112:    483 340 861 750 923 882 62 
stack 113:    14 183 986 735 206 648 652 
stack 114:    336 602 327 207 684 409 859 
stack 115:    718 413 122 865 740 738 526 
stack 116:    921 846 685 709 472 657 635 
stack 117:    808 284 876 167 642 557 85 
stack 118:    638 391 530 894 179 913 872 
stack 119:    829 789 423 138 695 732 964 
stack 120:    704 448 298 549 325 263 369 
stack 121:    712 295 927 919 691 172 630 
stack 122:    92 161 899 116 558 826 273 
stack 123:    321 329 778 603 362 946 230 
stack 124:    711 945 42 765 334 903 860 
stack 125:    7 43 193 248 944 967 644 
stack 126:    933 971 141 885 909 374 837 
stack 127:    293 679 175 289 481 961 333 
stack 128:    764 449 908 513 272 489 490 
stack 129:    331 707 254 410 412 47 276 
stack 130:    363 382 575 251 84 377 34 
stack 131:    608 146 881 938 66 753 201 
stack 132:    873 203 884 802 681 592 396 
stack 133:    197 786 565 668 393 544 123 
stack 134:    268 15 717 634 897 713 587 
stack 135:    834 319 812 174 647 577 722 
stack 136:    322 798 368 538 467 238 800 
stack 137:    180 576 376 366 241 128 225 
stack 138:    757 963 200 912 250 589 347 
stack 139:    211 847 94 463 632 436 686 
stack 140:    226 149 429 358 486 832 598 
stack 141:    433 773 770 529 730 
stack 142:    636 51 511 
stack 143:    156 
stack 144:    145 104 
stack 145:    579 
stack 146:    19 
stack 147:    
stack 148:    
stack 149:    
stack 150:    
stack 151:    
stack 152:    
stack 153:    
stack 154:    
stack 155:    
stack 156:    
stack 157:    
stack 158:    
stack 159:    
stack 160:    
stack 161:    
stack 162:    
stack 163:    
stack 164:    
stack 165:    
stack 166:    
stack 167:    
stack 168:    
stack 169:    
stack 170:    
stack 171:    
