solved with: SP.post_optimization_methods.TabuSearch
time limit: 3600.0 s
time to solve: 1667,29 s
objective value: 1228865.48

stacks (top to bottom):
stack 0:    
stack 1:    
stack 2:    
stack 3:    503 
stack 4:    4 
stack 5:    505 5 
stack 6:    
stack 7:    7 
stack 8:    508 
stack 9:    9 
stack 10:    10 
stack 11:    11 
stack 12:    
stack 13:    513 
stack 14:    
stack 15:    15 
stack 16:    516 
stack 17:    17 763 620 22 518 760 
stack 18:    871 700 519 408 296 207 44 
stack 19:    276 521 624 331 430 686 441 
stack 20:    520 422 555 30 489 365 67 
stack 21:    26 524 35 534 46 116 210 
stack 22:    28 143 462 523 174 90 435 
stack 23:    845 314 114 33 742 188 538 
stack 24:    526 869 283 614 554 959 565 
stack 25:    109 108 544 770 998 549 890 
stack 26:    329 603 350 452 426 581 997 
stack 27:    889 594 247 761 680 172 656 
stack 28:    45 37 985 262 134 212 797 
stack 29:    734 243 798 449 577 308 531 
stack 30:    535 34 578 850 394 695 973 
stack 31:    456 50 559 574 809 842 545 
stack 32:    863 733 533 564 125 460 600 
stack 33:    377 541 236 709 128 536 135 
stack 34:    42 434 38 327 186 245 946 
stack 35:    113 991 451 615 213 988 400 
stack 36:    370 778 478 493 357 337 953 
stack 37:    199 118 780 773 181 986 596 
stack 38:    184 666 949 757 103 140 269 
stack 39:    215 100 315 743 119 943 107 
stack 40:    831 231 40 631 470 485 198 
stack 41:    205 964 56 115 77 179 464 
stack 42:    835 860 355 423 756 313 62 
stack 43:    898 333 968 607 415 663 165 
stack 44:    667 739 58 588 105 348 994 
stack 45:    63 303 491 828 192 714 51 
stack 46:    393 911 785 626 557 558 562 
stack 47:    414 932 79 473 896 560 312 
stack 48:    383 568 141 703 316 678 989 
stack 49:    639 765 49 412 635 420 244 
stack 50:    340 598 202 944 221 920 419 
stack 51:    697 945 645 608 643 637 287 
stack 52:    465 176 241 967 758 88 193 
stack 53:    471 922 344 53 556 359 867 
stack 54:    776 805 676 612 182 604 618 
stack 55:    882 584 299 619 455 289 248 
stack 56:    738 848 65 275 570 904 436 
stack 57:    319 416 163 919 75 338 752 
stack 58:    855 171 271 438 261 136 675 
stack 59:    196 150 649 655 888 830 891 
stack 60:    868 70 801 864 484 853 339 
stack 61:    917 404 854 237 133 909 453 
stack 62:    907 229 810 349 142 288 381 
stack 63:    258 779 918 812 97 987 951 
stack 64:    883 498 602 495 364 877 169 
stack 65:    307 161 847 83 137 582 993 
stack 66:    399 651 278 220 610 469 190 
stack 67:    175 91 101 304 870 284 273 
stack 68:    844 924 811 425 360 884 380 
stack 69:    590 833 158 117 781 372 69 
stack 70:    862 865 445 373 361 995 443 
stack 71:    589 970 240 764 712 817 302 
stack 72:    984 311 856 330 696 265 358 
stack 73:    647 735 906 98 459 362 677 
stack 74:    762 650 670 392 291 148 665 
stack 75:    242 606 766 461 713 768 935 
stack 76:    625 648 483 662 496 233 257 
stack 77:    397 490 407 750 126 690 597 
stack 78:    345 385 413 218 427 211 323 
stack 79:    814 671 784 772 707 599 613 
stack 80:    328 982 787 711 726 885 965 
stack 81:    996 448 120 124 958 642 132 
stack 82:    272 972 974 605 960 226 89 
stack 83:    403 384 249 790 740 167 644 
stack 84:    421 197 893 122 653 424 851 
stack 85:    386 418 468 458 454 933 744 
stack 86:    500 501 0 
stack 87:    2 1 
stack 88:    502 
stack 89:    3 
stack 90:    504 
stack 91:    
stack 92:    506 6 
stack 93:    507 
stack 94:    8 
stack 95:    509 
stack 96:    510 
stack 97:    511 
stack 98:    12 512 
stack 99:    13 
stack 100:    514 14 
stack 101:    515 16 
stack 102:    517 
stack 103:    238 481 18 260 183 548 21 
stack 104:    497 255 20 54 352 816 396 
stack 105:    999 528 694 522 144 19 25 
stack 106:    525 24 194 633 203 376 532 
stack 107:    486 39 827 201 36 543 931 
stack 108:    563 32 679 705 480 573 537 
stack 109:    472 52 282 720 23 27 59 
stack 110:    253 390 824 487 736 371 295 
stack 111:    876 31 572 527 395 64 41 
stack 112:    942 894 550 29 808 227 804 
stack 113:    990 104 546 929 930 259 983 
stack 114:    342 821 628 61 866 529 466 
stack 115:    254 277 530 716 66 717 916 
stack 116:    755 926 354 775 585 234 542 
stack 117:    887 661 947 463 57 152 60 
stack 118:    539 336 622 592 586 977 693 
stack 119:    294 567 219 450 164 616 746 
stack 120:    82 274 149 927 788 724 540 
stack 121:    476 899 293 566 547 849 431 
stack 122:    482 551 980 99 447 880 264 
stack 123:    664 286 782 857 401 43 73 
stack 124:    875 928 366 579 382 957 813 
stack 125:    379 429 332 47 672 783 840 
stack 126:    235 910 467 892 878 979 905 
stack 127:    326 777 553 723 290 232 759 
stack 128:    800 440 708 950 387 71 561 
stack 129:    48 479 433 84 715 157 263 
stack 130:    111 246 92 688 691 131 727 
stack 131:    722 552 900 843 623 417 978 
stack 132:    658 852 96 127 825 209 93 
stack 133:    121 368 375 769 250 859 595 
stack 134:    95 72 151 771 78 285 792 
stack 135:    741 185 129 966 55 374 162 
stack 136:    80 754 921 106 636 576 346 
stack 137:    858 177 353 239 363 488 912 
stack 138:    325 789 170 123 343 737 748 
stack 139:    341 405 388 689 224 494 721 
stack 140:    147 347 832 786 130 204 268 
stack 141:    903 112 601 940 774 753 638 
stack 142:    971 223 669 749 934 684 320 
stack 143:    68 216 306 160 156 187 630 
stack 144:    575 702 841 569 955 634 956 
stack 145:    992 591 369 657 321 803 806 
stack 146:    298 155 230 954 839 251 632 
stack 147:    324 704 793 823 153 168 180 
stack 148:    815 322 728 895 406 583 937 
stack 149:    730 74 191 654 301 902 94 
stack 150:    87 751 222 719 256 281 646 
stack 151:    796 409 280 795 963 908 86 
stack 152:    981 948 297 822 300 706 391 
stack 153:    818 732 668 836 701 872 145 
stack 154:    446 718 820 747 389 731 873 
stack 155:    305 962 477 492 913 571 799 
stack 156:    745 652 621 474 939 660 214 
stack 157:    310 410 886 279 725 627 146 
stack 158:    969 699 334 593 102 499 200 
stack 159:    838 351 266 228 398 76 641 
stack 160:    270 475 617 687 166 217 611 
stack 161:    609 826 208 225 914 110 206 
stack 162:    837 154 437 819 961 457 659 
stack 163:    444 629 640 767 587 81 976 
stack 164:    881 318 674 367 173 802 580 
stack 165:    879 309 442 938 85 897 941 
stack 166:    829 915 178 874 292 428 267 
stack 167:    432 685 936 846 861 189 439 
stack 168:    791 335 138 356 729 195 378 
stack 169:    159 317 952 692 975 794 252 
stack 170:    925 139 681 710 683 834 411 
stack 171:    673 807 682 402 698 923 901 

#####################################################

solved with: SP.post_optimization_methods.HillClimbing
time limit: 3600.0 s
time to solve: 740,06 s
objective value: 1228865.48

stacks (top to bottom):
stack 0:    
stack 1:    
stack 2:    
stack 3:    503 
stack 4:    4 
stack 5:    505 5 
stack 6:    
stack 7:    7 
stack 8:    508 
stack 9:    9 
stack 10:    10 
stack 11:    11 
stack 12:    
stack 13:    513 
stack 14:    
stack 15:    15 
stack 16:    516 
stack 17:    17 28 524 18 809 435 
stack 18:    399 668 42 478 382 485 89 
stack 19:    837 406 522 141 827 19 41 
stack 20:    639 525 40 57 672 203 20 
stack 21:    730 414 26 52 50 586 25 
stack 22:    74 99 431 364 523 616 300 
stack 23:    535 876 38 291 542 537 941 
stack 24:    328 219 155 262 27 150 284 
stack 25:    270 539 32 602 615 916 543 
stack 26:    925 129 793 452 445 461 424 
stack 27:    121 70 271 100 605 743 532 
stack 28:    915 551 843 416 681 533 585 
stack 29:    30 449 631 33 226 857 323 
stack 30:    796 692 299 945 569 209 931 
stack 31:    238 559 574 296 101 576 759 
stack 32:    405 758 281 106 313 548 252 
stack 33:    463 47 211 683 188 538 358 
stack 34:    567 664 553 433 562 540 983 
stack 35:    555 568 556 573 656 662 638 
stack 36:    800 216 495 400 740 466 302 
stack 37:    429 49 388 913 870 933 346 
stack 38:    860 66 292 957 557 570 51 
stack 39:    472 111 329 404 550 43 93 
stack 40:    845 221 832 679 561 464 273 
stack 41:    991 176 547 160 546 637 687 
stack 42:    700 622 738 191 46 736 244 
stack 43:    293 451 490 764 454 419 76 
stack 44:    324 922 769 493 234 825 618 
stack 45:    303 422 344 130 161 61 372 
stack 46:    552 197 158 710 354 186 337 
stack 47:    229 333 960 362 701 152 596 
stack 48:    243 722 497 335 834 189 264 
stack 49:    68 932 675 929 822 475 157 
stack 50:    72 594 723 126 53 115 902 
stack 51:    476 465 765 992 789 938 967 
stack 52:    590 928 898 274 652 131 166 
stack 53:    258 305 777 702 389 684 88 
stack 54:    762 311 330 659 989 499 678 
stack 55:    579 893 974 125 912 267 441 
stack 56:    199 878 767 707 587 979 411 
stack 57:    812 669 914 977 748 62 214 
stack 58:    294 310 170 811 720 123 706 
stack 59:    694 350 836 633 988 90 956 
stack 60:    566 962 849 808 297 617 630 
stack 61:    366 462 939 761 680 289 453 
stack 62:    326 336 952 494 571 901 394 
stack 63:    444 855 689 425 951 304 371 
stack 64:    147 783 772 905 102 840 339 
stack 65:    143 771 173 958 196 77 116 
stack 66:    458 949 968 711 768 190 263 
stack 67:    482 208 924 785 581 103 140 
stack 68:    971 751 963 228 98 733 426 
stack 69:    895 620 321 908 608 75 727 
stack 70:    82 154 623 713 961 374 816 
stack 71:    734 572 306 110 107 744 634 
stack 72:    838 818 355 163 780 607 643 
stack 73:    345 242 787 757 782 965 145 
stack 74:    871 875 369 498 817 753 257 
stack 75:    80 112 858 874 487 142 891 
stack 76:    171 841 375 474 731 599 381 
stack 77:    437 283 911 705 691 746 200 
stack 78:    256 488 480 174 148 663 953 
stack 79:    697 635 889 803 954 195 873 
stack 80:    999 661 184 719 865 712 646 
stack 81:    947 612 117 847 714 356 265 
stack 82:    448 282 725 227 792 880 287 
stack 83:    868 685 603 739 998 334 83 
stack 84:    779 341 852 280 628 716 285 
stack 85:    996 298 175 981 923 642 655 
stack 86:    500 501 0 
stack 87:    2 1 
stack 88:    502 
stack 89:    3 
stack 90:    504 
stack 91:    
stack 92:    506 6 
stack 93:    507 
stack 94:    8 
stack 95:    509 
stack 96:    510 
stack 97:    511 
stack 98:    12 512 
stack 99:    13 
stack 100:    514 14 
stack 101:    515 16 
stack 102:    517 
stack 103:    45 481 260 23 518 21 760 
stack 104:    520 220 460 457 54 529 790 
stack 105:    528 386 544 519 34 97 580 
stack 106:    944 421 24 521 58 890 536 
stack 107:    241 85 71 380 636 565 613 
stack 108:    442 530 985 164 22 794 204 
stack 109:    526 745 810 554 36 531 545 
stack 110:    899 907 621 247 930 144 172 
stack 111:    575 113 31 609 527 775 59 
stack 112:    815 879 37 601 774 717 338 
stack 113:    393 887 185 982 614 149 430 
stack 114:    205 318 325 35 534 492 693 
stack 115:    109 471 177 883 29 349 288 
stack 116:    347 801 648 192 218 259 813 
stack 117:    918 541 39 246 286 469 249 
stack 118:    987 886 224 884 830 232 851 
stack 119:    322 826 718 96 972 331 146 
stack 120:    202 48 732 427 781 946 137 
stack 121:    277 390 420 423 132 595 604 
stack 122:    755 676 856 577 866 995 935 
stack 123:    342 657 589 279 360 698 804 
stack 124:    178 491 473 645 134 78 69 
stack 125:    776 805 910 81 686 67 641 
stack 126:    658 223 900 940 301 756 44 
stack 127:    917 276 583 674 848 237 877 
stack 128:    272 709 315 920 64 729 86 
stack 129:    980 278 588 357 415 773 436 
stack 130:    351 835 650 56 187 888 391 
stack 131:    728 807 79 363 251 558 60 
stack 132:    340 549 413 854 65 644 312 
stack 133:    829 563 833 819 153 447 797 
stack 134:    63 368 820 926 139 438 295 
stack 135:    215 735 786 417 348 359 560 
stack 136:    379 235 591 410 343 737 973 
stack 137:    409 906 222 795 483 248 993 
stack 138:    383 821 230 921 839 384 752 
stack 139:    814 332 84 670 395 997 73 
stack 140:    824 156 240 823 715 320 660 
stack 141:    467 470 489 853 885 55 484 
stack 142:    231 766 892 640 250 726 872 
stack 143:    108 654 477 842 897 695 867 
stack 144:    95 770 104 261 168 846 165 
stack 145:    647 314 984 114 784 610 919 
stack 146:    831 791 434 564 392 788 135 
stack 147:    651 122 927 943 127 162 632 
stack 148:    87 624 864 138 316 128 696 
stack 149:    236 747 398 361 194 180 597 
stack 150:    950 896 964 619 290 690 955 
stack 151:    456 754 412 990 970 802 799 
stack 152:    862 778 703 699 373 198 582 
stack 153:    486 385 666 201 428 378 611 
stack 154:    673 309 317 124 183 627 850 
stack 155:    446 440 903 402 682 212 179 
stack 156:    377 763 578 367 649 909 193 
stack 157:    266 798 606 859 401 976 233 
stack 158:    253 584 408 225 407 959 626 
stack 159:    828 863 978 653 365 245 181 
stack 160:    844 118 479 418 239 455 986 
stack 161:    370 625 671 105 119 593 443 
stack 162:    881 942 894 91 133 994 94 
stack 163:    741 182 629 206 724 207 600 
stack 164:    869 969 327 966 677 665 439 
stack 165:    708 432 307 704 468 459 269 
stack 166:    159 353 387 92 213 167 169 
stack 167:    319 151 975 948 750 688 308 
stack 168:    882 403 120 936 934 210 217 
stack 169:    254 592 397 806 904 268 396 
stack 170:    667 742 255 352 376 496 861 
stack 171:    598 749 450 136 275 937 721 
