solved with: SP.post_optimization_methods.TabuSearch
time limit: 3600.0 s
time to solve: 968,19 s
objective value: 1228889.72

stacks (top to bottom):
stack 0:    
stack 1:    
stack 2:    2 
stack 3:    3 
stack 4:    4 
stack 5:    505 
stack 6:    6 
stack 7:    7 
stack 8:    
stack 9:    9 
stack 10:    
stack 11:    11 
stack 12:    512 
stack 13:    513 
stack 14:    14 
stack 15:    515 
stack 16:    519 
stack 17:    709 517 17 18 523 
stack 18:    255 466 232 202 72 260 341 
stack 19:    526 46 34 275 150 22 724 
stack 20:    698 525 990 543 926 20 343 
stack 21:    799 25 594 608 528 605 905 
stack 22:    26 924 36 752 272 263 113 
stack 23:    914 227 886 194 364 577 424 
stack 24:    630 317 823 438 407 731 32 
stack 25:    841 30 582 547 214 133 898 
stack 26:    175 288 374 763 198 499 154 
stack 27:    480 648 999 296 548 574 715 
stack 28:    529 31 91 253 904 824 157 
stack 29:    783 626 981 313 408 48 638 
stack 30:    602 540 297 880 57 155 441 
stack 31:    294 535 121 40 853 88 534 
stack 32:    112 920 252 196 930 92 561 
stack 33:    226 653 430 979 948 172 383 
stack 34:    234 453 315 558 349 769 274 
stack 35:    562 135 143 891 633 624 41 
stack 36:    781 591 600 414 410 116 925 
stack 37:    791 906 900 222 742 367 231 
stack 38:    758 267 228 753 167 314 593 
stack 39:    932 386 87 664 82 965 793 
stack 40:    43 734 434 420 380 413 70 
stack 41:    409 756 775 475 45 52 798 
stack 42:    240 429 629 276 550 459 254 
stack 43:    719 102 814 836 118 961 978 
stack 44:    74 127 738 800 704 362 193 
stack 45:    966 62 788 559 875 817 293 
stack 46:    911 712 576 772 47 345 412 
stack 47:    204 59 818 163 209 755 353 
stack 48:    834 666 225 290 354 435 425 
stack 49:    182 564 646 939 854 344 850 
stack 50:    90 212 809 394 827 716 431 
stack 51:    689 242 220 388 156 51 458 
stack 52:    417 352 479 281 567 691 184 
stack 53:    65 862 946 909 565 261 168 
stack 54:    239 663 986 247 104 375 746 
stack 55:    145 993 987 868 469 586 292 
stack 56:    363 264 223 322 203 927 849 
stack 57:    921 871 888 649 874 233 848 
stack 58:    613 340 989 325 58 188 672 
stack 59:    749 599 130 767 748 305 707 
stack 60:    61 66 635 721 432 190 268 
stack 61:    829 79 655 218 312 877 621 
stack 62:    992 678 187 439 910 213 789 
stack 63:    751 235 85 566 810 806 657 
stack 64:    967 996 443 411 673 677 418 
stack 65:    832 357 988 98 316 581 123 
stack 66:    923 962 916 403 81 579 893 
stack 67:    422 901 995 784 826 224 397 
stack 68:    736 457 103 358 282 607 108 
stack 69:    348 958 937 747 660 177 955 
stack 70:    570 675 291 415 329 764 726 
stack 71:    943 892 399 484 711 945 498 
stack 72:    768 384 361 831 913 957 878 
stack 73:    206 922 471 797 872 792 589 
stack 74:    189 953 359 201 952 490 680 
stack 75:    745 936 970 786 659 229 740 
stack 76:    191 714 908 873 230 237 488 
stack 77:    385 765 584 912 481 405 977 
stack 78:    169 419 785 455 980 78 985 
stack 79:    782 356 598 699 463 328 917 
stack 80:    496 472 216 761 650 489 592 
stack 81:    661 949 859 307 884 395 200 
stack 82:    735 147 883 402 141 360 918 
stack 83:    84 670 897 652 603 889 855 
stack 84:    105 821 620 86 805 279 256 
stack 85:    595 697 136 454 492 684 896 
stack 86:    500 0 
stack 87:    1 501 
stack 88:    502 
stack 89:    503 
stack 90:    504 
stack 91:    5 
stack 92:    
stack 93:    508 507 506 
stack 94:    8 
stack 95:    509 
stack 96:    10 510 
stack 97:    
stack 98:    12 511 
stack 99:    514 13 
stack 100:    15 
stack 101:    516 
stack 102:    518 16 
stack 103:    915 28 531 19 248 527 29 
stack 104:    493 760 687 842 445 610 665 
stack 105:    158 538 393 537 520 125 983 
stack 106:    23 522 217 651 705 521 870 
stack 107:    903 21 487 929 138 80 563 
stack 108:    811 533 35 162 134 568 524 
stack 109:    308 249 838 794 330 295 856 
stack 110:    273 601 606 609 464 778 24 
stack 111:    865 437 153 686 27 376 544 
stack 112:    774 258 934 144 713 641 327 
stack 113:    398 287 33 690 319 822 56 
stack 114:    284 174 39 935 618 820 465 
stack 115:    830 530 271 378 642 710 573 
stack 116:    541 60 197 266 741 864 280 
stack 117:    729 37 38 759 148 545 717 
stack 118:    461 532 895 160 843 450 179 
stack 119:    55 338 674 959 858 645 151 
stack 120:    406 725 556 546 902 575 449 
stack 121:    667 619 49 549 696 309 693 
stack 122:    833 536 688 50 554 311 578 
stack 123:    933 669 369 67 812 682 447 
stack 124:    382 787 825 299 844 164 178 
stack 125:    44 219 640 777 622 542 539 
stack 126:    371 117 555 585 140 170 692 
stack 127:    804 236 42 377 637 53 257 
stack 128:    210 951 283 106 991 647 137 
stack 129:    351 486 428 894 259 766 440 
stack 130:    286 770 433 456 887 101 336 
stack 131:    109 703 706 95 971 973 776 
stack 132:    310 679 553 495 77 656 625 
stack 133:    956 326 998 771 71 111 452 
stack 134:    816 695 720 482 63 372 73 
stack 135:    99 739 416 552 551 64 840 
stack 136:    919 835 643 683 350 165 446 
stack 137:    560 318 320 470 839 54 301 
stack 138:    183 616 580 828 277 907 890 
stack 139:    623 401 557 83 702 68 723 
stack 140:    76 485 662 390 400 93 347 
stack 141:    171 300 331 728 634 497 243 
stack 142:    757 124 954 346 474 185 847 
stack 143:    131 631 122 733 176 572 173 
stack 144:    207 69 938 671 737 110 404 
stack 145:    942 161 700 89 477 569 773 
stack 146:    444 246 483 701 587 128 941 
stack 147:    355 494 604 129 982 596 658 
stack 148:    460 205 681 837 857 727 744 
stack 149:    851 779 244 882 392 571 427 
stack 150:    304 845 881 186 75 972 969 
stack 151:    251 694 808 476 211 269 180 
stack 152:    940 846 632 964 617 803 421 
stack 153:    96 332 146 867 861 879 984 
stack 154:    262 732 885 423 149 342 107 
stack 155:    899 997 722 381 802 801 335 
stack 156:    615 588 876 860 685 114 199 
stack 157:    97 762 807 950 718 192 668 
stack 158:    644 321 636 944 590 139 473 
stack 159:    238 863 462 436 159 815 370 
stack 160:    491 100 245 270 152 963 442 
stack 161:    302 960 215 221 478 614 289 
stack 162:    323 324 813 379 852 387 866 
stack 163:    126 790 612 391 743 166 928 
stack 164:    975 639 708 976 583 796 994 
stack 165:    931 366 241 451 365 298 119 
stack 166:    819 795 278 285 120 94 974 
stack 167:    628 339 627 654 426 468 947 
stack 168:    754 132 389 306 303 250 368 
stack 169:    265 780 333 181 448 611 334 
stack 170:    750 730 597 115 195 208 869 
stack 171:    968 142 373 676 467 396 337 

#####################################################

solved with: SP.post_optimization_methods.HillClimbing
time limit: 3600.0 s
time to solve: 816,52 s
objective value: 1228889.73

stacks (top to bottom):
stack 0:    
stack 1:    
stack 2:    2 
stack 3:    3 
stack 4:    4 
stack 5:    505 
stack 6:    6 
stack 7:    7 
stack 8:    
stack 9:    9 
stack 10:    
stack 11:    11 
stack 12:    512 
stack 13:    513 
stack 14:    14 
stack 15:    515 
stack 16:    519 
stack 17:    517 17 18 329 672 
stack 18:    42 260 542 27 523 521 68 
stack 19:    26 688 318 51 54 554 344 
stack 20:    406 55 30 655 694 438 24 
stack 21:    61 493 43 530 420 594 458 
stack 22:    308 33 816 916 650 718 440 
stack 23:    462 943 356 34 285 35 224 
stack 24:    615 911 556 434 582 836 563 
stack 25:    105 832 525 244 547 902 528 
stack 26:    541 604 31 967 259 197 527 
stack 27:    84 384 416 883 41 727 850 
stack 28:    304 783 28 635 195 776 980 
stack 29:    258 333 39 705 57 489 857 
stack 30:    532 46 430 86 617 961 410 
stack 31:    588 37 761 535 937 94 431 
stack 32:    255 560 320 839 412 467 301 
stack 33:    496 36 388 455 889 168 116 
stack 34:    238 125 454 598 291 680 930 
stack 35:    791 962 40 843 801 75 978 
stack 36:    835 537 876 756 277 621 184 
stack 37:    38 49 759 643 823 548 711 
stack 38:    819 966 787 228 93 193 726 
stack 39:    709 95 313 579 565 52 188 
stack 40:    933 871 372 803 70 634 928 
stack 41:    394 863 436 289 853 468 56 
stack 42:    775 700 901 827 585 415 397 
stack 43:    765 236 739 303 737 250 717 
stack 44:    602 960 676 690 408 728 448 
stack 45:    553 987 208 110 47 495 316 
stack 46:    906 648 770 794 223 275 551 
stack 47:    99 712 702 552 451 893 773 
stack 48:    698 182 127 831 784 884 314 
stack 49:    207 215 821 788 632 256 342 
stack 50:    867 595 892 390 815 817 298 
stack 51:    444 997 456 738 92 101 421 
stack 52:    273 398 631 873 785 752 572 
stack 53:    881 954 646 474 755 343 335 
stack 54:    750 382 60 136 612 427 452 
stack 55:    286 591 944 339 654 399 64 
stack 56:    216 234 868 741 789 473 848 
stack 57:    782 241 77 977 905 715 573 
stack 58:    936 564 685 861 324 395 442 
stack 59:    389 202 576 914 619 330 360 
stack 60:    457 670 779 886 822 376 677 
stack 61:    639 267 185 141 71 686 945 
stack 62:    774 797 471 976 792 88 568 
stack 63:    332 240 922 235 443 139 108 
stack 64:    845 811 232 124 281 268 327 
stack 65:    326 171 363 221 651 898 396 
stack 66:    239 145 161 649 413 80 237 
stack 67:    212 958 609 948 400 383 337 
stack 68:    132 795 935 162 800 424 305 
stack 69:    210 175 996 894 164 764 151 
stack 70:    838 701 802 887 989 347 941 
stack 71:    633 469 375 624 660 577 200 
stack 72:    131 287 79 220 481 194 681 
stack 73:    940 915 679 580 653 134 668 
stack 74:    754 729 618 85 614 370 796 
stack 75:    708 121 995 589 150 969 157 
stack 76:    265 745 921 263 138 78 607 
stack 77:    736 762 988 907 464 114 165 
stack 78:    417 146 790 279 391 704 293 
stack 79:    923 829 461 129 414 253 152 
stack 80:    897 900 808 214 586 177 368 
stack 81:    371 697 599 983 972 592 180 
stack 82:    942 466 971 345 856 656 280 
stack 83:    830 142 247 696 824 731 447 
stack 84:    956 494 981 777 837 154 404 
stack 85:    735 623 358 626 295 625 488 
stack 86:    500 0 
stack 87:    1 501 
stack 88:    502 
stack 89:    503 
stack 90:    504 
stack 91:    5 
stack 92:    
stack 93:    508 507 506 
stack 94:    8 
stack 95:    509 
stack 96:    10 510 
stack 97:    
stack 98:    12 511 
stack 99:    514 13 
stack 100:    15 
stack 101:    516 
stack 102:    518 16 
stack 103:    628 661 520 964 19 692 166 
stack 104:    951 536 924 973 545 176 539 
stack 105:    526 21 20 81 549 233 693 
stack 106:    109 986 999 352 813 550 746 
stack 107:    529 522 278 747 22 793 32 
stack 108:    23 201 196 490 994 107 254 
stack 109:    62 970 460 59 87 322 334 
stack 110:    669 833 251 608 272 445 524 
stack 111:    66 25 760 938 69 733 499 
stack 112:    262 713 662 559 691 864 73 
stack 113:    799 385 725 706 67 296 603 
stack 114:    531 805 29 852 840 904 261 
stack 115:    597 557 841 763 53 199 544 
stack 116:    144 386 433 340 534 58 810 
stack 117:    310 533 540 486 379 120 820 
stack 118:    393 749 266 558 555 641 450 
stack 119:    538 846 909 482 874 48 441 
stack 120:    992 912 990 781 678 439 571 
stack 121:    44 284 206 825 786 63 173 
stack 122:    97 908 703 102 98 205 243 
stack 123:    601 730 174 877 546 231 418 
stack 124:    65 401 543 377 218 72 882 
stack 125:    338 312 104 627 575 432 50 
stack 126:    630 616 903 683 590 596 581 
stack 127:    562 143 83 476 198 918 336 
stack 128:    321 227 600 484 45 947 497 
stack 129:    851 428 872 172 766 566 561 
stack 130:    975 76 252 859 699 952 229 
stack 131:    323 437 860 429 879 149 878 
stack 132:    191 771 373 888 652 710 353 
stack 133:    934 472 939 426 257 985 578 
stack 134:    768 663 804 156 122 405 113 
stack 135:    204 719 147 674 211 118 365 
stack 136:    862 491 300 264 453 665 869 
stack 137:    242 640 187 222 720 950 723 
stack 138:    814 91 477 647 354 309 767 
stack 139:    899 485 117 492 290 638 658 
stack 140:    189 920 82 963 269 645 119 
stack 141:    695 734 772 402 742 364 449 
stack 142:    919 357 103 993 192 611 847 
stack 143:    74 369 929 991 574 798 498 
stack 144:    807 926 403 880 569 407 707 
stack 145:    953 130 159 949 359 675 325 
stack 146:    968 584 230 169 419 671 446 
stack 147:    714 891 378 642 610 855 111 
stack 148:    483 411 927 875 349 311 925 
stack 149:    249 636 979 844 682 910 213 
stack 150:    480 644 758 780 479 974 128 
stack 151:    302 409 885 753 170 341 274 
stack 152:    226 348 606 567 913 957 778 
stack 153:    100 629 423 140 315 583 866 
stack 154:    570 722 732 613 167 896 870 
stack 155:    183 689 160 620 664 984 965 
stack 156:    366 587 849 276 659 826 387 
stack 157:    96 271 470 721 605 982 292 
stack 158:    809 684 307 463 328 179 362 
stack 159:    90 351 751 89 299 743 203 
stack 160:    865 834 153 828 475 673 769 
stack 161:    126 422 297 350 137 282 806 
stack 162:    112 895 355 186 209 248 666 
stack 163:    946 931 667 106 959 155 657 
stack 164:    374 331 818 854 890 178 425 
stack 165:    158 317 361 381 225 459 917 
stack 166:    294 622 133 217 716 367 858 
stack 167:    219 135 687 842 148 190 392 
stack 168:    998 283 487 812 319 744 748 
stack 169:    932 306 478 163 181 270 593 
stack 170:    115 380 637 435 955 724 123 
stack 171:    757 288 246 346 245 465 740 
