solved with: SP.post_optimization_methods.TabuSearch
time limit: 3600.0 s
time to solve: 1528,11 s
objective value: 1228877.6

stacks (top to bottom):
stack 0:    
stack 1:    1 
stack 2:    502 
stack 3:    
stack 4:    
stack 5:    505 
stack 6:    507 
stack 7:    
stack 8:    508 
stack 9:    9 
stack 10:    11 
stack 11:    
stack 12:    512 
stack 13:    
stack 14:    514 14 
stack 15:    15 
stack 16:    16 
stack 17:    943 354 531 520 20 83 
stack 18:    627 55 525 760 566 703 491 
stack 19:    33 50 241 345 893 522 543 
stack 20:    23 976 35 941 34 41 235 
stack 21:    662 192 161 236 279 535 630 
stack 22:    364 528 645 27 228 836 60 
stack 23:    403 31 990 708 542 554 42 
stack 24:    982 533 203 733 577 858 705 
stack 25:    43 968 58 678 238 882 930 
stack 26:    71 319 647 32 904 639 749 
stack 27:    698 167 641 373 559 887 124 
stack 28:    798 954 844 791 414 321 669 
stack 29:    536 823 408 781 570 474 44 
stack 30:    988 499 595 291 56 30 446 
stack 31:    139 432 540 317 680 191 925 
stack 32:    920 815 840 736 472 38 861 
stack 33:    149 744 411 850 103 983 220 
stack 34:    772 726 280 342 793 835 932 
stack 35:    45 873 546 37 890 584 40 
stack 36:    186 710 93 67 574 901 135 
stack 37:    390 962 774 463 142 915 567 
stack 38:    49 330 465 46 553 725 188 
stack 39:    562 379 199 168 286 874 48 
stack 40:    248 284 541 253 87 854 978 
stack 41:    857 622 273 211 825 808 757 
stack 42:    877 435 935 615 115 737 800 
stack 43:    555 936 561 88 714 732 405 
stack 44:    743 881 865 206 450 992 550 
stack 45:    194 812 479 685 675 769 776 
stack 46:    805 134 938 421 125 205 54 
stack 47:    75 604 288 552 154 412 267 
stack 48:    383 986 587 859 720 753 965 
stack 49:    966 797 998 618 53 640 734 
stack 50:    326 707 225 318 931 251 896 
stack 51:    811 611 918 477 263 802 885 
stack 52:    332 646 989 274 73 974 557 
stack 53:    923 146 761 564 828 285 944 
stack 54:    597 333 131 957 906 832 309 
stack 55:    455 195 481 252 739 372 270 
stack 56:    750 697 682 428 654 394 851 
stack 57:    488 158 265 643 96 64 61 
stack 58:    148 658 633 694 413 417 451 
stack 59:    928 391 281 589 916 145 189 
stack 60:    846 416 560 102 222 644 121 
stack 61:    331 578 423 981 301 970 176 
stack 62:    468 568 913 386 155 196 305 
stack 63:    396 65 141 353 636 234 278 
stack 64:    652 464 867 313 356 272 262 
stack 65:    246 97 777 985 740 81 245 
stack 66:    738 679 667 374 485 910 585 
stack 67:    283 593 795 969 949 579 600 
stack 68:    754 200 193 77 701 677 303 
stack 69:    588 407 613 282 431 806 706 
stack 70:    821 724 629 366 348 92 661 
stack 71:    187 255 322 653 809 975 576 
stack 72:    447 955 100 343 964 715 688 
stack 73:    290 771 713 436 457 719 152 
stack 74:    493 300 581 337 441 728 626 
stack 75:    814 470 751 242 875 314 756 
stack 76:    434 164 952 599 958 649 819 
stack 77:    934 239 872 368 960 401 596 
stack 78:    616 445 716 392 452 461 619 
stack 79:    350 856 991 444 735 299 799 
stack 80:    367 792 946 323 905 89 298 
stack 81:    110 156 202 953 607 660 845 
stack 82:    105 635 691 963 338 101 315 
stack 83:    623 380 594 625 681 495 108 
stack 84:    884 827 922 902 201 106 325 
stack 85:    346 837 294 250 153 293 476 
stack 86:    500 0 
stack 87:    501 
stack 88:    2 
stack 89:    3 503 
stack 90:    5 504 4 
stack 91:    
stack 92:    6 506 
stack 93:    7 
stack 94:    8 
stack 95:    509 
stack 96:    10 510 
stack 97:    511 
stack 98:    12 
stack 99:    513 
stack 100:    13 
stack 101:    515 517 
stack 102:    516 
stack 103:    518 260 519 17 993 22 209 
stack 104:    175 693 257 261 18 440 397 
stack 105:    19 529 24 590 523 208 779 
stack 106:    521 21 526 86 870 537 475 
stack 107:    340 25 534 524 624 926 198 
stack 108:    768 344 548 213 848 483 426 
stack 109:    358 608 730 59 28 212 29 
stack 110:    120 527 369 467 26 460 979 
stack 111:    788 770 448 365 871 243 185 
stack 112:    745 532 361 147 143 433 742 
stack 113:    816 538 755 826 530 580 427 
stack 114:    402 349 144 359 919 833 547 
stack 115:    458 609 244 563 586 453 130 
stack 116:    582 801 782 352 545 909 853 
stack 117:    438 79 634 443 571 921 717 
stack 118:    422 852 591 598 759 276 686 
stack 119:    47 430 610 297 76 894 456 
stack 120:    898 39 638 863 486 266 162 
stack 121:    249 69 78 794 214 478 656 
stack 122:    614 334 666 790 302 950 36 
stack 123:    259 818 637 684 674 473 376 
stack 124:    122 72 406 876 569 803 126 
stack 125:    181 539 487 111 718 929 66 
stack 126:    385 178 215 224 659 897 544 
stack 127:    763 204 107 689 783 573 842 
stack 128:    556 173 551 907 813 132 229 
stack 129:    880 917 758 549 311 807 324 
stack 130:    565 339 137 967 52 849 810 
stack 131:    889 207 937 150 57 335 673 
stack 132:    51 320 429 961 388 940 834 
stack 133:    899 868 98 606 971 841 903 
stack 134:    296 786 355 621 223 741 310 
stack 135:    620 603 287 240 959 980 839 
stack 136:    159 104 987 748 304 113 829 
stack 137:    817 166 362 995 924 927 165 
stack 138:    785 425 617 133 442 82 62 
stack 139:    221 170 230 888 994 197 558 
stack 140:    572 437 471 628 329 672 601 
stack 141:    843 939 94 575 702 494 956 
stack 142:    942 182 63 670 911 895 375 
stack 143:    592 449 723 778 663 762 480 
stack 144:    114 160 484 727 676 766 773 
stack 145:    864 219 217 657 128 384 951 
stack 146:    357 409 123 140 695 721 84 
stack 147:    393 700 268 157 90 68 377 
stack 148:    933 424 316 109 91 651 784 
stack 149:    892 85 95 418 275 226 879 
stack 150:    683 855 360 948 908 830 878 
stack 151:    151 997 370 177 860 258 347 
stack 152:    387 822 712 454 999 398 671 
stack 153:    169 312 306 900 498 847 462 
stack 154:    492 400 256 80 583 789 664 
stack 155:    190 862 631 70 787 912 395 
stack 156:    237 869 371 99 489 328 972 
stack 157:    764 775 648 947 796 866 183 
stack 158:    112 709 419 292 264 341 804 
stack 159:    731 612 129 327 410 180 218 
stack 160:    74 711 210 699 138 439 174 
stack 161:    295 469 233 824 722 232 307 
stack 162:    184 831 687 381 116 780 692 
stack 163:    363 914 665 415 420 482 179 
stack 164:    767 163 247 632 984 605 466 
stack 165:    704 820 729 747 496 119 459 
stack 166:    746 752 650 351 497 399 765 
stack 167:    378 690 117 668 973 945 171 
stack 168:    490 996 172 977 118 231 642 
stack 169:    336 404 696 127 269 216 655 
stack 170:    883 277 382 289 389 254 891 
stack 171:    227 136 271 838 308 602 886 

#####################################################

solved with: SP.post_optimization_methods.HillClimbing
time limit: 3600.0 s
time to solve: 977,48 s
objective value: 1228871.54

stacks (top to bottom):
stack 0:    
stack 1:    1 
stack 2:    502 
stack 3:    
stack 4:    
stack 5:    505 
stack 6:    
stack 7:    
stack 8:    507 508 
stack 9:    9 
stack 10:    11 
stack 11:    
stack 12:    512 
stack 13:    
stack 14:    514 14 
stack 15:    15 
stack 16:    516 
stack 17:    612 531 520 522 734 20 
stack 18:    521 104 760 222 373 602 398 
stack 19:    33 869 156 962 997 553 682 
stack 20:    122 528 568 37 34 453 543 
stack 21:    259 175 538 21 32 479 655 
stack 22:    529 334 200 727 243 930 347 
stack 23:    627 383 546 691 975 352 672 
stack 24:    767 540 539 27 926 24 879 
stack 25:    556 467 809 535 28 451 29 
stack 26:    43 816 349 981 888 574 48 
stack 27:    786 469 65 343 867 183 30 
stack 28:    536 716 534 533 566 318 924 
stack 29:    928 828 751 676 545 670 272 
stack 30:    194 680 86 308 583 532 130 
stack 31:    53 35 687 70 299 491 417 
stack 32:    47 404 723 759 484 337 254 
stack 33:    221 560 359 301 537 688 189 
stack 34:    597 987 665 563 906 324 303 
stack 35:    555 39 172 624 399 715 554 
stack 36:    51 112 880 269 166 76 106 
stack 37:    340 75 98 850 927 66 829 
stack 38:    277 881 244 63 224 860 274 
stack 39:    71 846 771 971 205 784 630 
stack 40:    798 114 206 854 848 790 428 
stack 41:    712 45 355 414 125 231 596 
stack 42:    707 593 621 803 275 989 706 
stack 43:    745 159 94 415 730 234 267 
stack 44:    582 650 141 548 778 703 799 
stack 45:    464 425 482 293 153 765 62 
stack 46:    750 380 986 279 633 559 951 
stack 47:    588 572 653 770 824 929 431 
stack 48:    336 284 690 167 573 994 887 
stack 49:    923 657 362 969 443 819 480 
stack 50:    821 684 890 885 728 878 84 
stack 51:    396 996 378 346 144 52 749 
stack 52:    332 731 978 61 577 664 557 
stack 53:    391 774 988 74 570 57 779 
stack 54:    743 127 322 934 401 567 218 
stack 55:    939 320 785 312 157 285 456 
stack 56:    319 713 638 967 361 863 956 
stack 57:    982 843 158 955 493 496 677 
stack 58:    187 241 985 681 59 836 910 
stack 59:    738 898 348 229 111 457 580 
stack 60:    295 105 652 768 161 67 133 
stack 61:    227 280 342 815 646 286 426 
stack 62:    326 120 193 983 258 886 671 
stack 63:    724 748 827 999 118 974 669 
stack 64:    772 306 329 198 220 651 804 
stack 65:    402 468 449 413 694 412 162 
stack 66:    164 424 952 370 953 576 692 
stack 67:    817 764 775 273 964 599 705 
stack 68:    899 255 444 201 109 875 209 
stack 69:    149 591 907 452 263 152 626 
stack 70:    248 448 90 740 245 571 188 
stack 71:    364 387 470 659 471 384 235 
stack 72:    438 87 190 617 870 849 266 
stack 73:    432 868 812 475 309 171 756 
stack 74:    614 351 409 916 695 372 773 
stack 75:    357 852 239 893 719 915 462 
stack 76:    290 968 204 191 606 702 859 
stack 77:    181 246 294 304 233 977 661 
stack 78:    696 998 79 894 374 165 686 
stack 79:    811 461 214 590 228 753 944 
stack 80:    693 647 838 714 323 832 298 
stack 81:    422 403 268 386 595 980 325 
stack 82:    761 622 128 115 649 174 262 
stack 83:    616 345 460 984 605 607 950 
stack 84:    961 795 589 338 825 155 600 
stack 85:    864 678 658 392 876 440 143 
stack 86:    500 0 
stack 87:    501 
stack 88:    2 
stack 89:    3 503 
stack 90:    5 504 4 
stack 91:    
stack 92:    6 506 
stack 93:    7 
stack 94:    8 
stack 95:    509 
stack 96:    10 510 
stack 97:    511 
stack 98:    12 
stack 99:    513 
stack 100:    13 
stack 101:    515 
stack 102:    17 16 
stack 103:    518 260 519 19 517 154 524 
stack 104:    698 257 261 18 644 397 442 
stack 105:    25 856 575 569 587 908 757 
stack 106:    814 526 311 882 608 523 124 
stack 107:    603 344 22 353 68 410 544 
stack 108:    23 937 297 287 26 473 376 
stack 109:    797 525 645 213 550 530 810 
stack 110:    110 873 527 31 935 542 368 
stack 111:    430 97 217 216 973 82 558 
stack 112:    490 199 549 131 674 113 40 
stack 113:    69 581 913 478 874 585 932 
stack 114:    610 411 904 561 733 341 851 
stack 115:    435 195 564 495 291 673 972 
stack 116:    100 369 316 240 242 44 36 
stack 117:    371 499 481 963 725 42 60 
stack 118:    943 667 777 625 780 979 41 
stack 119:    50 46 99 439 328 762 466 
stack 120:    541 726 936 450 736 639 459 
stack 121:    367 49 142 648 959 135 776 
stack 122:    662 186 788 487 333 477 902 
stack 123:    938 992 226 64 741 441 83 
stack 124:    933 163 497 900 708 278 38 
stack 125:    72 781 990 145 853 108 721 
stack 126:    136 604 636 720 847 839 446 
stack 127:    565 429 700 737 579 356 958 
stack 128:    831 758 207 420 552 54 547 
stack 129:    884 178 666 454 841 282 476 
stack 130:    792 562 641 230 919 793 769 
stack 131:    889 407 354 252 739 489 315 
stack 132:    455 138 210 897 335 56 766 
stack 133:    148 93 551 689 288 358 755 
stack 134:    434 877 463 202 699 711 101 
stack 135:    151 857 339 232 73 307 305 
stack 136:    683 883 620 822 182 418 901 
stack 137:    385 679 594 628 613 808 180 
stack 138:    408 393 123 948 925 314 965 
stack 139:    618 976 437 931 794 321 601 
stack 140:    55 447 995 313 177 150 866 
stack 141:    805 78 173 637 406 317 835 
stack 142:    296 862 991 77 483 722 921 
stack 143:    139 184 381 215 281 96 642 
stack 144:    763 629 58 844 813 791 858 
stack 145:    458 134 95 840 807 643 903 
stack 146:    488 954 920 783 88 147 89 
stack 147:    253 709 85 137 388 208 185 
stack 148:    697 360 81 911 196 872 212 
stack 149:    249 914 107 940 735 789 395 
stack 150:    578 492 400 170 826 389 121 
stack 151:    966 283 942 801 949 806 427 
stack 152:    892 635 169 782 365 276 861 
stack 153:    865 116 586 871 126 119 845 
stack 154:    941 300 140 494 732 970 834 
stack 155:    818 837 631 103 802 405 176 
stack 156:    744 117 946 918 238 485 310 
stack 157:    366 192 729 419 292 203 433 
stack 158:    350 271 710 92 382 668 486 
stack 159:    363 609 855 611 421 957 472 
stack 160:    265 236 132 168 701 640 830 
stack 161:    331 685 842 747 912 945 619 
stack 162:    146 947 796 302 660 654 742 
stack 163:    820 416 423 675 80 289 197 
stack 164:    704 379 102 256 905 833 264 
stack 165:    592 746 160 615 375 377 270 
stack 166:    754 225 922 718 250 251 896 
stack 167:    445 219 993 632 474 800 960 
stack 168:    390 330 247 634 598 91 656 
stack 169:    823 436 223 179 787 584 891 
stack 170:    237 623 465 129 327 895 717 
stack 171:    752 917 211 663 909 498 394 
