lower bound for relaxed s_ij: 1228863.04

#####################################################

solved with: SP.mip_formulations.BinPackingFormulation
time limit: 3600.0 s
time to solve: 3622,73 s (time limit exceeded)
objective value: 1242465.66 (not optimal)

stacks (top to bottom):
stack 0:    1 0 500 
stack 1:    502 19 
stack 2:    3 506 2 
stack 3:    30 26 505 7 
stack 4:    4 511 20 854 6 
stack 5:    504 8 946 17 957 12 891 
stack 6:    507 521 9 527 25 15 514 
stack 7:    18 503 11 512 316 243 68 
stack 8:    699 268 670 780 529 24 921 
stack 9:    523 209 144 696 508 13 817 
stack 10:    43 348 305 41 530 110 532 
stack 11:    712 492 748 474 804 509 683 
stack 12:    518 731 403 701 553 520 513 
stack 13:    515 646 407 481 763 510 10 
stack 14:    97 427 136 21 248 31 386 
stack 15:    642 660 223 48 617 237 638 
stack 16:    868 307 737 612 533 860 853 
stack 17:    661 517 667 146 335 442 473 
stack 18:    942 608 836 238 256 783 892 
stack 19:    377 275 850 524 177 741 786 
stack 20:    629 788 955 341 839 16 14 
stack 21:    634 829 796 38 901 525 124 
stack 22:    522 666 288 36 728 742 591 
stack 23:    538 528 321 785 541 290 157 
stack 24:    55 924 378 334 133 109 99 
stack 25:    640 39 28 904 86 736 183 
stack 26:    145 80 282 590 746 689 684 
stack 27:    129 159 557 491 411 415 540 
stack 28:    632 768 539 186 556 283 713 
stack 29:    862 704 577 169 29 800 569 
stack 30:    573 222 249 111 913 895 180 
stack 31:    46 811 922 750 375 813 480 
stack 32:    714 636 790 452 441 164 542 
stack 33:    167 534 137 412 587 371 819 
stack 34:    172 398 623 393 550 250 494 
stack 35:    691 70 300 226 119 273 252 
stack 36:    422 896 114 775 279 877 96 
stack 37:    93 834 554 122 218 602 59 
stack 38:    360 274 40 915 27 526 152 
stack 39:    814 381 624 733 572 753 135 
stack 40:    154 479 468 184 420 548 35 
stack 41:    196 467 752 531 115 42 315 
stack 42:    870 5 53 328 330 417 161 
stack 43:    155 69 779 312 285 289 980 
stack 44:    697 246 163 438 216 740 51 
stack 45:    134 82 766 627 581 546 78 
stack 46:    933 470 425 387 228 445 208 
stack 47:    198 865 792 368 930 604 536 
stack 48:    693 964 81 287 203 809 547 
stack 49:    885 709 812 688 576 784 64 
stack 50:    359 346 303 918 397 414 263 
stack 51:    887 306 355 232 187 798 349 
stack 52:    50 890 98 230 314 235 76 
stack 53:    318 682 851 765 567 954 772 
stack 54:    49 281 793 705 138 953 62 
stack 55:    960 616 353 601 821 761 986 
stack 56:    909 861 805 191 181 867 147 
stack 57:    466 781 917 431 852 171 838 
stack 58:    988 419 188 647 450 698 166 
stack 59:    874 777 692 594 516 967 899 
stack 60:    175 855 843 826 339 304 749 
stack 61:    432 291 244 820 201 969 192 
stack 62:    582 543 44 603 388 130 764 
stack 63:    759 178 678 344 484 773 270 
stack 64:    126 735 448 976 472 806 631 
stack 65:    101 756 490 207 700 357 408 
stack 66:    881 944 643 185 356 149 808 
stack 67:    774 837 995 413 104 347 626 
stack 68:    911 920 695 390 299 125 277 
stack 69:    298 458 89 489 162 483 818 
stack 70:    795 258 559 433 950 75 174 
stack 71:    451 336 876 197 672 308 463 
stack 72:    170 121 803 66 236 745 221 
stack 73:    107 578 555 332 977 943 869 
stack 74:    95 337 628 87 558 73 429 
stack 75:    931 396 897 823 189 165 251 
stack 76:    225 160 354 389 444 204 856 
stack 77:    787 106 758 754 91 618 999 
stack 78:    662 654 622 884 674 497 376 
stack 79:    128 947 428 475 951 319 929 
stack 80:    633 937 200 176 882 313 343 
stack 81:    240 325 998 679 574 734 366 
stack 82:    900 840 395 824 434 182 822 
stack 83:    471 928 952 970 421 261 935 
stack 84:    585 987 776 614 206 816 276 
stack 85:    593 641 711 369 669 391 331 
stack 86:    997 
stack 87:    
stack 88:    501 
stack 89:    
stack 90:    
stack 91:    
stack 92:    
stack 93:    848 
stack 94:    932 959 989 872 
stack 95:    
stack 96:    
stack 97:    
stack 98:    
stack 99:    916 
stack 100:    751 
stack 101:    939 912 
stack 102:    978 963 
stack 103:    767 383 927 
stack 104:    
stack 105:    519 902 148 718 340 
stack 106:    
stack 107:    22 
stack 108:    914 835 941 
stack 109:    903 716 611 271 
stack 110:    864 342 57 23 
stack 111:    849 566 595 
stack 112:    
stack 113:    907 
stack 114:    193 815 
stack 115:    85 486 351 919 677 
stack 116:    435 84 52 625 658 
stack 117:    173 968 789 265 352 
stack 118:    32 537 404 264 883 224 
stack 119:    33 791 974 645 619 482 295 
stack 120:    564 948 571 210 34 446 579 
stack 121:    676 613 568 286 143 993 858 
stack 122:    983 597 399 392 247 416 
stack 123:    649 721 255 326 266 350 37 
stack 124:    651 707 405 361 549 
stack 125:    965 724 220 455 
stack 126:    127 199 453 599 655 
stack 127:    498 535 982 873 644 956 703 
stack 128:    294 400 45 116 488 477 
stack 129:    668 123 782 
stack 130:    893 657 278 234 620 317 
stack 131:    545 493 437 894 596 871 938 
stack 132:    990 333 47 971 457 879 367 
stack 133:    875 478 583 686 706 659 77 
stack 134:    799 802 886 406 324 296 
stack 135:    410 485 778 671 552 496 379 
stack 136:    499 495 418 727 462 440 979 
stack 137:    253 925 229 985 212 374 962 
stack 138:    260 108 609 259 65 364 439 
stack 139:    231 729 650 681 561 464 586 
stack 140:    362 320 905 961 141 262 847 
stack 141:    975 219 94 227 563 664 934 
stack 142:    923 205 760 708 213 88 730 
stack 143:    373 460 269 168 600 592 910 
stack 144:    996 926 841 257 459 906 301 
stack 145:    589 562 801 992 423 409 401 
stack 146:    797 888 102 680 385 280 153 
stack 147:    345 831 665 739 365 267 179 
stack 148:    859 685 456 113 637 580 60 
stack 149:    825 846 92 994 310 358 322 
stack 150:    61 430 720 717 565 833 991 
stack 151:    476 605 71 984 972 132 710 
stack 152:    372 284 83 863 866 830 447 
stack 153:    311 827 610 598 743 105 323 
stack 154:    771 214 487 551 370 292 575 
stack 155:    949 652 120 635 723 131 832 
stack 156:    936 242 690 329 215 981 606 
stack 157:    293 889 245 142 615 63 560 
stack 158:    449 570 402 621 74 898 194 
stack 159:    72 607 794 770 675 469 140 
stack 160:    842 726 100 302 56 857 195 
stack 161:    719 755 461 454 202 117 656 
stack 162:    150 828 810 327 233 190 443 
stack 163:    673 465 973 584 363 663 118 
stack 164:    769 54 544 158 715 309 254 
stack 165:    648 878 687 239 725 211 738 
stack 166:    338 757 297 139 79 436 694 
stack 167:    747 908 807 382 844 762 384 
stack 168:    653 426 394 151 58 588 112 
stack 169:    966 90 241 722 272 880 639 
stack 170:    945 958 630 732 67 744 217 
stack 171:    380 702 156 424 940 845 103 

#####################################################

solved with: SP.constructive_heuristics.GeneralHeuristic
time limit: 3600.0 s
time to solve: 0,01 s
objective value: 1334560.92

stacks (top to bottom):
stack 0:    449 752 877 838 16 940 99 
stack 1:    451 231 458 137 356 659 469 
stack 2:    802 511 130 180 851 818 547 
stack 3:    410 887 594 193 895 409 744 
stack 4:    905 486 930 989 645 876 677 
stack 5:    360 242 682 577 89 228 424 
stack 6:    662 90 485 617 19 221 174 
stack 7:    641 642 36 474 836 686 203 
stack 8:    670 780 241 188 557 844 323 
stack 9:    676 776 968 736 67 414 273 
stack 10:    167 939 766 347 675 533 772 
stack 11:    846 995 30 491 15 742 184 
stack 12:    654 298 335 25 672 262 24 
stack 13:    172 430 755 623 282 324 696 
stack 14:    311 396 993 366 956 718 374 
stack 15:    126 49 28 621 248 226 986 
stack 16:    747 720 571 468 743 220 869 
stack 17:    435 657 52 896 60 263 684 
stack 18:    107 719 709 197 600 364 635 
stack 19:    288 337 269 754 65 615 439 
stack 20:    902 306 695 286 327 189 406 
stack 21:    95 284 607 53 452 763 934 
stack 22:    824 177 580 722 957 638 899 
stack 23:    222 918 475 87 431 425 891 
stack 24:    981 143 116 991 806 158 815 
stack 25:    911 422 837 655 518 261 669 
stack 26:    629 760 246 757 561 287 416 
stack 27:    795 467 724 984 751 309 277 
stack 28:    936 268 878 781 556 683 817 
stack 29:    72 515 123 558 786 698 496 
stack 30:    842 281 492 793 586 941 408 
stack 31:    71 596 44 363 746 980 386 
stack 32:    346 843 348 667 727 300 601 
stack 33:    175 173 630 926 201 488 144 
stack 34:    564 275 1 382 285 890 421 
stack 35:    651 155 9 978 584 192 845 
stack 36:    32 122 830 295 200 898 440 
stack 37:    735 690 329 478 187 819 853 
stack 38:    965 531 589 759 375 27 62 
stack 39:    493 522 437 255 951 420 907 
stack 40:    321 413 581 397 850 361 75 
stack 41:    996 115 355 972 982 967 526 
stack 42:    83 988 668 536 592 921 343 
stack 43:    931 559 459 977 813 798 443 
stack 44:    634 835 849 81 502 14 35 
stack 45:    345 471 249 779 21 804 139 
stack 46:    154 454 98 171 689 433 211 
stack 47:    205 622 788 448 904 482 636 
stack 48:    5 302 937 611 619 119 251 
stack 49:    975 22 865 541 17 883 473 
stack 50:    593 128 666 464 587 860 153 
stack 51:    519 613 342 740 992 6 765 
stack 52:    127 94 625 513 713 656 13 
stack 53:    914 209 236 390 78 436 254 
stack 54:    825 304 58 604 195 59 847 
stack 55:    499 537 146 245 524 901 790 
stack 56:    150 393 191 964 778 204 202 
stack 57:    291 803 924 11 247 331 761 
stack 58:    909 983 215 66 31 509 379 
stack 59:    46 453 319 912 403 135 349 
stack 60:    900 960 673 460 218 330 879 
stack 61:    476 610 660 679 710 738 301 
stack 62:    498 338 572 816 671 391 701 
stack 63:    479 113 963 88 800 314 194 
stack 64:    855 944 199 368 264 234 186 
stack 65:    501 811 692 915 401 703 832 
stack 66:    359 893 976 583 858 250 340 
stack 67:    923 948 952 160 705 389 283 
stack 68:    394 834 507 599 674 602 131 
stack 69:    726 624 875 442 658 157 494 
stack 70:    170 225 777 562 148 233 384 
stack 71:    640 303 487 419 164 64 112 
stack 72:    3 258 566 334 237 999 140 
stack 73:    545 372 159 620 783 455 626 
stack 74:    4 365 810 591 950 480 546 
stack 75:    554 336 716 714 646 782 23 
stack 76:    573 129 687 259 527 756 919 
stack 77:    947 691 528 290 207 867 441 
stack 78:    787 633 111 597 717 544 916 
stack 79:    333 521 326 8 169 371 520 
stack 80:    196 605 543 132 516 873 809 
stack 81:    796 681 647 29 266 532 567 
stack 82:    381 504 182 369 917 213 101 
stack 83:    373 456 341 57 133 0 477 
stack 84:    652 933 616 994 553 190 962 
stack 85:    47 69 729 181 392 243 897 
stack 86:    885 661 328 56 529 579 161 
stack 87:    380 582 34 969 852 706 935 
stack 88:    827 104 889 26 317 350 315 
stack 89:    711 292 627 412 450 166 821 
stack 90:    320 958 145 168 637 548 906 
stack 91:    120 971 848 688 576 73 540 
stack 92:    33 959 457 176 415 910 979 
stack 93:    920 402 178 512 105 927 76 
stack 94:    648 987 378 864 438 922 152 
stack 95:    274 702 240 868 20 40 463 
stack 96:    758 697 539 489 322 235 74 
stack 97:    874 578 497 387 310 723 462 
stack 98:    665 841 506 427 238 737 938 
stack 99:    932 108 699 370 141 872 510 
stack 100:    432 807 86 388 51 117 352 
stack 101:    829 678 606 344 109 483 808 
stack 102:    214 43 227 794 505 208 542 
stack 103:    85 555 609 41 110 490 764 
stack 104:    318 707 2 280 871 224 508 
stack 105:    925 685 461 748 565 79 892 
stack 106:    712 244 820 955 828 631 68 
stack 107:    362 903 63 514 357 880 147 
stack 108:    945 398 618 289 12 612 429 
stack 109:    966 121 523 799 767 535 54 
stack 110:    97 312 45 399 256 316 232 
stack 111:    739 257 732 750 913 138 423 
stack 112:    93 870 749 974 812 271 481 
stack 113:    428 840 70 114 549 96 212 
stack 114:    908 223 210 297 775 882 700 
stack 115:    881 894 650 733 569 367 447 
stack 116:    614 472 574 789 216 270 103 
stack 117:    928 353 884 680 332 407 313 
stack 118:    949 260 792 643 495 272 590 
stack 119:    632 305 728 973 929 10 588 
stack 120:    859 229 163 833 886 299 118 
stack 121:    771 466 863 339 77 639 715 
stack 122:    585 84 538 351 866 826 857 
stack 123:    805 206 839 568 276 125 217 
stack 124:    797 550 503 753 267 445 856 
stack 125:    704 185 888 102 563 279 741 
stack 126:    942 693 383 598 943 664 773 
stack 127:    814 649 721 136 801 296 560 
stack 128:    517 708 770 470 731 762 417 
stack 129:    55 377 861 530 142 405 376 
stack 130:    18 570 294 307 854 644 694 
stack 131:    106 82 39 38 411 784 179 
stack 132:    653 862 48 603 265 444 954 
stack 133:    400 970 985 998 552 165 42 
stack 134:    100 774 434 278 239 385 149 
stack 135:    426 151 92 946 358 822 308 
stack 136:    219 253 997 791 961 7 37 
stack 137:    608 785 534 730 446 725 162 
stack 138:    831 465 156 80 823 183 484 
stack 139:    628 551 91 575 230 663 252 
stack 140:    990 61 198 134 354 595 525 
stack 141:    395 418 404 768 500 
stack 142:    293 745 
stack 143:    769 734 953 
stack 144:    50 124 
stack 145:    
stack 146:    325 
stack 147:    
stack 148:    
stack 149:    
stack 150:    
stack 151:    
stack 152:    
stack 153:    
stack 154:    
stack 155:    
stack 156:    
stack 157:    
stack 158:    
stack 159:    
stack 160:    
stack 161:    
stack 162:    
stack 163:    
stack 164:    
stack 165:    
stack 166:    
stack 167:    
stack 168:    
stack 169:    
stack 170:    
stack 171:    
