solved with: SP.post_optimization_methods.TabuSearch
time limit: 3600.0 s
time to solve: 1457,60 s
objective value: 1228881.22

stacks (top to bottom):
stack 0:    
stack 1:    
stack 2:    
stack 3:    503 
stack 4:    
stack 5:    505 
stack 6:    6 
stack 7:    
stack 8:    508 8 
stack 9:    9 
stack 10:    510 
stack 11:    
stack 12:    12 
stack 13:    
stack 14:    14 
stack 15:    515 
stack 16:    16 
stack 17:    260 948 760 518 818 154 
stack 18:    960 630 413 617 465 26 19 
stack 19:    321 228 30 641 614 369 519 
stack 20:    528 885 994 35 410 568 31 
stack 21:    529 522 489 268 141 226 419 
stack 22:    695 24 481 22 523 223 850 
stack 23:    61 306 763 379 611 377 146 
stack 24:    395 773 686 980 211 330 566 
stack 25:    998 139 625 639 57 735 965 
stack 26:    231 561 51 430 975 721 32 
stack 27:    749 417 474 551 908 567 933 
stack 28:    623 923 556 555 963 537 997 
stack 29:    33 148 671 259 779 108 36 
stack 30:    786 728 34 579 195 834 839 
stack 31:    866 651 366 888 252 46 553 
stack 32:    113 598 422 744 605 269 177 
stack 33:    536 871 554 895 335 533 104 
stack 34:    386 896 795 400 78 654 41 
stack 35:    852 855 799 44 813 246 569 
stack 36:    631 881 804 648 562 80 40 
stack 37:    621 838 55 62 770 453 169 
stack 38:    674 73 236 420 193 230 941 
stack 39:    123 819 47 573 365 564 136 
stack 40:    88 458 571 698 279 790 276 
stack 41:    52 461 680 409 971 83 45 
stack 42:    380 262 646 962 601 592 973 
stack 43:    821 565 438 777 737 456 677 
stack 44:    802 874 232 572 390 808 876 
stack 45:    251 109 455 267 659 495 346 
stack 46:    391 681 115 381 94 221 822 
stack 47:    58 771 672 66 731 48 768 
stack 48:    691 909 253 220 450 467 983 
stack 49:    864 356 331 204 446 912 658 
stack 50:    970 76 433 82 552 675 121 
stack 51:    95 119 576 949 354 596 203 
stack 52:    901 856 968 336 918 135 716 
stack 53:    775 689 329 619 64 397 102 
stack 54:    945 126 426 678 435 835 441 
stack 55:    840 362 612 897 129 745 107 
stack 56:    418 301 810 817 296 772 75 
stack 57:    112 187 734 383 905 225 309 
stack 58:    328 125 847 258 67 787 459 
stack 59:    927 754 921 849 560 610 382 
stack 60:    385 486 597 937 865 161 652 
stack 61:    163 215 947 106 726 660 586 
stack 62:    192 86 91 388 299 271 974 
stack 63:    882 700 805 384 72 311 663 
stack 64:    644 353 634 924 351 942 133 
stack 65:    470 312 142 360 713 841 932 
stack 66:    242 373 739 408 343 746 585 
stack 67:    636 239 709 404 860 616 92 
stack 68:    200 816 480 396 87 243 387 
stack 69:    487 626 290 811 235 683 128 
stack 70:    90 798 264 352 788 578 583 
stack 71:    499 494 285 701 454 710 372 
stack 72:    289 219 613 736 845 140 620 
stack 73:    939 669 338 431 574 288 720 
stack 74:    693 833 812 281 581 448 861 
stack 75:    830 77 889 144 575 355 180 
stack 76:    305 624 707 497 315 234 159 
stack 77:    785 425 711 915 498 414 110 
stack 78:    451 295 175 145 153 176 655 
stack 79:    149 796 667 184 105 415 367 
stack 80:    164 85 183 981 434 302 488 
stack 81:    97 602 815 628 339 284 482 
stack 82:    950 729 600 606 468 131 316 
stack 83:    256 101 291 166 725 368 99 
stack 84:    423 98 829 954 389 202 275 
stack 85:    432 854 742 607 437 956 913 
stack 86:    500 0 
stack 87:    501 1 
stack 88:    502 2 
stack 89:    
stack 90:    3 
stack 91:    4 504 5 
stack 92:    506 
stack 93:    507 7 
stack 94:    509 
stack 95:    
stack 96:    511 10 
stack 97:    
stack 98:    11 512 
stack 99:    513 13 
stack 100:    514 
stack 101:    15 
stack 102:    516 17 
stack 103:    27 890 440 20 18 704 517 
stack 104:    56 961 143 794 521 676 525 
stack 105:    207 23 887 696 966 406 29 
stack 106:    21 520 25 557 944 907 37 
stack 107:    79 401 541 196 558 65 705 
stack 108:    28 898 665 718 524 534 540 
stack 109:    526 587 670 858 199 527 664 
stack 110:    934 197 661 682 349 531 530 
stack 111:    891 539 559 662 951 198 756 
stack 112:    715 127 304 478 375 337 563 
stack 113:    781 124 162 532 218 473 747 
stack 114:    157 327 462 979 877 333 476 
stack 115:    609 930 294 803 147 535 656 
stack 116:    784 584 984 212 797 545 868 
stack 117:    753 823 758 894 870 201 853 
stack 118:    766 668 900 946 229 443 248 
stack 119:    867 722 118 209 120 297 286 
stack 120:    764 800 724 439 237 759 543 
stack 121:    987 920 879 549 878 152 38 
stack 122:    293 412 767 39 257 49 940 
stack 123:    992 884 789 138 122 546 53 
stack 124:    542 460 982 114 116 538 828 
stack 125:    359 544 168 650 322 42 869 
stack 126:    989 824 814 969 570 69 831 
stack 127:    398 483 687 111 74 640 692 
stack 128:    81 59 750 615 666 893 178 
stack 129:    270 210 376 679 436 43 953 
stack 130:    880 752 548 405 727 925 820 
stack 131:    929 314 872 599 892 214 272 
stack 132:    371 926 844 914 990 801 547 
stack 133:    363 283 740 791 227 427 394 
stack 134:    463 310 590 50 935 719 780 
stack 135:    550 595 986 627 292 445 357 
stack 136:    862 637 172 776 447 189 873 
stack 137:    167 181 743 827 54 277 952 
stack 138:    60 906 429 825 702 490 71 
stack 139:    832 266 643 582 836 999 645 
stack 140:    241 342 761 936 249 134 466 
stack 141:    233 444 647 991 407 392 699 
stack 142:    117 457 708 244 185 978 63 
stack 143:    976 298 632 859 846 762 837 
stack 144:    765 411 96 350 967 806 344 
stack 145:    943 449 303 317 730 714 491 
stack 146:    964 378 793 603 485 325 130 
stack 147:    995 638 345 712 320 250 273 
stack 148:    84 899 471 916 332 70 635 
stack 149:    649 751 313 673 334 857 642 
stack 150:    173 782 402 902 826 421 972 
stack 151:    848 222 68 706 988 594 347 
stack 152:    589 174 158 393 254 591 863 
stack 153:    618 374 685 807 132 464 216 
stack 154:    340 774 633 282 843 904 955 
stack 155:    809 493 938 977 208 703 190 
stack 156:    179 993 240 155 341 917 416 
stack 157:    684 629 224 472 191 403 326 
stack 158:    748 875 931 886 694 150 733 
stack 159:    424 308 588 428 911 247 217 
stack 160:    883 769 188 165 958 151 608 
stack 161:    280 985 783 903 319 688 89 
stack 162:    323 348 300 697 156 170 778 
stack 163:    213 959 399 577 604 593 479 
stack 164:    622 922 205 103 792 469 653 
stack 165:    171 160 723 442 278 186 100 
stack 166:    324 928 957 361 580 717 919 
stack 167:    757 477 755 842 93 137 657 
stack 168:    496 307 851 238 452 364 182 
stack 169:    265 475 263 245 318 741 206 
stack 170:    484 370 255 261 910 738 732 
stack 171:    996 492 358 287 274 194 690 

#####################################################

solved with: SP.post_optimization_methods.HillClimbing
time limit: 3600.0 s
time to solve: 665,10 s
objective value: 1228881.22

stacks (top to bottom):
stack 0:    
stack 1:    
stack 2:    
stack 3:    503 
stack 4:    
stack 5:    505 
stack 6:    6 
stack 7:    
stack 8:    508 8 
stack 9:    9 
stack 10:    510 
stack 11:    
stack 12:    12 
stack 13:    
stack 14:    14 
stack 15:    515 
stack 16:    16 
stack 17:    171 760 300 209 518 309 
stack 18:    76 979 358 44 982 617 19 
stack 19:    321 340 28 558 22 737 519 
stack 20:    526 249 994 580 299 31 406 
stack 21:    522 995 764 451 141 523 45 
stack 22:    220 731 546 48 826 999 217 
stack 23:    112 867 33 432 643 488 822 
stack 24:    370 687 849 156 74 525 135 
stack 25:    398 125 484 27 312 116 563 
stack 26:    109 628 899 478 397 745 37 
stack 27:    329 930 39 65 575 437 534 
stack 28:    802 51 773 652 38 545 956 
stack 29:    187 126 880 914 762 193 530 
stack 30:    929 30 50 485 533 40 535 
stack 31:    386 306 314 949 234 407 32 
stack 32:    461 449 115 55 185 744 839 
stack 33:    987 693 183 579 905 895 858 
stack 34:    691 668 560 214 564 170 159 
stack 35:    544 539 536 375 908 246 150 
stack 36:    882 56 417 160 342 541 873 
stack 37:    205 671 549 701 971 388 746 
stack 38:    435 562 377 368 357 538 657 
stack 39:    226 104 656 326 372 655 543 
stack 40:    442 304 320 670 978 738 553 
stack 41:    200 998 814 633 325 710 904 
stack 42:    293 573 188 224 603 364 876 
stack 43:    324 294 313 650 445 933 53 
stack 44:    379 676 792 613 178 918 466 
stack 45:    233 984 486 91 997 868 568 
stack 46:    487 708 830 118 93 944 594 
stack 47:    821 157 589 96 254 333 473 
stack 48:    561 555 894 202 788 128 367 
stack 49:    426 689 194 298 806 835 983 
stack 50:    795 799 909 634 245 248 384 
stack 51:    753 197 777 83 577 69 857 
stack 52:    265 622 946 833 351 554 756 
stack 53:    748 241 938 977 570 495 677 
stack 54:    192 712 722 751 886 72 99 
stack 55:    651 95 239 462 871 736 252 
stack 56:    765 474 981 805 582 322 136 
stack 57:    59 218 88 279 841 154 664 
stack 58:    438 412 463 838 316 137 663 
stack 59:    707 630 460 790 972 973 272 
stack 60:    945 922 775 875 285 264 108 
stack 61:    840 784 280 106 145 720 92 
stack 62:    852 629 810 168 225 332 566 
stack 63:    376 598 679 969 798 469 673 
stack 64:    631 884 425 921 413 571 414 
stack 65:    565 290 600 741 206 704 339 
stack 66:    423 623 739 719 336 199 70 
stack 67:    85 614 338 619 182 569 230 
stack 68:    68 923 829 389 885 464 100 
stack 69:    385 823 129 282 791 860 951 
stack 70:    723 90 481 352 878 343 578 
stack 71:    809 483 450 383 369 269 608 
stack 72:    961 872 771 789 711 458 177 
stack 73:    475 238 297 954 201 447 620 
stack 74:    976 139 937 172 783 974 319 
stack 75:    866 97 621 680 494 317 607 
stack 76:    934 854 191 257 151 640 89 
stack 77:    766 263 113 267 471 422 801 
stack 78:    101 761 468 105 132 787 768 
stack 79:    800 175 726 724 211 271 189 
stack 80:    391 695 807 176 865 479 235 
stack 81:    81 785 356 892 142 588 421 
stack 82:    985 928 862 959 155 797 688 
stack 83:    986 948 493 409 725 349 963 
stack 84:    236 327 174 274 817 837 382 
stack 85:    847 359 262 307 769 685 966 
stack 86:    500 0 
stack 87:    501 1 
stack 88:    502 2 
stack 89:    504 
stack 90:    3 
stack 91:    4 5 
stack 92:    506 
stack 93:    507 7 
stack 94:    509 
stack 95:    
stack 96:    511 10 
stack 97:    
stack 98:    11 512 
stack 99:    513 13 
stack 100:    514 
stack 101:    15 
stack 102:    516 17 
stack 103:    289 700 296 405 18 42 517 
stack 104:    970 260 626 794 521 601 476 
stack 105:    21 529 207 23 683 29 759 
stack 106:    210 796 520 618 20 567 41 
stack 107:    34 143 763 804 365 834 527 
stack 108:    550 371 24 456 430 36 682 
stack 109:    84 79 627 25 779 587 531 
stack 110:    950 907 953 524 717 394 311 
stack 111:    897 528 557 661 537 410 540 
stack 112:    881 167 54 337 991 452 26 
stack 113:    781 61 124 162 532 624 75 
stack 114:    127 926 729 936 292 390 57 
stack 115:    123 599 542 552 654 772 747 
stack 116:    258 433 366 967 114 610 642 
stack 117:    597 625 490 831 35 43 818 
stack 118:    757 993 215 303 975 547 169 
stack 119:    60 373 774 758 131 62 665 
stack 120:    496 900 402 911 446 315 344 
stack 121:    609 943 879 889 755 604 572 
stack 122:    672 709 819 551 901 632 318 
stack 123:    883 228 259 957 887 71 733 
stack 124:    848 576 400 902 813 932 635 
stack 125:    117 489 395 374 346 703 121 
stack 126:    816 444 87 240 419 330 387 
stack 127:    754 119 428 360 596 690 110 
stack 128:    812 467 615 877 49 277 863 
stack 129:    890 728 924 47 912 780 675 
stack 130:    58 52 864 381 548 592 190 
stack 131:    602 457 793 678 803 990 284 
stack 132:    480 163 477 825 46 820 869 
stack 133:    715 896 204 354 203 198 699 
stack 134:    424 606 250 436 186 616 448 
stack 135:    891 401 734 846 454 988 694 
stack 136:    750 404 590 472 66 916 107 
stack 137:    595 181 492 559 111 662 102 
stack 138:    222 148 98 836 465 273 955 
stack 139:    242 184 556 851 67 286 146 
stack 140:    636 927 78 713 195 497 732 
stack 141:    931 196 166 870 727 574 828 
stack 142:    310 455 378 86 429 94 221 
stack 143:    418 149 301 843 730 147 415 
stack 144:    499 295 637 980 913 275 919 
stack 145:    684 996 411 646 281 935 498 
stack 146:    667 742 770 898 134 721 427 
stack 147:    328 77 659 208 63 491 778 
stack 148:    348 270 666 581 697 910 133 
stack 149:    740 420 64 940 611 441 853 
stack 150:    749 253 229 287 591 434 247 
stack 151:    470 219 73 968 647 431 227 
stack 152:    638 856 648 641 942 958 653 
stack 153:    674 165 350 302 335 403 808 
stack 154:    786 644 440 859 80 288 925 
stack 155:    363 82 331 845 276 716 941 
stack 156:    179 345 947 686 243 917 861 
stack 157:    939 232 453 153 586 161 180 
stack 158:    399 776 718 965 735 216 658 
stack 159:    251 305 960 915 698 392 692 
stack 160:    231 584 874 212 639 439 152 
stack 161:    782 266 120 593 696 705 585 
stack 162:    992 681 964 278 842 334 903 
stack 163:    323 353 855 743 255 649 261 
stack 164:    213 158 706 827 962 893 347 
stack 165:    380 362 244 144 702 237 416 
stack 166:    824 173 906 291 752 459 130 
stack 167:    815 844 669 811 361 223 714 
stack 168:    268 396 660 341 355 850 583 
stack 169:    989 832 612 920 767 888 952 
stack 170:    164 256 408 443 605 482 645 
stack 171:    283 103 308 393 138 122 140 
