solved with: SP.post_optimization_methods.TabuSearch
time limit: 3600.0 s
time to solve: 1846,80 s
objective value: 1228856.98

stacks (top to bottom):
stack 0:    0 
stack 1:    1 
stack 2:    
stack 3:    503 
stack 4:    3 
stack 5:    5 
stack 6:    
stack 7:    507 
stack 8:    508 
stack 9:    510 
stack 10:    
stack 11:    
stack 12:    
stack 13:    
stack 14:    
stack 15:    15 
stack 16:    516 
stack 17:    710 19 858 935 746 17 526 
stack 18:    21 25 725 534 518 703 23 
stack 19:    541 552 655 662 523 615 62 
stack 20:    520 489 27 47 540 711 873 
stack 21:    547 361 56 424 940 687 530 
stack 22:    29 22 764 536 902 863 369 
stack 23:    38 132 871 412 256 524 543 
stack 24:    55 535 409 650 114 545 525 
stack 25:    53 587 356 142 647 555 109 
stack 26:    936 197 32 624 604 897 222 
stack 27:    592 496 39 528 276 117 532 
stack 28:    259 585 980 34 68 620 435 
stack 29:    31 430 771 125 33 947 172 
stack 30:    184 853 280 786 148 742 240 
stack 31:    929 155 719 877 134 930 95 
stack 32:    730 325 747 852 344 923 799 
stack 33:    302 548 949 84 855 686 903 
stack 34:    670 712 57 874 841 600 921 
stack 35:    91 901 551 945 808 759 203 
stack 36:    963 839 375 777 393 937 691 
stack 37:    561 97 63 358 866 115 292 
stack 38:    639 246 64 219 822 44 328 
stack 39:    579 448 300 237 419 917 878 
stack 40:    550 126 713 231 308 130 433 
stack 41:    825 684 315 82 106 334 542 
stack 42:    138 785 908 463 431 656 469 
stack 43:    43 191 960 609 880 59 455 
stack 44:    744 556 326 330 665 606 444 
stack 45:    883 844 618 207 295 850 748 
stack 46:    756 472 473 914 408 338 795 
stack 47:    859 251 568 597 836 481 384 
stack 48:    766 607 749 145 52 392 452 
stack 49:    103 889 714 672 206 826 572 
stack 50:    875 754 882 267 704 633 321 
stack 51:    381 170 887 428 406 984 695 
stack 52:    78 838 558 389 595 467 870 
stack 53:    160 316 673 733 616 366 100 
stack 54:    582 626 797 296 378 995 394 
stack 55:    451 593 906 671 498 782 621 
stack 56:    261 318 443 188 487 591 340 
stack 57:    288 715 565 65 370 332 85 
stack 58:    982 210 483 90 123 294 299 
stack 59:    290 478 137 179 266 993 404 
stack 60:    92 970 252 98 353 399 107 
stack 61:    644 72 182 89 425 110 573 
stack 62:    150 343 637 678 465 198 693 
stack 63:    861 386 690 382 144 147 200 
stack 64:    920 610 811 349 939 580 345 
stack 65:    717 705 804 973 862 234 608 
stack 66:    750 692 567 229 953 807 943 
stack 67:    952 143 312 415 641 596 405 
stack 68:    120 959 232 233 161 441 223 
stack 69:    718 201 809 916 94 362 244 
stack 70:    865 605 111 371 778 242 163 
stack 71:    178 955 279 71 476 840 352 
stack 72:    810 257 928 950 893 828 76 
stack 73:    854 298 488 868 264 913 341 
stack 74:    249 396 698 209 196 892 813 
stack 75:    740 992 96 581 611 331 987 
stack 76:    977 907 583 649 829 767 864 
stack 77:    360 239 820 790 417 214 972 
stack 78:    133 461 783 121 116 769 598 
stack 79:    788 410 888 661 135 745 104 
stack 80:    668 983 355 630 900 789 468 
stack 81:    411 586 927 364 800 490 314 
stack 82:    250 801 301 726 458 268 99 
stack 83:    961 946 669 247 731 230 157 
stack 84:    975 228 235 348 798 243 400 
stack 85:    359 688 738 479 965 190 779 
stack 86:    500 
stack 87:    501 
stack 88:    2 
stack 89:    502 
stack 90:    4 504 
stack 91:    505 
stack 92:    506 6 
stack 93:    7 
stack 94:    8 
stack 95:    509 9 
stack 96:    10 
stack 97:    11 511 
stack 98:    12 512 
stack 99:    513 13 
stack 100:    14 514 
stack 101:    515 
stack 102:    16 
stack 103:    180 442 260 792 886 48 517 
stack 104:    537 20 521 41 18 817 519 
stack 105:    632 760 484 456 297 168 50 
stack 106:    289 87 351 37 253 642 981 
stack 107:    475 194 962 679 803 728 522 
stack 108:    60 28 681 93 942 533 26 
stack 109:    775 720 539 159 776 527 821 
stack 110:    185 42 24 905 823 453 994 
stack 111:    560 303 753 857 492 285 154 
stack 112:    529 781 213 88 373 40 666 
stack 113:    376 660 998 398 69 66 401 
stack 114:    991 139 554 74 208 544 780 
stack 115:    30 49 531 765 195 35 367 
stack 116:    819 482 432 212 577 186 971 
stack 117:    54 654 979 735 847 677 569 
stack 118:    663 265 689 538 675 45 36 
stack 119:    278 546 119 978 464 73 79 
stack 120:    564 755 835 563 584 216 763 
stack 121:    696 842 770 676 566 549 599 
stack 122:    165 954 51 553 357 612 658 
stack 123:    709 429 58 342 306 997 108 
stack 124:    988 557 843 379 418 652 938 
stack 125:    171 149 307 964 944 794 787 
stack 126:    898 966 86 263 277 791 477 
stack 127:    590 166 576 218 589 805 272 
stack 128:    46 346 462 281 985 440 697 
stack 129:    682 635 851 248 422 333 601 
stack 130:    174 354 284 708 816 491 860 
stack 131:    774 912 113 634 275 282 848 
stack 132:    416 627 83 202 336 651 625 
stack 133:    724 958 187 273 562 61 497 
stack 134:    105 707 454 291 833 957 588 
stack 135:    374 806 990 447 986 205 815 
stack 136:    153 631 434 421 628 846 75 
stack 137:    636 183 700 762 976 390 941 
stack 138:    152 602 574 151 407 388 460 
stack 139:    890 140 643 603 67 879 899 
stack 140:    559 470 495 238 162 323 427 
stack 141:    891 989 305 594 751 81 493 
stack 142:    919 420 112 974 189 772 167 
stack 143:    118 380 129 723 699 614 768 
stack 144:    439 310 449 438 830 255 226 
stack 145:    387 499 193 146 773 258 968 
stack 146:    391 436 372 403 623 722 227 
stack 147:    322 570 667 924 645 739 485 
stack 148:    329 304 571 732 640 337 283 
stack 149:    752 948 176 741 287 831 734 
stack 150:    761 758 445 474 286 127 225 
stack 151:    629 834 884 204 368 967 845 
stack 152:    578 659 327 383 872 70 158 
stack 153:    909 849 812 824 837 77 932 
stack 154:    122 694 832 494 894 743 951 
stack 155:    80 317 124 177 757 575 385 
stack 156:    827 446 156 335 457 881 245 
stack 157:    397 910 931 793 175 619 221 
stack 158:    347 319 933 683 701 999 101 
stack 159:    199 311 271 956 646 413 395 
stack 160:    471 926 173 363 414 450 423 
stack 161:    426 736 131 802 313 613 309 
stack 162:    136 192 466 141 648 784 262 
stack 163:    617 339 377 164 869 220 706 
stack 164:    996 365 674 638 181 270 128 
stack 165:    721 737 895 653 486 727 480 
stack 166:    867 459 729 934 269 622 925 
stack 167:    702 320 818 274 254 224 324 
stack 168:    885 922 856 716 814 969 217 
stack 169:    657 896 664 904 918 911 796 
stack 170:    437 685 169 350 402 211 241 
stack 171:    102 915 680 293 236 876 215 

#####################################################

solved with: SP.post_optimization_methods.HillClimbing
time limit: 3600.0 s
time to solve: 754,46 s
objective value: 1228863.04

stacks (top to bottom):
stack 0:    0 
stack 1:    1 
stack 2:    
stack 3:    503 
stack 4:    3 
stack 5:    5 
stack 6:    
stack 7:    507 
stack 8:    508 
stack 9:    510 
stack 10:    
stack 11:    
stack 12:    
stack 13:    
stack 14:    
stack 15:    15 
stack 16:    516 16 
stack 17:    19 754 638 930 17 497 
stack 18:    21 25 522 256 258 860 542 
stack 19:    520 720 844 56 658 44 530 
stack 20:    610 28 712 801 558 833 540 
stack 21:    977 197 96 144 494 480 763 
stack 22:    983 834 55 22 409 34 330 
stack 23:    685 535 284 984 573 23 524 
stack 24:    31 430 707 173 458 947 662 
stack 25:    936 41 270 556 525 36 628 
stack 26:    636 201 42 803 447 37 894 
stack 27:    213 574 279 652 649 264 845 
stack 28:    705 426 859 528 736 691 490 
stack 29:    312 978 953 800 216 287 427 
stack 30:    750 752 164 689 814 252 229 
stack 31:    259 554 751 820 219 533 808 
stack 32:    261 758 908 211 837 333 555 
stack 33:    952 811 896 617 847 67 245 
stack 34:    57 602 474 58 306 872 332 
stack 35:    982 72 194 310 326 408 965 
stack 36:    548 664 643 641 198 677 932 
stack 37:    49 131 836 613 66 435 695 
stack 38:    730 684 47 334 352 941 323 
stack 39:    963 372 257 593 708 314 615 
stack 40:    92 672 385 366 321 543 625 
stack 41:    376 375 193 48 214 75 791 
stack 42:    579 605 933 571 722 986 823 
stack 43:    885 454 852 407 566 176 413 
stack 44:    329 907 160 744 567 675 486 
stack 45:    875 396 466 145 275 862 414 
stack 46:    354 553 609 822 81 433 796 
stack 47:    861 136 966 64 280 399 338 
stack 48:    386 97 91 108 262 549 222 
stack 49:    898 726 651 232 714 440 107 
stack 50:    438 398 886 816 703 79 616 
stack 51:    559 495 626 611 132 340 450 
stack 52:    53 139 570 565 65 179 873 
stack 53:    462 377 73 218 727 226 569 
stack 54:    585 449 980 793 934 776 633 
stack 55:    810 278 439 648 892 230 779 
stack 56:    632 857 461 582 443 600 225 
stack 57:    719 868 168 767 772 848 826 
stack 58:    724 721 210 357 673 130 493 
stack 59:    842 365 80 247 421 999 951 
stack 60:    381 238 420 373 116 467 390 
stack 61:    825 339 483 350 738 491 453 
stack 62:    290 926 446 82 127 870 741 
stack 63:    644 909 991 663 798 575 923 
stack 64:    360 946 299 134 129 778 768 
stack 65:    890 188 901 223 358 964 163 
stack 66:    774 380 865 669 786 945 735 
stack 67:    682 305 114 308 745 309 821 
stack 68:    442 777 463 177 911 606 795 
stack 69:    138 809 152 389 363 292 400 
stack 70:    302 812 604 957 125 242 598 
stack 71:    919 83 747 342 189 666 200 
stack 72:    717 165 122 594 686 337 221 
stack 73:    680 112 263 151 993 452 395 
stack 74:    696 303 178 289 315 976 241 
stack 75:    975 300 233 441 701 157 599 
stack 76:    623 713 805 817 596 850 203 
stack 77:    437 924 716 683 882 267 473 
stack 78:    484 471 887 996 121 266 158 
stack 79:    149 694 739 855 147 243 742 
stack 80:    169 237 897 757 876 938 477 
stack 81:    436 910 958 835 255 465 154 
stack 82:    249 355 451 902 678 469 799 
stack 83:    819 883 818 622 900 794 367 
stack 84:    174 202 182 871 457 181 285 
stack 85:    775 692 653 393 248 479 282 
stack 86:    500 
stack 87:    501 
stack 88:    2 
stack 89:    502 
stack 90:    4 504 
stack 91:    505 
stack 92:    506 6 
stack 93:    7 
stack 94:    8 
stack 95:    509 9 
stack 96:    10 
stack 97:    11 511 
stack 98:    12 512 
stack 99:    513 13 
stack 100:    14 514 
stack 101:    515 
stack 102:    35 
stack 103:    20 260 521 319 517 523 481 
stack 104:    38 518 69 18 544 117 519 
stack 105:    760 32 874 24 204 749 935 
stack 106:    429 88 379 27 137 858 711 
stack 107:    29 740 311 472 94 307 253 
stack 108:    792 538 295 925 704 26 527 
stack 109:    496 888 135 851 59 172 526 
stack 110:    46 529 356 922 690 382 577 
stack 111:    537 564 119 234 536 33 917 
stack 112:    583 587 904 661 98 220 175 
stack 113:    102 105 87 291 61 773 608 
stack 114:    670 737 856 397 50 487 167 
stack 115:    531 415 880 45 942 828 748 
stack 116:    30 143 482 254 361 212 62 
stack 117:    578 992 317 89 52 642 743 
stack 118:    410 550 142 650 589 498 532 
stack 119:    43 118 681 534 364 621 104 
stack 120:    618 432 597 568 76 813 968 
stack 121:    327 728 331 784 148 693 665 
stack 122:    298 824 459 294 156 584 190 
stack 123:    929 560 374 676 770 383 831 
stack 124:    756 39 541 539 276 802 687 
stack 125:    915 785 228 103 185 161 591 
stack 126:    912 318 634 448 889 40 903 
stack 127:    349 239 804 869 191 227 313 
stack 128:    962 755 51 265 895 551 759 
stack 129:    853 187 464 647 159 914 215 
stack 130:    891 552 580 545 863 878 423 
stack 131:    592 547 631 207 971 612 384 
stack 132:    288 54 989 667 546 209 563 
stack 133:    170 456 406 973 640 419 394 
stack 134:    630 937 943 405 782 789 109 
stack 135:    849 639 141 732 671 93 893 
stack 136:    489 236 325 71 404 697 981 
stack 137:    155 561 301 271 124 645 866 
stack 138:    320 387 950 274 765 195 224 
stack 139:    988 843 557 235 753 162 787 
stack 140:    416 150 478 581 84 967 846 
stack 141:    470 304 884 731 944 115 734 
stack 142:    346 60 766 700 595 268 244 
stack 143:    126 403 807 620 879 972 240 
stack 144:    246 445 425 562 699 68 412 
stack 145:    140 698 688 576 969 619 217 
stack 146:    761 654 166 725 74 316 906 
stack 147:    627 110 146 485 706 899 468 
stack 148:    192 635 790 417 77 100 101 
stack 149:    867 764 939 985 63 637 341 
stack 150:    961 348 674 797 402 603 780 
stack 151:    120 709 806 113 123 70 921 
stack 152:    322 199 715 729 196 995 283 
stack 153:    153 273 353 269 324 272 588 
stack 154:    718 659 916 297 296 881 455 
stack 155:    411 920 590 499 979 733 186 
stack 156:    959 183 832 335 918 368 205 
stack 157:    710 788 347 231 940 424 994 
stack 158:    78 86 679 343 997 614 572 
stack 159:    877 838 607 286 840 864 370 
stack 160:    783 841 771 206 492 956 769 
stack 161:    180 702 488 949 362 656 601 
stack 162:    171 954 927 624 351 905 655 
stack 163:    250 974 476 948 106 646 746 
stack 164:    586 133 281 184 208 422 128 
stack 165:    475 251 928 371 369 401 444 
stack 166:    668 827 970 660 90 345 815 
stack 167:    428 336 955 388 277 344 431 
stack 168:    657 839 990 829 418 987 95 
stack 169:    359 998 960 931 434 830 328 
stack 170:    629 854 391 111 762 460 85 
stack 171:    781 293 378 723 913 99 392 
