lower bound for relaxed s_ij: 1228836.36

#####################################################

solved with: SP.mip_formulations.BinPackingFormulation
time limit: 3600.0 s
time to solve: 3653,97 s (time limit exceeded)
objective value: 1243835.17 (not optimal)

stacks (top to bottom):
stack 0:    20 2 
stack 1:    501 1 
stack 2:    502 7 3 13 
stack 3:    14 506 18 
stack 4:    8 28 19 30 25 4 
stack 5:    17 525 22 9 12 512 505 
stack 6:    660 503 515 312 510 669 6 
stack 7:    366 532 866 931 454 5 21 
stack 8:    516 513 508 507 34 331 519 
stack 9:    743 82 514 400 488 696 368 
stack 10:    32 410 934 527 151 522 521 
stack 11:    703 626 534 359 472 511 426 
stack 12:    759 523 529 181 705 539 797 
stack 13:    211 893 27 858 126 898 571 
stack 14:    365 399 128 479 560 574 351 
stack 15:    830 357 880 341 782 827 60 
stack 16:    152 709 598 712 804 520 536 
stack 17:    781 935 15 936 542 41 345 
stack 18:    301 352 455 287 391 418 48 
stack 19:    839 915 42 69 568 291 72 
stack 20:    824 286 395 358 89 583 302 
stack 21:    921 890 692 531 242 182 24 
stack 22:    589 348 217 166 891 850 823 
stack 23:    555 535 79 757 38 196 23 
stack 24:    265 273 922 249 349 575 710 
stack 25:    257 138 91 342 174 920 296 
stack 26:    467 187 549 825 670 385 806 
stack 27:    533 961 762 148 902 369 97 
stack 28:    964 821 29 958 360 856 792 
stack 29:    718 628 224 741 567 846 557 
stack 30:    172 270 695 596 161 35 547 
stack 31:    592 499 736 758 56 644 602 
stack 32:    93 186 46 198 289 908 33 
stack 33:    969 31 857 662 449 110 772 
stack 34:    404 411 798 906 481 708 656 
stack 35:    819 478 833 974 408 144 205 
stack 36:    783 970 353 396 683 976 458 
stack 37:    0 586 956 682 541 111 813 
stack 38:    983 707 605 123 799 621 118 
stack 39:    685 919 96 164 699 777 326 
stack 40:    639 414 447 885 755 793 587 
stack 41:    980 456 860 136 633 219 838 
stack 42:    401 332 528 563 910 238 163 
stack 43:    750 740 497 694 115 713 58 
stack 44:    439 189 258 769 254 843 746 
stack 45:    429 987 730 859 337 234 375 
stack 46:    442 435 245 390 865 612 460 
stack 47:    333 243 282 637 64 684 643 
stack 48:    486 565 338 232 76 65 923 
stack 49:    948 912 220 208 578 627 729 
stack 50:    688 305 398 290 655 416 49 
stack 51:    911 765 861 545 214 579 663 
stack 52:    999 942 650 994 724 731 84 
stack 53:    53 127 904 267 767 78 403 
stack 54:    137 412 436 157 73 952 409 
stack 55:    141 55 941 801 646 167 355 
stack 56:    313 241 665 113 992 779 739 
stack 57:    387 868 849 895 834 376 618 
stack 58:    863 107 614 233 90 803 190 
stack 59:    657 594 944 462 680 61 374 
stack 60:    446 328 963 83 721 244 288 
stack 61:    235 869 487 787 909 143 914 
stack 62:    200 316 193 354 70 552 278 
stack 63:    483 325 300 675 606 225 985 
stack 64:    417 283 554 346 274 482 711 
stack 65:    389 192 80 117 996 423 271 
stack 66:    733 897 495 550 469 457 206 
stack 67:    950 835 134 811 11 841 292 
stack 68:    147 280 889 926 268 165 686 
stack 69:    747 307 742 604 802 658 315 
stack 70:    726 480 159 51 751 580 336 
stack 71:    576 227 723 981 170 591 246 
stack 72:    158 901 85 732 873 279 149 
stack 73:    240 314 155 613 588 701 162 
stack 74:    800 222 485 939 899 474 421 
stack 75:    131 722 139 854 971 677 218 
stack 76:    766 785 154 634 822 309 120 
stack 77:    132 269 679 377 347 425 790 
stack 78:    698 441 105 102 773 74 818 
stack 79:    641 676 937 789 735 977 195 
stack 80:    664 848 930 619 582 112 875 
stack 81:    962 431 770 322 250 179 216 
stack 82:    405 452 266 564 259 236 153 
stack 83:    632 489 184 884 553 715 98 
stack 84:    413 440 470 752 616 577 188 
stack 85:    947 77 953 581 551 213 874 
stack 86:    
stack 87:    
stack 88:    
stack 89:    
stack 90:    504 
stack 91:    938 
stack 92:    477 984 
stack 93:    
stack 94:    
stack 95:    10 
stack 96:    761 871 509 263 638 
stack 97:    16 
stack 98:    
stack 99:    986 
stack 100:    
stack 101:    
stack 102:    809 925 
stack 103:    518 
stack 104:    361 124 517 
stack 105:    
stack 106:    209 929 562 
stack 107:    
stack 108:    807 829 180 989 748 
stack 109:    924 
stack 110:    524 647 229 744 36 617 
stack 111:    526 714 717 255 
stack 112:    595 324 106 
stack 113:    26 543 537 826 791 44 237 
stack 114:    104 558 540 
stack 115:    559 471 298 
stack 116:    530 43 428 894 415 763 
stack 117:    719 129 378 998 433 
stack 118:    876 335 862 776 625 459 
stack 119:    815 281 461 203 119 855 
stack 120:    264 959 620 108 
stack 121:    593 437 251 853 
stack 122:    40 837 674 207 253 629 
stack 123:    37 173 900 178 955 840 972 
stack 124:    622 544 704 392 538 
stack 125:    311 917 737 453 81 668 753 
stack 126:    635 247 795 432 397 754 52 
stack 127:    122 116 183 
stack 128:    982 493 864 615 609 363 
stack 129:    407 784 878 380 422 223 
stack 130:    734 572 277 780 
stack 131:    905 438 877 256 
stack 132:    59 145 252 95 932 383 494 
stack 133:    990 92 230 490 847 886 887 
stack 134:    546 427 276 954 870 484 
stack 135:    329 556 966 965 370 896 463 
stack 136:    491 260 168 39 882 
stack 137:    600 727 690 45 323 464 883 
stack 138:    881 299 334 928 716 468 226 
stack 139:    960 603 927 319 831 624 101 
stack 140:    388 661 640 946 367 492 943 
stack 141:    851 373 671 185 125 382 903 
stack 142:    57 907 642 475 548 191 62 
stack 143:    774 993 221 913 295 812 275 
stack 144:    608 465 297 476 630 75 957 
stack 145:    350 872 450 566 99 852 796 
stack 146:    975 402 500 968 130 133 693 
stack 147:    94 109 50 47 697 371 988 
stack 148:    262 805 879 308 648 419 199 
stack 149:    561 725 406 356 197 71 997 
stack 150:    816 344 171 88 343 706 652 
stack 151:    786 764 248 210 775 949 687 
stack 152:    749 317 951 569 430 140 728 
stack 153:    832 672 599 212 916 63 201 
stack 154:    473 318 842 601 607 386 892 
stack 155:    87 631 330 778 177 836 306 
stack 156:    654 845 340 202 681 933 570 
stack 157:    788 691 995 194 293 434 362 
stack 158:    678 666 867 364 973 445 320 
stack 159:    573 146 768 498 720 121 142 
stack 160:    810 310 597 327 794 667 135 
stack 161:    820 321 611 991 659 66 215 
stack 162:    585 738 636 756 689 150 645 
stack 163:    700 817 285 466 771 649 420 
stack 164:    814 918 169 114 979 381 339 
stack 165:    303 175 284 745 384 673 444 
stack 166:    68 978 760 394 54 304 393 
stack 167:    623 828 228 448 888 424 496 
stack 168:    100 844 808 239 443 103 940 
stack 169:    610 967 379 372 272 294 176 
stack 170:    653 584 702 231 261 590 86 
stack 171:    160 945 156 651 204 67 451 

#####################################################

solved with: SP.constructive_heuristics.GeneralHeuristic
time limit: 3600.0 s
time to solve: 0,01 s
objective value: 1333058.05

stacks (top to bottom):
stack 0:    698 406 20 609 415 850 933 
stack 1:    435 569 241 958 114 736 62 
stack 2:    580 496 715 823 646 86 142 
stack 3:    764 366 283 690 82 614 434 
stack 4:    131 8 330 186 365 716 72 
stack 5:    911 156 891 381 157 568 903 
stack 6:    301 679 43 32 668 291 939 
stack 7:    523 904 620 605 139 97 940 
stack 8:    102 303 264 305 778 182 855 
stack 9:    325 666 431 313 983 929 60 
stack 10:    169 741 712 615 746 234 992 
stack 11:    442 228 286 380 625 758 804 
stack 12:    975 480 754 794 408 797 416 
stack 13:    57 555 328 208 809 44 818 
stack 14:    251 842 550 601 953 777 739 
stack 15:    993 187 377 670 713 806 728 
stack 16:    781 554 695 255 440 371 289 
stack 17:    750 890 78 836 693 521 176 
stack 18:    141 273 297 74 119 376 669 
stack 19:    37 626 144 696 694 720 49 
stack 20:    969 831 756 367 56 629 213 
stack 21:    504 129 543 963 312 540 272 
stack 22:    556 93 702 45 13 799 163 
stack 23:    650 941 934 320 336 548 374 
stack 24:    31 342 340 751 481 246 188 
stack 25:    675 390 353 932 433 952 218 
stack 26:    608 145 212 189 395 575 419 
stack 27:    707 443 895 230 290 732 793 
stack 28:    300 441 344 561 359 444 278 
stack 29:    413 158 453 722 25 979 215 
stack 30:    559 360 900 931 547 852 686 
stack 31:    863 635 19 771 913 988 236 
stack 32:    990 819 879 179 101 347 271 
stack 33:    921 491 412 760 358 106 882 
stack 34:    537 36 209 210 611 558 392 
stack 35:    867 252 884 125 671 223 58 
stack 36:    999 79 734 334 75 385 90 
stack 37:    881 88 488 323 899 386 796 
stack 38:    947 835 845 767 383 840 883 
stack 39:    593 181 662 551 375 296 570 
stack 40:    832 489 192 508 924 779 201 
stack 41:    68 623 844 896 515 542 426 
stack 42:    499 34 621 860 633 403 10 
stack 43:    85 30 959 697 511 854 955 
stack 44:    948 935 974 161 479 279 162 
stack 45:    364 672 104 249 859 673 130 
stack 46:    473 465 225 858 24 792 923 
stack 47:    897 495 50 485 680 275 536 
stack 48:    318 478 628 282 497 637 65 
stack 49:    922 545 699 843 202 206 292 
stack 50:    636 761 877 994 519 943 425 
stack 51:    639 28 808 239 589 459 655 
stack 52:    770 674 95 214 295 652 667 
stack 53:    518 907 966 166 52 67 612 
stack 54:    759 960 970 128 103 1 957 
stack 55:    919 322 400 991 827 66 120 
stack 56:    653 594 600 510 926 875 916 
stack 57:    730 319 115 219 577 920 591 
stack 58:    438 194 876 740 197 861 331 
stack 59:    317 107 984 321 660 203 645 
stack 60:    427 619 198 683 846 825 753 
stack 61:    361 654 927 878 410 648 763 
stack 62:    53 448 597 22 396 801 288 
stack 63:    962 757 742 752 656 458 602 
stack 64:    814 152 566 509 681 705 484 
stack 65:    641 703 250 193 258 847 451 
stack 66:    387 642 718 762 998 23 165 
stack 67:    766 299 531 723 285 126 721 
stack 68:    905 726 467 2 89 583 892 
stack 69:    477 430 503 563 237 140 813 
stack 70:    138 493 598 199 113 946 874 
stack 71:    160 714 535 227 348 780 259 
stack 72:    821 346 27 795 363 382 886 
stack 73:    868 938 14 127 310 810 769 
stack 74:    678 253 567 316 864 520 39 
stack 75:    311 229 173 399 455 48 729 
stack 76:    357 452 232 432 586 6 949 
stack 77:    17 333 599 337 4 464 505 
stack 78:    389 585 437 829 168 989 191 
stack 79:    595 77 738 512 136 135 790 
stack 80:    147 783 785 398 658 560 870 
stack 81:    0 544 744 588 468 226 898 
stack 82:    657 40 267 472 709 205 315 
stack 83:    100 773 982 308 880 909 552 
stack 84:    747 893 717 936 420 564 908 
stack 85:    26 692 177 9 514 391 326 
stack 86:    529 99 527 894 216 579 539 
stack 87:    483 774 647 332 379 16 925 
stack 88:    29 676 915 352 665 735 587 
stack 89:    15 397 482 971 616 167 306 
stack 90:    817 81 204 972 853 494 803 
stack 91:    848 447 532 476 768 630 121 
stack 92:    632 262 175 944 185 789 710 
stack 93:    172 917 701 506 41 822 244 
stack 94:    530 116 965 928 889 885 372 
stack 95:    307 824 54 862 384 607 84 
stack 96:    501 108 196 834 802 256 153 
stack 97:    820 688 370 613 18 562 618 
stack 98:    950 137 533 805 798 507 973 
stack 99:    388 456 942 787 373 902 123 
stack 100:    546 918 200 471 11 581 449 
stack 101:    816 248 338 565 184 945 247 
stack 102:    524 573 912 146 401 446 183 
stack 103:    788 134 324 811 263 469 772 
stack 104:    417 815 651 47 549 83 117 
stack 105:    132 526 528 826 268 755 538 
stack 106:    96 69 64 462 151 986 492 
stack 107:    691 700 411 159 553 349 475 
stack 108:    314 94 378 178 873 339 409 
stack 109:    980 91 592 124 110 590 355 
stack 110:    329 59 995 243 293 42 457 
stack 111:    978 265 270 277 38 571 956 
stack 112:    257 92 828 937 643 574 887 
stack 113:    407 220 967 217 362 731 294 
stack 114:    414 122 498 3 604 21 711 
stack 115:    603 487 341 143 71 436 557 
stack 116:    402 807 640 260 500 118 976 
stack 117:    872 516 784 914 354 254 981 
stack 118:    737 572 242 901 470 233 150 
stack 119:    405 576 502 281 466 782 578 
stack 120:    951 155 622 985 461 541 460 
stack 121:    661 445 98 133 644 351 149 
stack 122:    749 765 869 284 421 190 63 
stack 123:    429 356 745 266 418 684 838 
stack 124:    743 280 791 704 659 111 195 
stack 125:    584 154 87 596 76 109 706 
stack 126:    964 733 606 631 833 856 112 
stack 127:    513 525 961 428 164 170 954 
stack 128:    222 224 837 287 12 490 677 
stack 129:    486 851 51 689 422 968 638 
stack 130:    439 171 327 5 910 463 517 
stack 131:    610 269 857 180 871 522 997 
stack 132:    7 866 649 369 61 812 302 
stack 133:    582 231 343 474 708 841 977 
stack 134:    240 450 207 148 261 304 33 
stack 135:    865 454 617 345 238 627 687 
stack 136:    298 724 663 748 
stack 137:    664 245 888 335 80 906 174 
stack 138:    105 930 727 775 309 35 682 
stack 139:    55 839 424 725 624 776 423 
stack 140:    786 849 634 221 274 73 996 
stack 141:    350 235 685 404 800 987 394 
stack 142:    830 534 70 393 
stack 143:    719 211 368 
stack 144:    276 
stack 145:    
stack 146:    46 
stack 147:    
stack 148:    
stack 149:    
stack 150:    
stack 151:    
stack 152:    
stack 153:    
stack 154:    
stack 155:    
stack 156:    
stack 157:    
stack 158:    
stack 159:    
stack 160:    
stack 161:    
stack 162:    
stack 163:    
stack 164:    
stack 165:    
stack 166:    
stack 167:    
stack 168:    
stack 169:    
stack 170:    
stack 171:    
