lower bound for relaxed s_ij: 1228842.34

#####################################################

solved with: SP.mip_formulations.BinPackingFormulation
time limit: 3600.0 s
time to solve: 3682,41 s (time limit exceeded)
objective value: 1243654.63 (not optimal)

stacks (top to bottom):
stack 0:    500 0 1 502 
stack 1:    528 4 37 8 
stack 2:    518 14 508 703 695 3 13 
stack 3:    6 15 503 
stack 4:    16 23 390 43 32 
stack 5:    504 516 20 5 
stack 6:    10 146 505 252 30 506 139 
stack 7:    104 181 324 507 512 395 511 
stack 8:    975 431 851 566 78 812 416 
stack 9:    529 11 50 34 363 114 31 
stack 10:    36 524 749 520 513 519 517 
stack 11:    629 510 344 526 376 649 616 
stack 12:    600 658 19 242 523 615 112 
stack 13:    171 651 638 588 534 249 684 
stack 14:    94 378 653 582 827 535 276 
stack 15:    675 665 715 701 197 122 336 
stack 16:    27 12 533 422 671 641 478 
stack 17:    565 72 38 373 405 200 286 
stack 18:    606 334 433 59 538 284 436 
stack 19:    357 206 337 198 293 398 304 
stack 20:    568 364 707 760 167 443 732 
stack 21:    648 590 63 647 646 487 495 
stack 22:    791 767 721 100 548 132 830 
stack 23:    483 788 98 772 586 527 25 
stack 24:    26 466 21 680 670 120 821 
stack 25:    350 110 866 755 878 854 804 
stack 26:    980 717 403 986 943 902 942 
stack 27:    904 901 492 270 310 633 145 
stack 28:    546 299 599 532 17 545 456 
stack 29:    903 921 660 375 295 667 927 
stack 30:    959 174 271 537 498 932 191 
stack 31:    291 377 879 736 858 428 258 
stack 32:    172 860 645 418 619 589 419 
stack 33:    479 556 562 950 806 160 93 
stack 34:    999 816 779 47 265 40 305 
stack 35:    798 688 462 437 97 911 929 
stack 36:    413 918 69 41 870 187 632 
stack 37:    42 366 370 549 328 169 29 
stack 38:    85 758 716 597 278 244 539 
stack 39:    634 685 410 152 551 81 423 
stack 40:    332 832 343 875 33 598 180 
stack 41:    909 140 581 826 907 584 392 
stack 42:    457 322 778 440 394 727 128 
stack 43:    285 847 157 884 871 335 127 
stack 44:    790 746 427 389 163 722 594 
stack 45:    44 541 842 867 759 714 637 
stack 46:    218 87 874 388 194 46 119 
stack 47:    877 583 412 205 312 287 250 
stack 48:    447 613 35 402 844 861 230 
stack 49:    838 234 176 691 567 349 233 
stack 50:    936 486 578 225 993 643 266 
stack 51:    224 931 550 256 739 439 118 
stack 52:    897 480 365 283 203 473 346 
stack 53:    464 351 168 726 159 757 153 
stack 54:    984 60 796 923 951 734 144 
stack 55:    906 859 576 355 348 84 900 
stack 56:    399 460 62 745 170 934 561 
stack 57:    557 111 602 362 387 573 279 
stack 58:    571 555 458 991 587 432 240 
stack 59:    620 947 220 90 792 766 669 
stack 60:    580 890 998 352 426 135 659 
stack 61:    853 311 693 797 813 710 496 
stack 62:    956 320 809 497 86 740 372 
stack 63:    696 209 628 585 452 920 237 
stack 64:    930 106 625 807 273 476 149 
stack 65:    201 319 347 774 450 754 211 
stack 66:    876 425 424 199 725 461 190 
stack 67:    184 448 79 888 75 952 185 
stack 68:    741 267 254 117 862 896 569 
stack 69:    850 869 773 855 577 253 124 
stack 70:    411 260 944 317 787 126 73 
stack 71:    872 753 899 55 728 514 393 
stack 72:    570 700 247 485 449 626 96 
stack 73:    880 222 912 353 195 818 834 
stack 74:    781 673 48 575 455 708 961 
stack 75:    178 321 499 277 493 799 64 
stack 76:    138 873 738 895 762 115 815 
stack 77:    560 214 261 226 995 733 857 
stack 78:    453 692 154 494 848 712 202 
stack 79:    682 730 770 864 192 125 683 
stack 80:    863 618 123 686 133 868 764 
stack 81:    689 325 384 374 345 282 982 
stack 82:    617 92 303 885 420 761 268 
stack 83:    101 367 216 822 990 966 175 
stack 84:    908 794 852 591 992 711 639 
stack 85:    713 361 280 924 769 116 621 
stack 86:    
stack 87:    501 
stack 88:    2 
stack 89:    9 949 
stack 90:    
stack 91:    
stack 92:    
stack 93:    7 
stack 94:    
stack 95:    968 
stack 96:    509 724 983 
stack 97:    925 547 
stack 98:    973 
stack 99:    
stack 100:    782 
stack 101:    748 601 292 477 429 
stack 102:    
stack 103:    971 
stack 104:    18 
stack 105:    521 
stack 106:    
stack 107:    246 784 612 977 
stack 108:    406 186 468 
stack 109:    650 522 68 883 
stack 110:    24 22 946 768 
stack 111:    391 435 823 887 
stack 112:    933 825 894 603 
stack 113:    979 704 525 
stack 114:    515 935 136 803 28 
stack 115:    236 263 210 
stack 116:    530 
stack 117:    531 718 679 105 189 
stack 118:    544 
stack 119:    536 881 833 162 
stack 120:    330 962 605 359 841 231 985 
stack 121:    39 434 262 785 467 593 
stack 122:    846 668 193 750 994 690 385 
stack 123:    786 800 819 698 302 331 960 
stack 124:    987 666 676 898 383 326 51 
stack 125:    974 235 910 627 554 655 215 
stack 126:    811 421 80 400 329 207 
stack 127:    981 306 88 886 441 77 
stack 128:    484 269 129 697 407 219 
stack 129:    248 341 53 623 298 
stack 130:    45 543 408 221 662 793 
stack 131:    776 694 103 371 989 49 963 
stack 132:    614 481 417 488 315 765 
stack 133:    212 76 969 243 937 
stack 134:    474 810 308 91 624 369 131 
stack 135:    913 928 82 264 300 143 563 
stack 136:    744 382 255 150 829 
stack 137:    967 756 52 965 
stack 138:    379 228 948 677 107 552 915 
stack 139:    559 275 777 66 208 
stack 140:    438 922 729 914 820 415 57 
stack 141:    281 674 288 313 805 463 396 
stack 142:    678 454 747 70 65 414 342 
stack 143:    381 368 358 161 183 340 309 
stack 144:    831 840 475 916 891 957 889 
stack 145:    553 404 814 783 542 297 964 
stack 146:    926 274 314 83 882 290 941 
stack 147:    471 459 307 74 642 564 664 
stack 148:    687 654 491 99 489 227 296 
stack 149:    251 213 955 780 970 71 558 
stack 150:    259 958 229 108 155 608 657 
stack 151:    954 976 232 661 333 177 386 
stack 152:    731 609 446 179 836 323 607 
stack 153:    824 865 442 795 742 652 56 
stack 154:    354 892 540 301 360 318 196 
stack 155:    572 148 988 817 289 482 338 
stack 156:    919 257 61 635 204 401 397 
stack 157:    130 802 752 709 631 644 166 
stack 158:    996 490 141 113 245 182 839 
stack 159:    938 893 681 837 856 595 751 
stack 160:    316 469 238 158 142 217 706 
stack 161:    327 672 720 622 735 849 147 
stack 162:    828 173 137 743 121 789 596 
stack 163:    939 165 409 972 640 719 737 
stack 164:    771 445 472 164 763 151 574 
stack 165:    239 444 339 610 705 109 95 
stack 166:    579 611 843 917 808 835 356 
stack 167:    656 465 188 223 978 58 775 
stack 168:    592 905 134 294 636 430 156 
stack 169:    604 940 723 470 380 997 953 
stack 170:    630 272 54 945 663 801 102 
stack 171:    451 241 67 702 845 699 89 

#####################################################

solved with: SP.constructive_heuristics.GeneralHeuristic
time limit: 3600.0 s
time to solve: 0,01 s
objective value: 1329834.14

stacks (top to bottom):
stack 0:    459 562 774 992 452 84 57 
stack 1:    36 806 735 836 200 496 309 
stack 2:    838 201 267 358 282 914 102 
stack 3:    704 597 117 870 966 503 751 
stack 4:    592 181 431 182 489 487 296 
stack 5:    85 260 48 627 169 569 166 
stack 6:    465 819 724 750 835 40 766 
stack 7:    22 251 665 523 467 983 561 
stack 8:    873 721 381 157 263 934 456 
stack 9:    713 962 222 402 714 782 977 
stack 10:    954 327 91 368 356 970 240 
stack 11:    717 622 898 879 996 502 449 
stack 12:    24 257 270 884 536 586 203 
stack 13:    938 629 291 151 857 121 669 
stack 14:    617 837 388 581 482 363 821 
stack 15:    828 391 307 951 294 840 137 
stack 16:    571 454 177 436 990 734 706 
stack 17:    767 23 446 150 41 189 663 
stack 18:    509 104 583 906 331 428 190 
stack 19:    877 753 354 555 301 691 233 
stack 20:    337 308 894 591 769 153 845 
stack 21:    958 981 746 848 475 373 830 
stack 22:    184 16 658 289 159 405 649 
stack 23:    904 209 369 736 641 775 349 
stack 24:    524 15 595 655 219 519 372 
stack 25:    919 411 292 53 477 949 468 
stack 26:    730 311 955 670 443 937 639 
stack 27:    776 448 871 205 77 690 118 
stack 28:    979 685 38 929 993 230 961 
stack 29:    236 869 882 141 762 318 812 
stack 30:    499 404 35 673 195 925 89 
stack 31:    44 529 87 947 603 989 739 
stack 32:    269 944 928 273 268 338 131 
stack 33:    188 61 648 161 167 376 517 
stack 34:    83 500 761 324 75 71 952 
stack 35:    357 557 668 1 110 393 858 
stack 36:    100 412 687 866 162 646 664 
stack 37:    60 980 316 780 355 65 397 
stack 38:    863 179 129 867 105 96 95 
stack 39:    492 62 874 538 112 972 109 
stack 40:    447 946 697 220 971 145 276 
stack 41:    672 504 420 895 711 290 298 
stack 42:    171 674 748 624 608 440 552 
stack 43:    905 218 457 254 847 192 643 
stack 44:    438 620 956 893 212 466 512 
stack 45:    339 525 923 380 7 326 789 
stack 46:    232 19 817 534 619 710 286 
stack 47:    130 872 786 248 483 841 386 
stack 48:    320 922 510 262 387 861 839 
stack 49:    281 12 933 409 144 621 396 
stack 50:    74 334 59 155 378 549 187 
stack 51:    611 650 968 680 982 900 211 
stack 52:    255 277 553 890 191 574 957 
stack 53:    543 425 173 54 967 912 554 
stack 54:    984 252 860 527 3 732 149 
stack 55:    745 530 520 588 152 647 432 
stack 56:    76 72 437 729 315 287 737 
stack 57:    601 55 9 136 348 994 258 
stack 58:    361 474 948 825 755 416 652 
stack 59:    2 42 164 772 785 231 305 
stack 60:    303 88 808 788 684 593 139 
stack 61:    259 481 39 389 743 90 217 
stack 62:    484 939 559 573 208 392 915 
stack 63:    678 694 186 14 441 322 545 
stack 64:    959 221 635 410 660 163 207 
stack 65:    560 78 703 33 803 127 657 
stack 66:    579 521 367 516 667 551 336 
stack 67:    800 261 899 422 158 51 237 
stack 68:    634 498 811 760 584 577 878 
stack 69:    172 34 113 793 719 539 558 
stack 70:    976 332 796 27 445 418 644 
stack 71:    978 508 347 107 385 792 28 
stack 72:    781 614 758 749 20 156 407 
stack 73:    908 460 725 353 612 679 941 
stack 74:    228 390 134 67 194 455 862 
stack 75:    747 795 677 238 991 86 429 
stack 76:    366 688 488 823 891 985 587 
stack 77:    930 741 720 628 888 256 342 
stack 78:    471 876 885 875 5 17 244 
stack 79:    453 798 224 198 726 705 599 
stack 80:    321 802 974 807 170 653 73 
stack 81:    37 844 461 64 278 896 683 
stack 82:    350 696 344 633 757 881 135 
stack 83:    302 226 365 458 58 227 283 
stack 84:    692 444 197 247 293 827 535 
stack 85:    604 756 375 364 52 818 266 
stack 86:    178 689 138 656 514 56 815 
stack 87:    572 909 10 903 610 43 942 
stack 88:    99 335 833 594 114 253 196 
stack 89:    306 314 550 943 384 585 626 
stack 90:    681 111 491 46 740 973 596 
stack 91:    399 568 63 295 707 225 279 
stack 92:    716 783 777 799 119 215 632 
stack 93:    274 199 462 661 708 185 18 
stack 94:    204 206 816 374 345 450 439 
stack 95:    406 341 975 563 887 304 889 
stack 96:    330 770 913 413 787 493 183 
stack 97:    606 602 103 505 193 607 143 
stack 98:    148 810 0 513 210 300 128 
stack 99:    824 892 442 851 695 497 920 
stack 100:    272 243 82 310 826 333 31 
stack 101:    94 165 246 133 856 284 463 
stack 102:    479 223 168 676 522 768 883 
stack 103:    744 625 590 242 434 476 501 
stack 104:    11 370 97 271 764 640 125 
stack 105:    239 79 645 264 702 854 346 
stack 106:    45 285 26 50 533 507 25 
stack 107:    92 486 700 712 907 589 616 
stack 108:    880 631 532 426 81 423 834 
stack 109:    382 4 790 317 470 8 615 
stack 110:    427 494 435 693 323 638 932 
stack 111:    936 897 126 250 804 124 473 
stack 112:    408 570 675 917 371 576 642 
stack 113:    546 351 999 47 666 911 813 
stack 114:    403 469 395 623 360 115 598 
stack 115:    379 213 752 528 831 950 511 
stack 116:    940 556 931 98 49 995 313 
stack 117:    791 299 998 662 275 575 927 
stack 118:    850 794 843 773 280 924 329 
stack 119:    771 832 987 32 637 659 414 
stack 120:    926 518 698 733 68 671 805 
stack 121:    451 738 146 715 472 400 175 
stack 122:    682 565 234 935 566 809 960 
stack 123:    101 709 123 417 140 537 548 
stack 124:    901 779 852 343 30 325 394 
stack 125:    580 842 759 918 328 868 352 
stack 126:    108 377 362 846 526 829 297 
stack 127:    216 605 424 174 921 718 784 
stack 128:    6 383 265 485 312 902 820 
stack 129:    154 701 319 778 478 180 495 
stack 130:    630 731 609 359 822 964 801 
stack 131:    945 613 910 814 965 542 340 
stack 132:    723 855 160 80 997 419 415 
stack 133:    229 969 988 421 727 567 506 
stack 134:    654 886 859 490 986 564 953 
stack 135:    865 480 540 728 13 754 699 
stack 136:    853 651 21 916 249 765 147 
stack 137:    600 241 433 430 132 849 202 
stack 138:    531 618 541 864 93 797 142 
stack 139:    214 544 245 398 120 401 963 
stack 140:    464 106 742 116 
stack 141:    69 686 66 29 
stack 142:    235 582 
stack 143:    176 515 288 70 
stack 144:    578 122 722 
stack 145:    547 
stack 146:    636 
stack 147:    763 
stack 148:    
stack 149:    
stack 150:    
stack 151:    
stack 152:    
stack 153:    
stack 154:    
stack 155:    
stack 156:    
stack 157:    
stack 158:    
stack 159:    
stack 160:    
stack 161:    
stack 162:    
stack 163:    
stack 164:    
stack 165:    
stack 166:    
stack 167:    
stack 168:    
stack 169:    
stack 170:    
stack 171:    
