lower bound for relaxed s_ij: 1228844.86

#####################################################

solved with: SP.mip_formulations.BinPackingFormulation
time limit: 3600.0 s
time to solve: 3628,06 s (time limit exceeded)
objective value: 1245009.73 (not optimal)

stacks (top to bottom):
stack 0:    7 17 3 
stack 1:    0 1 6 24 
stack 2:    29 2 501 28 
stack 3:    88 5 12 91 14 20 8 
stack 4:    500 517 506 30 31 4 524 
stack 5:    15 443 344 511 18 68 
stack 6:    508 21 504 529 519 541 505 
stack 7:    510 77 306 127 151 407 74 
stack 8:    514 136 274 509 10 526 512 
stack 9:    516 69 507 27 146 411 34 
stack 10:    270 162 486 84 637 19 675 
stack 11:    513 853 334 857 502 149 13 
stack 12:    523 569 409 159 335 218 525 
stack 13:    692 341 546 693 758 636 36 
stack 14:    470 350 766 623 520 534 362 
stack 15:    628 593 184 433 327 51 295 
stack 16:    113 741 673 662 135 803 16 
stack 17:    754 392 532 83 530 522 336 
stack 18:    962 82 983 946 917 359 11 
stack 19:    910 537 64 104 855 793 668 
stack 20:    188 778 95 791 464 207 556 
stack 21:    477 420 300 400 482 45 899 
stack 22:    886 834 786 799 923 751 157 
stack 23:    953 920 586 450 981 434 896 
stack 24:    684 521 543 288 404 180 41 
stack 25:    894 868 640 817 863 373 618 
stack 26:    375 901 885 762 105 872 658 
stack 27:    821 499 735 125 884 495 779 
stack 28:    22 993 603 892 813 663 365 
stack 29:    925 548 536 437 376 208 39 
stack 30:    995 273 292 867 106 994 248 
stack 31:    316 528 435 830 267 845 236 
stack 32:    243 747 816 257 92 757 748 
stack 33:    448 252 266 947 462 874 177 
stack 34:    871 687 898 952 638 315 221 
stack 35:    715 716 726 383 960 70 158 
stack 36:    441 903 689 473 347 197 116 
stack 37:    877 330 192 278 945 889 124 
stack 38:    402 191 926 703 271 183 487 
stack 39:    38 388 720 59 557 144 210 
stack 40:    471 245 396 168 475 577 792 
stack 41:    538 802 326 549 721 881 900 
stack 42:    374 357 539 660 713 752 632 
stack 43:    798 839 173 253 242 865 919 
stack 44:    795 386 328 540 89 810 48 
stack 45:    860 836 85 763 978 555 552 
stack 46:    967 670 950 941 657 485 372 
stack 47:    927 931 563 515 238 781 103 
stack 48:    325 930 160 650 123 254 279 
stack 49:    824 609 832 547 542 310 155 
stack 50:    635 989 346 138 729 999 115 
stack 51:    384 417 948 56 890 742 101 
stack 52:    379 377 240 363 835 130 294 
stack 53:    614 102 42 852 46 613 118 
stack 54:    121 90 312 776 581 893 782 
stack 55:    612 939 480 912 93 201 231 
stack 56:    938 227 710 570 224 878 439 
stack 57:    936 770 61 796 605 828 733 
stack 58:    215 185 133 722 108 195 682 
stack 59:    711 771 358 807 178 165 147 
stack 60:    453 811 801 922 774 582 368 
stack 61:    280 211 304 65 809 449 579 
stack 62:    321 730 607 600 445 862 630 
stack 63:    175 446 831 986 281 907 494 
stack 64:    472 264 677 169 837 604 87 
stack 65:    567 153 440 216 560 622 681 
stack 66:    805 331 676 390 222 992 553 
stack 67:    364 86 784 481 401 26 299 
stack 68:    719 263 671 322 285 465 971 
stack 69:    949 399 905 353 954 198 406 
stack 70:    229 958 132 250 454 318 704 
stack 71:    75 695 381 820 429 643 307 
stack 72:    895 746 277 276 302 951 554 
stack 73:    672 427 808 338 476 256 223 
stack 74:    249 189 202 911 99 416 205 
stack 75:    814 818 78 974 908 736 991 
stack 76:    213 646 840 122 204 55 141 
stack 77:    833 432 780 199 251 644 283 
stack 78:    550 674 559 287 187 870 768 
stack 79:    610 696 220 109 58 206 230 
stack 80:    706 906 787 574 665 737 378 
stack 81:    194 750 228 848 438 200 71 
stack 82:    587 918 642 428 53 225 584 
stack 83:    468 854 332 972 861 806 405 
stack 84:    119 685 436 804 759 982 415 
stack 85:    260 956 319 9 491 96 414 
stack 86:    466 
stack 87:    
stack 88:    
stack 89:    
stack 90:    
stack 91:    
stack 92:    
stack 93:    
stack 94:    915 
stack 95:    
stack 96:    
stack 97:    
stack 98:    369 932 
stack 99:    
stack 100:    580 
stack 101:    284 633 595 
stack 102:    997 
stack 103:    234 139 503 
stack 104:    340 
stack 105:    32 988 
stack 106:    518 
stack 107:    161 975 
stack 108:    879 841 825 
stack 109:    23 957 408 
stack 110:    337 761 591 94 
stack 111:    247 
stack 112:    712 617 360 572 457 
stack 113:    624 602 269 
stack 114:    571 596 800 976 616 
stack 115:    389 714 
stack 116:    
stack 117:    531 351 669 293 909 418 
stack 118:    474 469 725 656 324 
stack 119:    533 301 323 717 385 246 33 
stack 120:    313 179 756 35 727 783 40 
stack 121:    961 425 864 594 25 744 259 
stack 122:    535 171 255 697 44 232 
stack 123:    576 479 690 667 174 
stack 124:    851 621 214 142 421 152 37 
stack 125:    397 348 631 484 544 904 
stack 126:    391 897 627 902 
stack 127:    740 743 309 888 367 129 
stack 128:    395 765 666 398 959 193 678 
stack 129:    268 850 527 679 43 412 
stack 130:    442 859 117 648 645 
stack 131:    585 461 826 625 403 
stack 132:    81 979 456 47 
stack 133:    196 219 767 451 212 723 463 
stack 134:    50 934 819 182 914 683 985 
stack 135:    968 172 590 467 913 452 
stack 136:    965 827 606 459 79 984 258 
stack 137:    937 492 599 973 875 120 72 
stack 138:    575 647 413 608 57 626 126 
stack 139:    887 680 883 589 290 128 52 
stack 140:    478 955 342 812 551 963 545 
stack 141:    458 753 387 964 296 410 489 
stack 142:    794 942 562 785 131 176 422 
stack 143:    724 98 970 226 655 54 996 
stack 144:    921 488 634 856 275 170 615 
stack 145:    460 661 846 107 76 829 847 
stack 146:    869 772 298 929 62 186 237 
stack 147:    419 305 876 244 882 352 430 
stack 148:    110 203 755 916 444 769 749 
stack 149:    709 788 641 114 933 928 561 
stack 150:    760 371 498 150 866 944 775 
stack 151:    349 447 998 140 708 370 739 
stack 152:    935 694 601 354 629 343 66 
stack 153:    558 764 431 112 235 49 314 
stack 154:    356 490 241 745 815 698 311 
stack 155:    707 63 924 838 734 664 97 
stack 156:    573 578 361 154 654 822 568 
stack 157:    977 891 167 564 583 333 209 
stack 158:    686 700 320 797 233 286 483 
stack 159:    943 990 790 308 823 291 265 
stack 160:    145 382 843 773 239 100 366 
stack 161:    620 849 60 592 565 598 289 
stack 162:    652 789 497 345 987 80 317 
stack 163:    393 134 619 688 355 339 597 
stack 164:    73 649 728 303 137 455 566 
stack 165:    611 166 732 659 297 969 873 
stack 166:    691 282 424 777 190 111 423 
stack 167:    842 163 701 940 731 329 148 
stack 168:    705 261 980 718 493 426 262 
stack 169:    143 858 272 653 380 738 699 
stack 170:    966 880 394 496 639 588 156 
stack 171:    164 217 181 67 844 702 651 

#####################################################

solved with: SP.constructive_heuristics.GeneralHeuristic
time limit: 3600.0 s
time to solve: 0,00 s
objective value: 1327216.18

stacks (top to bottom):
stack 0:    393 842 375 661 831 780 713 
stack 1:    628 292 989 816 74 414 101 
stack 2:    575 647 670 241 784 416 900 
stack 3:    620 612 345 839 687 66 739 
stack 4:    302 270 599 344 703 718 449 
stack 5:    603 607 371 586 589 346 727 
stack 6:    789 252 408 163 974 465 41 
stack 7:    567 153 892 591 945 539 813 
stack 8:    574 477 312 548 410 668 16 
stack 9:    263 516 497 674 340 761 627 
stack 10:    686 214 266 948 525 625 863 
stack 11:    88 333 845 748 678 103 11 
stack 12:    538 175 433 327 4 489 289 
stack 13:    949 402 821 298 275 800 752 
stack 14:    936 392 389 560 527 206 251 
stack 15:    521 930 767 502 708 779 258 
stack 16:    924 510 557 77 286 702 890 
stack 17:    935 934 506 142 479 541 155 
stack 18:    580 867 398 766 809 359 988 
stack 19:    906 492 796 93 912 148 230 
stack 20:    740 391 743 466 457 97 412 
stack 21:    441 837 830 19 763 757 343 
stack 22:    871 987 149 367 923 221 262 
stack 23:    691 247 461 9 626 239 362 
stack 24:    920 514 642 741 690 885 742 
stack 25:    69 332 284 244 665 183 158 
stack 26:    276 119 938 993 909 990 248 
stack 27:    0 109 564 485 561 655 178 
stack 28:    716 425 659 982 130 174 439 
stack 29:    419 29 860 267 512 577 259 
stack 30:    474 27 160 823 409 56 681 
stack 31:    509 980 596 756 917 552 24 
stack 32:    508 798 431 432 639 232 738 
stack 33:    21 300 296 440 297 986 618 
stack 34:    610 967 376 83 808 959 385 
stack 35:    321 73 754 139 370 996 430 
stack 36:    458 858 451 595 195 810 919 
stack 37:    537 450 925 569 427 866 848 
stack 38:    706 145 424 168 92 526 236 
stack 39:    500 594 818 876 683 896 165 
stack 40:    280 121 184 445 679 733 80 
stack 41:    518 268 725 600 318 682 483 
stack 42:    90 572 68 861 803 545 463 
stack 43:    692 499 650 908 380 294 199 
stack 44:    471 484 138 951 926 653 978 
stack 45:    229 181 104 648 657 950 878 
stack 46:    931 571 234 941 204 53 34 
stack 47:    273 443 62 226 651 555 36 
stack 48:    22 880 562 435 914 314 87 
stack 49:    877 853 446 546 383 493 630 
stack 50:    63 134 811 472 182 235 71 
stack 51:    447 351 290 997 975 629 265 
stack 52:    478 921 15 558 864 804 3 
stack 53:    413 303 444 540 434 893 815 
stack 54:    712 685 233 915 601 170 190 
stack 55:    707 282 824 417 250 45 704 
stack 56:    965 293 227 358 179 822 40 
stack 57:    927 680 189 608 773 205 311 
stack 58:    60 664 7 888 187 48 847 
stack 59:    120 970 347 904 721 105 208 
stack 60:    614 301 322 785 269 299 781 
stack 61:    869 772 964 25 834 353 418 
stack 62:    59 437 672 677 2 150 991 
stack 63:    977 98 137 791 879 777 522 
stack 64:    213 133 844 32 717 745 462 
stack 65:    701 400 588 960 218 43 663 
stack 66:    851 814 676 363 897 940 638 
stack 67:    573 305 185 201 932 118 426 
stack 68:    635 585 490 503 246 307 72 
stack 69:    886 857 693 744 285 281 456 
stack 70:    386 166 240 459 570 928 79 
stack 71:    895 117 64 323 973 606 228 
stack 72:    719 840 750 377 217 899 157 
stack 73:    726 278 355 793 123 762 352 
stack 74:    531 891 846 544 549 415 283 
stack 75:    770 337 498 339 404 336 156 
stack 76:    535 983 755 641 20 464 373 
stack 77:    957 621 78 714 622 89 565 
stack 78:    705 395 57 475 843 126 873 
stack 79:    587 942 348 167 536 55 581 
stack 80:    341 684 850 112 769 971 870 
stack 81:    795 122 916 911 901 31 405 
stack 82:    136 399 972 731 889 751 806 
stack 83:    215 326 219 146 454 658 872 
stack 84:    243 666 976 623 128 152 147 
stack 85:    469 360 559 46 597 223 423 
stack 86:    724 470 26 401 96 615 366 
stack 87:    387 374 384 979 482 198 47 
stack 88:    211 468 833 140 169 634 151 
stack 89:    448 532 144 637 257 884 354 
stack 90:    379 609 473 58 350 224 944 
stack 91:    694 883 172 836 411 291 288 
stack 92:    760 349 805 753 905 49 984 
stack 93:    442 274 220 125 378 862 317 
stack 94:    82 689 428 602 501 643 237 
stack 95:    797 656 436 734 329 952 829 
stack 96:    787 1 390 828 94 242 699 
stack 97:    709 728 39 582 54 774 524 
stack 98:    956 75 110 364 491 481 372 
stack 99:    161 854 507 496 673 817 406 
stack 100:    671 827 107 735 826 736 180 
stack 101:    486 720 631 131 209 568 825 
stack 102:    652 578 778 576 776 554 207 
stack 103:    550 849 633 553 954 505 775 
stack 104:    746 194 801 859 388 737 28 
stack 105:    958 715 939 838 529 994 584 
stack 106:    649 203 765 356 279 365 422 
stack 107:    188 918 832 6 210 902 452 
stack 108:    523 316 998 604 903 12 907 
stack 109:    453 953 325 397 528 697 124 
stack 110:    330 81 61 605 309 898 253 
stack 111:    328 420 308 403 100 768 37 
stack 112:    319 264 35 14 566 51 792 
stack 113:    910 732 216 511 197 985 315 
stack 114:    23 617 868 517 543 357 613 
stack 115:    955 369 212 551 173 852 108 
stack 116:    261 85 547 255 645 981 111 
stack 117:    513 277 334 723 287 231 598 
stack 118:    164 887 563 515 86 969 579 
stack 119:    711 875 619 583 91 624 429 
stack 120:    313 361 84 304 542 310 335 
stack 121:    646 819 95 127 729 338 193 
stack 122:    260 962 154 799 835 636 632 
stack 123:    968 67 455 710 99 933 520 
stack 124:    249 696 396 238 590 556 494 
stack 125:    143 533 480 342 961 922 272 
stack 126:    460 162 730 794 611 946 295 
stack 127:    937 320 222 722 18 254 115 
stack 128:    995 747 5 10 856 698 783 
stack 129:    488 758 495 8 438 881 782 
stack 130:    30 135 421 640 159 467 225 
stack 131:    42 102 129 76 592 660 865 
stack 132:    202 381 44 176 534 874 368 
stack 133:    966 700 943 324 992 116 33 
stack 134:    113 855 929 593 841 749 177 
stack 135:    394 504 764 882 667 947 256 
stack 136:    50 65 271 654 688 13 644 
stack 137:    771 675 476 407 530 52 913 
stack 138:    38 331 790 662 519 70 200 
stack 139:    245 820 186 616 141 106 999 
stack 140:    196 192 802 894 812 17 963 
stack 141:    695 114 807 487 
stack 142:    191 788 306 
stack 143:    669 171 759 
stack 144:    132 
stack 145:    786 
stack 146:    382 
stack 147:    
stack 148:    
stack 149:    
stack 150:    
stack 151:    
stack 152:    
stack 153:    
stack 154:    
stack 155:    
stack 156:    
stack 157:    
stack 158:    
stack 159:    
stack 160:    
stack 161:    
stack 162:    
stack 163:    
stack 164:    
stack 165:    
stack 166:    
stack 167:    
stack 168:    
stack 169:    
stack 170:    
stack 171:    
