solved with: SP.post_optimization_methods.TabuSearch
time limit: 3600.0 s
time to solve: 1597,03 s
objective value: 1228875.08

stacks (top to bottom):
stack 0:    500 
stack 1:    1 
stack 2:    
stack 3:    3 
stack 4:    
stack 5:    
stack 6:    
stack 7:    
stack 8:    8 
stack 9:    
stack 10:    
stack 11:    11 
stack 12:    
stack 13:    513 
stack 14:    14 
stack 15:    
stack 16:    516 
stack 17:    67 98 817 18 
stack 18:    523 357 564 20 760 958 69 
stack 19:    868 591 524 520 519 22 29 
stack 20:    35 229 141 522 438 684 532 
stack 21:    26 622 545 486 994 337 948 
stack 22:    418 403 24 94 942 52 478 
stack 23:    553 91 613 525 160 325 194 
stack 24:    683 629 30 904 865 825 25 
stack 25:    975 531 867 424 127 557 537 
stack 26:    866 266 996 791 542 709 771 
stack 27:    136 772 39 793 623 139 56 
stack 28:    193 869 79 596 560 44 797 
stack 29:    842 259 742 677 758 852 800 
stack 30:    45 48 428 578 34 165 980 
stack 31:    930 974 283 289 588 272 204 
stack 32:    953 251 575 209 202 131 555 
stack 33:    667 548 152 312 456 590 814 
stack 34:    441 706 956 90 429 358 710 
stack 35:    304 371 786 672 489 217 550 
stack 36:    140 609 660 999 813 125 903 
stack 37:    328 823 805 360 72 185 859 
stack 38:    180 199 471 585 400 278 75 
stack 39:    712 906 344 728 676 925 60 
stack 40:    605 845 191 458 540 55 232 
stack 41:    363 611 61 299 804 666 53 
stack 42:    76 341 361 393 559 670 606 
stack 43:    858 480 777 49 809 547 238 
stack 44:    733 59 853 78 309 574 649 
stack 45:    893 267 246 145 905 701 230 
stack 46:    483 937 729 274 726 494 952 
stack 47:    810 293 697 618 708 818 979 
stack 48:    348 795 960 184 313 398 234 
stack 49:    235 248 654 240 167 929 700 
stack 50:    189 484 884 453 840 99 373 
stack 51:    63 711 161 362 610 176 957 
stack 52:    102 692 329 997 220 435 460 
stack 53:    144 731 108 783 284 856 333 
stack 54:    105 86 776 663 863 300 913 
stack 55:    177 419 993 620 401 961 282 
stack 56:    941 385 833 688 907 647 686 
stack 57:    768 645 320 565 668 832 123 
stack 58:    682 624 971 133 446 101 250 
stack 59:    815 568 485 124 926 468 488 
stack 60:    146 881 168 770 66 753 286 
stack 61:    608 291 394 97 990 630 490 
stack 62:    962 799 411 747 142 298 928 
stack 63:    376 690 625 219 153 826 966 
stack 64:    923 242 924 143 988 570 831 
stack 65:    280 354 319 498 245 604 252 
stack 66:    576 707 366 308 651 482 721 
stack 67:    679 264 891 693 628 640 427 
stack 68:    792 932 104 592 780 70 571 
stack 69:    253 247 359 425 302 84 918 
stack 70:    461 816 493 827 582 93 225 
stack 71:    318 134 182 254 982 681 879 
stack 72:    617 834 256 351 463 790 699 
stack 73:    662 910 811 739 346 657 887 
stack 74:    138 746 741 477 290 769 292 
stack 75:    969 171 764 750 155 339 436 
stack 76:    581 268 156 586 154 349 288 
stack 77:    166 322 798 773 841 231 984 
stack 78:    82 643 439 118 642 671 243 
stack 79:    110 269 261 386 579 279 106 
stack 80:    342 940 448 583 201 263 898 
stack 81:    748 186 310 637 276 352 951 
stack 82:    397 888 945 450 807 752 702 
stack 83:    901 303 616 594 703 472 587 
stack 84:    883 820 824 593 968 374 196 
stack 85:    963 434 462 89 116 938 722 
stack 86:    0 
stack 87:    501 
stack 88:    2 502 
stack 89:    503 
stack 90:    504 4 
stack 91:    505 5 
stack 92:    7 506 6 
stack 93:    507 
stack 94:    508 
stack 95:    9 
stack 96:    510 10 509 
stack 97:    511 
stack 98:    512 12 
stack 99:    13 514 
stack 100:    515 
stack 101:    15 16 
stack 102:    518 17 517 
stack 103:    27 829 307 646 187 306 922 
stack 104:    330 21 696 350 689 541 983 
stack 105:    37 19 336 54 260 163 526 
stack 106:    521 222 528 530 781 803 23 
stack 107:    175 787 885 353 200 784 626 
stack 108:    756 862 33 111 377 538 28 
stack 109:    908 794 481 563 181 41 566 
stack 110:    615 665 68 529 365 527 632 
stack 111:    430 554 992 967 723 573 50 
stack 112:    763 216 641 65 744 931 466 
stack 113:    270 735 935 444 544 32 652 
stack 114:    638 295 674 715 661 871 837 
stack 115:    43 861 989 40 148 835 577 
stack 116:    621 669 383 214 601 539 987 
stack 117:    31 828 218 685 886 409 543 
stack 118:    407 536 894 533 981 973 36 
stack 119:    459 340 449 551 759 62 950 
stack 120:    895 535 534 704 916 369 188 
stack 121:    718 572 878 717 874 420 614 
stack 122:    465 947 198 244 85 150 755 
stack 123:    326 761 314 119 396 998 38 
stack 124:    324 399 546 42 765 334 170 
stack 125:    46 970 296 469 271 801 57 
stack 126:    208 305 391 549 580 497 785 
stack 127:    762 294 821 627 129 137 892 
stack 128:    487 149 417 47 447 719 257 
stack 129:    900 936 121 332 390 159 315 
stack 130:    933 778 316 327 687 909 716 
stack 131:    902 986 496 432 737 81 694 
stack 132:    873 552 410 561 802 714 698 
stack 133:    864 920 301 602 169 562 370 
stack 134:    978 71 58 355 664 64 51 
stack 135:    556 120 237 619 599 882 680 
stack 136:    92 890 107 822 415 249 558 
stack 137:    281 88 720 899 857 976 943 
stack 138:    491 495 796 595 812 442 130 
stack 139:    112 210 775 236 445 364 372 
stack 140:    985 440 464 880 338 323 598 
stack 141:    132 650 321 847 911 395 734 
stack 142:    381 183 95 492 584 77 635 
stack 143:    117 227 265 164 644 912 844 
stack 144:    474 855 379 255 109 727 273 
stack 145:    757 343 387 767 713 213 233 
stack 146:    192 416 382 207 174 648 749 
stack 147:    766 782 311 995 100 73 258 
stack 148:    455 656 211 402 875 223 473 
stack 149:    228 944 205 691 499 389 954 
stack 150:    846 388 946 173 843 405 738 
stack 151:    889 743 808 114 335 955 115 
stack 152:    850 226 423 789 675 695 179 
stack 153:    414 567 74 673 215 779 569 
stack 154:    475 927 96 135 876 745 147 
stack 155:    331 896 839 870 172 406 860 
stack 156:    197 658 275 659 849 972 467 
stack 157:    224 157 915 287 158 848 404 
stack 158:    203 384 126 451 80 872 964 
stack 159:    921 408 426 113 412 128 612 
stack 160:    965 854 378 392 977 740 589 
stack 161:    600 939 603 83 476 239 151 
stack 162:    836 470 788 877 380 431 633 
stack 163:    607 437 919 597 678 103 724 
stack 164:    754 87 736 634 838 732 241 
stack 165:    636 830 479 819 375 206 730 
stack 166:    443 413 285 457 452 162 367 
stack 167:    195 705 806 178 122 917 262 
stack 168:    934 959 345 751 991 653 655 
stack 169:    639 433 422 454 221 421 774 
stack 170:    277 297 317 368 212 190 347 
stack 171:    914 356 725 949 851 631 897 

#####################################################

solved with: SP.post_optimization_methods.HillClimbing
time limit: 3600.0 s
time to solve: 1018,10 s
objective value: 1228873.9

stacks (top to bottom):
stack 0:    500 
stack 1:    1 
stack 2:    
stack 3:    3 
stack 4:    
stack 5:    
stack 6:    
stack 7:    
stack 8:    8 
stack 9:    
stack 10:    
stack 11:    11 
stack 12:    
stack 13:    513 
stack 14:    14 
stack 15:    
stack 16:    516 18 
stack 17:    414 305 851 517 17 
stack 18:    259 692 19 564 327 760 445 
stack 19:    853 237 307 520 332 746 519 
stack 20:    536 90 988 185 337 532 749 
stack 21:    731 786 419 993 623 879 373 
stack 22:    523 31 900 264 530 734 444 
stack 23:    413 215 677 375 925 28 547 
stack 24:    754 939 812 157 137 527 196 
stack 25:    26 531 335 565 65 912 537 
stack 26:    985 141 791 610 771 298 250 
stack 27:    102 712 283 533 217 759 52 
stack 28:    810 762 834 643 996 601 405 
stack 29:    387 277 33 382 353 551 818 
stack 30:    301 811 191 703 234 606 370 
stack 31:    937 729 741 769 998 701 719 
stack 32:    766 927 248 430 891 640 688 
stack 33:    829 254 591 598 695 38 774 
stack 34:    67 945 765 995 42 694 334 
stack 35:    293 108 930 926 380 40 631 
stack 36:    45 553 969 778 165 826 755 
stack 37:    889 808 480 345 198 557 421 
stack 38:    622 965 616 605 913 647 907 
stack 39:    140 768 572 841 728 362 287 
stack 40:    48 449 941 992 262 580 41 
stack 41:    403 149 226 625 429 133 457 
stack 42:    180 120 309 924 221 981 72 
stack 43:    208 906 368 779 116 928 273 
stack 44:    552 138 135 681 571 439 958 
stack 45:    236 545 909 152 172 176 497 
stack 46:    901 683 146 839 91 793 687 
stack 47:    88 61 890 122 53 590 288 
stack 48:    665 209 377 131 635 60 64 
stack 49:    295 177 113 426 255 477 70 
stack 50:    269 567 854 796 599 333 150 
stack 51:    846 407 861 148 486 272 632 
stack 52:    618 827 319 378 886 160 558 
stack 53:    850 182 847 96 379 396 859 
stack 54:    324 483 838 833 785 374 738 
stack 55:    750 944 563 832 671 85 964 
stack 56:    858 788 855 114 894 412 225 
stack 57:    782 978 311 95 448 142 686 
stack 58:    126 974 155 452 874 578 990 
stack 59:    636 397 830 462 71 202 987 
stack 60:    742 600 970 880 777 938 887 
stack 61:    105 902 586 492 968 313 409 
stack 62:    192 959 885 498 770 960 657 
stack 63:    764 303 74 579 973 372 790 
stack 64:    864 189 474 390 290 230 577 
stack 65:    711 275 381 611 161 849 664 
stack 66:    772 696 575 77 569 346 349 
stack 67:    475 246 228 705 361 584 844 
stack 68:    662 496 888 355 916 807 194 
stack 69:    321 862 736 438 168 649 831 
stack 70:    883 479 986 158 84 369 966 
stack 71:    166 704 450 190 490 803 460 
stack 72:    270 97 291 574 213 954 436 
stack 73:    607 199 914 789 597 240 700 
stack 74:    718 493 229 336 207 214 101 
stack 75:    356 78 693 865 784 292 257 
stack 76:    867 663 145 104 802 300 223 
stack 77:    343 443 357 317 392 583 980 
stack 78:    816 624 119 651 780 118 931 
stack 79:    617 218 999 809 593 231 129 
stack 80:    706 186 211 187 366 427 698 
stack 81:    933 817 767 156 972 154 404 
stack 82:    465 717 296 653 143 204 232 
stack 83:    433 908 388 691 109 473 860 
stack 84:    459 707 690 284 289 794 494 
stack 85:    171 629 495 294 604 151 125 
stack 86:    0 
stack 87:    501 
stack 88:    2 502 
stack 89:    503 
stack 90:    504 4 
stack 91:    505 5 
stack 92:    7 506 6 
stack 93:    507 
stack 94:    508 509 
stack 95:    9 
stack 96:    510 10 
stack 97:    511 
stack 98:    512 12 
stack 99:    13 514 
stack 100:    515 
stack 101:    15 16 
stack 102:    518 
stack 103:    27 932 524 308 22 128 714 
stack 104:    21 806 915 602 20 522 260 
stack 105:    37 297 111 442 946 478 80 
stack 106:    521 395 24 364 825 456 23 
stack 107:    639 819 425 525 458 178 526 
stack 108:    735 98 535 534 737 702 243 
stack 109:    866 222 528 481 220 550 25 
stack 110:    268 787 320 181 544 562 797 
stack 111:    658 58 432 81 325 32 752 
stack 112:    956 358 93 401 34 951 258 
stack 113:    183 546 434 935 541 538 153 
stack 114:    39 30 383 299 251 950 29 
stack 115:    342 660 529 773 83 549 467 
stack 116:    341 247 54 206 540 51 238 
stack 117:    82 266 896 253 542 539 722 
stack 118:    35 464 440 76 644 36 716 
stack 119:    422 654 989 923 548 633 721 
stack 120:    326 112 488 339 745 69 44 
stack 121:    59 881 666 676 857 201 814 
stack 122:    581 197 720 899 813 852 57 
stack 123:    43 193 619 371 282 352 587 
stack 124:    354 845 359 49 984 263 543 
stack 125:    823 89 976 472 740 347 286 
stack 126:    328 920 79 878 420 723 724 
stack 127:    615 329 747 476 892 753 170 
stack 128:    656 304 453 385 489 162 55 
stack 129:    331 934 469 164 620 648 566 
stack 130:    491 46 669 367 50 147 555 
stack 131:    265 877 678 560 875 47 447 
stack 132:    868 893 783 402 271 482 872 
stack 133:    136 949 805 351 554 393 244 
stack 134:    568 667 835 634 570 56 276 
stack 135:    869 936 121 905 592 952 637 
stack 136:    322 953 798 169 365 898 239 
stack 137:    556 487 792 376 994 62 730 
stack 138:    363 659 895 279 983 389 903 
stack 139:    815 418 876 400 675 139 315 
stack 140:    235 451 559 431 744 904 929 
stack 141:    408 863 306 561 278 670 680 
stack 142:    763 873 603 758 821 398 163 
stack 143:    399 697 646 314 423 103 466 
stack 144:    638 318 455 437 661 630 233 
stack 145:    348 330 799 87 991 66 627 
stack 146:    384 195 594 739 350 689 848 
stack 147:    963 776 216 200 106 977 699 
stack 148:    576 134 674 124 417 596 179 
stack 149:    757 63 285 710 997 942 406 
stack 150:    682 86 144 267 756 167 612 
stack 151:    975 608 673 416 68 685 804 
stack 152:    210 256 428 499 882 173 249 
stack 153:    582 824 94 446 435 943 800 
stack 154:    910 971 205 967 573 713 589 
stack 155:    884 614 897 843 626 73 652 
stack 156:    203 316 360 641 107 781 837 
stack 157:    733 261 795 595 245 709 100 
stack 158:    110 645 962 715 726 75 948 
stack 159:    609 338 323 280 840 961 917 
stack 160:    441 761 485 127 471 410 732 
stack 161:    743 919 668 159 727 241 801 
stack 162:    842 470 461 650 679 386 115 
stack 163:    132 708 725 588 856 252 188 
stack 164:    748 921 274 424 585 982 310 
stack 165:    92 340 227 468 454 242 312 
stack 166:    117 947 628 672 918 99 957 
stack 167:    281 828 411 394 174 979 212 
stack 168:    820 940 613 463 415 822 922 
stack 169:    224 175 621 391 751 344 130 
stack 170:    302 184 870 684 871 655 123 
stack 171:    836 911 484 775 955 219 642 
