lower bound for relaxed s_ij: 1228858.08

#####################################################

solved with: SP.mip_formulations.BinPackingFormulation
time limit: 3600.0 s
time to solve: 3638,37 s (time limit exceeded)
objective value: 1242430.5 (not optimal)

stacks (top to bottom):
stack 0:    500 2 503 0 
stack 1:    501 1 7 14 
stack 2:    16 29 24 52 502 32 
stack 3:    22 504 11 
stack 4:    299 13 4 18 544 5 21 
stack 5:    20 505 713 
stack 6:    390 9 506 513 511 508 449 
stack 7:    10 316 523 534 260 512 15 
stack 8:    136 515 31 246 518 455 491 
stack 9:    516 792 165 521 155 918 752 
stack 10:    530 225 328 226 532 348 276 
stack 11:    12 268 216 197 525 524 283 
stack 12:    269 710 248 701 766 41 539 
stack 13:    527 522 668 347 247 776 458 
stack 14:    526 53 669 680 675 116 541 
stack 15:    253 536 185 802 569 563 535 
stack 16:    934 724 542 422 146 856 280 
stack 17:    520 533 200 593 519 383 174 
stack 18:    478 562 603 98 549 540 286 
stack 19:    687 221 90 760 582 528 750 
stack 20:    344 700 667 610 377 160 531 
stack 21:    19 80 39 558 730 873 103 
stack 22:    712 777 775 676 640 696 285 
stack 23:    60 953 942 104 853 30 517 
stack 24:    599 686 363 859 652 96 572 
stack 25:    707 548 375 735 728 210 626 
stack 26:    885 795 992 947 729 605 537 
stack 27:    938 957 114 917 928 688 577 
stack 28:    342 876 656 409 618 223 23 
stack 29:    44 303 386 129 95 69 774 
stack 30:    497 391 108 476 63 780 417 
stack 31:    495 877 244 484 220 866 49 
stack 32:    737 634 809 635 139 40 420 
stack 33:    920 864 678 324 51 38 407 
stack 34:    312 598 705 426 961 821 734 
stack 35:    971 975 762 695 270 997 477 
stack 36:    810 716 835 94 124 365 937 
stack 37:    313 81 480 119 753 145 673 
stack 38:    150 451 823 842 322 82 97 
stack 39:    699 611 977 543 470 144 88 
stack 40:    42 430 410 905 290 841 538 
stack 41:    228 808 787 832 552 259 575 
stack 42:    395 437 939 546 989 886 27 
stack 43:    350 948 233 612 551 266 751 
stack 44:    884 881 815 717 991 981 627 
stack 45:    45 805 275 639 195 670 556 
stack 46:    369 263 959 930 901 583 759 
stack 47:    469 783 839 382 925 674 75 
stack 48:    907 723 405 73 78 337 592 
stack 49:    986 332 962 413 396 972 323 
stack 50:    306 654 203 186 677 736 295 
stack 51:    643 294 814 142 397 343 310 
stack 52:    366 824 820 974 222 173 296 
stack 53:    279 443 164 308 131 869 435 
stack 54:    257 967 651 85 486 379 72 
stack 55:    408 999 461 450 489 570 968 
stack 56:    457 212 898 338 554 833 213 
stack 57:    596 850 201 154 749 829 492 
stack 58:    498 697 330 272 178 414 754 
stack 59:    282 8 309 62 963 206 57 
stack 60:    189 904 438 846 50 360 168 
stack 61:    672 130 105 472 931 843 653 
stack 62:    389 906 171 148 77 400 433 
stack 63:    793 128 66 434 320 61 565 
stack 64:    719 890 46 110 553 444 126 
stack 65:    721 240 720 194 950 218 113 
stack 66:    932 237 979 887 994 848 781 
stack 67:    861 625 258 127 921 182 790 
stack 68:    951 229 685 482 466 970 496 
stack 69:    757 318 190 761 893 665 159 
stack 70:    92 987 587 912 613 327 198 
stack 71:    706 758 441 452 176 608 860 
stack 72:    393 740 137 133 834 158 99 
stack 73:    585 935 262 387 353 169 600 
stack 74:    779 691 479 191 807 404 773 
stack 75:    71 642 474 661 996 791 748 
stack 76:    658 372 140 118 172 411 949 
stack 77:    836 782 273 109 579 267 819 
stack 78:    671 388 615 903 804 708 765 
stack 79:    892 557 355 944 607 234 862 
stack 80:    990 576 293 778 632 385 936 
stack 81:    376 193 604 281 394 803 76 
stack 82:    578 606 361 998 447 74 830 
stack 83:    122 83 166 301 636 287 162 
stack 84:    763 401 381 794 988 854 698 
stack 85:    374 900 288 662 818 715 265 
stack 86:    
stack 87:    
stack 88:    896 
stack 89:    3 
stack 90:    
stack 91:    17 278 
stack 92:    6 915 747 
stack 93:    897 507 
stack 94:    334 
stack 95:    509 946 956 
stack 96:    
stack 97:    955 
stack 98:    510 
stack 99:    514 
stack 100:    
stack 101:    120 488 428 637 
stack 102:    952 825 
stack 103:    
stack 104:    33 
stack 105:    
stack 106:    895 796 
stack 107:    79 359 
stack 108:    812 
stack 109:    694 
stack 110:    25 215 828 
stack 111:    43 984 
stack 112:    26 571 574 
stack 113:    141 980 
stack 114:    325 170 597 
stack 115:    995 28 219 
stack 116:    187 614 371 462 
stack 117:    55 785 184 
stack 118:    586 840 545 245 
stack 119:    211 448 985 429 
stack 120:    297 664 354 483 
stack 121:    91 954 35 
stack 122:    467 36 177 550 580 436 
stack 123:    919 331 432 117 726 
stack 124:    827 487 202 732 788 406 
stack 125:    333 439 630 101 440 311 831 
stack 126:    465 346 882 37 874 602 403 
stack 127:    370 631 392 402 196 471 463 
stack 128:    978 764 891 421 499 591 714 
stack 129:    621 646 647 913 681 650 207 
stack 130:    399 797 770 181 929 345 416 
stack 131:    567 135 48 568 143 547 307 
stack 132:    738 969 464 89 628 64 321 
stack 133:    659 923 559 341 419 300 415 
stack 134:    336 493 731 356 590 242 106 
stack 135:    679 619 561 616 199 964 926 
stack 136:    423 362 789 709 425 271 34 
stack 137:    180 718 249 230 711 298 183 
stack 138:    581 100 305 284 666 475 868 
stack 139:    982 648 335 682 65 922 153 
stack 140:    911 251 252 960 373 47 398 
stack 141:    983 871 564 739 446 588 822 
stack 142:    902 858 289 933 340 849 214 
stack 143:    851 727 623 204 958 633 86 
stack 144:    56 157 837 442 641 798 339 
stack 145:    800 838 629 767 943 424 205 
stack 146:    255 863 473 456 326 784 256 
stack 147:    786 481 349 192 367 357 826 
stack 148:    179 317 152 622 908 879 175 
stack 149:    93 302 816 894 352 683 315 
stack 150:    755 993 973 744 595 236 799 
stack 151:    867 692 811 852 494 274 663 
stack 152:    264 817 909 883 368 239 412 
stack 153:    427 855 927 649 70 418 59 
stack 154:    768 292 460 132 227 601 924 
stack 155:    746 68 102 277 624 620 384 
stack 156:    704 771 889 250 741 689 358 
stack 157:    566 138 769 112 208 617 304 
stack 158:    693 684 459 638 733 147 107 
stack 159:    188 209 224 872 801 529 916 
stack 160:    151 722 899 857 291 490 660 
stack 161:    314 238 573 58 865 703 167 
stack 162:    644 125 914 163 742 431 121 
stack 163:    351 910 888 594 555 254 378 
stack 164:    725 468 453 657 609 756 645 
stack 165:    965 813 878 870 743 690 319 
stack 166:    966 806 87 243 134 772 485 
stack 167:    54 941 445 560 329 844 161 
stack 168:    847 84 976 111 241 589 454 
stack 169:    655 584 217 745 261 232 235 
stack 170:    364 845 945 67 880 380 115 
stack 171:    156 940 123 702 231 875 149 

#####################################################

solved with: SP.constructive_heuristics.GeneralHeuristic
time limit: 3600.0 s
time to solve: 0,02 s
objective value: 1327428.29

stacks (top to bottom):
stack 0:    871 939 89 549 425 589 645 
stack 1:    883 890 510 184 181 570 406 
stack 2:    859 95 853 424 486 513 773 
stack 3:    6 764 615 527 977 844 750 
stack 4:    465 960 18 638 219 144 276 
stack 5:    587 595 410 616 418 696 214 
stack 6:    771 820 230 668 956 531 412 
stack 7:    707 982 694 659 358 33 462 
stack 8:    22 8 839 377 650 360 865 
stack 9:    585 344 682 170 2 161 403 
stack 10:    180 953 998 846 917 905 614 
stack 11:    12 151 92 91 62 732 860 
stack 12:    599 28 612 955 829 96 572 
stack 13:    837 735 537 339 538 759 790 
stack 14:    293 44 56 221 93 992 993 
stack 15:    136 745 468 101 940 835 115 
stack 16:    789 175 662 702 308 988 937 
stack 17:    738 891 289 104 775 49 213 
stack 18:    983 876 243 21 605 798 680 
stack 19:    655 800 262 146 354 415 256 
stack 20:    336 501 559 877 451 153 600 
stack 21:    889 573 432 119 913 782 683 
stack 22:    785 767 129 185 479 116 149 
stack 23:    719 545 640 107 563 601 3 
stack 24:    369 500 947 739 380 675 183 
stack 25:    945 544 591 760 142 195 397 
stack 26:    257 769 297 53 521 322 345 
stack 27:    712 478 367 220 550 404 141 
stack 28:    706 156 253 536 202 379 517 
stack 29:    36 150 128 494 903 689 555 
stack 30:    644 885 725 546 475 232 921 
stack 31:    757 810 299 923 248 287 819 
stack 32:    909 442 137 70 580 30 99 
stack 33:    179 313 884 148 458 155 918 
stack 34:    763 661 855 305 409 426 964 
stack 35:    509 699 520 637 949 554 173 
stack 36:    212 904 999 561 288 753 734 
stack 37:    122 258 625 335 948 473 338 
stack 38:    25 895 237 863 165 394 568 
stack 39:    351 604 471 41 626 653 875 
stack 40:    606 303 634 629 641 834 0 
stack 41:    393 646 722 818 334 736 298 
stack 42:    469 619 912 872 278 801 34 
stack 43:    31 522 78 40 436 729 283 
stack 44:    493 443 779 43 879 524 97 
stack 45:    112 228 686 375 636 816 754 
stack 46:    721 361 157 984 290 454 307 
stack 47:    349 881 98 268 108 610 103 
stack 48:    39 216 132 270 139 925 963 
stack 49:    229 878 946 233 363 553 227 
stack 50:    995 761 281 326 222 866 660 
stack 51:    861 737 325 117 207 446 271 
stack 52:    441 523 58 742 869 929 72 
stack 53:    457 118 301 405 277 24 378 
stack 54:    935 312 828 791 931 223 27 
stack 55:    366 439 427 603 656 127 657 
stack 56:    902 240 805 741 450 348 206 
stack 57:    252 318 215 664 967 65 353 
stack 58:    362 900 246 355 414 772 575 
stack 59:    100 827 952 505 713 121 420 
stack 60:    642 79 540 607 743 843 321 
stack 61:    932 368 888 749 906 774 162 
stack 62:    19 679 197 504 989 265 812 
stack 63:    631 567 4 516 727 171 539 
stack 64:    45 611 692 484 448 254 384 
stack 65:    687 718 969 624 804 588 868 
stack 66:    514 390 571 698 417 780 285 
stack 67:    882 596 90 922 669 61 627 
stack 68:    306 83 255 275 720 199 455 
stack 69:    376 54 37 850 52 124 463 
stack 70:    364 71 867 389 300 991 748 
stack 71:    965 824 20 908 598 803 323 
stack 72:    481 200 914 272 460 776 106 
stack 73:    346 542 48 823 492 833 296 
stack 74:    578 372 140 269 962 632 799 
stack 75:    951 851 796 428 701 396 38 
stack 76:    838 247 133 59 930 435 343 
stack 77:    978 438 666 480 383 218 286 
stack 78:    526 224 583 315 592 849 416 
stack 79:    211 697 777 163 579 113 565 
stack 80:    693 209 452 976 756 673 681 
stack 81:    193 333 10 249 69 429 51 
stack 82:    938 176 241 17 574 726 491 
stack 83:    125 840 401 894 814 234 961 
stack 84:    154 811 852 294 665 831 210 
stack 85:    990 190 986 172 792 620 400 
stack 86:    858 105 440 647 609 145 359 
stack 87:    374 302 177 744 857 954 158 
stack 88:    29 717 87 110 320 802 994 
stack 89:    966 470 602 64 708 690 159 
stack 90:    704 225 856 870 649 85 532 
stack 91:    658 459 392 47 387 82 304 
stack 92:    495 941 413 551 77 979 781 
stack 93:    309 487 291 63 747 449 765 
stack 94:    408 533 453 667 518 131 365 
stack 95:    671 314 907 896 419 433 15 
stack 96:    102 1 5 762 569 628 182 
stack 97:    188 639 437 691 973 617 970 
stack 98:    746 515 381 123 430 109 168 
stack 99:    648 874 94 466 231 541 547 
stack 100:    911 138 130 261 273 337 75 
stack 101:    786 768 317 472 950 50 886 
stack 102:    120 292 733 663 226 191 76 
stack 103:    710 910 324 974 590 169 594 
stack 104:    399 576 250 705 236 23 968 
stack 105:    282 581 643 652 347 260 784 
stack 106:    251 817 920 678 385 239 280 
stack 107:    566 847 621 342 529 916 826 
stack 108:    26 73 386 959 975 842 198 
stack 109:    152 530 731 700 431 873 862 
stack 110:    684 370 795 618 245 703 489 
stack 111:    548 201 16 456 143 981 319 
stack 112:    957 942 740 267 310 822 205 
stack 113:    60 651 328 67 496 235 259 
stack 114:    332 898 623 445 329 398 407 
stack 115:    189 66 534 582 830 444 944 
stack 116:    217 166 55 728 635 751 528 
stack 117:    391 423 755 613 477 788 485 
stack 118:    815 421 586 274 770 502 807 
stack 119:    464 630 284 676 593 688 160 
stack 120:    244 793 196 411 633 14 887 
stack 121:    264 13 778 204 402 958 752 
stack 122:    46 806 147 74 134 552 512 
stack 123:    584 341 135 208 266 560 503 
stack 124:    813 192 316 194 164 178 677 
stack 125:    685 395 622 9 543 340 490 
stack 126:    80 836 899 519 841 88 924 
stack 127:    467 654 42 114 794 506 174 
stack 128:    497 330 557 311 482 186 714 
stack 129:    758 996 187 892 352 997 35 
stack 130:    84 331 382 670 535 926 57 
stack 131:    723 422 711 695 943 766 597 
stack 132:    987 730 854 11 715 371 980 
stack 133:    672 263 915 476 525 674 556 
stack 134:    498 797 488 86 985 848 507 
stack 135:    68 724 808 32 832 126 577 
stack 136:    238 356 971 7 716 787 434 
stack 137:    783 558 709 111 928 821 880 
stack 138:    388 499 203 927 447 511 483 
stack 139:    934 350 864 373 242 972 
stack 140:    845 474 562 809 933 295 508 
stack 141:    825 608 327 
stack 142:    279 897 893 936 
stack 143:    461 357 167 
stack 144:    919 81 564 901 
stack 145:    
stack 146:    
stack 147:    
stack 148:    
stack 149:    
stack 150:    
stack 151:    
stack 152:    
stack 153:    
stack 154:    
stack 155:    
stack 156:    
stack 157:    
stack 158:    
stack 159:    
stack 160:    
stack 161:    
stack 162:    
stack 163:    
stack 164:    
stack 165:    
stack 166:    
stack 167:    
stack 168:    
stack 169:    
stack 170:    
stack 171:    
