solved with: SP.deprecated.TabuSearch
time limit: 1800.0 s
time to solve: 500,92 s
objective value: 692255.7

stacks (top to bottom):
stack 0:    0 
stack 1:    375 
stack 2:    2 
stack 3:    
stack 4:    
stack 5:    
stack 6:    
stack 7:    7 
stack 8:    8 
stack 9:    
stack 10:    385 
stack 11:    
stack 12:    12 
stack 13:    388 14 
stack 14:    389 164 16 20 303 404 393 
stack 15:    616 254 92 300 188 659 168 
stack 16:    17 391 40 48 489 215 18 
stack 17:    28 51 29 250 417 660 175 
stack 18:    745 585 37 480 286 742 151 
stack 19:    498 34 521 341 120 394 405 
stack 20:    400 537 316 677 21 613 395 
stack 21:    520 536 465 683 225 495 68 
stack 22:    83 407 105 38 156 342 158 
stack 23:    726 500 418 292 234 572 730 
stack 24:    399 691 440 26 678 148 415 
stack 25:    76 468 682 60 205 355 567 
stack 26:    692 639 169 413 698 422 196 
stack 27:    598 612 32 220 574 126 715 
stack 28:    237 643 743 609 522 562 50 
stack 29:    326 450 222 409 122 658 66 
stack 30:    208 31 357 349 675 408 457 
stack 31:    90 600 535 119 128 410 438 
stack 32:    471 269 47 170 555 145 236 
stack 33:    337 592 731 632 285 186 173 
stack 34:    43 617 299 200 36 462 352 
stack 35:    259 263 634 412 133 344 255 
stack 36:    723 610 369 207 427 135 538 
stack 37:    432 264 464 477 273 603 490 
stack 38:    671 152 46 662 661 117 458 
stack 39:    483 420 281 331 486 445 334 
stack 40:    732 640 523 246 708 209 271 
stack 41:    482 354 484 557 711 424 372 
stack 42:    545 79 744 739 62 42 504 
stack 43:    115 165 528 532 312 505 54 
stack 44:    311 309 563 630 568 434 330 
stack 45:    421 697 373 539 670 439 423 
stack 46:    49 429 492 287 494 353 102 
stack 47:    371 714 280 491 441 719 531 
stack 48:    167 335 586 530 52 70 602 
stack 49:    210 497 64 515 425 690 737 
stack 50:    96 481 576 619 150 510 185 
stack 51:    180 589 329 116 503 604 91 
stack 52:    626 575 109 327 466 360 704 
stack 53:    485 248 569 191 674 716 673 
stack 54:    488 625 197 469 506 644 551 
stack 55:    55 155 272 472 676 99 325 
stack 56:    74 359 693 570 694 454 112 
stack 57:    548 645 727 534 366 433 560 
stack 58:    75 365 540 718 171 519 579 
stack 59:    192 565 97 435 241 577 162 
stack 60:    69 244 556 160 291 516 182 
stack 61:    633 702 512 725 298 517 541 
stack 62:    328 249 346 274 599 159 525 
stack 63:    356 138 230 573 111 524 501 
stack 64:    172 740 266 699 529 279 475 
stack 65:    
stack 66:    1 376 
stack 67:    377 
stack 68:    3 378 
stack 69:    379 4 
stack 70:    5 380 
stack 71:    381 6 
stack 72:    382 
stack 73:    383 
stack 74:    9 384 
stack 75:    11 10 
stack 76:    387 386 
stack 77:    390 13 
stack 78:    41 700 449 615 212 591 
stack 79:    368 397 131 132 705 141 30 
stack 80:    19 33 635 127 283 276 15 
stack 81:    183 88 493 219 63 260 392 
stack 82:    735 679 239 202 275 642 607 
stack 83:    56 509 262 23 24 130 332 
stack 84:    22 748 233 322 195 590 652 
stack 85:    25 227 396 35 478 456 728 
stack 86:    179 358 507 582 734 174 571 
stack 87:    402 294 695 153 27 657 733 
stack 88:    553 664 398 166 749 747 290 
stack 89:    247 362 243 593 110 401 618 
stack 90:    629 669 82 712 508 527 370 
stack 91:    656 258 81 204 596 403 460 
stack 92:    53 39 580 605 302 547 461 
stack 93:    65 124 314 474 414 67 363 
stack 94:    406 157 242 261 688 345 446 
stack 95:    448 216 57 601 61 231 411 
stack 96:    594 257 416 713 282 301 288 
stack 97:    707 95 549 542 238 86 544 
stack 98:    473 738 333 252 351 499 177 
stack 99:    746 672 149 513 113 724 108 
stack 100:    213 621 628 317 198 701 650 
stack 101:    146 340 338 502 318 226 709 
stack 102:    564 347 623 323 140 268 620 
stack 103:    514 624 308 606 221 554 651 
stack 104:    154 265 176 430 78 689 518 
stack 105:    45 142 526 653 443 646 125 
stack 106:    361 44 101 87 187 224 627 
stack 107:    85 587 736 267 419 729 251 
stack 108:    106 137 123 147 232 455 139 
stack 109:    637 339 437 561 741 343 611 
stack 110:    428 310 193 648 717 703 442 
stack 111:    543 336 367 297 496 687 476 
stack 112:    631 431 93 578 533 583 608 
stack 113:    470 107 487 348 647 235 103 
stack 114:    566 546 426 636 364 307 211 
stack 115:    58 59 558 374 84 129 654 
stack 116:    190 217 100 136 270 144 720 
stack 117:    668 686 444 584 72 80 452 
stack 118:    98 181 178 253 324 666 313 
stack 119:    114 304 663 451 622 295 453 
stack 120:    706 89 559 293 289 459 256 
stack 121:    588 194 321 315 684 284 134 
stack 122:    94 214 722 511 649 552 163 
stack 123:    206 201 350 305 143 696 218 
stack 124:    463 121 581 189 240 595 665 
stack 125:    685 320 229 479 203 680 467 
stack 126:    73 597 71 447 614 436 296 
stack 127:    655 319 161 184 710 721 228 
stack 128:    667 77 638 681 306 277 245 
stack 129:    641 223 118 278 550 199 104 

#####################################################

solved with: SP.post_optimization_methods.HillClimbing
time limit: 1800.0 s
time to solve: 347,54 s
objective value: 692243.58

stacks (top to bottom):
stack 0:    0 
stack 1:    375 
stack 2:    2 
stack 3:    
stack 4:    
stack 5:    
stack 6:    
stack 7:    7 
stack 8:    8 
stack 9:    
stack 10:    385 
stack 11:    
stack 12:    12 
stack 13:    388 14 
stack 14:    347 304 418 640 523 33 321 
stack 15:    390 447 362 29 189 552 393 
stack 16:    655 451 161 684 710 313 224 
stack 17:    49 625 402 17 426 278 144 
stack 18:    39 396 165 32 295 198 604 
stack 19:    431 87 493 634 338 394 599 
stack 20:    41 400 316 583 405 446 411 
stack 21:    406 481 200 519 620 499 551 
stack 22:    637 101 575 214 280 491 66 
stack 23:    34 40 521 370 680 410 696 
stack 24:    569 179 300 713 536 186 312 
stack 25:    592 744 298 705 741 50 129 
stack 26:    333 639 698 422 136 330 704 
stack 27:    671 202 48 46 711 353 80 
stack 28:    725 469 331 37 296 591 560 
stack 29:    621 137 663 122 658 602 151 
stack 30:    208 31 369 420 360 457 719 
stack 31:    609 287 43 332 128 174 271 
stack 32:    581 123 164 275 555 494 103 
stack 33:    706 745 92 513 373 112 571 
stack 34:    482 444 578 349 38 63 659 
stack 35:    89 509 324 282 156 284 205 
stack 36:    361 667 624 311 120 173 423 
stack 37:    416 356 517 440 506 524 603 
stack 38:    740 192 677 340 675 70 433 
stack 39:    464 526 193 636 229 276 68 
stack 40:    183 588 65 616 116 503 728 
stack 41:    500 194 254 530 52 730 476 
stack 42:    82 308 666 42 676 454 334 
stack 43:    237 693 479 130 307 236 434 
stack 44:    88 153 653 436 61 145 742 
stack 45:    735 45 617 244 556 467 158 
stack 46:    74 429 299 557 562 480 102 
stack 47:    213 210 339 167 512 432 110 
stack 48:    629 732 114 293 515 574 218 
stack 49:    631 79 584 465 582 649 486 
stack 50:    483 594 77 216 642 240 343 
stack 51:    428 626 437 187 554 475 148 
stack 52:    95 292 459 135 113 255 185 
stack 53:    239 738 462 674 673 665 607 
stack 54:    371 181 586 327 722 593 670 
stack 55:    115 358 528 542 342 84 531 
stack 56:    359 685 546 273 511 133 724 
stack 57:    610 124 76 466 241 572 689 
stack 58:    337 166 207 152 305 508 567 
stack 59:    83 585 283 232 279 657 652 
stack 60:    368 529 289 737 226 490 286 
stack 61:    248 323 269 140 484 681 251 
stack 62:    90 600 100 291 150 211 182 
stack 63:    190 206 351 196 270 709 720 
stack 64:    246 589 329 708 682 441 86 
stack 65:    
stack 66:    1 376 
stack 67:    377 
stack 68:    3 378 
stack 69:    379 4 
stack 70:    380 5 
stack 71:    381 6 
stack 72:    382 
stack 73:    383 
stack 74:    9 384 
stack 75:    10 
stack 76:    386 
stack 77:    387 11 13 
stack 78:    22 25 21 635 204 20 716 
stack 79:    28 638 389 548 30 392 15 
stack 80:    73 309 262 391 310 348 729 
stack 81:    328 397 19 149 414 16 403 
stack 82:    473 566 197 687 23 18 661 
stack 83:    319 409 565 317 260 404 415 
stack 84:    748 421 399 408 302 395 27 
stack 85:    668 51 59 26 159 678 209 
stack 86:    643 259 281 250 648 601 24 
stack 87:    157 142 55 522 527 345 401 
stack 88:    656 623 398 427 374 502 733 
stack 89:    336 178 35 266 253 238 691 
stack 90:    576 413 36 118 550 452 458 
stack 91:    326 407 81 64 697 539 460 
stack 92:    692 485 71 749 487 417 647 
stack 93:    247 341 630 268 203 472 175 
stack 94:    354 739 47 547 455 703 303 
stack 95:    561 412 141 243 195 212 162 
stack 96:    714 227 242 505 590 272 654 
stack 97:    264 477 587 614 62 346 445 
stack 98:    56 85 57 615 138 274 99 
stack 99:    641 172 450 628 97 622 355 
stack 100:    514 44 357 335 507 233 701 
stack 101:    106 93 109 221 549 699 134 
stack 102:    249 285 171 119 215 231 117 
stack 103:    664 367 350 496 717 267 163 
stack 104:    180 75 605 449 234 127 108 
stack 105:    320 170 712 568 646 352 579 
stack 106:    154 258 261 425 322 301 288 
stack 107:    294 58 736 419 495 439 715 
stack 108:    53 121 606 132 747 235 461 
stack 109:    672 700 688 456 734 225 54 
stack 110:    726 543 702 686 365 147 67 
stack 111:    746 537 257 435 184 468 91 
stack 112:    580 222 534 541 325 660 126 
stack 113:    743 217 223 188 344 453 372 
stack 114:    98 478 220 219 366 424 168 
stack 115:    201 619 107 535 644 504 538 
stack 116:    564 146 718 731 632 191 595 
stack 117:    463 94 497 613 155 111 318 
stack 118:    695 645 364 510 245 516 139 
stack 119:    265 176 430 608 60 78 228 
stack 120:    707 314 105 471 470 306 277 
stack 121:    488 252 492 160 169 199 104 
stack 122:    553 612 559 297 520 532 627 
stack 123:    669 690 573 694 558 125 177 
stack 124:    96 69 545 315 721 577 651 
stack 125:    723 570 290 72 143 443 501 
stack 126:    633 598 597 563 533 611 438 
stack 127:    679 474 727 230 442 544 525 
stack 128:    131 263 363 596 683 650 518 
stack 129:    498 448 540 662 489 256 618 
