solved with: SP.deprecated.TabuSearch
time limit: 1800.0 s
time to solve: 649,71 s
objective value: 692252.08

stacks (top to bottom):
stack 0:    0 
stack 1:    1 
stack 2:    
stack 3:    
stack 4:    3 
stack 5:    5 
stack 6:    381 
stack 7:    7 
stack 8:    
stack 9:    9 
stack 10:    
stack 11:    
stack 12:    387 
stack 13:    16 392 
stack 14:    19 417 714 41 278 734 605 
stack 15:    629 263 491 391 247 670 242 
stack 16:    93 17 557 107 437 394 82 
stack 17:    71 400 355 31 430 60 291 
stack 18:    258 395 635 652 449 319 326 
stack 19:    22 207 486 740 397 20 34 
stack 20:    461 640 78 407 411 46 195 
stack 21:    102 413 40 135 369 588 304 
stack 22:    453 519 354 587 35 42 490 
stack 23:    530 67 25 336 305 654 37 
stack 24:    723 651 29 290 415 261 186 
stack 25:    70 711 100 168 32 138 508 
stack 26:    48 495 424 615 149 26 33 
stack 27:    231 408 564 90 480 657 346 
stack 28:    503 710 535 529 447 436 30 
stack 29:    722 69 702 589 312 409 691 
stack 30:    441 232 342 347 521 631 309 
stack 31:    410 668 439 202 579 249 53 
stack 32:    485 463 256 328 749 590 262 
stack 33:    94 159 484 280 748 538 80 
stack 34:    553 547 296 475 283 431 531 
stack 35:    114 321 315 569 628 568 630 
stack 36:    61 284 580 362 696 341 351 
stack 37:    501 642 487 134 478 298 356 
stack 38:    560 292 339 124 660 245 686 
stack 39:    497 57 524 112 694 211 54 
stack 40:    728 427 515 650 293 597 627 
stack 41:    418 254 295 121 467 123 110 
stack 42:    88 105 43 725 674 540 637 
stack 43:    506 234 56 715 541 224 239 
stack 44:    479 367 617 594 184 47 720 
stack 45:    738 602 166 374 600 653 243 
stack 46:    517 297 732 609 510 327 238 
stack 47:    614 422 143 96 518 197 658 
stack 48:    648 520 695 129 603 180 331 
stack 49:    727 440 120 286 223 645 704 
stack 50:    626 643 345 366 274 130 676 
stack 51:    230 489 84 681 599 718 350 
stack 52:    209 306 611 625 154 142 536 
stack 53:    251 705 317 633 313 496 126 
stack 54:    623 307 721 571 706 344 729 
stack 55:    505 656 318 111 562 217 364 
stack 56:    323 229 74 593 171 311 451 
stack 57:    678 275 75 66 525 76 464 
stack 58:    598 646 59 570 173 221 73 
stack 59:    104 157 606 578 371 127 575 
stack 60:    92 213 677 333 146 281 300 
stack 61:    212 573 155 196 225 253 719 
stack 62:    170 448 619 472 499 701 471 
stack 63:    329 742 240 733 450 707 279 
stack 64:    689 442 175 551 167 581 174 
stack 65:    375 
stack 66:    376 
stack 67:    377 2 
stack 68:    378 379 
stack 69:    4 
stack 70:    380 
stack 71:    6 
stack 72:    382 
stack 73:    383 8 
stack 74:    384 
stack 75:    10 385 
stack 76:    11 
stack 77:    12 390 386 
stack 78:    13 403 23 145 14 389 388 
stack 79:    158 15 18 514 743 64 693 
stack 80:    523 703 574 641 260 357 420 
stack 81:    401 140 163 543 393 438 65 
stack 82:    136 673 106 741 665 349 697 
stack 83:    396 399 584 685 164 299 21 
stack 84:    210 717 688 201 526 91 669 
stack 85:    352 68 512 545 466 259 405 
stack 86:    634 177 708 79 235 402 398 
stack 87:    477 638 24 27 28 713 199 
stack 88:    348 147 567 218 591 62 233 
stack 89:    747 370 113 582 246 282 608 
stack 90:    176 565 185 404 181 550 85 
stack 91:    601 150 38 661 49 190 542 
stack 92:    460 509 361 39 412 504 373 
stack 93:    191 340 153 36 83 624 368 
stack 94:    204 649 52 187 406 469 141 
stack 95:    511 216 655 492 131 320 745 
stack 96:    133 667 97 219 502 739 736 
stack 97:    726 117 445 620 289 443 671 
stack 98:    612 462 103 532 200 365 566 
stack 99:    421 189 271 302 359 72 690 
stack 100:    533 192 610 730 607 308 680 
stack 101:    44 287 162 81 556 330 332 
stack 102:    285 156 435 414 659 613 363 
stack 103:    193 737 270 236 426 488 483 
stack 104:    266 372 98 237 101 335 527 
stack 105:    513 577 644 416 618 724 250 
stack 106:    267 595 712 148 108 554 51 
stack 107:    716 188 552 122 473 476 423 
stack 108:    118 338 664 50 428 248 559 
stack 109:    58 314 429 419 264 731 226 
stack 110:    585 45 534 432 252 353 178 
stack 111:    316 205 277 244 507 679 735 
stack 112:    572 325 269 465 481 555 692 
stack 113:    109 548 744 474 125 87 169 
stack 114:    425 137 636 55 500 132 268 
stack 115:    139 215 99 596 119 116 632 
stack 116:    647 446 194 583 700 434 152 
stack 117:    586 493 214 288 746 639 459 
stack 118:    456 544 684 698 444 675 498 
stack 119:    63 115 206 227 151 183 576 
stack 120:    457 621 546 433 699 128 208 
stack 121:    452 241 220 558 179 454 455 
stack 122:    198 687 539 160 294 334 516 
stack 123:    470 662 322 303 616 144 528 
stack 124:    482 222 592 203 522 663 255 
stack 125:    494 301 172 709 672 537 324 
stack 126:    161 89 458 86 563 358 666 
stack 127:    95 683 273 165 468 310 561 
stack 128:    182 343 682 228 604 549 272 
stack 129:    77 360 265 257 276 337 622 

#####################################################

solved with: SP.post_optimization_methods.HillClimbing
time limit: 1800.0 s
time to solve: 415,56 s
objective value: 692256.96

stacks (top to bottom):
stack 0:    0 
stack 1:    1 
stack 2:    
stack 3:    
stack 4:    3 
stack 5:    5 
stack 6:    381 
stack 7:    7 
stack 8:    
stack 9:    9 
stack 10:    386 
stack 11:    
stack 12:    12 387 
stack 13:    13 390 
stack 14:    322 681 18 113 581 350 242 
stack 15:    396 109 586 491 391 398 324 
stack 16:    333 393 245 550 26 718 394 
stack 17:    728 69 529 128 566 540 538 
stack 18:    285 24 425 548 732 301 409 
stack 19:    747 277 404 447 426 478 54 
stack 20:    458 702 562 236 591 423 195 
stack 21:    577 742 641 369 411 613 405 
stack 22:    722 573 487 708 91 660 85 
stack 23:    209 400 31 66 200 288 217 
stack 24:    482 185 74 509 43 599 671 
stack 25:    553 340 711 466 473 36 556 
stack 26:    401 177 743 551 430 169 64 
stack 27:    519 372 339 408 366 30 561 
stack 28:    329 737 221 307 107 555 34 
stack 29:    40 101 168 83 353 618 516 
stack 30:    159 150 39 412 373 49 438 
stack 31:    114 171 201 57 558 496 536 
stack 32:    421 470 297 474 165 147 697 
stack 33:    523 413 47 655 123 268 464 
stack 34:    410 479 191 667 506 414 365 
stack 35:    316 647 446 256 624 729 632 
stack 36:    68 687 216 665 434 608 508 
stack 37:    422 592 582 355 295 167 531 
stack 38:    263 284 454 666 110 502 174 
stack 39:    648 231 302 514 129 331 180 
stack 40:    70 258 273 86 278 627 654 
stack 41:    136 439 700 202 420 261 53 
stack 42:    48 99 547 163 246 701 282 
stack 43:    352 703 602 574 673 227 588 
stack 44:    229 493 565 45 494 524 172 
stack 45:    58 156 100 319 149 733 51 
stack 46:    477 445 651 52 429 112 335 
stack 47:    213 214 504 746 197 281 233 
stack 48:    723 188 162 546 320 160 724 
stack 49:    688 642 695 578 486 60 126 
stack 50:    143 88 682 303 361 345 105 
stack 51:    572 463 570 265 78 721 119 
stack 52:    744 640 276 151 211 527 300 
stack 53:    275 241 95 55 571 428 471 
stack 54:    610 81 609 237 633 554 238 
stack 55:    77 111 515 481 121 707 138 
stack 56:    222 580 292 203 543 358 731 
stack 57:    84 103 140 535 179 563 293 
stack 58:    726 117 683 181 124 525 622 
stack 59:    656 472 530 595 134 108 310 
stack 60:    611 283 250 469 76 734 82 
stack 61:    716 175 488 490 597 309 691 
stack 62:    98 623 636 148 336 576 226 
stack 63:    92 677 146 616 670 199 144 
stack 64:    205 501 460 489 664 696 451 
stack 65:    375 
stack 66:    376 
stack 67:    377 2 
stack 68:    378 379 
stack 69:    4 
stack 70:    380 
stack 71:    6 
stack 72:    382 
stack 73:    383 8 
stack 74:    384 
stack 75:    10 385 
stack 76:    11 
stack 77:    392 
stack 78:    16 403 495 257 14 389 388 
stack 79:    15 367 395 28 714 346 720 
stack 80:    120 63 260 741 645 223 326 
stack 81:    19 44 635 327 537 208 33 
stack 82:    448 417 17 740 35 739 356 
stack 83:    22 738 315 67 416 21 152 
stack 84:    189 23 29 25 461 20 397 
stack 85:    399 230 182 593 694 41 259 
stack 86:    457 544 453 267 560 38 669 
stack 87:    204 679 659 407 187 186 116 
stack 88:    176 90 443 663 87 311 37 
stack 89:    321 27 314 603 255 522 615 
stack 90:    614 170 649 499 699 450 693 
stack 91:    71 462 96 661 402 542 444 
stack 92:    513 465 545 122 521 467 639 
stack 93:    533 598 286 97 106 56 406 
stack 94:    266 317 617 173 419 337 291 
stack 95:    215 685 328 342 219 32 132 
stack 96:    157 585 50 534 207 710 127 
stack 97:    634 193 244 289 650 557 130 
stack 98:    323 601 626 643 725 341 80 
stack 99:    212 370 271 424 72 436 674 
stack 100:    507 730 354 607 131 206 680 
stack 101:    325 164 510 415 476 264 590 
stack 102:    198 254 657 42 658 690 272 
stack 103:    497 612 418 343 520 235 526 
stack 104:    102 440 135 475 437 630 459 
stack 105:    435 59 427 620 552 500 46 
stack 106:    485 192 287 606 748 518 274 
stack 107:    638 118 646 503 594 313 368 
stack 108:    61 442 564 79 65 686 676 
stack 109:    94 338 359 280 125 698 178 
stack 110:    625 735 218 330 249 312 363 
stack 111:    584 155 619 362 220 253 719 
stack 112:    306 89 684 569 628 431 279 
stack 113:    456 104 158 318 432 190 675 
stack 114:    137 433 290 240 153 298 248 
stack 115:    161 652 344 224 349 334 579 
stack 116:    505 269 480 587 371 449 304 
stack 117:    705 145 75 709 692 141 243 
stack 118:    629 210 532 225 247 468 575 
stack 119:    441 539 715 745 62 239 736 
stack 120:    133 717 621 360 296 270 712 
stack 121:    348 154 299 589 749 492 332 
stack 122:    689 668 644 184 567 706 294 
stack 123:    511 232 541 374 600 142 528 
stack 124:    662 196 93 484 351 228 604 
stack 125:    678 596 512 568 672 483 262 
stack 126:    517 139 347 631 713 498 637 
stack 127:    452 308 455 305 252 183 559 
stack 128:    166 234 194 583 653 704 605 
stack 129:    251 727 357 115 73 364 549 
