solved with: SP.deprecated.TabuSearch
time limit: 1800.0 s
time to solve: 799,27 s
objective value: 692253.34

stacks (top to bottom):
stack 0:    0 
stack 1:    1 376 
stack 2:    
stack 3:    
stack 4:    379 
stack 5:    380 
stack 6:    6 
stack 7:    
stack 8:    383 
stack 9:    
stack 10:    385 
stack 11:    386 
stack 12:    387 12 
stack 13:    15 103 
stack 14:    659 344 32 714 483 445 323 
stack 15:    17 516 346 19 393 340 439 
stack 16:    341 537 54 560 350 404 218 
stack 17:    671 394 308 600 479 303 21 
stack 18:    433 689 333 23 405 34 557 
stack 19:    35 488 660 652 396 26 535 
stack 20:    200 95 596 167 179 742 275 
stack 21:    490 25 51 431 576 607 271 
stack 22:    28 22 191 402 224 43 96 
stack 23:    250 213 632 638 131 485 615 
stack 24:    739 507 680 720 219 598 708 
stack 25:    408 198 361 504 705 368 329 
stack 26:    641 498 111 487 269 180 593 
stack 27:    718 31 139 629 410 211 291 
stack 28:    142 40 311 30 531 406 586 
stack 29:    628 359 110 45 611 137 530 
stack 30:    270 49 281 438 727 499 738 
stack 31:    731 372 362 316 411 217 481 
stack 32:    94 700 336 366 547 256 165 
stack 33:    419 172 427 701 225 187 604 
stack 34:    634 545 68 468 534 79 473 
stack 35:    570 677 663 416 114 417 524 
stack 36:    599 144 493 623 196 150 203 
stack 37:    429 643 108 149 478 261 194 
stack 38:    295 246 578 618 214 740 230 
stack 39:    426 305 116 171 126 46 582 
stack 40:    464 471 226 713 525 273 523 
stack 41:    50 202 355 553 163 47 55 
stack 42:    536 112 279 678 676 298 542 
stack 43:    280 697 649 140 184 170 159 
stack 44:    263 44 532 215 118 571 569 
stack 45:    422 703 726 674 374 698 508 
stack 46:    724 354 428 612 309 441 297 
stack 47:    673 461 442 156 151 515 53 
stack 48:    168 119 533 662 154 692 274 
stack 49:    152 736 195 562 210 501 185 
stack 50:    122 98 567 743 123 287 285 
stack 51:    672 565 470 223 360 99 588 
stack 52:    543 459 669 193 561 732 176 
stack 53:    707 102 325 456 552 143 444 
stack 54:    715 650 511 283 654 685 517 
stack 55:    177 684 120 87 455 449 363 
stack 56:    239 130 631 435 704 58 312 
stack 57:    667 133 339 539 288 300 606 
stack 58:    115 227 465 290 199 522 550 
stack 59:    664 509 709 212 181 319 556 
stack 60:    104 197 301 242 686 450 510 
stack 61:    234 733 77 141 563 93 310 
stack 62:    127 617 220 286 282 138 169 
stack 63:    174 729 334 175 160 538 161 
stack 64:    474 134 605 182 166 585 463 
stack 65:    375 
stack 66:    377 
stack 67:    2 
stack 68:    378 3 
stack 69:    4 
stack 70:    5 
stack 71:    381 382 
stack 72:    7 
stack 73:    8 
stack 74:    384 9 
stack 75:    10 
stack 76:    11 
stack 77:    14 
stack 78:    447 389 106 390 388 13 244 
stack 79:    392 496 353 413 248 251 421 
stack 80:    20 41 500 400 29 65 399 
stack 81:    744 266 391 293 61 16 645 
stack 82:    691 592 201 228 18 364 403 
stack 83:    135 236 635 328 70 260 409 
stack 84:    398 626 636 554 443 622 145 
stack 85:    395 694 314 83 420 62 56 
stack 86:    24 451 748 42 466 69 397 
stack 87:    113 27 330 299 514 71 365 
stack 88:    702 121 657 505 665 529 205 
stack 89:    491 711 401 668 513 587 318 
stack 90:    616 717 446 164 568 432 332 
stack 91:    619 324 458 259 414 101 153 
stack 92:    452 425 39 146 477 88 469 
stack 93:    573 475 597 407 371 716 84 
stack 94:    326 76 249 453 36 699 412 
stack 95:    247 157 38 558 594 358 252 
stack 96:    518 661 313 253 424 437 653 
stack 97:    734 418 158 345 33 186 467 
stack 98:    321 747 243 254 268 723 37 
stack 99:    206 434 646 63 415 86 90 
stack 100:    497 519 183 591 746 97 72 
stack 101:    240 48 124 528 502 231 624 
stack 102:    728 526 460 307 342 695 655 
stack 103:    730 681 347 208 574 91 238 
stack 104:    60 506 78 129 75 489 601 
stack 105:    595 589 255 551 356 289 725 
stack 106:    81 292 192 351 620 257 575 
stack 107:    357 349 503 322 232 430 258 
stack 108:    207 581 627 486 209 338 440 
stack 109:    640 666 675 155 74 296 621 
stack 110:    480 546 82 647 331 272 687 
stack 111:    749 348 147 178 423 584 521 
stack 112:    302 315 472 540 262 710 448 
stack 113:    66 719 337 656 264 89 577 
stack 114:    100 642 190 548 188 107 304 
stack 115:    603 132 670 555 267 633 590 
stack 116:    544 610 696 436 608 317 721 
stack 117:    109 679 52 352 73 148 222 
stack 118:    520 637 688 541 572 117 92 
stack 119:    741 512 245 327 625 241 173 
stack 120:    221 613 580 484 67 614 492 
stack 121:    639 59 370 237 284 706 745 
stack 122:    57 609 235 80 737 682 125 
stack 123:    462 369 559 494 476 265 335 
stack 124:    712 602 495 566 128 278 162 
stack 125:    277 693 651 630 527 722 320 
stack 126:    189 85 276 105 482 549 204 
stack 127:    683 229 216 294 735 373 648 
stack 128:    658 454 64 136 564 583 233 
stack 129:    644 457 690 579 367 343 306 

#####################################################

solved with: SP.post_optimization_methods.HillClimbing
time limit: 1800.0 s
time to solve: 446,14 s
objective value: 692249.72

stacks (top to bottom):
stack 0:    0 
stack 1:    1 376 
stack 2:    
stack 3:    
stack 4:    379 
stack 5:    380 
stack 6:    6 
stack 7:    
stack 8:    383 
stack 9:    
stack 10:    385 
stack 11:    386 
stack 12:    387 12 
stack 13:    389 391 303 
stack 14:    395 177 390 367 479 184 219 
stack 15:    314 319 29 171 230 37 16 
stack 16:    392 401 417 18 32 393 576 
stack 17:    31 28 617 347 322 411 373 
stack 18:    599 357 85 496 242 33 36 
stack 19:    35 302 19 70 196 120 44 
stack 20:    94 20 398 670 22 101 335 
stack 21:    689 490 76 668 410 522 463 
stack 22:    580 282 733 208 564 151 26 
stack 23:    221 132 27 505 399 129 412 
stack 24:    570 327 636 746 272 188 123 
stack 25:    719 659 250 683 283 588 699 
stack 26:    474 422 616 57 637 74 742 
stack 27:    336 558 688 232 485 404 271 
stack 28:    41 201 466 340 561 75 721 
stack 29:    419 279 537 34 317 222 648 
stack 30:    202 48 478 163 415 532 409 
stack 31:    82 51 554 530 623 96 145 
stack 32:    666 504 705 54 540 508 575 
stack 33:    112 39 140 747 701 259 103 
stack 34:    749 640 243 43 351 173 244 
stack 35:    718 562 680 533 159 737 329 
stack 36:    142 650 456 167 665 47 450 
stack 37:    464 734 546 179 548 469 735 
stack 38:    172 457 739 729 38 225 306 
stack 39:    707 426 59 643 45 65 223 
stack 40:    292 681 192 371 559 448 274 
stack 41:    603 519 105 297 443 590 421 
stack 42:    174 690 264 308 334 358 687 
stack 43:    425 613 632 224 585 629 342 
stack 44:    337 286 556 316 233 148 569 
stack 45:    459 111 236 493 727 591 312 
stack 46:    741 206 484 216 441 231 287 
stack 47:    122 461 348 436 743 437 53 
stack 48:    641 362 442 139 138 563 604 
stack 49:    115 104 113 600 577 430 92 
stack 50:    619 152 610 315 630 147 515 
stack 51:    555 269 164 445 209 363 606 
stack 52:    189 121 331 647 267 698 473 
stack 53:    595 110 325 364 465 88 725 
stack 54:    207 744 678 567 281 541 692 
stack 55:    333 702 213 657 149 495 706 
stack 56:    227 669 299 531 431 494 97 
stack 57:    498 249 539 288 203 84 542 
stack 58:    671 341 573 525 268 449 517 
stack 59:    672 713 262 170 343 598 615 
stack 60:    488 578 228 136 523 73 318 
stack 61:    359 106 475 178 552 298 534 
stack 62:    471 346 663 330 626 583 285 
stack 63:    100 246 500 355 193 568 655 
stack 64:    462 651 237 557 723 587 93 
stack 65:    375 
stack 66:    377 
stack 67:    2 
stack 68:    378 3 
stack 69:    4 
stack 70:    5 
stack 71:    381 382 
stack 72:    7 
stack 73:    8 
stack 74:    384 9 
stack 75:    10 
stack 76:    11 
stack 77:    
stack 78:    15 503 369 284 388 260 13 
stack 79:    95 14 635 30 740 439 440 
stack 80:    17 730 98 134 472 649 52 
stack 81:    305 370 717 611 368 21 584 
stack 82:    634 144 486 453 633 396 521 
stack 83:    40 512 748 293 307 320 72 
stack 84:    66 394 661 560 572 252 732 
stack 85:    226 405 23 255 652 432 403 
stack 86:    24 726 402 212 42 181 423 
stack 87:    349 25 596 241 714 511 397 
stack 88:    656 520 589 414 400 407 296 
stack 89:    644 673 361 270 458 278 153 
stack 90:    658 157 195 89 460 56 218 
stack 91:    447 429 295 102 420 435 126 
stack 92:    736 83 527 78 128 582 624 
stack 93:    667 158 545 406 360 550 251 
stack 94:    694 324 49 703 356 614 332 
stack 95:    691 711 592 684 499 607 258 
stack 96:    507 313 210 175 424 256 535 
stack 97:    724 344 679 428 434 289 682 
stack 98:    408 625 446 63 118 300 601 
stack 99:    639 345 413 186 248 571 549 
stack 100:    50 602 638 374 470 143 99 
stack 101:    239 715 731 676 166 722 64 
stack 102:    543 146 416 108 514 58 708 
stack 103:    452 247 182 451 524 265 467 
stack 104:    127 579 700 253 538 350 291 
stack 105:    240 553 483 502 190 586 481 
stack 106:    491 418 566 69 141 217 90 
stack 107:    628 234 311 245 338 686 685 
stack 108:    427 266 509 597 608 704 46 
stack 109:    544 372 506 62 214 510 492 
stack 110:    183 528 55 529 257 489 738 
stack 111:    168 326 328 124 67 444 79 
stack 112:    277 321 518 116 254 61 476 
stack 113:    301 276 197 68 468 482 204 
stack 114:    155 501 160 185 117 238 621 
stack 115:    433 609 71 261 205 294 86 
stack 116:    497 581 353 455 87 612 365 
stack 117:    273 131 156 352 169 91 645 
stack 118:    513 454 114 137 180 654 323 
stack 119:    109 200 631 674 438 620 125 
stack 120:    693 516 480 477 263 290 309 
stack 121:    198 220 191 526 547 653 107 
stack 122:    133 229 80 716 551 310 275 
stack 123:    60 366 675 187 662 695 211 
stack 124:    697 696 77 720 710 745 154 
stack 125:    664 487 354 642 199 593 622 
stack 126:    712 677 709 565 574 162 304 
stack 127:    81 536 728 605 119 165 176 
stack 128:    627 339 660 215 646 150 194 
stack 129:    135 130 280 618 235 594 161 
