lower bound for relaxed s_ij: 692247.28

#####################################################

solved with: SP.mip_formulations.BinPackingFormulation
time limit: 1800.0 s
time to solve: 1818,53 s (time limit exceeded)
objective value: 703654.68 (not optimal)

stacks (top to bottom):
stack 0:    378 0 375 
stack 1:    15 3 1 47 377 376 
stack 2:    25 2 382 18 11 16 
stack 3:    23 390 5 29 10 46 
stack 4:    19 9 420 391 7 379 21 
stack 5:    45 14 48 30 51 32 44 
stack 6:    24 22 52 43 399 37 58 
stack 7:    392 85 76 68 33 105 36 
stack 8:    405 402 400 65 34 64 69 
stack 9:    457 38 54 460 56 448 74 
stack 10:    60 77 78 42 61 75 73 
stack 11:    82 380 71 67 88 63 86 
stack 12:    537 458 98 83 49 97 93 
stack 13:    456 393 55 469 455 87 96 
stack 14:    111 401 108 80 466 410 90 
stack 15:    487 477 484 478 70 494 91 
stack 16:    472 461 475 119 62 89 437 
stack 17:    121 407 388 116 128 126 101 
stack 18:    386 114 137 415 406 118 145 
stack 19:    158 133 146 124 483 465 120 
stack 20:    127 147 131 138 136 411 141 
stack 21:    152 140 166 156 139 129 154 
stack 22:    518 172 134 506 171 151 169 
stack 23:    168 144 493 163 196 194 150 
stack 24:    416 149 193 181 165 161 159 
stack 25:    174 187 184 175 160 155 170 
stack 26:    210 195 157 533 541 538 485 
stack 27:    201 417 167 179 190 180 203 
stack 28:    189 497 418 183 164 216 215 
stack 29:    192 191 509 414 182 225 185 
stack 30:    503 512 229 228 502 209 205 
stack 31:    543 553 206 527 214 178 219 
stack 32:    634 592 249 242 197 248 186 
stack 33:    236 495 245 513 241 231 199 
stack 34:    220 237 235 212 224 208 233 
stack 35:    544 525 255 597 243 524 230 
stack 36:    279 270 610 264 253 594 653 
stack 37:    573 589 266 567 565 232 574 
stack 38:    259 281 273 254 268 552 523 
stack 39:    671 649 617 286 262 256 692 
stack 40:    566 269 263 530 290 283 261 
stack 41:    299 267 583 568 561 438 423 
stack 42:    314 282 284 585 293 564 576 
stack 43:    667 326 339 276 288 300 699 
stack 44:    330 325 611 596 328 294 332 
stack 45:    689 321 313 308 307 303 296 
stack 46:    357 353 301 338 309 297 323 
stack 47:    341 324 315 334 343 342 350 
stack 48:    311 559 322 319 316 591 317 
stack 49:    354 625 327 608 352 351 329 
stack 50:    355 349 428 364 331 356 606 
stack 51:    394 366 336 367 358 615 604 
stack 52:    599 345 587 360 582 373 363 
stack 53:    361 372 348 347 371 369 368 
stack 54:    603 595 602 580 578 584 575 
stack 55:    570 370 374 551 563 550 569 
stack 56:    536 516 546 505 508 430 535 
stack 57:    491 520 362 489 432 542 521 
stack 58:    419 515 499 534 522 510 517 
stack 59:    480 476 470 481 463 492 467 
stack 60:    433 498 490 500 488 436 424 
stack 61:    474 462 431 434 439 444 473 
stack 62:    464 471 459 486 468 453 413 
stack 63:    447 452 427 451 442 435 449 
stack 64:    454 446 445 450 443 441 440 
stack 65:    
stack 66:    
stack 67:    
stack 68:    
stack 69:    4 
stack 70:    381 514 
stack 71:    6 383 479 
stack 72:    
stack 73:    581 539 482 549 8 
stack 74:    519 496 545 529 511 385 
stack 75:    507 504 540 526 501 
stack 76:    384 12 
stack 77:    531 528 548 
stack 78:    389 554 532 13 
stack 79:    579 562 547 572 
stack 80:    387 557 556 
stack 81:    555 
stack 82:    17 
stack 83:    593 586 571 
stack 84:    20 560 558 577 598 
stack 85:    398 395 
stack 86:    623 396 
stack 87:    637 630 600 397 
stack 88:    640 619 638 629 
stack 89:    636 626 612 590 
stack 90:    627 647 642 614 
stack 91:    605 26 
stack 92:    27 643 650 635 646 633 622 
stack 93:    28 651 631 403 
stack 94:    694 673 696 676 
stack 95:    683 657 668 684 665 654 
stack 96:    675 666 661 404 
stack 97:    31 660 686 
stack 98:    408 681 678 688 662 409 
stack 99:    705 690 680 710 706 
stack 100:    35 709 701 674 704 698 
stack 101:    713 703 716 
stack 102:    714 723 
stack 103:    711 40 717 735 685 412 
stack 104:    730 739 729 700 720 738 
stack 105:    736 744 731 733 726 722 740 
stack 106:    41 39 728 748 743 745 737 
stack 107:    749 695 682 
stack 108:    719 724 707 746 721 742 
stack 109:    734 741 425 747 727 732 708 
stack 110:    718 715 712 693 659 669 687 
stack 111:    639 691 702 697 679 725 421 
stack 112:    422 664 677 663 632 655 645 
stack 113:    658 672 644 670 656 50 621 
stack 114:    641 628 652 620 648 624 318 
stack 115:    616 426 359 618 588 365 601 
stack 116:    429 613 609 607 278 272 312 
stack 117:    337 333 280 346 320 306 274 
stack 118:    344 340 289 335 310 287 251 
stack 119:    277 302 295 292 260 298 285 
stack 120:    234 227 305 252 304 291 275 
stack 121:    247 246 250 265 257 271 258 
stack 122:    239 240 57 217 143 222 244 
stack 123:    207 221 198 226 238 218 211 
stack 124:    200 213 202 223 188 204 153 
stack 125:    142 135 130 59 173 117 53 
stack 126:    112 177 132 148 162 176 125 
stack 127:    115 104 122 113 110 123 84 
stack 128:    109 100 106 102 99 107 103 
stack 129:    81 66 94 95 92 79 72 

#####################################################

solved with: SP.constructive_heuristics.GeneralHeuristic
time limit: 1800.0 s
time to solve: 0,00 s
objective value: 751509.4

stacks (top to bottom):
stack 0:    632 506 119 42 653 238 621 
stack 1:    712 328 684 44 455 396 125 
stack 2:    734 381 370 325 636 32 338 
stack 3:    700 690 720 594 303 379 173 
stack 4:    220 235 435 289 317 727 587 
stack 5:    240 494 61 561 356 607 148 
stack 6:    158 105 469 291 103 569 535 
stack 7:    277 50 22 509 282 704 515 
stack 8:    616 333 649 178 608 572 21 
stack 9:    20 518 127 314 374 151 143 
stack 10:    715 132 578 657 237 256 162 
stack 11:    495 513 386 290 63 735 549 
stack 12:    66 280 663 566 478 364 323 
stack 13:    408 48 743 10 296 252 12 
stack 14:    705 560 479 184 225 448 159 
stack 15:    544 573 709 407 29 351 550 
stack 16:    719 341 286 558 165 107 742 
stack 17:    641 644 195 737 274 16 312 
stack 18:    112 405 23 726 436 80 432 
stack 19:    35 106 354 114 196 483 686 
stack 20:    471 670 243 273 138 268 335 
stack 21:    490 40 76 476 96 463 376 
stack 22:    172 191 451 259 214 224 748 
stack 23:    384 349 505 611 2 241 67 
stack 24:    718 680 210 89 219 437 584 
stack 25:    659 602 477 456 70 267 571 
stack 26:    697 618 348 585 139 208 74 
stack 27:    115 226 250 676 688 271 304 
stack 28:    41 201 723 466 316 721 8 
stack 29:    419 537 510 310 298 648 318 
stack 30:    357 459 497 496 33 545 397 
stack 31:    392 643 327 146 530 441 622 
stack 32:    183 353 120 87 450 365 449 
stack 33:    398 39 140 747 701 367 187 
stack 34:    603 361 321 315 713 37 682 
stack 35:    592 108 416 531 528 58 620 
stack 36:    279 504 739 424 358 368 473 
stack 37:    429 711 498 15 69 534 13 
stack 38:    422 130 650 512 554 190 685 
stack 39:    221 426 59 116 254 698 403 
stack 40:    24 427 559 265 373 588 606 
stack 41:    519 393 514 529 443 590 421 
stack 42:    207 292 613 609 488 625 350 
stack 43:    57 213 45 14 485 706 92 
stack 44:    627 486 68 261 215 194 84 
stack 45:    247 474 724 694 703 692 320 
stack 46:    491 305 346 484 297 309 612 
stack 47:    673 461 391 565 129 551 563 
stack 48:    671 174 666 253 308 264 155 
stack 49:    433 707 562 661 579 307 72 
stack 50:    189 197 482 413 248 492 204 
stack 51:    344 102 266 605 369 557 260 
stack 52:    543 111 487 417 47 591 695 
stack 53:    658 656 299 82 431 18 552 
stack 54:    610 402 390 147 281 193 171 
stack 55:    425 164 269 209 445 99 522 
stack 56:    681 78 638 319 11 582 412 
stack 57:    418 0 339 539 36 288 601 
stack 58:    617 731 678 589 722 223 258 
stack 59:    100 546 228 167 548 55 188 
stack 60:    679 454 136 399 523 86 521 
stack 61:    56 160 662 7 154 117 404 
stack 62:    634 629 230 141 101 218 275 
stack 63:    6 462 95 714 434 646 511 
stack 64:    599 651 5 576 46 93 439 
stack 65:    464 359 110 19 236 668 163 
stack 66:    104 667 326 137 660 300 251 
stack 67:    672 60 347 674 128 614 615 
stack 68:    234 500 206 669 205 217 575 
stack 69:    142 133 249 301 118 586 145 
stack 70:    270 744 49 540 538 430 645 
stack 71:    337 395 313 157 547 342 574 
stack 72:    202 630 567 377 470 444 517 
stack 73:    239 581 85 242 294 360 732 
stack 74:    246 295 383 683 156 556 306 
stack 75:    98 192 372 733 637 600 533 
stack 76:    516 121 245 30 51 493 363 
stack 77:    302 702 25 149 635 647 654 
stack 78:    81 17 366 675 54 501 541 
stack 79:    284 527 410 352 568 467 624 
stack 80:    28 472 134 77 75 278 257 
stack 81:    452 113 9 623 216 652 385 
stack 82:    3 144 375 453 231 150 593 
stack 83:    628 389 717 293 740 64 91 
stack 84:    94 693 480 88 199 440 26 
stack 85:    458 696 710 185 175 577 745 
stack 86:    457 52 166 131 423 340 287 
stack 87:    168 27 580 330 596 71 123 
stack 88:    177 520 414 371 73 489 738 
stack 89:    200 179 642 532 415 708 176 
stack 90:    689 387 378 276 468 222 79 
stack 91:    83 255 525 322 411 126 211 
stack 92:    570 736 619 507 262 161 598 
stack 93:    135 62 475 362 232 343 329 
stack 94:    311 555 331 665 633 332 153 
stack 95:    639 345 186 203 699 4 244 
stack 96:    595 355 401 181 716 499 725 
stack 97:    640 631 597 43 97 655 604 
stack 98:    198 31 122 677 503 446 263 
stack 99:    536 428 382 283 465 272 90 
stack 100:    394 336 729 38 334 53 687 
stack 101:    109 553 229 124 180 502 481 
stack 102:    324 152 728 182 460 170 508 
stack 103:    447 730 212 400 524 169 409 
stack 104:    691 227 1 380 438 583 285 
stack 105:    664 741 626 406 
stack 106:    749 65 34 564 746 542 
stack 107:    420 442 233 
stack 108:    526 
stack 109:    388 
stack 110:    
stack 111:    
stack 112:    
stack 113:    
stack 114:    
stack 115:    
stack 116:    
stack 117:    
stack 118:    
stack 119:    
stack 120:    
stack 121:    
stack 122:    
stack 123:    
stack 124:    
stack 125:    
stack 126:    
stack 127:    
stack 128:    
stack 129:    
