solved with: SP.deprecated.TabuSearch
time limit: 1800.0 s
time to solve: 634,61 s
objective value: 692260.58

stacks (top to bottom):
stack 0:    375 
stack 1:    
stack 2:    2 
stack 3:    
stack 4:    4 
stack 5:    5 
stack 6:    380 
stack 7:    
stack 8:    8 
stack 9:    384 
stack 10:    10 
stack 11:    11 
stack 12:    12 
stack 13:    392 
stack 14:    557 14 258 635 18 28 593 
stack 15:    173 260 619 47 397 347 583 
stack 16:    411 17 272 97 393 281 700 
stack 17:    207 692 20 23 237 21 180 
stack 18:    396 659 34 353 282 398 467 
stack 19:    730 625 27 69 370 718 452 
stack 20:    589 286 326 488 606 575 668 
stack 21:    329 159 413 325 581 292 102 
stack 22:    22 302 356 742 717 682 552 
stack 23:    267 544 463 86 455 25 401 
stack 24:    368 33 612 343 261 676 24 
stack 25:    264 679 242 349 127 624 74 
stack 26:    266 188 465 263 602 617 144 
stack 27:    423 90 514 721 306 496 698 
stack 28:    650 55 44 257 403 678 226 
stack 29:    37 563 229 437 148 186 187 
stack 30:    45 170 299 259 250 744 99 
stack 31:    520 77 713 407 554 39 196 
stack 32:    194 634 447 210 116 151 245 
stack 33:    603 550 336 254 572 183 584 
stack 34:    419 661 289 88 270 739 224 
stack 35:    366 101 620 547 189 114 63 
stack 36:    729 119 528 699 666 510 367 
stack 37:    473 499 591 344 541 168 214 
stack 38:    704 574 157 553 174 79 500 
stack 39:    110 290 111 671 43 453 665 
stack 40:    537 685 733 433 495 472 125 
stack 41:    362 446 648 728 633 154 508 
stack 42:    171 265 683 503 505 450 359 
stack 43:    268 115 694 202 677 247 726 
stack 44:    658 122 59 307 707 535 513 
stack 45:    172 365 459 321 65 667 663 
stack 46:    705 747 346 651 249 516 498 
stack 47:    288 200 181 507 294 525 239 
stack 48:    50 428 519 84 723 592 113 
stack 49:    457 570 178 569 278 502 53 
stack 50:    320 489 673 431 134 565 313 
stack 51:    680 351 158 298 509 350 284 
stack 52:    60 295 142 185 342 486 118 
stack 53:    469 107 490 71 672 248 482 
stack 54:    129 674 708 190 615 316 689 
stack 55:    123 364 475 601 57 479 451 
stack 56:    85 318 523 731 545 160 585 
stack 57:    184 736 641 324 720 103 164 
stack 58:    748 456 448 629 622 319 715 
stack 59:    155 654 297 684 130 533 480 
stack 60:    706 549 586 724 112 439 481 
stack 61:    695 279 240 461 335 233 244 
stack 62:    571 594 531 441 483 697 232 
stack 63:    580 236 199 493 614 310 645 
stack 64:    623 146 162 161 644 218 152 
stack 65:    0 1 
stack 66:    376 
stack 67:    377 
stack 68:    3 
stack 69:    379 378 
stack 70:    
stack 71:    381 6 
stack 72:    7 382 
stack 73:    383 
stack 74:    9 
stack 75:    385 
stack 76:    386 
stack 77:    13 387 391 
stack 78:    388 16 15 389 412 105 238 
stack 79:    409 618 487 275 543 133 406 
stack 80:    410 390 395 35 201 150 546 
stack 81:    175 660 484 198 231 211 42 
stack 82:    394 399 26 58 464 352 19 
stack 83:    637 203 628 560 418 734 415 
stack 84:    542 195 655 331 374 255 445 
stack 85:    474 117 109 404 627 607 166 
stack 86:    443 420 408 400 206 532 287 
stack 87:    280 485 357 354 460 515 675 
stack 88:    68 179 51 652 149 578 31 
stack 89:    711 64 402 521 642 165 176 
stack 90:    83 256 426 710 414 177 29 
stack 91:    686 54 339 643 40 141 243 
stack 92:    296 421 271 341 600 124 424 
stack 93:    46 746 579 337 416 732 740 
stack 94:    681 741 693 669 30 304 743 
stack 95:    230 454 163 128 604 209 405 
stack 96:    559 212 712 49 36 94 530 
stack 97:    215 599 87 61 512 32 217 
stack 98:    670 75 303 355 285 92 703 
stack 99:    646 527 517 221 98 56 48 
stack 100:    567 314 636 332 38 621 246 
stack 101:    427 41 205 691 432 417 253 
stack 102:    106 93 273 228 235 108 360 
stack 103:    126 491 605 613 430 371 227 
stack 104:    293 100 96 458 311 156 429 
stack 105:    182 120 562 727 709 438 540 
stack 106:    653 291 369 737 372 690 363 
stack 107:    220 143 558 716 595 449 596 
stack 108:    425 518 524 204 305 208 422 
stack 109:    501 476 590 169 536 300 434 
stack 110:    640 656 749 216 564 345 435 
stack 111:    538 91 492 95 497 714 556 
stack 112:    338 657 722 121 348 52 308 
stack 113:    468 135 167 597 506 234 444 
stack 114:    153 522 274 662 632 213 66 
stack 115:    223 738 566 702 136 269 598 
stack 116:    616 529 588 573 555 626 587 
stack 117:    322 436 327 301 361 725 138 
stack 118:    192 340 442 131 630 471 104 
stack 119:    649 276 315 526 664 323 140 
stack 120:    82 73 251 241 80 89 191 
stack 121:    610 147 639 70 62 494 504 
stack 122:    696 470 222 373 611 608 262 
stack 123:    478 78 647 576 609 334 225 
stack 124:    477 735 568 312 551 317 137 
stack 125:    462 688 72 539 534 511 631 
stack 126:    219 701 132 252 277 719 561 
stack 127:    466 745 67 582 328 577 81 
stack 128:    76 193 330 197 358 548 283 
stack 129:    139 687 145 440 309 333 638 

#####################################################

solved with: SP.post_optimization_methods.HillClimbing
time limit: 1800.0 s
time to solve: 414,14 s
objective value: 692259.4

stacks (top to bottom):
stack 0:    375 
stack 1:    
stack 2:    2 
stack 3:    
stack 4:    4 
stack 5:    5 
stack 6:    380 
stack 7:    
stack 8:    8 
stack 9:    384 
stack 10:    10 
stack 11:    11 
stack 12:    12 15 
stack 13:    388 20 
stack 14:    394 14 369 30 391 414 31 
stack 15:    730 392 235 108 151 359 284 
stack 16:    171 476 148 484 634 337 116 
stack 17:    46 268 408 343 24 114 631 
stack 18:    419 324 457 407 221 628 467 
stack 19:    320 199 466 547 420 189 176 
stack 20:    315 209 400 606 645 422 29 
stack 21:    410 22 413 193 509 626 304 
stack 22:    619 621 709 417 698 42 734 
stack 23:    195 344 402 731 521 99 355 
stack 24:    117 538 91 210 543 271 486 
stack 25:    223 694 519 699 737 600 406 
stack 26:    366 590 612 242 349 500 700 
stack 27:    409 90 491 167 690 89 124 
stack 28:    155 745 121 544 111 290 118 
stack 29:    563 37 437 229 421 536 545 
stack 30:    45 696 163 67 261 426 281 
stack 31:    293 529 554 663 450 244 367 
stack 32:    526 314 267 374 228 208 598 
stack 33:    365 685 162 174 97 352 496 
stack 34:    473 172 539 309 564 358 630 
stack 35:    159 279 749 351 441 233 512 
stack 36:    273 724 297 577 282 327 36 
stack 37:    603 357 686 204 675 303 177 
stack 38:    126 468 735 713 58 154 371 
stack 39:    729 559 216 345 333 504 227 
stack 40:    640 573 197 712 429 452 166 
stack 41:    657 364 432 52 642 740 113 
stack 42:    123 107 490 119 517 683 697 
stack 43:    184 222 641 231 186 702 624 
stack 44:    182 475 583 707 535 513 585 
stack 45:    236 120 553 83 692 301 471 
stack 46:    427 139 212 158 458 131 180 
stack 47:    135 115 604 514 178 433 373 
stack 48:    462 329 72 61 298 196 53 
stack 49:    687 143 265 742 677 666 530 
stack 50:    112 679 348 438 211 307 723 
stack 51:    589 322 207 643 673 134 668 
stack 52:    60 649 110 443 346 224 546 
stack 53:    76 688 192 627 622 534 593 
stack 54:    555 84 183 609 682 74 152 
stack 55:    542 93 328 255 347 141 596 
stack 56:    477 736 202 602 720 511 94 
stack 57:    580 520 250 470 317 480 249 
stack 58:    659 550 721 744 607 497 575 
stack 59:    338 71 100 325 330 548 245 
stack 60:    219 610 499 524 256 453 160 
stack 61:    264 289 198 507 551 436 63 
stack 62:    147 722 660 64 481 439 262 
stack 63:    215 478 454 738 277 258 726 
stack 64:    633 336 566 96 335 218 138 
stack 65:    0 1 
stack 66:    376 
stack 67:    377 
stack 68:    3 
stack 69:    379 378 
stack 70:    
stack 71:    381 6 
stack 72:    382 7 
stack 73:    383 
stack 74:    9 
stack 75:    385 
stack 76:    386 
stack 77:    387 
stack 78:    574 161 13 531 393 25 389 
stack 79:    661 650 17 629 718 370 238 
stack 80:    396 390 403 38 23 395 18 
stack 81:    425 567 746 397 81 16 569 
stack 82:    399 26 464 527 125 651 28 
stack 83:    588 625 27 719 21 363 32 
stack 84:    474 260 78 127 635 19 287 
stack 85:    711 275 79 95 615 239 502 
stack 86:    489 270 332 398 35 48 319 
stack 87:    706 411 522 570 40 142 243 
stack 88:    368 85 571 213 263 401 185 
stack 89:    130 463 727 455 430 341 104 
stack 90:    106 493 88 55 44 488 405 
stack 91:    230 33 485 655 460 360 412 
stack 92:    188 465 404 716 595 103 424 
stack 93:    648 487 34 447 286 416 703 
stack 94:    469 274 597 372 226 638 498 
stack 95:    299 296 86 190 308 316 592 
stack 96:    748 656 601 246 714 140 217 
stack 97:    173 179 59 708 560 508 418 
stack 98:    153 259 257 47 671 75 43 
stack 99:    82 423 175 674 80 66 49 
stack 100:    280 579 200 591 331 732 164 
stack 101:    616 670 428 294 449 540 415 
stack 102:    681 693 109 647 302 435 617 
stack 103:    41 132 733 728 472 678 57 
stack 104:    157 122 747 448 56 98 39 
stack 105:    339 636 654 306 562 710 165 
stack 106:    614 353 310 533 495 611 253 
stack 107:    646 623 586 203 528 240 743 
stack 108:    362 73 128 664 305 168 105 
stack 109:    620 312 676 541 665 285 451 
stack 110:    599 129 440 247 561 608 214 
stack 111:    266 582 206 445 269 136 278 
stack 112:    653 51 50 205 505 361 725 
stack 113:    501 637 594 272 133 482 715 
stack 114:    537 87 581 292 232 510 350 
stack 115:    680 632 70 667 442 672 689 
stack 116:    701 704 741 506 62 444 102 
stack 117:    54 684 323 492 644 516 342 
stack 118:    549 662 669 251 311 156 150 
stack 119:    291 295 340 572 356 483 584 
stack 120:    194 101 618 300 515 434 479 
stack 121:    557 252 431 739 313 565 494 
stack 122:    145 459 321 65 149 461 248 
stack 123:    146 705 605 576 334 587 283 
stack 124:    695 241 234 558 717 201 552 
stack 125:    354 288 318 523 518 326 532 
stack 126:    456 639 613 237 556 525 144 
stack 127:    170 68 220 77 691 254 225 
stack 128:    446 658 652 578 503 69 191 
stack 129:    276 169 568 181 187 137 92 
