lower bound for relaxed s_ij: 692239.96

#####################################################

solved with: SP.mip_formulations.BinPackingFormulation
time limit: 1800.0 s
time to solve: 1804,32 s (time limit exceeded)
objective value: 706534.36 (not optimal)

stacks (top to bottom):
stack 0:    375 376 22 1 403 0 
stack 1:    3 6 20 9 
stack 2:    19 11 378 17 26 23 
stack 3:    10 35 21 381 382 16 12 
stack 4:    377 49 42 24 7 389 13 
stack 5:    379 438 37 397 39 14 32 
stack 6:    51 36 53 18 392 73 40 
stack 7:    67 27 380 31 61 48 56 
stack 8:    70 54 45 63 46 30 50 
stack 9:    390 84 47 457 64 492 102 
stack 10:    72 86 58 85 391 81 52 
stack 11:    104 463 74 402 396 55 410 
stack 12:    78 62 384 468 103 484 114 
stack 13:    404 485 488 141 66 137 59 
stack 14:    82 107 101 77 105 69 110 
stack 15:    91 83 90 92 75 88 65 
stack 16:    126 111 157 98 79 123 133 
stack 17:    113 119 116 93 97 118 108 
stack 18:    121 117 401 448 459 406 120 
stack 19:    131 128 109 99 139 143 136 
stack 20:    125 144 500 140 127 146 145 
stack 21:    142 149 147 154 150 398 129 
stack 22:    400 132 173 164 162 172 158 
stack 23:    159 155 412 161 434 152 176 
stack 24:    175 405 178 174 199 138 171 
stack 25:    167 191 188 414 182 153 471 
stack 26:    197 181 196 184 185 168 473 
stack 27:    475 208 198 476 206 179 165 
stack 28:    494 489 393 214 169 497 227 
stack 29:    222 212 194 458 218 186 170 
stack 30:    216 210 180 217 211 205 193 
stack 31:    226 195 417 187 472 201 474 
stack 32:    250 215 204 232 221 236 245 
stack 33:    482 513 502 255 258 219 517 
stack 34:    466 230 207 262 233 242 264 
stack 35:    239 235 464 241 234 240 224 
stack 36:    257 260 247 220 249 246 248 
stack 37:    278 277 271 478 461 253 281 
stack 38:    243 523 501 535 266 518 293 
stack 39:    584 539 320 285 251 557 273 
stack 40:    270 490 312 302 282 259 269 
stack 41:    284 297 512 291 274 261 290 
stack 42:    295 267 300 
stack 43:    555 576 543 509 268 562 308 
stack 44:    276 344 298 87 737 541 746 
stack 45:    322 425 629 309 310 314 283 
stack 46:    637 596 645 625 299 305 280 
stack 47:    334 303 340 313 556 329 479 
stack 48:    321 333 315 551 324 351 349 
stack 49:    341 342 332 630 348 559 346 
stack 50:    642 604 580 357 331 368 343 
stack 51:    647 614 335 347 636 613 631 
stack 52:    369 350 364 370 360 359 374 
stack 53:    352 610 609 356 615 574 372 
stack 54:    600 568 355 371 547 594 598 
stack 55:    578 583 575 590 424 361 561 
stack 56:    570 549 567 528 527 571 429 
stack 57:    533 520 444 416 421 532 542 
stack 58:    522 510 521 519 507 495 524 
stack 59:    506 496 431 440 505 493 499 
stack 60:    445 483 437 435 433 460 432 
stack 61:    467 465 456 451 413 450 452 
stack 62:    428 422 420 470 511 491 469 
stack 63:    481 455 442 436 426 446 443 
stack 64:    453 447 441 439 430 449 454 
stack 65:    
stack 66:    477 
stack 67:    2 
stack 68:    508 486 462 514 
stack 69:    5 
stack 70:    503 498 
stack 71:    4 480 388 
stack 72:    487 
stack 73:    526 516 383 
stack 74:    8 525 
stack 75:    385 536 534 529 387 
stack 76:    386 553 552 566 515 544 
stack 77:    548 545 504 
stack 78:    560 531 
stack 79:    530 550 
stack 80:    577 537 
stack 81:    558 589 538 554 581 
stack 82:    15 607 546 585 573 
stack 83:    
stack 84:    591 564 612 606 394 
stack 85:    593 582 588 565 395 
stack 86:    605 569 
stack 87:    649 586 646 634 
stack 88:    611 595 572 
stack 89:    624 632 622 399 25 
stack 90:    626 623 627 639 619 
stack 91:    633 640 618 
stack 92:    661 658 660 
stack 93:    655 651 635 620 28 
stack 94:    668 641 671 643 29 
stack 95:    694 669 663 659 690 652 
stack 96:    684 654 700 
stack 97:    670 692 689 657 681 698 675 
stack 98:    667 665 702 686 713 676 408 
stack 99:    407 33 709 680 666 693 34 
stack 100:    704 697 685 682 679 683 409 
stack 101:    411 705 687 677 
stack 102:    749 723 712 
stack 103:    714 744 743 745 720 
stack 104:    727 706 
stack 105:    415 41 730 725 738 731 708 
stack 106:    718 721 747 741 
stack 107:    739 735 728 726 732 
stack 108:    43 44 38 736 695 
stack 109:    419 742 678 740 733 672 701 
stack 110:    715 418 734 673 
stack 111:    748 729 
stack 112:    717 724 722 719 707 716 699 
stack 113:    691 688 710 711 703 423 696 
stack 114:    662 656 674 328 653 664 650 
stack 115:    648 602 644 638 603 358 617 
stack 116:    579 318 597 587 563 373 339 
stack 117:    628 601 599 540 366 319 367 
stack 118:    621 592 616 323 608 365 427 
stack 119:    326 362 363 354 353 294 345 
stack 120:    304 317 265 337 336 325 237 
stack 121:    292 275 327 338 279 330 311 
stack 122:    263 122 307 306 316 286 289 
stack 123:    244 225 288 238 213 256 200 
stack 124:    252 296 287 254 301 228 272 
stack 125:    231 202 223 229 203 209 192 
stack 126:    57 76 190 80 189 100 60 
stack 127:    156 89 148 183 166 115 177 
stack 128:    163 94 160 135 151 124 95 
stack 129:    71 96 134 130 106 112 68 

#####################################################

solved with: SP.constructive_heuristics.GeneralHeuristic
time limit: 1800.0 s
time to solve: 0,00 s
objective value: 749727.75

stacks (top to bottom):
stack 0:    717 727 546 144 700 146 20 
stack 1:    575 609 475 132 576 31 301 
stack 2:    19 322 111 22 693 471 499 
stack 3:    4 302 405 182 61 519 100 
stack 4:    107 555 24 481 227 608 318 
stack 5:    122 590 430 185 640 410 60 
stack 6:    649 461 128 113 732 643 562 
stack 7:    647 431 604 205 448 286 540 
stack 8:    407 411 175 178 201 381 353 
stack 9:    126 428 208 240 102 9 573 
stack 10:    53 612 618 245 124 695 383 
stack 11:    568 352 390 444 131 624 300 
stack 12:    369 8 84 486 698 408 237 
stack 13:    321 558 626 513 559 16 12 
stack 14:    41 592 11 721 402 48 279 
stack 15:    691 235 435 535 588 187 574 
stack 16:    270 412 218 451 582 630 479 
stack 17:    726 728 364 632 449 112 336 
stack 18:    494 51 488 36 702 436 133 
stack 19:    307 150 85 273 474 317 631 
stack 20:    465 316 197 678 645 497 713 
stack 21:    163 628 149 17 505 209 345 
stack 22:    530 355 706 508 264 108 733 
stack 23:    539 257 538 157 589 738 69 
stack 24:    148 377 58 331 110 652 446 
stack 25:    719 477 37 464 433 462 118 
stack 26:    715 522 3 694 232 323 190 
stack 27:    662 600 166 233 269 675 213 
stack 28:    292 33 207 103 344 337 29 
stack 29:    135 99 356 303 75 556 229 
stack 30:    533 483 560 697 90 145 238 
stack 31:    466 384 170 127 413 256 452 
stack 32:    202 284 633 439 168 442 720 
stack 33:    362 297 572 627 236 179 343 
stack 34:    528 680 164 251 88 524 409 
stack 35:    141 35 564 18 351 0 95 
stack 36:    159 155 593 370 414 193 136 
stack 37:    160 456 510 181 659 196 617 
stack 38:    167 332 425 730 309 529 664 
stack 39:    247 548 274 305 619 55 28 
stack 40:    243 739 83 490 553 186 634 
stack 41:    400 642 72 82 523 654 265 
stack 42:    296 467 225 194 45 313 653 
stack 43:    287 76 96 70 735 515 646 
stack 44:    306 583 38 134 363 147 492 
stack 45:    375 489 667 335 399 716 423 
stack 46:    579 125 421 484 544 367 325 
stack 47:    463 86 299 565 63 615 443 
stack 48:    506 723 277 692 262 32 248 
stack 49:    42 220 554 512 476 686 258 
stack 50:    458 655 651 334 438 740 518 
stack 51:    586 267 39 298 171 450 737 
stack 52:    688 625 396 7 165 368 563 
stack 53:    214 611 741 65 365 601 200 
stack 54:    6 605 677 687 346 418 177 
stack 55:    722 736 215 426 280 606 491 
stack 56:    419 705 596 661 455 328 734 
stack 57:    434 685 143 129 308 603 192 
stack 58:    453 416 14 199 138 429 115 
stack 59:    79 581 261 534 59 330 587 
stack 60:    614 250 10 341 420 598 5 
stack 61:    54 180 503 380 152 417 288 
stack 62:    578 385 142 342 580 743 638 
stack 63:    275 44 551 23 472 382 339 
stack 64:    239 91 217 119 266 543 50 
stack 65:    71 527 437 641 195 671 650 
stack 66:    304 712 689 468 64 397 114 
stack 67:    15 447 379 210 498 635 500 
stack 68:    376 441 725 324 123 73 504 
stack 69:    285 502 536 690 392 283 319 
stack 70:    424 46 329 747 293 521 120 
stack 71:    278 172 616 711 388 454 25 
stack 72:    327 602 117 315 255 359 311 
stack 73:    320 21 221 291 473 389 349 
stack 74:    422 169 81 203 373 703 366 
stack 75:    386 749 271 47 242 106 571 
stack 76:    183 360 234 116 93 268 26 
stack 77:    263 584 204 184 162 660 137 
stack 78:    724 101 537 374 68 272 394 
stack 79:    231 1 629 480 391 56 699 
stack 80:    404 241 282 531 361 532 542 
stack 81:    98 665 714 105 52 636 673 
stack 82:    607 340 378 97 348 683 729 
stack 83:    707 121 401 577 509 406 80 
stack 84:    67 226 644 744 516 470 290 
stack 85:    704 525 295 566 585 457 594 
stack 86:    670 552 312 253 620 541 427 
stack 87:    742 567 49 219 13 387 2 
stack 88:    648 478 174 259 622 161 140 
stack 89:    684 487 569 139 176 398 672 
stack 90:    570 43 485 347 748 545 314 
stack 91:    244 549 27 595 338 228 613 
stack 92:    156 526 669 663 459 358 372 
stack 93:    656 445 254 77 333 557 289 
stack 94:    252 415 621 501 211 30 151 
stack 95:    709 173 623 246 517 158 34 
stack 96:    637 198 357 666 710 354 701 
stack 97:    216 371 657 230 514 432 561 
stack 98:    223 154 745 639 507 495 189 
stack 99:    222 350 682 249 674 294 395 
stack 100:    94 57 681 281 87 746 696 
stack 101:    109 668 550 440 153 460 493 
stack 102:    78 276 62 224 547 
stack 103:    89 260 403 591 676 310 597 
stack 104:    326 718 393 731 206 40 511 
stack 105:    188 482 191 74 708 130 599 
stack 106:    520 496 610 658 679 92 
stack 107:    66 469 
stack 108:    212 
stack 109:    104 
stack 110:    
stack 111:    
stack 112:    
stack 113:    
stack 114:    
stack 115:    
stack 116:    
stack 117:    
stack 118:    
stack 119:    
stack 120:    
stack 121:    
stack 122:    
stack 123:    
stack 124:    
stack 125:    
stack 126:    
stack 127:    
stack 128:    
stack 129:    
