solved with: SP.deprecated.TabuSearch
time limit: 1800.0 s
time to solve: 646,25 s
objective value: 692235.08

stacks (top to bottom):
stack 0:    375 
stack 1:    
stack 2:    377 
stack 3:    
stack 4:    
stack 5:    380 
stack 6:    
stack 7:    
stack 8:    
stack 9:    9 
stack 10:    385 
stack 11:    
stack 12:    
stack 13:    388 13 389 
stack 14:    188 23 409 635 364 18 412 
stack 15:    355 122 72 394 395 392 545 
stack 16:    483 254 543 677 305 311 604 
stack 17:    253 22 501 393 466 515 354 
stack 18:    32 146 551 523 678 211 480 
stack 19:    198 118 532 306 732 549 260 
stack 20:    573 367 177 174 414 40 47 
stack 21:    190 370 572 398 570 665 592 
stack 22:    576 26 365 56 264 36 258 
stack 23:    714 485 403 686 331 619 46 
stack 24:    413 667 28 723 290 610 303 
stack 25:    408 150 45 78 671 475 428 
stack 26:    62 690 663 655 209 712 371 
stack 27:    135 716 710 430 244 76 255 
stack 28:    646 74 136 411 679 410 346 
stack 29:    189 289 145 151 742 126 486 
stack 30:    274 589 548 417 218 125 273 
stack 31:    315 455 81 491 120 692 435 
stack 32:    38 540 270 86 499 644 420 
stack 33:    59 226 502 42 427 100 276 
stack 34:    349 416 50 246 39 259 422 
stack 35:    44 421 99 35 633 424 205 
stack 36:    462 653 715 503 175 662 521 
stack 37:    317 705 656 478 492 504 252 
stack 38:    51 52 227 94 585 124 597 
stack 39:    204 171 601 275 682 634 84 
stack 40:    53 425 128 337 534 627 87 
stack 41:    141 426 451 68 373 194 506 
stack 42:    131 147 70 230 517 419 657 
stack 43:    304 233 574 433 554 295 363 
stack 44:    514 609 596 615 542 733 556 
stack 45:    432 674 176 267 696 178 607 
stack 46:    520 288 583 709 676 261 292 
stack 47:    54 461 302 552 626 69 143 
stack 48:    470 632 80 594 694 157 58 
stack 49:    741 345 641 108 199 472 149 
stack 50:    187 473 65 214 152 672 550 
stack 51:    713 60 101 185 689 494 468 
stack 52:    360 229 334 197 83 88 561 
stack 53:    613 616 221 531 186 356 183 
stack 54:    441 567 95 719 168 743 464 
stack 55:    358 309 239 474 527 701 738 
stack 56:    446 127 469 216 110 553 650 
stack 57:    471 447 600 546 547 195 179 
stack 58:    79 210 235 490 359 440 621 
stack 59:    563 144 277 456 722 281 212 
stack 60:    310 639 200 361 748 208 606 
stack 61:    530 63 669 579 643 673 668 
stack 62:    263 296 654 699 299 113 724 
stack 63:    132 739 497 265 307 622 180 
stack 64:    368 250 89 498 562 580 496 
stack 65:    0 
stack 66:    376 
stack 67:    2 1 
stack 68:    378 3 
stack 69:    4 379 
stack 70:    5 
stack 71:    6 381 
stack 72:    382 7 
stack 73:    8 
stack 74:    384 383 
stack 75:    10 
stack 76:    386 11 
stack 77:    387 12 
stack 78:    14 391 449 402 170 278 15 
stack 79:    396 24 21 17 407 16 390 
stack 80:    20 685 25 91 114 555 104 
stack 81:    75 231 397 96 336 645 19 
stack 82:    232 31 675 313 737 524 112 
stack 83:    434 85 681 92 467 444 429 
stack 84:    400 134 728 142 167 578 399 
stack 85:    687 243 558 282 442 476 329 
stack 86:    584 156 453 401 192 224 599 
stack 87:    484 182 404 27 405 717 629 
stack 88:    272 445 301 321 184 704 528 
stack 89:    586 66 49 130 423 219 139 
stack 90:    169 535 348 193 251 660 539 
stack 91:    745 162 29 670 338 268 637 
stack 92:    612 284 581 55 249 418 107 
stack 93:    300 481 495 248 683 511 30 
stack 94:    406 460 458 245 220 164 33 
stack 95:    582 454 477 217 316 640 48 
stack 96:    34 312 658 623 688 351 525 
stack 97:    202 611 512 590 93 638 347 
stack 98:    505 557 488 322 109 437 129 
stack 99:    536 165 115 509 450 158 319 
stack 100:    636 362 172 257 749 77 575 
stack 101:    37 415 652 443 41 500 238 
stack 102:    602 529 577 357 97 154 201 
stack 103:    320 43 725 369 327 625 283 
stack 104:    325 163 166 215 73 64 61 
stack 105:    568 287 702 598 740 452 617 
stack 106:    374 330 729 448 237 513 140 
stack 107:    628 507 242 323 236 649 439 
stack 108:    560 618 559 207 493 350 587 
stack 109:    366 223 148 659 684 726 720 
stack 110:    595 291 137 332 711 730 266 
stack 111:    605 541 727 206 344 106 159 
stack 112:    103 533 746 271 695 457 293 
stack 113:    308 522 297 133 280 747 247 
stack 114:    571 608 67 651 121 487 510 
stack 115:    181 593 160 196 647 228 565 
stack 116:    516 700 731 631 698 352 256 
stack 117:    318 431 721 624 105 706 691 
stack 118:    161 286 603 438 71 436 269 
stack 119:    57 343 342 482 680 285 693 
stack 120:    153 697 703 479 119 324 298 
stack 121:    526 642 240 111 314 173 648 
stack 122:    123 225 241 191 138 508 335 
stack 123:    294 489 564 518 463 734 340 
stack 124:    519 744 718 155 735 620 213 
stack 125:    279 614 222 465 569 664 372 
stack 126:    98 262 736 339 203 341 588 
stack 127:    333 666 566 102 537 326 353 
stack 128:    459 591 708 630 117 707 661 
stack 129:    234 90 544 538 116 82 328 

#####################################################

solved with: SP.post_optimization_methods.HillClimbing
time limit: 1800.0 s
time to solve: 760,08 s
objective value: 692235.08

stacks (top to bottom):
stack 0:    375 
stack 1:    
stack 2:    377 
stack 3:    
stack 4:    
stack 5:    380 
stack 6:    
stack 7:    
stack 8:    
stack 9:    9 
stack 10:    385 
stack 11:    
stack 12:    
stack 13:    388 13 389 
stack 14:    232 188 54 654 227 398 570 
stack 15:    563 658 392 16 390 504 19 
stack 16:    288 313 675 686 228 740 184 
stack 17:    53 397 361 635 302 196 191 
stack 18:    262 415 362 301 99 353 684 
stack 19:    639 403 405 236 680 205 528 
stack 20:    603 411 26 679 490 562 704 
stack 21:    304 401 267 334 631 39 660 
stack 22:    169 460 245 477 652 598 452 
stack 23:    408 520 115 339 621 58 673 
stack 24:    741 210 38 119 235 450 283 
stack 25:    413 609 172 473 365 749 634 
stack 26:    522 312 553 110 424 164 344 
stack 27:    333 320 582 746 557 322 500 
stack 28:    296 49 28 426 208 138 468 
stack 29:    223 537 474 35 152 183 428 
stack 30:    744 234 423 730 124 293 140 
stack 31:    51 128 284 92 710 305 644 
stack 32:    243 186 206 733 414 606 159 
stack 33:    536 98 632 578 87 565 617 
stack 34:    153 190 50 604 698 585 645 
stack 35:    576 447 263 162 703 314 575 
stack 36:    714 725 577 412 56 149 524 
stack 37:    279 458 132 637 268 662 657 
stack 38:    571 230 174 419 83 251 607 
stack 39:    349 608 711 467 572 444 521 
stack 40:    459 462 43 568 357 150 650 
stack 41:    72 455 265 417 255 104 201 
stack 42:    591 81 430 48 179 420 597 
stack 43:    59 531 338 497 688 633 273 
stack 44:    541 108 463 240 685 427 506 
stack 45:    729 517 674 86 116 139 47 
stack 46:    310 708 421 624 620 354 347 
stack 47:    204 593 217 290 581 743 88 
stack 48:    189 345 727 469 120 82 180 
stack 49:    745 656 324 167 199 170 587 
stack 50:    653 641 442 551 100 625 510 
stack 51:    57 198 369 359 449 649 561 
stack 52:    595 66 367 96 67 94 731 
stack 53:    286 471 123 102 545 664 372 
stack 54:    74 79 434 546 332 677 538 
stack 55:    144 289 250 614 443 435 550 
stack 56:    602 62 485 690 142 69 440 
stack 57:    586 535 155 130 696 329 599 
stack 58:    433 254 68 695 724 194 346 
stack 59:    127 507 342 207 728 111 496 
stack 60:    239 518 65 502 71 511 173 
stack 61:    274 605 95 136 559 298 258 
stack 62:    202 253 146 97 341 480 439 
stack 63:    470 558 225 670 364 630 351 
stack 64:    484 75 277 476 76 707 648 
stack 65:    0 
stack 66:    376 
stack 67:    2 1 
stack 68:    378 3 
stack 69:    4 379 
stack 70:    5 
stack 71:    6 381 
stack 72:    382 7 
stack 73:    8 
stack 74:    384 383 
stack 75:    10 
stack 76:    386 11 
stack 77:    387 12 
stack 78:    14 391 402 350 15 335 486 
stack 79:    612 396 21 24 488 337 307 
stack 80:    31 80 594 669 278 472 91 
stack 81:    721 540 395 17 554 627 513 
stack 82:    23 596 18 619 25 269 107 
stack 83:    642 529 20 27 22 393 280 
stack 84:    122 394 404 33 399 494 260 
stack 85:    409 331 552 493 30 46 36 
stack 86:    400 34 416 147 177 352 464 
stack 87:    600 348 270 241 281 534 126 
stack 88:    567 309 311 303 213 689 84 
stack 89:    406 589 160 343 495 45 55 
stack 90:    131 176 237 700 178 40 592 
stack 91:    687 308 29 89 44 407 542 
stack 92:    221 32 168 515 492 422 622 
stack 93:    613 37 548 327 238 691 259 
stack 94:    666 718 574 185 457 693 668 
stack 95:    101 60 659 63 736 64 655 
stack 96:    715 566 326 699 285 579 292 
stack 97:    483 370 229 266 336 742 487 
stack 98:    526 297 137 610 299 109 125 
stack 99:    441 282 466 42 437 418 661 
stack 100:    271 105 220 321 410 41 175 
stack 101:    667 222 615 244 214 722 726 
stack 102:    453 573 103 219 224 328 539 
stack 103:    200 681 739 547 195 692 672 
stack 104:    330 584 291 151 70 192 499 
stack 105:    438 163 203 709 663 73 209 
stack 106:    516 141 590 509 158 678 257 
stack 107:    628 171 118 211 340 252 525 
stack 108:    431 425 456 316 623 527 112 
stack 109:    165 489 671 638 114 247 129 
stack 110:    317 479 501 78 706 363 701 
stack 111:    161 461 85 133 543 491 734 
stack 112:    530 166 583 737 61 555 212 
stack 113:    325 358 636 683 647 702 276 
stack 114:    272 360 368 451 429 651 256 
stack 115:    134 646 181 52 246 197 665 
stack 116:    717 676 588 154 629 143 643 
stack 117:    148 713 564 601 532 264 319 
stack 118:    226 716 719 248 287 323 121 
stack 119:    512 93 215 682 157 261 712 
stack 120:    366 560 436 523 275 626 747 
stack 121:    135 300 482 356 503 569 106 
stack 122:    318 432 505 233 454 735 475 
stack 123:    611 694 306 549 732 77 720 
stack 124:    618 705 616 748 249 498 371 
stack 125:    355 294 446 478 216 556 580 
stack 126:    315 533 723 640 373 465 738 
stack 127:    187 374 231 242 295 218 117 
stack 128:    448 514 445 697 481 182 508 
stack 129:    519 156 145 90 544 193 113 
