solved with: SP.deprecated.TabuSearch
time limit: 1800.0 s
time to solve: 969,37 s
objective value: 692288.52

stacks (top to bottom):
stack 0:    0 
stack 1:    1 
stack 2:    2 
stack 3:    3 
stack 4:    
stack 5:    380 379 
stack 6:    6 
stack 7:    7 
stack 8:    8 
stack 9:    383 
stack 10:    10 
stack 11:    
stack 12:    386 12 
stack 13:    390 388 
stack 14:    14 391 526 241 29 40 648 
stack 15:    356 196 400 302 503 579 76 
stack 16:    20 278 154 260 392 254 635 
stack 17:    23 319 194 479 560 660 445 
stack 18:    436 19 645 398 34 444 566 
stack 19:    220 32 569 293 417 353 735 
stack 20:    245 509 522 213 289 493 721 
stack 21:    144 447 668 396 688 397 132 
stack 22:    405 51 226 588 615 669 159 
stack 23:    223 310 628 706 514 661 71 
stack 24:    746 294 120 418 501 434 227 
stack 25:    246 613 258 157 152 222 31 
stack 26:    360 323 642 218 54 690 559 
stack 27:    412 58 656 558 403 634 172 
stack 28:    408 432 214 577 576 215 193 
stack 29:    110 130 247 625 151 465 655 
stack 30:    373 211 629 439 79 564 592 
stack 31:    135 602 291 466 475 240 552 
stack 32:    147 45 673 528 646 181 169 
stack 33:    299 550 212 357 488 37 326 
stack 34:    125 36 106 574 468 670 280 
stack 35:    66 734 458 304 108 585 563 
stack 36:    231 702 586 414 456 455 185 
stack 37:    273 620 160 50 538 416 685 
stack 38:    93 658 46 346 698 261 359 
stack 39:    667 127 738 60 202 626 189 
stack 40:    691 611 480 437 711 637 128 
stack 41:    243 340 644 433 521 427 99 
stack 42:    616 496 651 252 352 484 56 
stack 43:    242 361 491 279 664 81 314 
stack 44:    115 290 208 609 420 435 170 
stack 45:    139 624 272 599 87 330 498 
stack 46:    101 77 295 671 351 68 533 
stack 47:    221 583 96 255 47 744 471 
stack 48:    737 431 73 595 505 452 540 
stack 49:    650 516 542 554 248 663 224 
stack 50:    740 720 129 158 641 274 287 
stack 51:    339 710 724 371 113 354 733 
stack 52:    200 88 233 306 334 450 275 
stack 53:    713 632 546 707 320 198 365 
stack 54:    63 665 589 603 133 350 316 
stack 55:    732 448 686 515 430 282 677 
stack 56:    345 676 647 618 338 206 568 
stack 57:    622 146 534 472 80 619 210 
stack 58:    321 539 103 235 171 573 191 
stack 59:    565 168 504 143 544 292 342 
stack 60:    485 596 348 85 184 680 188 
stack 61:    104 478 652 659 229 297 124 
stack 62:    575 122 149 636 364 492 89 
stack 63:    718 739 532 303 727 325 747 
stack 64:    604 556 313 476 83 90 343 
stack 65:    375 
stack 66:    376 
stack 67:    377 
stack 68:    378 
stack 69:    4 
stack 70:    5 
stack 71:    381 
stack 72:    382 
stack 73:    384 
stack 74:    9 
stack 75:    385 
stack 76:    11 13 
stack 77:    387 18 389 
stack 78:    399 729 15 121 489 
stack 79:    183 137 679 402 28 238 322 
stack 80:    17 177 64 606 393 401 567 
stack 81:    105 298 16 511 53 411 678 
stack 82:    114 438 394 22 722 30 703 
stack 83:    207 474 21 162 234 33 590 
stack 84:    699 570 463 649 643 700 406 
stack 85:    395 27 428 249 179 693 530 
stack 86:    318 695 134 57 410 25 178 
stack 87:    349 337 545 462 630 555 266 
stack 88:    407 497 136 24 65 709 742 
stack 89:    91 276 26 459 562 187 263 
stack 90:    372 681 483 301 341 97 730 
stack 91:    190 347 404 525 481 745 358 
stack 92:    510 265 728 469 268 48 508 
stack 93:    161 657 38 43 696 332 535 
stack 94:    164 374 44 142 409 39 422 
stack 95:    363 165 217 75 441 362 307 
stack 96:    109 336 704 419 454 612 413 
stack 97:    35 705 55 102 464 424 683 
stack 98:    41 425 591 72 523 182 78 
stack 99:    426 638 712 62 86 723 257 
stack 100:    551 531 163 69 42 477 173 
stack 101:    717 610 627 600 250 743 415 
stack 102:    355 300 631 495 49 662 317 
stack 103:    578 605 201 186 145 239 281 
stack 104:    741 457 423 541 156 259 262 
stack 105:    443 561 725 111 639 309 571 
stack 106:    153 529 204 473 98 672 228 
stack 107:    61 549 421 244 175 305 594 
stack 108:    675 518 52 118 687 502 311 
stack 109:    582 548 614 467 557 460 331 
stack 110:    176 327 112 368 271 674 684 
stack 111:    230 84 653 131 584 446 520 
stack 112:    74 219 536 608 267 107 601 
stack 113:    593 519 701 617 572 666 180 
stack 114:    714 205 708 370 95 581 731 
stack 115:    694 623 117 236 203 543 270 
stack 116:    116 442 195 100 285 367 312 
stack 117:    269 517 82 486 123 70 429 
stack 118:    607 453 232 94 277 749 264 
stack 119:    748 512 716 148 283 726 216 
stack 120:    369 308 487 366 513 119 500 
stack 121:    333 553 490 256 482 141 296 
stack 122:    166 199 138 654 344 506 140 
stack 123:    682 499 537 209 587 237 580 
stack 124:    494 697 470 59 286 251 547 
stack 125:    719 621 225 167 192 328 92 
stack 126:    597 174 633 150 155 598 461 
stack 127:    640 253 440 288 451 284 715 
stack 128:    324 692 507 736 329 126 449 
stack 129:    689 335 67 527 197 315 524 

#####################################################

solved with: SP.post_optimization_methods.HillClimbing
time limit: 1800.0 s
time to solve: 636,34 s
objective value: 692273.96

stacks (top to bottom):
stack 0:    0 
stack 1:    1 
stack 2:    2 
stack 3:    3 
stack 4:    
stack 5:    380 379 
stack 6:    6 
stack 7:    7 
stack 8:    8 
stack 9:    383 
stack 10:    386 10 
stack 11:    
stack 12:    
stack 13:    389 141 
stack 14:    405 130 412 738 22 129 444 
stack 15:    17 38 37 262 188 56 240 
stack 16:    650 407 554 79 392 95 648 
stack 17:    110 745 481 451 420 210 435 
stack 18:    23 713 746 63 45 49 641 
stack 19:    565 426 156 255 635 80 406 
stack 20:    623 496 428 321 131 316 430 
stack 21:    35 748 399 400 396 352 736 
stack 22:    453 177 665 162 202 562 280 
stack 23:    176 190 629 246 585 749 735 
stack 24:    402 174 235 24 305 167 683 
stack 25:    28 60 515 409 660 39 224 
stack 26:    714 303 348 434 328 239 30 
stack 27:    27 123 720 320 54 314 489 
stack 28:    689 84 336 506 419 410 721 
stack 29:    66 734 163 538 220 304 32 
stack 30:    718 144 254 43 228 612 89 
stack 31:    518 702 69 331 33 477 417 
stack 32:    339 147 591 701 583 186 192 
stack 33:    692 527 366 311 684 140 429 
stack 34:    561 116 34 215 598 81 71 
stack 35:    622 122 61 276 685 248 571 
stack 36:    372 614 244 158 530 634 563 
stack 37:    479 570 494 458 603 232 53 
stack 38:    667 649 267 636 577 201 706 
stack 39:    425 91 223 418 573 68 733 
stack 40:    183 658 611 214 595 535 520 
stack 41:    327 243 523 258 464 704 664 
stack 42:    356 675 143 637 113 508 540 
stack 43:    101 55 298 618 421 292 572 
stack 44:    699 319 632 732 470 234 48 
stack 45:    679 620 146 534 197 90 83 
stack 46:    597 617 587 666 501 315 78 
stack 47:    347 290 681 317 700 191 227 
stack 48:    137 536 627 117 344 225 452 
stack 49:    345 294 350 686 498 580 172 
stack 50:    741 166 118 98 222 566 445 
stack 51:    363 200 727 574 672 126 257 
stack 52:    640 644 306 334 484 181 99 
stack 53:    447 106 628 96 86 696 744 
stack 54:    717 337 438 310 433 493 170 
stack 55:    74 482 615 579 169 128 193 
stack 56:    104 474 112 512 59 590 524 
stack 57:    115 285 301 731 134 132 449 
stack 58:    300 463 87 171 312 307 119 
stack 59:    436 265 697 510 589 64 189 
stack 60:    719 233 525 483 185 178 730 
stack 61:    516 491 630 180 287 661 281 
stack 62:    578 154 558 155 173 216 552 
stack 63:    608 473 522 325 543 588 454 
stack 64:    114 442 668 553 596 277 465 
stack 65:    375 
stack 66:    376 
stack 67:    377 
stack 68:    378 
stack 69:    4 
stack 70:    5 
stack 71:    381 
stack 72:    382 
stack 73:    384 
stack 74:    9 
stack 75:    385 
stack 76:    11 13 
stack 77:    387 12 
stack 78:    14 199 19 390 422 388 411 
stack 79:    431 260 362 15 365 662 450 
stack 80:    593 395 44 394 398 16 124 
stack 81:    694 20 517 355 391 133 393 
stack 82:    507 490 439 18 581 594 567 
stack 83:    273 582 549 111 416 322 726 
stack 84:    21 676 600 256 288 466 471 
stack 85:    194 217 560 50 160 401 264 
stack 86:    638 318 404 208 397 25 31 
stack 87:    230 739 462 47 332 76 427 
stack 88:    546 26 29 687 642 690 415 
stack 89:    164 472 505 659 261 521 723 
stack 90:    219 548 528 103 511 229 568 
stack 91:    211 245 688 36 182 403 342 
stack 92:    408 531 480 698 237 283 297 
stack 93:    153 728 469 330 282 42 533 
stack 94:    139 360 691 707 724 601 354 
stack 95:    207 414 423 250 296 559 424 
stack 96:    165 75 631 371 437 569 293 
stack 97:    705 41 138 203 291 353 747 
stack 98:    324 456 674 289 159 488 259 
stack 99:    657 109 695 212 550 357 413 
stack 100:    740 272 40 70 359 121 625 
stack 101:    737 710 633 725 557 639 547 
stack 102:    253 161 340 85 92 555 592 
stack 103:    486 468 62 97 341 326 680 
stack 104:    716 94 626 459 187 108 263 
stack 105:    204 545 226 613 313 502 703 
stack 106:    575 127 46 148 467 606 268 
stack 107:    93 135 369 51 58 65 619 
stack 108:    221 105 542 52 107 338 270 
stack 109:    269 537 157 152 670 709 678 
stack 110:    443 499 271 503 329 274 514 
stack 111:    231 236 308 519 478 455 492 
stack 112:    708 351 370 541 367 213 677 
stack 113:    77 102 88 57 500 461 266 
stack 114:    599 432 605 364 663 655 343 
stack 115:    586 602 693 729 476 646 275 
stack 116:    335 551 610 529 100 743 669 
stack 117:    205 647 278 457 652 358 284 
stack 118:    607 242 624 241 645 145 742 
stack 119:    168 448 673 323 544 150 175 
stack 120:    295 125 556 671 299 609 475 
stack 121:    485 349 368 621 654 286 460 
stack 122:    495 149 142 584 643 722 715 
stack 123:    373 361 249 346 209 446 513 
stack 124:    604 497 656 487 576 198 151 
stack 125:    682 195 651 532 196 564 72 
stack 126:    82 504 67 206 218 309 247 
stack 127:    73 374 120 136 539 653 279 
stack 128:    333 252 509 712 302 440 184 
stack 129:    616 526 711 179 441 251 238 
