lower bound for relaxed s_ij: 692252.08

#####################################################

solved with: SP.mip_formulations.BinPackingFormulation
time limit: 1800.0 s
time to solve: 1804,69 s (time limit exceeded)
objective value: 711256.44 (not optimal)

stacks (top to bottom):
stack 0:    1 0 3 9 5 6 
stack 1:    2 22 8 376 16 24 378 
stack 2:    4 377 10 380 34 15 30 
stack 3:    44 28 7 467 32 39 33 
stack 4:    23 46 45 29 26 12 48 
stack 5:    36 382 43 37 31 25 13 
stack 6:    41 52 396 392 18 379 54 
stack 7:    66 73 19 75 61 49 42 
stack 8:    55 404 38 385 62 381 76 
stack 9:    77 96 95 85 389 397 47 
stack 10:    63 58 70 40 65 80 78 
stack 11:    87 375 94 50 59 409 69 
stack 12:    407 100 399 106 79 433 57 
stack 13:    386 127 64 390 60 393 388 
stack 14:    102 88 483 90 83 81 68 
stack 15:    125 109 98 454 97 86 126 
stack 16:    436 412 472 394 444 384 92 
stack 17:    118 131 107 103 403 121 108 
stack 18:    117 400 72 141 145 140 119 
stack 19:    402 383 123 148 133 111 401 
stack 20:    146 120 149 136 113 150 151 
stack 21:    165 129 122 142 398 158 460 
stack 22:    154 157 156 152 134 159 132 
stack 23:    161 473 414 175 167 155 171 
stack 24:    479 164 463 174 160 452 477 
stack 25:    163 202 162 562 508 498 173 
stack 26:    203 184 451 410 185 188 178 
stack 27:    190 196 179 192 186 180 191 
stack 28:    607 575 177 220 189 187 585 
stack 29:    205 223 482 182 222 213 471 
stack 30:    194 209 206 201 197 198 417 
stack 31:    516 640 499 200 233 208 212 
stack 32:    217 214 418 235 218 229 215 
stack 33:    231 507 225 505 248 234 247 
stack 34:    204 246 236 254 250 419 228 
stack 35:    253 260 252 226 244 251 238 
stack 36:    242 267 241 421 249 261 237 
stack 37:    624 273 232 268 277 590 571 
stack 38:    278 456 423 256 258 255 239 
stack 39:    271 285 468 289 284 262 259 
stack 40:    300 272 294 276 292 424 296 
stack 41:    265 304 316 286 293 297 283 
stack 42:    290 303 305 279 501 492 312 
stack 43:    426 295 308 313 291 288 301 
stack 44:    425 310 302 476 311 315 307 
stack 45:    318 338 320 331 309 282 322 
stack 46:    527 321 511 502 328 317 521 
stack 47:    347 340 299 334 341 325 326 
stack 48:    714 370 351 306 358 329 332 
stack 49:    319 374 371 361 323 330 580 
stack 50:    554 542 346 362 354 342 563 
stack 51:    578 583 519 564 348 336 352 
stack 52:    705 689 676 350 726 678 655 
stack 53:    368 490 364 568 365 566 540 
stack 54:    584 558 366 359 573 429 427 
stack 55:    694 682 650 357 449 413 683 
stack 56:    593 597 616 610 600 367 535 
stack 57:    565 572 434 594 559 555 592 
stack 58:    551 431 536 529 518 533 552 
stack 59:    561 531 437 500 484 547 524 
stack 60:    517 512 432 428 430 422 520 
stack 61:    504 438 439 513 514 489 435 
stack 62:    496 480 448 416 459 465 445 
stack 63:    443 486 485 474 447 442 441 
stack 64:    457 464 455 440 446 450 461 
stack 65:    462 466 
stack 66:    470 458 469 
stack 67:    487 
stack 68:    494 453 515 
stack 69:    478 488 475 
stack 70:    525 481 543 493 
stack 71:    509 
stack 72:    495 491 
stack 73:    523 522 506 503 
stack 74:    
stack 75:    387 537 532 528 
stack 76:    11 534 544 539 497 
stack 77:    570 510 538 569 557 
stack 78:    548 546 526 549 530 
stack 79:    14 553 545 541 
stack 80:    638 556 644 609 550 
stack 81:    391 
stack 82:    577 576 
stack 83:    17 582 587 
stack 84:    632 620 603 589 560 606 
stack 85:    395 591 596 586 581 579 
stack 86:    20 21 574 615 612 588 
stack 87:    614 611 599 605 595 598 
stack 88:    622 618 601 634 630 
stack 89:    621 629 613 602 
stack 90:    649 637 636 633 631 626 639 
stack 91:    657 617 652 628 625 
stack 92:    27 653 645 642 643 646 641 
stack 93:    656 662 648 664 
stack 94:    654 651 674 670 635 
stack 95:    671 681 684 666 690 406 
stack 96:    405 691 679 658 687 659 663 
stack 97:    713 699 665 716 686 685 660 
stack 98:    408 701 688 669 
stack 99:    692 704 672 700 
stack 100:    35 708 695 696 
stack 101:    711 673 698 706 709 411 
stack 102:    739 712 721 680 
stack 103:    734 697 728 749 
stack 104:    740 732 720 725 729 693 
stack 105:    738 710 707 724 415 
stack 106:    743 744 736 730 
stack 107:    727 731 
stack 108:    745 
stack 109:    746 
stack 110:    168 420 
stack 111:    667 
stack 112:    
stack 113:    717 53 
stack 114:    748 51 703 
stack 115:    741 737 718 715 742 56 735 
stack 116:    719 339 733 723 722 747 677 
stack 117:    372 675 702 668 647 661 619 
stack 118:    360 623 608 369 627 567 353 
stack 119:    356 355 324 269 349 345 281 
stack 120:    604 373 363 243 344 314 343 
stack 121:    335 337 333 287 274 210 263 
stack 122:    327 176 298 245 264 172 275 
stack 123:    219 227 270 266 257 240 280 
stack 124:    207 221 153 211 230 216 224 
stack 125:    139 137 199 166 147 144 169 
stack 126:    183 195 135 143 181 170 193 
stack 127:    101 130 114 104 138 84 99 
stack 128:    115 74 116 91 124 128 71 
stack 129:    110 93 82 112 105 67 89 

#####################################################

solved with: SP.constructive_heuristics.GeneralHeuristic
time limit: 1800.0 s
time to solve: 0,00 s
objective value: 753327.41

stacks (top to bottom):
stack 0:    593 324 692 457 588 169 552 
stack 1:    273 217 155 366 167 571 663 
stack 2:    719 221 337 333 637 606 331 
stack 3:    377 72 106 385 301 289 730 
stack 4:    243 252 218 642 662 501 78 
stack 5:    494 458 220 309 33 388 108 
stack 6:    55 225 509 203 18 690 53 
stack 7:    682 200 88 468 291 239 566 
stack 8:    570 614 70 197 659 227 661 
stack 9:    640 236 688 196 126 680 270 
stack 10:    335 122 633 505 498 452 580 
stack 11:    195 504 652 182 228 159 240 
stack 12:    632 294 174 29 497 180 181 
stack 13:    199 610 345 636 557 422 430 
stack 14:    52 621 656 476 119 450 445 
stack 15:    306 550 212 31 326 489 435 
stack 16:    27 651 490 392 439 736 332 
stack 17:    732 177 163 515 202 660 151 
stack 18:    622 165 179 364 92 287 89 
stack 19:    205 351 573 90 521 700 56 
stack 20:    699 740 611 544 491 376 257 
stack 21:    115 516 657 396 5 213 47 
stack 22:    168 608 716 685 409 251 639 
stack 23:    190 0 583 503 381 358 592 
stack 24:    183 432 653 131 292 320 145 
stack 25:    74 512 21 375 390 238 224 
stack 26:    705 499 299 233 559 124 524 
stack 27:    526 707 361 214 576 186 585 
stack 28:    553 654 100 674 419 744 612 
stack 29:    741 369 423 367 156 483 449 
stack 30:    246 519 235 645 441 247 625 
stack 31:    658 44 321 446 354 648 722 
stack 32:    66 738 232 626 111 401 216 
stack 33:    618 421 113 244 103 279 643 
stack 34:    17 79 613 574 255 43 296 
stack 35:    14 453 538 59 562 277 590 
stack 36:    207 82 542 98 96 389 68 
stack 37:    340 745 615 185 132 13 188 
stack 38:    474 748 45 158 729 305 678 
stack 39:    355 718 41 61 210 420 619 
stack 40:    105 51 668 117 368 635 484 
stack 41:    402 242 710 582 10 384 684 
stack 42:    739 260 154 348 628 336 178 
stack 43:    665 589 508 48 234 172 343 
stack 44:    318 109 208 38 481 410 25 
stack 45:    575 267 548 448 8 605 664 
stack 46:    447 278 473 532 256 198 30 
stack 47:    616 143 591 226 462 522 379 
stack 48:    153 211 120 49 492 342 733 
stack 49:    20 360 728 416 686 69 293 
stack 50:    387 2 702 107 595 460 193 
stack 51:    604 425 687 398 434 666 520 
stack 52:    347 334 696 397 731 413 461 
stack 53:    104 617 310 572 587 594 703 
stack 54:    130 679 146 599 268 12 567 
stack 55:    166 478 62 329 86 6 742 
stack 56:    219 671 506 85 215 726 747 
stack 57:    597 545 271 362 380 706 558 
stack 58:    713 386 534 394 711 444 502 
stack 59:    23 734 697 569 162 330 99 
stack 60:    93 344 456 579 341 415 280 
stack 61:    327 290 3 352 312 646 598 
stack 62:    139 383 26 487 192 365 314 
stack 63:    485 431 455 454 259 475 262 
stack 64:    349 596 36 530 237 283 540 
stack 65:    717 129 724 371 631 32 187 
stack 66:    35 565 525 672 513 641 264 
stack 67:    374 720 276 539 338 121 568 
stack 68:    405 586 564 184 95 433 743 
stack 69:    194 164 63 412 149 209 24 
stack 70:    689 675 87 346 459 286 316 
stack 71:    607 265 510 94 50 469 263 
stack 72:    1 529 308 537 482 9 471 
stack 73:    269 300 272 624 691 7 39 
stack 74:    428 40 418 359 34 83 315 
stack 75:    295 578 399 285 681 134 488 
stack 76:    667 84 647 518 725 75 411 
stack 77:    298 118 523 541 222 97 723 
stack 78:    135 496 507 511 311 634 533 
stack 79:    339 426 602 284 715 406 170 
stack 80:    436 463 241 560 133 353 547 
stack 81:    479 746 16 630 555 514 677 
stack 82:    363 144 442 536 245 577 81 
stack 83:    319 127 64 470 304 189 322 
stack 84:    443 517 116 223 258 250 493 
stack 85:    101 356 649 480 19 46 393 
stack 86:    714 4 708 695 57 721 683 
stack 87:    694 373 77 125 357 427 535 
stack 88:    407 206 261 65 171 140 128 
stack 89:    372 676 414 704 670 152 669 
stack 90:    486 561 673 323 584 693 307 
stack 91:    137 551 112 727 581 466 500 
stack 92:    600 527 400 313 302 317 275 
stack 93:    176 546 22 472 749 417 465 
stack 94:    110 404 556 609 325 543 76 
stack 95:    737 73 28 378 297 477 735 
stack 96:    408 531 623 147 123 60 563 
stack 97:    638 102 54 424 274 266 71 
stack 98:    230 627 701 303 157 288 141 
stack 99:    114 437 495 136 142 698 80 
stack 100:    231 253 644 370 440 37 281 
stack 101:    391 601 528 201 403 709 191 
stack 102:    138 91 58 248 282 42 173 
stack 103:    650 438 204 254 150 328 655 
stack 104:    67 554 629 464 451 
stack 105:    395 11 712 229 175 
stack 106:    620 160 467 148 
stack 107:    549 350 
stack 108:    603 
stack 109:    249 429 
stack 110:    161 382 
stack 111:    15 
stack 112:    
stack 113:    
stack 114:    
stack 115:    
stack 116:    
stack 117:    
stack 118:    
stack 119:    
stack 120:    
stack 121:    
stack 122:    
stack 123:    
stack 124:    
stack 125:    
stack 126:    
stack 127:    
stack 128:    
stack 129:    
