lower bound for relaxed s_ij: 692236.26

#####################################################

solved with: SP.mip_formulations.BinPackingFormulation
time limit: 1800.0 s
time to solve: 1800,81 s (time limit exceeded)
objective value: 707265.26 (not optimal)

stacks (top to bottom):
stack 0:    1 388 
stack 1:    398 376 378 2 4 383 37 
stack 2:    18 11 10 7 5 375 9 
stack 3:    19 16 27 22 6 3 8 
stack 4:    35 26 381 25 377 23 13 
stack 5:    20 41 17 447 401 45 47 
stack 6:    379 80 33 395 53 30 24 
stack 7:    384 68 435 50 34 72 391 
stack 8:    43 48 39 38 42 40 52 
stack 9:    66 380 57 54 70 56 55 
stack 10:    74 76 67 58 494 82 69 
stack 11:    98 407 61 95 105 89 450 
stack 12:    106 497 124 502 62 460 85 
stack 13:    96 399 99 87 73 387 79 
stack 14:    483 120 102 90 63 84 78 
stack 15:    464 108 104 410 117 65 107 
stack 16:    111 390 103 100 109 101 116 
stack 17:    122 385 114 97 94 92 126 
stack 18:    132 393 131 127 129 121 138 
stack 19:    488 493 405 123 469 414 135 
stack 20:    397 133 475 139 406 136 159 
stack 21:    137 157 143 118 160 140 149 
stack 22:    496 151 164 153 479 134 168 
stack 23:    190 175 150 418 181 471 409 
stack 24:    167 462 182 174 172 162 152 
stack 25:    158 188 490 165 155 173 161 
stack 26:    184 170 402 189 179 176 186 
stack 27:    180 411 204 211 467 213 201 
stack 28:    474 510 166 478 473 234 486 
stack 29:    480 209 199 191 419 185 193 
stack 30:    548 200 518 491 534 207 205 
stack 31:    526 202 542 540 553 559 203 
stack 32:    235 525 224 578 239 206 197 
stack 33:    242 236 232 220 223 212 221 
stack 34:    260 243 616 459 250 485 244 
stack 35:    595 607 606 252 215 532 531 
stack 36:    266 253 249 481 422 231 258 
stack 37:    259 482 277 208 465 276 262 
stack 38:    130 144 64 329 251 298 230 
stack 39:    514 267 246 301 557 537 530 
stack 40:    305 561 312 271 248 289 306 
stack 41:    265 280 292 293 288 275 282 
stack 42:    303 294 270 309 264 316 283 
stack 43:    608 279 274 296 284 291 285 
stack 44:    331 263 307 295 281 326 322 
stack 45:    321 522 516 499 300 421 297 
stack 46:    636 350 339 328 310 315 340 
stack 47:    319 334 332 470 337 308 320 
stack 48:    336 323 505 416 338 504 341 
stack 49:    342 327 575 353 580 352 365 
stack 50:    695 724 598 415 351 325 733 
stack 51:    364 359 369 363 346 423 354 
stack 52:    645 367 343 330 372 649 672 
stack 53:    355 348 613 431 588 371 517 
stack 54:    619 594 357 356 368 600 585 
stack 55:    577 345 583 370 574 366 527 
stack 56:    515 625 430 374 626 429 592 
stack 57:    554 596 573 362 629 570 568 
stack 58:    564 528 576 566 563 544 433 
stack 59:    529 552 539 512 472 444 513 
stack 60:    506 428 420 432 427 509 492 
stack 61:    439 501 437 461 508 487 477 
stack 62:    476 468 438 453 436 454 484 
stack 63:    443 449 434 456 446 451 441 
stack 64:    440 458 448 445 457 452 442 
stack 65:    0 
stack 66:    455 
stack 67:    489 463 
stack 68:    
stack 69:    466 503 
stack 70:    
stack 71:    498 
stack 72:    507 382 
stack 73:    519 523 495 511 
stack 74:    521 549 555 
stack 75:    533 543 500 550 551 547 535 
stack 76:    546 524 572 520 
stack 77:    538 12 
stack 78:    386 
stack 79:    389 541 558 536 545 14 
stack 80:    15 
stack 81:    602 560 
stack 82:    565 556 617 601 567 
stack 83:    392 394 586 581 571 562 
stack 84:    599 579 569 
stack 85:    603 591 582 590 604 584 
stack 86:    611 589 587 614 597 21 396 
stack 87:    404 641 638 
stack 88:    639 621 615 644 605 
stack 89:    637 646 642 609 
stack 90:    610 628 620 612 618 643 640 
stack 91:    403 648 631 622 632 
stack 92:    634 660 659 657 635 633 400 
stack 93:    669 624 630 661 647 
stack 94:    28 679 654 676 674 627 
stack 95:    31 652 651 666 668 663 
stack 96:    29 675 667 665 670 32 
stack 97:    408 653 685 698 696 
stack 98:    694 686 677 692 671 689 
stack 99:    697 731 714 704 680 
stack 100:    699 707 709 682 688 
stack 101:    715 712 687 701 717 36 
stack 102:    412 700 708 706 713 
stack 103:    722 725 739 705 690 
stack 104:    726 740 728 711 719 413 
stack 105:    734 736 723 741 
stack 106:    721 746 
stack 107:    417 747 745 
stack 108:    732 
stack 109:    742 
stack 110:    749 44 
stack 111:    46 748 730 
stack 112:    743 716 623 
stack 113:    737 744 738 718 729 49 
stack 114:    735 727 710 424 720 691 681 
stack 115:    684 425 678 702 693 703 268 
stack 116:    650 683 360 664 673 426 656 
stack 117:    318 373 655 662 658 51 593 
stack 118:    314 317 361 358 347 349 344 
stack 119:    237 299 324 313 333 302 335 
stack 120:    278 304 269 311 287 290 286 
stack 121:    256 273 254 257 261 245 272 
stack 122:    247 233 241 255 222 210 229 
stack 123:    240 217 183 228 225 178 238 
stack 124:    169 216 227 198 226 214 142 
stack 125:    163 147 141 219 218 60 145 
stack 126:    194 59 195 187 196 171 192 
stack 127:    156 125 146 177 154 115 148 
stack 128:    119 83 110 113 112 93 128 
stack 129:    91 81 77 75 88 86 71 

#####################################################

solved with: SP.constructive_heuristics.GeneralHeuristic
time limit: 1800.0 s
time to solve: 0,00 s
objective value: 752333.56

stacks (top to bottom):
stack 0:    183 28 137 294 332 709 283 
stack 1:    147 144 435 732 203 656 681 
stack 2:    519 428 90 296 534 375 261 
stack 3:    529 577 743 506 316 17 689 
stack 4:    169 596 361 96 188 523 641 
stack 5:    686 507 610 398 231 353 705 
stack 6:    645 253 699 707 275 421 226 
stack 7:    500 267 388 618 741 142 229 
stack 8:    634 497 572 206 661 340 71 
stack 9:    625 198 114 160 136 346 413 
stack 10:    425 725 166 601 713 537 311 
stack 11:    538 494 341 504 288 584 324 
stack 12:    650 449 58 334 189 359 366 
stack 13:    737 496 697 168 72 593 335 
stack 14:    196 77 453 715 607 53 84 
stack 15:    125 227 493 127 315 365 88 
stack 16:    724 524 549 30 600 154 517 
stack 17:    187 180 482 270 677 490 688 
stack 18:    59 75 43 131 602 356 461 
stack 19:    476 702 16 622 308 470 632 
stack 20:    595 542 94 416 165 486 562 
stack 21:    683 274 721 281 326 420 633 
stack 22:    331 669 260 50 197 135 171 
stack 23:    266 590 220 631 385 597 297 
stack 24:    718 209 665 291 13 444 592 
stack 25:    386 608 264 143 57 155 302 
stack 26:    305 582 248 2 747 458 673 
stack 27:    515 91 98 111 48 54 212 
stack 28:    722 654 367 467 465 5 691 
stack 29:    684 110 254 63 174 511 513 
stack 30:    83 349 712 616 387 487 272 
stack 31:    488 397 223 583 221 663 649 
stack 32:    318 74 259 547 471 629 426 
stack 33:    113 3 540 505 101 40 140 
stack 34:    106 68 630 415 78 414 588 
stack 35:    263 329 26 599 60 115 400 
stack 36:    236 536 374 481 580 139 69 
stack 37:    735 727 358 436 100 475 56 
stack 38:    255 199 357 345 320 570 290 
stack 39:    543 726 628 682 213 478 401 
stack 40:    720 18 280 498 604 95 557 
stack 41:    317 76 104 561 66 411 418 
stack 42:    528 412 120 215 539 531 576 
stack 43:    598 33 666 207 239 469 544 
stack 44:    251 462 574 566 585 454 192 
stack 45:    744 1 35 624 62 503 555 
stack 46:    533 204 575 118 109 437 396 
stack 47:    734 679 67 700 103 7 282 
stack 48:    303 150 440 739 65 262 37 
stack 49:    240 44 22 6 740 383 640 
stack 50:    525 399 38 717 371 441 245 
stack 51:    200 384 252 419 25 406 161 
stack 52:    19 652 99 405 606 516 527 
stack 53:    443 463 550 627 473 730 508 
stack 54:    603 611 211 82 671 614 613 
stack 55:    216 430 360 714 495 644 36 
stack 56:    620 380 402 668 105 268 287 
stack 57:    526 153 224 518 635 85 605 
stack 58:    194 269 284 205 623 313 128 
stack 59:    439 228 61 258 372 723 116 
stack 60:    710 170 363 70 716 377 214 
stack 61:    501 424 651 158 736 563 286 
stack 62:    355 178 621 185 704 685 14 
stack 63:    151 455 546 459 647 24 696 
stack 64:    474 175 567 4 643 745 47 
stack 65:    438 122 571 364 97 369 450 
stack 66:    119 237 202 653 746 569 49 
stack 67:    554 219 112 339 295 134 451 
stack 68:    271 265 117 301 445 89 93 
stack 69:    163 29 393 310 638 244 238 
stack 70:    594 217 389 468 391 733 148 
stack 71:    564 15 130 637 289 55 21 
stack 72:    417 392 319 179 499 381 218 
stack 73:    167 298 124 325 152 509 210 
stack 74:    342 173 9 354 177 512 145 
stack 75:    249 277 327 20 545 92 690 
stack 76:    695 307 560 532 431 672 484 
stack 77:    146 235 639 615 162 670 698 
stack 78:    591 648 587 642 126 662 333 
stack 79:    408 278 376 87 79 568 457 
stack 80:    694 242 464 558 352 121 477 
stack 81:    548 34 8 172 51 222 492 
stack 82:    678 108 448 617 343 551 138 
stack 83:    256 703 636 102 660 701 711 
stack 84:    749 573 348 309 390 434 706 
stack 85:    314 233 184 181 674 201 429 
stack 86:    46 157 11 293 42 73 322 
stack 87:    347 279 612 133 10 23 382 
stack 88:    731 395 250 159 719 658 433 
stack 89:    241 655 299 321 687 609 344 
stack 90:    31 336 323 350 129 485 0 
stack 91:    565 378 535 45 149 530 442 
stack 92:    738 394 132 422 646 276 186 
stack 93:    619 312 232 728 176 626 452 
stack 94:    273 373 225 81 362 676 86 
stack 95:    480 521 491 657 520 182 427 
stack 96:    141 64 483 748 553 409 107 
stack 97:    693 257 379 164 578 479 460 
stack 98:    247 190 541 410 41 447 708 
stack 99:    243 351 230 368 285 579 680 
stack 100:    403 156 510 514 246 742 12 
stack 101:    589 581 338 193 729 472 32 
stack 102:    304 80 328 191 522 456 337 
stack 103:    489 556 407 330 306 234 
stack 104:    27 208 292 39 300 664 370 
stack 105:    552 659 667 123 
stack 106:    502 432 
stack 107:    195 404 675 559 52 
stack 108:    586 692 423 
stack 109:    
stack 110:    466 
stack 111:    
stack 112:    446 
stack 113:    
stack 114:    
stack 115:    
stack 116:    
stack 117:    
stack 118:    
stack 119:    
stack 120:    
stack 121:    
stack 122:    
stack 123:    
stack 124:    
stack 125:    
stack 126:    
stack 127:    
stack 128:    
stack 129:    
