solved with: SP.deprecated.TabuSearch
time limit: 1800.0 s
time to solve: 558,88 s
objective value: 692247.2

stacks (top to bottom):
stack 0:    
stack 1:    
stack 2:    
stack 3:    
stack 4:    4 
stack 5:    5 
stack 6:    
stack 7:    
stack 8:    
stack 9:    
stack 10:    9 
stack 11:    11 
stack 12:    12 
stack 13:    15 388 24 
stack 14:    68 17 196 390 236 405 260 
stack 15:    19 456 455 454 685 420 391 
stack 16:    522 678 239 526 364 462 18 
stack 17:    286 458 20 691 697 637 577 
stack 18:    574 443 31 444 546 393 553 
stack 19:    399 33 429 411 735 370 123 
stack 20:    693 374 352 143 720 468 669 
stack 21:    349 180 425 415 494 362 122 
stack 22:    501 711 441 713 244 22 672 
stack 23:    177 161 25 356 176 41 246 
stack 24:    448 51 306 704 644 186 187 
stack 25:    26 216 105 634 29 298 476 
stack 26:    506 402 107 145 559 243 43 
stack 27:    676 743 598 274 404 275 45 
stack 28:    189 200 408 245 112 77 234 
stack 29:    647 584 366 325 605 159 126 
stack 30:    407 702 744 515 589 184 503 
stack 31:    162 534 62 188 505 410 215 
stack 32:    627 218 40 731 541 705 53 
stack 33:    714 721 699 329 661 551 671 
stack 34:    554 530 703 538 540 611 471 
stack 35:    335 564 49 666 80 638 488 
stack 36:    373 514 446 607 437 679 296 
stack 37:    426 428 323 633 313 732 686 
stack 38:    489 324 203 229 81 289 152 
stack 39:    93 593 576 182 39 524 486 
stack 40:    594 431 681 355 465 334 192 
stack 41:    88 659 473 677 297 315 227 
stack 42:    293 108 562 252 273 521 72 
stack 43:    495 147 121 665 281 585 299 
stack 44:    689 477 206 449 461 232 114 
stack 45:    221 171 169 181 113 600 654 
stack 46:    300 529 717 453 199 512 266 
stack 47:    202 272 701 363 729 572 535 
stack 48:    92 496 71 277 247 650 592 
stack 49:    333 118 683 470 706 658 156 
stack 50:    327 219 663 452 174 746 55 
stack 51:    309 91 675 64 527 235 98 
stack 52:    525 694 251 624 56 457 149 
stack 53:    336 620 537 680 205 608 331 
stack 54:    302 628 467 504 439 491 240 
stack 55:    579 278 241 285 719 696 303 
stack 56:    97 674 618 566 84 308 586 
stack 57:    167 736 517 134 716 82 613 
stack 58:    193 66 552 519 668 101 332 
stack 59:    90 307 568 166 265 725 636 
stack 60:    116 482 523 560 207 209 599 
stack 61:    662 690 345 707 656 609 641 
stack 62:    555 67 733 695 615 213 198 
stack 63:    268 357 342 531 570 722 604 
stack 64:    569 146 490 230 322 99 487 
stack 65:    0 375 
stack 66:    376 1 
stack 67:    2 377 
stack 68:    3 
stack 69:    379 378 
stack 70:    380 
stack 71:    381 6 
stack 72:    382 8 7 
stack 73:    383 
stack 74:    384 10 
stack 75:    385 
stack 76:    386 
stack 77:    387 
stack 78:    13 164 392 389 130 14 635 
stack 79:    397 394 257 414 259 395 416 
stack 80:    37 398 32 419 436 396 16 
stack 81:    499 590 372 23 403 201 316 
stack 82:    710 371 723 528 85 170 687 
stack 83:    630 740 21 190 622 730 28 
stack 84:    128 643 400 450 61 603 481 
stack 85:    619 556 433 96 282 547 508 
stack 86:    35 581 544 208 626 682 401 
stack 87:    365 179 409 737 652 287 741 
stack 88:    30 132 110 359 360 131 36 
stack 89:    250 350 104 606 27 475 715 
stack 90:    413 580 500 310 432 567 160 
stack 91:    406 516 141 52 59 412 424 
stack 92:    497 222 430 480 163 305 258 
stack 93:    591 256 434 44 212 602 451 
stack 94:    614 103 539 237 83 226 78 
stack 95:    612 442 249 172 466 135 238 
stack 96:    484 225 418 194 301 60 34 
stack 97:    483 95 42 204 734 210 520 
stack 98:    319 417 558 317 38 120 692 
stack 99:    129 337 304 109 283 254 65 
stack 100:    288 698 138 291 472 507 712 
stack 101:    718 657 422 173 536 57 168 
stack 102:    673 76 175 367 660 532 421 
stack 103:    47 294 708 311 341 463 151 
stack 104:    224 550 119 700 358 142 670 
stack 105:    279 642 347 290 351 211 573 
stack 106:    191 58 264 724 158 86 513 
stack 107:    617 54 248 563 645 632 561 
stack 108:    263 565 328 318 220 154 50 
stack 109:    102 498 125 648 583 242 726 
stack 110:    231 48 178 63 46 557 510 
stack 111:    269 144 440 148 344 314 595 
stack 112:    543 625 255 587 214 262 115 
stack 113:    94 639 339 423 575 688 276 
stack 114:    267 749 137 369 629 459 709 
stack 115:    348 261 653 542 438 727 610 
stack 116:    549 223 649 295 312 728 150 
stack 117:    139 195 330 368 739 75 427 
stack 118:    601 292 616 640 343 664 435 
stack 119:    74 485 646 228 460 79 464 
stack 120:    155 445 655 271 596 738 479 
stack 121:    447 582 320 157 474 346 747 
stack 122:    651 111 217 124 631 87 140 
stack 123:    548 100 338 89 623 361 326 
stack 124:    353 492 233 518 511 321 153 
stack 125:    106 117 597 280 545 127 748 
stack 126:    354 469 69 493 133 588 533 
stack 127:    578 340 70 284 509 684 745 
stack 128:    571 478 197 165 136 667 185 
stack 129:    253 502 183 270 621 73 742 

#####################################################

solved with: SP.post_optimization_methods.HillClimbing
time limit: 1800.0 s
time to solve: 414,07 s
objective value: 692247.2

stacks (top to bottom):
stack 0:    
stack 1:    
stack 2:    
stack 3:    
stack 4:    4 
stack 5:    5 
stack 6:    
stack 7:    
stack 8:    
stack 9:    
stack 10:    9 
stack 11:    11 
stack 12:    12 
stack 13:    388 708 460 
stack 14:    627 389 23 694 260 72 391 
stack 15:    689 42 643 244 599 604 393 
stack 16:    678 268 109 283 396 466 16 
stack 17:    402 397 20 199 201 266 513 
stack 18:    37 703 721 690 425 229 412 
stack 19:    406 74 429 479 395 474 697 
stack 20:    374 47 713 400 25 111 312 
stack 21:    58 284 148 622 663 451 586 
stack 22:    499 213 33 119 39 508 454 
stack 23:    177 118 517 273 27 444 687 
stack 24:    483 30 490 29 682 464 595 
stack 25:    555 743 117 408 257 416 746 
stack 26:    456 349 413 538 298 567 297 
stack 27:    498 103 674 414 101 305 669 
stack 28:    335 144 410 732 461 53 685 
stack 29:    647 190 613 45 60 316 303 
stack 30:    502 407 320 252 428 563 744 
stack 31:    35 411 528 452 163 156 280 
stack 32:    469 216 175 665 624 650 299 
stack 33:    612 534 565 553 424 149 238 
stack 34:    288 107 621 343 120 521 126 
stack 35:    155 100 292 497 738 73 637 
stack 36:    293 556 655 44 219 85 547 
stack 37:    294 224 354 582 157 346 654 
stack 38:    447 54 83 188 525 59 692 
stack 39:    514 478 173 576 84 290 123 
stack 40:    92 164 248 634 307 242 153 
stack 41:    673 270 616 291 259 472 226 
stack 42:    365 105 363 261 481 368 671 
stack 43:    651 562 108 198 78 142 577 
stack 44:    250 339 639 196 49 80 608 
stack 45:    484 718 76 699 99 50 185 
stack 46:    94 348 143 309 115 331 672 
stack 47:    630 423 519 605 439 457 265 
stack 48:    601 169 184 488 77 641 127 
stack 49:    445 695 440 588 344 511 235 
stack 50:    125 633 710 207 606 507 589 
stack 51:    549 711 147 716 734 355 258 
stack 52:    733 371 313 104 706 729 475 
stack 53:    302 218 581 539 236 341 611 
stack 54:    579 71 317 141 210 587 133 
stack 55:    541 233 176 465 112 332 561 
stack 56:    327 356 450 739 476 65 533 
stack 57:    269 458 271 358 515 691 597 
stack 58:    372 505 723 652 243 715 696 
stack 59:    736 591 544 208 367 241 536 
stack 60:    625 583 137 146 532 436 322 
stack 61:    373 183 69 493 623 503 326 
stack 62:    448 644 704 357 318 526 289 
stack 63:    455 668 745 592 240 573 140 
stack 64:    714 129 580 158 462 122 98 
stack 65:    0 375 
stack 66:    376 1 
stack 67:    2 377 
stack 68:    3 
stack 69:    379 378 
stack 70:    380 
stack 71:    381 6 
stack 72:    382 8 7 
stack 73:    383 
stack 74:    384 10 
stack 75:    385 
stack 76:    386 
stack 77:    387 
stack 78:    13 336 390 392 529 314 14 
stack 79:    189 106 394 276 403 635 24 
stack 80:    617 15 17 325 572 64 211 
stack 81:    504 602 56 285 351 401 712 
stack 82:    116 537 569 398 187 234 18 
stack 83:    300 590 409 21 52 22 296 
stack 84:    19 628 279 485 701 677 545 
stack 85:    648 649 552 217 232 656 748 
stack 86:    442 399 93 204 124 438 659 
stack 87:    698 179 737 214 405 741 420 
stack 88:    676 594 28 404 546 170 151 
stack 89:    26 522 530 220 239 154 79 
stack 90:    571 434 311 277 215 518 463 
stack 91:    516 40 730 566 31 262 301 
stack 92:    286 202 417 731 747 113 245 
stack 93:    48 67 178 200 63 437 632 
stack 94:    66 225 32 418 727 194 75 
stack 95:    333 548 350 720 61 728 427 
stack 96:    619 191 145 717 281 719 34 
stack 97:    657 206 473 345 707 81 197 
stack 98:    489 256 274 558 523 38 361 
stack 99:    97 446 96 470 679 512 55 
stack 100:    128 110 653 568 41 203 36 
stack 101:    543 62 319 584 492 172 57 
stack 102:    264 90 683 360 136 165 315 
stack 103:    180 139 500 494 362 415 43 
stack 104:    724 91 593 449 230 87 686 
stack 105:    132 422 642 531 419 725 471 
stack 106:    324 51 267 598 251 638 209 
stack 107:    253 237 618 559 130 205 491 
stack 108:    574 433 596 640 688 89 46 
stack 109:    306 161 540 168 661 421 636 
stack 110:    222 138 430 453 468 658 524 
stack 111:    167 171 664 181 600 480 435 
stack 112:    231 550 496 441 660 249 443 
stack 113:    693 353 278 431 520 570 287 
stack 114:    338 575 323 680 645 174 670 
stack 115:    426 95 482 560 459 675 150 
stack 116:    162 749 607 735 681 166 510 
stack 117:    506 159 275 585 705 192 321 
stack 118:    352 193 102 564 702 370 347 
stack 119:    221 740 666 212 308 246 114 
stack 120:    228 646 366 477 527 557 486 
stack 121:    501 620 70 134 629 631 535 
stack 122:    554 195 310 364 432 160 152 
stack 123:    68 186 330 662 329 551 227 
stack 124:    340 88 337 304 131 254 667 
stack 125:    223 700 615 282 82 609 610 
stack 126:    495 328 603 342 135 487 726 
stack 127:    578 684 509 369 247 182 742 
stack 128:    614 272 295 626 255 121 709 
stack 129:    467 263 542 359 334 722 86 
