lower bound for relaxed s_ij: 692229.02

#####################################################

solved with: SP.mip_formulations.BinPackingFormulation
time limit: 1800.0 s
time to solve: 1804,22 s (time limit exceeded)
objective value: 701041.48 (not optimal)

stacks (top to bottom):
stack 0:    674 
stack 1:    0 375 17 392 385 7 376 
stack 2:    380 2 
stack 3:    378 6 297 3 174 700 731 
stack 4:    5 13 463 4 379 15 
stack 5:    416 608 234 86 224 585 251 
stack 6:    401 237 130 631 743 8 724 
stack 7:    603 391 737 87 
stack 8:    703 18 717 685 726 205 106 
stack 9:    282 559 389 686 626 46 387 
stack 10:    725 95 551 523 511 275 10 
stack 11:    718 677 332 610 1 620 344 
stack 12:    226 735 395 538 336 645 9 
stack 13:    14 198 62 115 337 238 707 
stack 14:    396 16 383 734 569 418 390 
stack 15:    432 483 233 21 730 499 570 
stack 16:    409 182 495 207 722 424 464 
stack 17:    716 548 324 20 466 208 465 
stack 18:    744 612 595 543 28 557 469 
stack 19:    636 518 393 26 630 196 167 
stack 20:    536 564 594 509 339 69 555 
stack 21:    727 568 547 55 702 684 353 
stack 22:    632 362 490 22 402 439 143 
stack 23:    49 456 217 488 623 76 33 
stack 24:    505 540 128 407 301 249 606 
stack 25:    721 537 699 658 305 644 179 
stack 26:    29 479 168 27 430 41 492 
stack 27:    446 404 65 45 621 440 350 
stack 28:    289 254 241 195 604 246 82 
stack 29:    137 103 284 89 85 711 40 
stack 30:    653 582 326 451 206 556 185 
stack 31:    300 32 656 695 68 214 281 
stack 32:    72 408 165 611 313 427 680 
stack 33:    345 356 186 81 83 175 125 
stack 34:    262 531 342 683 359 142 657 
stack 35:    529 442 302 298 97 664 579 
stack 36:    577 287 242 412 749 157 587 
stack 37:    37 309 43 133 544 113 662 
stack 38:    38 502 108 728 341 524 480 
stack 39:    296 477 120 553 99 124 622 
stack 40:    516 135 288 552 331 257 228 
stack 41:    576 229 334 539 414 420 513 
stack 42:    374 360 533 421 410 268 693 
stack 43:    310 519 192 742 329 259 661 
stack 44:    613 231 221 127 136 240 35 
stack 45:    286 694 118 73 158 30 149 
stack 46:    294 520 532 732 655 549 209 
stack 47:    602 708 481 581 109 417 110 
stack 48:    670 357 647 327 625 154 258 
stack 49:    253 669 583 306 649 588 129 
stack 50:    318 586 348 244 503 173 138 
stack 51:    366 163 619 578 704 260 252 
stack 52:    181 245 44 265 691 191 213 
stack 53:    304 666 271 482 152 457 184 
stack 54:    204 93 60 31 690 736 261 
stack 55:    169 522 425 433 710 497 180 
stack 56:    59 719 491 373 565 283 550 
stack 57:    470 308 448 343 635 723 615 
stack 58:    714 279 458 435 164 468 347 
stack 59:    571 349 90 429 422 352 346 
stack 60:    462 471 447 652 299 117 452 
stack 61:    161 148 541 445 162 593 88 
stack 62:    122 441 317 455 316 321 126 
stack 63:    584 134 225 160 322 116 121 
stack 64:    75 453 230 197 178 159 84 
stack 65:    
stack 66:    
stack 67:    
stack 68:    713 650 
stack 69:    25 
stack 70:    
stack 71:    381 
stack 72:    382 
stack 73:    
stack 74:    384 
stack 75:    147 176 50 227 398 
stack 76:    370 70 267 696 660 11 
stack 77:    675 64 12 
stack 78:    388 386 
stack 79:    507 
stack 80:    419 572 
stack 81:    637 
stack 82:    438 601 678 100 
stack 83:    562 
stack 84:    394 24 19 
stack 85:    638 450 
stack 86:    739 698 48 
stack 87:    397 493 56 634 91 
stack 88:    361 473 
stack 89:    400 23 338 534 
stack 90:    566 426 500 399 
stack 91:    485 403 663 
stack 92:    654 155 266 444 
stack 93:    705 697 667 527 
stack 94:    729 600 250 216 738 
stack 95:    171 501 150 597 
stack 96:    489 172 71 598 740 689 673 
stack 97:    406 454 474 476 363 672 665 
stack 98:    190 131 151 94 599 
stack 99:    526 628 530 415 105 692 648 
stack 100:    642 618 609 701 627 643 528 
stack 101:    591 413 567 641 314 114 592 
stack 102:    431 156 517 177 52 617 607 
stack 103:    144 270 303 222 542 39 580 
stack 104:    355 639 215 682 319 58 720 
stack 105:    560 358 325 80 269 504 372 
stack 106:    605 263 443 220 688 525 371 
stack 107:    333 330 514 554 290 437 498 
stack 108:    315 320 132 311 633 508 285 
stack 109:    563 546 102 681 139 273 293 
stack 110:    616 248 323 405 199 351 506 
stack 111:    364 411 146 42 236 111 629 
stack 112:    202 200 596 295 706 47 487 
stack 113:    34 535 66 307 475 340 292 
stack 114:    512 166 63 170 276 255 247 
stack 115:    101 709 203 377 61 712 77 
stack 116:    51 461 239 679 235 676 278 
stack 117:    715 312 218 280 354 428 201 
stack 118:    232 243 573 367 67 193 256 
stack 119:    223 210 54 515 478 328 496 
stack 120:    187 141 57 98 659 590 651 
stack 121:    687 53 484 614 574 92 194 
stack 122:    368 145 423 219 96 467 521 
stack 123:    460 274 589 436 365 211 183 
stack 124:    188 434 119 78 472 264 36 
stack 125:    646 558 369 671 449 494 107 
stack 126:    153 459 291 277 624 640 104 
stack 127:    189 741 123 545 112 668 510 
stack 128:    272 748 733 747 561 335 140 
stack 129:    745 79 74 746 575 486 212 

#####################################################

solved with: SP.constructive_heuristics.GeneralHeuristic
time limit: 1800.0 s
time to solve: 0,00 s
objective value: 748133.97

stacks (top to bottom):
stack 0:    204 434 667 21 68 208 707 
stack 1:    315 231 330 656 417 255 693 
stack 2:    153 318 505 174 94 267 130 
stack 3:    636 119 369 502 146 449 11 
stack 4:    384 59 455 695 680 508 452 
stack 5:    272 386 697 89 28 265 251 
stack 6:    536 80 166 339 278 494 129 
stack 7:    188 609 239 518 402 228 159 
stack 8:    198 632 391 313 377 184 260 
stack 9:    378 49 233 133 443 527 539 
stack 10:    388 324 393 164 435 651 293 
stack 11:    169 162 380 65 41 569 353 
stack 12:    567 600 397 727 331 69 354 
stack 13:    3 17 407 7 743 82 496 
stack 14:    715 237 90 696 700 467 499 
stack 15:    182 168 195 545 476 692 492 
stack 16:    57 675 523 154 341 104 335 
stack 17:    253 22 389 196 218 437 138 
stack 18:    148 287 364 4 78 588 617 
stack 19:    713 403 118 732 549 143 555 
stack 20:    189 333 136 490 410 691 504 
stack 21:    370 711 604 572 660 39 570 
stack 22:    605 284 290 554 430 684 340 
stack 23:    530 485 583 663 439 524 140 
stack 24:    123 32 610 16 623 465 117 
stack 25:    635 150 298 365 717 199 475 
stack 26:    718 234 544 444 197 429 622 
stack 27:    294 362 466 427 493 170 211 
stack 28:    291 540 137 332 723 658 8 
stack 29:    223 590 115 240 319 158 450 
stack 30:    66 586 396 219 423 650 47 
stack 31:    38 320 481 248 81 1 733 
stack 32:    714 286 461 716 442 683 472 
stack 33:    563 222 699 637 307 722 106 
stack 34:    400 190 349 50 70 608 422 
stack 35:    225 326 44 421 469 268 424 
stack 36:    591 448 501 359 327 390 33 
stack 37:    75 317 343 495 619 372 381 
stack 38:    744 519 296 86 139 329 125 
stack 39:    202 601 736 682 634 107 285 
stack 40:    304 729 345 127 302 552 740 
stack 41:    639 628 735 426 373 556 194 
stack 42:    308 514 566 543 742 420 657 
stack 43:    34 279 654 311 220 338 35 
stack 44:    460 51 441 677 615 734 550 
stack 45:    571 151 674 192 606 487 84 
stack 46:    355 560 618 409 676 621 350 
stack 47:    274 522 574 244 337 498 726 
stack 48:    161 98 93 436 167 701 351 
stack 49:    741 23 263 548 641 30 264 
stack 50:    20 27 18 376 99 124 662 
stack 51:    564 489 101 620 457 689 468 
stack 52:    595 360 401 229 96 266 83 
stack 53:    613 703 375 531 26 685 180 
stack 54:    361 719 411 110 633 363 464 
stack 55:    431 241 92 624 706 562 580 
stack 56:    602 529 171 520 669 387 201 
stack 57:    470 447 541 312 270 497 178 
stack 58:    72 31 60 655 712 371 212 
stack 59:    484 79 577 108 686 671 738 
stack 60:    526 642 63 111 314 173 648 
stack 61:    589 708 43 596 45 478 281 
stack 62:    533 395 456 474 698 256 724 
stack 63:    687 147 52 116 414 328 352 
stack 64:    368 250 128 614 206 213 205 
stack 65:    612 132 103 546 271 503 191 
stack 66:    135 532 709 578 114 149 12 
stack 67:    558 705 309 226 282 97 157 
stack 68:    122 14 611 379 269 275 100 
stack 69:    134 221 463 511 678 15 252 
stack 70:    289 739 55 383 216 664 9 
stack 71:    144 277 6 155 177 179 585 
stack 72:    325 557 105 491 418 627 486 
stack 73:    165 408 690 509 625 91 247 
stack 74:    425 145 582 334 730 48 175 
stack 75:    358 13 404 382 109 280 344 
stack 76:    725 748 679 473 626 236 513 
stack 77:    462 479 568 303 542 665 126 
stack 78:    653 446 2 214 76 673 643 
stack 79:    54 24 254 305 652 283 292 
stack 80:    310 62 594 25 607 561 668 
stack 81:    745 576 53 459 471 67 645 
stack 82:    737 61 209 58 258 261 428 
stack 83:    5 551 207 56 142 629 36 
stack 84:    210 515 235 728 46 749 399 
stack 85:    432 535 483 746 702 521 506 
stack 86:    488 336 398 224 597 599 346 
stack 87:    603 288 438 405 480 440 528 
stack 88:    646 445 29 710 120 186 113 
stack 89:    131 416 517 230 538 419 731 
stack 90:    141 242 559 630 688 672 720 
stack 91:    670 342 356 301 598 747 587 
stack 92:    366 616 160 507 647 649 347 
stack 93:    187 243 297 681 316 321 553 
stack 94:    406 156 245 458 227 19 661 
stack 95:    232 0 454 477 217 10 534 
stack 96:    516 433 537 246 631 193 592 
stack 97:    262 512 306 638 565 121 510 
stack 98:    374 584 593 85 392 482 704 
stack 99:    394 95 295 581 299 249 87 
stack 100:    172 323 42 71 257 77 575 
stack 101:    37 200 415 640 500 88 273 
stack 102:    413 573 666 721 453 367 40 
stack 103:    181 348 322 547 451 644 259 
stack 104:    74 357 185 152 276 579 183 
stack 105:    163 203 64 73 215 112 525 
stack 106:    176 
stack 107:    102 385 
stack 108:    412 238 
stack 109:    659 
stack 110:    694 
stack 111:    300 
stack 112:    
stack 113:    
stack 114:    
stack 115:    
stack 116:    
stack 117:    
stack 118:    
stack 119:    
stack 120:    
stack 121:    
stack 122:    
stack 123:    
stack 124:    
stack 125:    
stack 126:    
stack 127:    
stack 128:    
stack 129:    
