lower bound for relaxed s_ij: 692231.46

#####################################################

solved with: SP.mip_formulations.BinPackingFormulation
time limit: 1800.0 s
time to solve: 1805,15 s (time limit exceeded)
objective value: 707156.2 (not optimal)

stacks (top to bottom):
stack 0:    5 0 380 3 7 1 
stack 1:    8 472 13 6 
stack 2:    2 9 464 42 383 22 
stack 3:    30 40 379 12 17 34 382 
stack 4:    24 46 32 377 25 31 19 
stack 5:    378 14 381 49 27 21 29 
stack 6:    36 59 48 41 35 37 33 
stack 7:    38 56 456 384 62 67 43 
stack 8:    55 45 70 388 53 376 57 
stack 9:    452 82 71 52 437 402 81 
stack 10:    16 389 54 61 99 11 78 
stack 11:    375 95 399 65 97 88 69 
stack 12:    75 58 85 74 96 73 72 
stack 13:    76 91 84 83 400 408 77 
stack 14:    393 111 63 107 105 114 92 
stack 15:    106 103 390 102 409 109 119 
stack 16:    466 461 457 86 467 436 116 
stack 17:    104 127 113 455 385 118 137 
stack 18:    567 403 138 125 120 603 108 
stack 19:    129 497 87 462 414 143 144 
stack 20:    124 168 165 145 131 161 134 
stack 21:    500 499 128 401 153 154 151 
stack 22:    163 156 172 171 149 130 148 
stack 23:    178 176 476 147 159 486 468 
stack 24:    202 162 186 157 492 491 185 
stack 25:    438 175 463 174 166 160 152 
stack 26:    477 478 167 164 495 481 181 
stack 27:    523 217 195 211 215 205 155 
stack 28:    410 207 208 203 179 169 177 
stack 29:    527 524 224 533 182 200 241 
stack 30:    210 194 412 397 214 170 219 
stack 31:    411 230 226 216 206 198 189 
stack 32:    238 231 201 199 242 221 192 
stack 33:    250 236 212 255 197 232 258 
stack 34:    253 600 564 60 110 220 245 
stack 35:    240 227 501 252 511 218 512 
stack 36:    262 246 244 254 247 239 415 
stack 37:    271 235 268 257 256 267 269 
stack 38:    587 68 321 323 223 330 173 
stack 39:    510 416 277 274 504 485 234 
stack 40:    248 243 281 290 543 540 505 
stack 41:    489 420 292 265 294 273 249 
stack 42:    284 276 300 263 474 494 302 
stack 43:    327 315 278 287 699 662 642 
stack 44:    528 295 560 507 548 541 318 
stack 45:    291 531 337 319 293 313 298 
stack 46:    618 296 341 703 572 93 44 
stack 47:    366 317 297 354 342 349 358 
stack 48:    311 353 345 344 314 316 453 
stack 49:    306 336 329 305 328 325 339 
stack 50:    427 356 362 343 352 351 428 
stack 51:    355 365 350 346 363 361 320 
stack 52:    373 348 335 643 624 573 374 
stack 53:    614 364 633 583 370 607 615 
stack 54:    577 371 369 357 360 338 534 
stack 55:    553 627 634 632 430 575 602 
stack 56:    610 619 547 616 605 578 565 
stack 57:    579 563 521 558 598 570 581 
stack 58:    545 448 421 562 509 522 433 
stack 59:    515 506 496 490 526 508 556 
stack 60:    535 435 426 434 532 529 514 
stack 61:    469 480 482 444 422 432 493 
stack 62:    473 471 475 446 451 450 483 
stack 63:    458 465 445 459 442 431 429 
stack 64:    441 443 460 439 454 440 447 
stack 65:    
stack 66:    
stack 67:    479 470 
stack 68:    487 
stack 69:    449 498 488 484 4 
stack 70:    
stack 71:    
stack 72:    513 
stack 73:    518 519 516 
stack 74:    536 503 502 
stack 75:    517 525 
stack 76:    591 520 
stack 77:    542 10 
stack 78:    387 549 
stack 79:    537 559 530 571 557 568 386 
stack 80:    15 566 552 555 551 550 
stack 81:    569 538 539 
stack 82:    580 574 561 391 
stack 83:    18 606 588 544 394 392 396 
stack 84:    590 586 554 594 582 
stack 85:    609 546 395 20 
stack 86:    630 576 585 
stack 87:    626 623 639 597 584 608 
stack 88:    621 612 596 593 628 635 
stack 89:    23 613 592 625 398 
stack 90:    620 649 595 611 631 629 
stack 91:    604 654 652 617 601 
stack 92:    655 640 638 646 647 26 
stack 93:    671 641 669 28 
stack 94:    653 645 659 656 664 648 404 
stack 95:    405 672 663 676 670 658 666 
stack 96:    407 668 680 675 
stack 97:    674 673 681 687 688 661 678 
stack 98:    698 696 682 701 406 
stack 99:    686 691 711 
stack 100:    413 714 702 700 694 
stack 101:    724 729 709 726 732 721 685 
stack 102:    738 743 730 693 733 715 
stack 103:    692 737 706 728 716 
stack 104:    39 740 727 749 748 708 
stack 105:    718 731 704 
stack 106:    713 
stack 107:    734 742 725 719 417 
stack 108:    720 735 418 
stack 109:    419 747 741 745 
stack 110:    744 
stack 111:    736 
stack 112:    50 707 723 423 47 
stack 113:    705 712 424 722 
stack 114:    746 717 739 710 684 51 
stack 115:    657 697 636 667 690 665 425 
stack 116:    683 677 679 650 689 695 367 
stack 117:    651 644 326 622 637 660 340 
stack 118:    368 589 372 334 599 333 324 
stack 119:    331 288 359 299 347 332 237 
stack 120:    308 309 322 282 303 301 285 
stack 121:    270 310 304 312 289 307 261 
stack 122:    286 272 283 279 266 204 275 
stack 123:    264 259 260 280 233 225 229 
stack 124:    228 222 187 117 121 251 209 
stack 125:    184 213 193 136 183 132 196 
stack 126:    190 98 180 191 150 158 188 
stack 127:    133 122 112 142 126 123 135 
stack 128:    146 89 139 140 79 141 80 
stack 129:    100 66 90 64 94 115 101 

#####################################################

solved with: SP.constructive_heuristics.GeneralHeuristic
time limit: 1800.0 s
time to solve: 0,00 s
objective value: 751733.63

stacks (top to bottom):
stack 0:    66 577 519 513 719 361 31 
stack 1:    724 527 517 159 455 258 486 
stack 2:    233 622 423 592 685 676 282 
stack 3:    644 41 105 409 97 624 710 
stack 4:    15 430 727 256 446 491 581 
stack 5:    368 364 227 713 153 502 28 
stack 6:    228 18 583 336 65 602 10 
stack 7:    535 638 12 504 252 293 132 
stack 8:    438 165 687 601 421 562 556 
stack 9:    705 327 653 103 621 155 386 
stack 10:    667 672 588 625 397 540 711 
stack 11:    746 697 506 465 654 218 151 
stack 12:    626 452 663 530 92 382 196 
stack 13:    545 547 471 559 498 281 374 
stack 14:    176 59 35 338 443 749 643 
stack 15:    280 274 14 3 189 607 324 
stack 16:    309 387 292 489 298 617 598 
stack 17:    480 21 130 541 57 312 514 
stack 18:    98 133 496 55 129 422 7 
stack 19:    738 457 596 163 693 658 665 
stack 20:    271 194 403 168 313 725 126 
stack 21:    299 477 276 156 345 691 381 
stack 22:    112 86 613 13 571 424 398 
stack 23:    657 291 576 238 203 11 322 
stack 24:    23 371 154 661 652 539 694 
stack 25:    278 436 325 474 177 29 269 
stack 26:    523 284 608 37 664 225 94 
stack 27:    723 737 552 208 734 73 158 
stack 28:    68 618 262 673 198 456 448 
stack 29:    655 544 668 329 708 680 599 
stack 30:    473 172 149 745 494 605 684 
stack 31:    106 147 297 316 164 715 712 
stack 32:    587 268 175 555 201 551 384 
stack 33:    259 499 323 58 162 406 493 
stack 34:    651 600 633 179 166 85 310 
stack 35:    331 213 260 366 317 670 481 
stack 36:    193 619 589 616 247 462 47 
stack 37:    393 305 95 300 472 546 429 
stack 38:    76 461 612 48 170 728 637 
stack 39:    591 202 296 56 647 363 483 
stack 40:    184 729 8 399 460 451 285 
stack 41:    695 63 560 206 25 470 242 
stack 42:    288 476 373 197 464 148 582 
stack 43:    138 569 532 302 578 522 447 
stack 44:    466 311 721 641 497 328 4 
stack 45:    286 683 90 344 306 69 565 
stack 46:    64 632 356 0 696 550 303 
stack 47:    39 521 295 628 459 241 395 
stack 48:    610 614 326 128 611 629 161 
stack 49:    91 224 590 314 27 49 573 
stack 50:    372 416 235 337 388 267 192 
stack 51:    584 287 720 232 118 666 237 
stack 52:    726 645 659 335 6 304 736 
stack 53:    407 490 531 257 479 249 214 
stack 54:    110 379 216 74 234 145 570 
stack 55:    139 183 308 343 594 107 557 
stack 56:    250 743 211 656 375 119 209 
stack 57:    718 370 742 221 72 739 279 
stack 58:    136 84 248 42 385 495 648 
stack 59:    533 353 701 511 669 307 261 
stack 60:    515 140 586 390 87 204 425 
stack 61:    419 410 5 32 88 152 301 
stack 62:    579 321 319 62 144 333 396 
stack 63:    190 634 16 580 61 575 81 
stack 64:    270 30 207 525 450 332 392 
stack 65:    146 500 595 157 520 19 432 
stack 66:    636 187 236 435 315 215 26 
stack 67:    677 528 487 346 444 199 150 
stack 68:    553 441 702 389 640 294 383 
stack 69:    362 412 365 230 688 219 440 
stack 70:    707 639 400 747 116 437 735 
stack 71:    222 355 434 744 716 44 78 
stack 72:    36 732 741 143 17 699 101 
stack 73:    709 2 484 82 200 34 22 
stack 74:    359 411 54 706 748 507 394 
stack 75:    45 111 24 485 516 174 229 
stack 76:    277 46 239 99 376 512 115 
stack 77:    127 449 255 354 349 181 80 
stack 78:    210 60 240 414 93 266 417 
stack 79:    427 420 70 501 160 43 320 
stack 80:    627 537 593 357 467 468 137 
stack 81:    117 445 182 509 660 340 722 
stack 82:    482 620 125 223 186 503 173 
stack 83:    510 253 38 131 96 492 188 
stack 84:    180 714 226 380 463 339 508 
stack 85:    458 104 243 730 733 290 505 
stack 86:    124 574 561 351 415 731 548 
stack 87:    264 686 83 426 408 52 33 
stack 88:    700 740 585 566 273 675 109 
stack 89:    690 369 171 360 671 428 615 
stack 90:    650 682 231 341 1 603 20 
stack 91:    692 646 53 352 642 568 543 
stack 92:    563 649 567 245 134 67 108 
stack 93:    597 348 478 263 254 572 251 
stack 94:    606 630 102 442 454 367 123 
stack 95:    272 9 488 77 342 402 453 
stack 96:    89 564 604 75 536 185 433 
stack 97:    518 698 538 377 289 79 135 
stack 98:    475 674 549 534 114 529 418 
stack 99:    717 689 195 167 244 609 358 
stack 100:    100 265 169 120 631 330 141 
stack 101:    50 71 205 635 662 526 404 
stack 102:    378 681 350 439 704 275 51 
stack 103:    122 413 524 212 113 142 
stack 104:    405 679 542 703 121 391 334 
stack 105:    220 
stack 106:    469 191 40 678 
stack 107:    401 558 
stack 108:    283 347 554 318 
stack 109:    623 
stack 110:    178 217 
stack 111:    246 
stack 112:    
stack 113:    431 
stack 114:    
stack 115:    
stack 116:    
stack 117:    
stack 118:    
stack 119:    
stack 120:    
stack 121:    
stack 122:    
stack 123:    
stack 124:    
stack 125:    
stack 126:    
stack 127:    
stack 128:    
stack 129:    
