lower bound for relaxed s_ij: 692237.52

#####################################################

solved with: SP.mip_formulations.BinPackingFormulation
time limit: 1800.0 s
time to solve: 1804,04 s (time limit exceeded)
objective value: 706938.02 (not optimal)

stacks (top to bottom):
stack 0:    11 6 0 9 1 
stack 1:    3 17 13 5 18 
stack 2:    22 26 14 27 2 30 
stack 3:    462 10 472 25 35 42 7 
stack 4:    71 4 380 69 66 39 49 
stack 5:    37 33 34 384 12 453 15 
stack 6:    47 44 379 16 52 40 28 
stack 7:    59 51 38 20 393 395 48 
stack 8:    73 68 50 65 58 23 57 
stack 9:    90 403 385 88 55 75 24 
stack 10:    101 54 64 99 43 389 92 
stack 11:    87 72 70 56 458 21 19 
stack 12:    399 490 539 61 483 391 89 
stack 13:    78 386 375 98 84 80 62 
stack 14:    67 83 81 97 91 95 79 
stack 15:    117 77 387 109 86 125 116 
stack 16:    106 128 121 93 130 108 114 
stack 17:    529 119 100 505 503 461 131 
stack 18:    122 457 456 143 464 448 96 
stack 19:    390 120 112 392 111 141 136 
stack 20:    110 148 388 127 398 134 137 
stack 21:    491 465 404 407 149 508 156 
stack 22:    173 520 162 517 506 154 401 
stack 23:    155 182 181 436 397 405 412 
stack 24:    159 500 430 190 187 479 165 
stack 25:    169 163 433 178 174 168 160 
stack 26:    559 212 573 555 193 158 576 
stack 27:    188 179 161 167 202 183 417 
stack 28:    199 198 463 210 186 480 211 
stack 29:    229 200 493 228 189 488 208 
stack 30:    220 203 192 531 528 221 418 
stack 31:    567 195 235 209 255 204 575 
stack 32:    522 222 205 527 519 213 511 
stack 33:    485 568 544 484 267 206 261 
stack 34:    107 216 197 248 283 244 225 
stack 35:    236 421 242 207 475 246 249 
stack 36:    259 489 270 257 231 492 271 
stack 37:    252 254 251 247 241 234 232 
stack 38:    274 272 566 265 561 240 233 
stack 39:    291 279 258 602 263 622 615 
stack 40:    288 273 297 306 303 256 281 
stack 41:    276 275 507 286 495 282 307 
stack 42:    277 295 543 294 534 316 308 
stack 43:    280 320 296 331 300 290 326 
stack 44:    145 329 293 325 330 292 304 
stack 45:    324 321 336 340 302 345 311 
stack 46:    123 351 309 358 298 333 734 
stack 47:    318 315 314 328 322 312 305 
stack 48:    354 332 348 323 310 327 313 
stack 49:    425 353 339 562 349 317 346 
stack 50:    616 637 589 550 334 424 367 
stack 51:    599 605 613 356 372 335 370 
stack 52:    357 344 343 337 360 355 347 
stack 53:    362 366 373 364 607 352 371 
stack 54:    369 565 666 624 600 361 552 
stack 55:    586 571 549 400 374 532 593 
stack 56:    557 537 540 556 546 504 510 
stack 57:    580 420 408 402 535 585 530 
stack 58:    476 497 516 525 512 494 498 
stack 59:    473 478 477 474 496 482 486 
stack 60:    469 470 442 441 429 444 471 
stack 61:    501 437 439 416 426 434 502 
stack 62:    459 440 413 450 435 452 451 
stack 63:    454 446 428 455 431 438 445 
stack 64:    468 466 443 447 432 467 449 
stack 65:    
stack 66:    376 
stack 67:    378 377 
stack 68:    
stack 69:    499 460 481 
stack 70:    487 
stack 71:    381 
stack 72:    514 382 
stack 73:    8 
stack 74:    564 509 
stack 75:    523 518 515 521 383 
stack 76:    
stack 77:    563 542 547 524 541 569 545 
stack 78:    526 553 551 533 
stack 79:    588 
stack 80:    582 577 538 583 
stack 81:    590 536 
stack 82:    560 554 558 548 
stack 83:    572 595 587 584 
stack 84:    394 570 578 
stack 85:    579 611 601 
stack 86:    640 581 630 617 
stack 87:    396 633 597 621 606 
stack 88:    620 655 591 645 642 
stack 89:    634 612 604 636 614 627 
stack 90:    639 594 632 
stack 91:    652 647 628 651 
stack 92:    661 641 629 667 609 
stack 93:    695 656 625 678 635 
stack 94:    649 660 618 664 619 643 644 
stack 95:    688 680 712 626 743 718 29 
stack 96:    654 675 671 665 31 
stack 97:    681 674 677 682 672 663 406 
stack 98:    694 691 683 669 690 32 
stack 99:    705 662 699 697 
stack 100:    409 686 679 673 710 
stack 101:    410 724 684 676 
stack 102:    411 733 692 727 714 723 36 
stack 103:    729 728 713 708 709 702 
stack 104:    741 693 747 720 719 717 414 
stack 105:    742 737 716 726 415 
stack 106:    41 746 744 721 732 
stack 107:    745 731 
stack 108:    739 
stack 109:    46 711 419 740 
stack 110:    45 749 
stack 111:    748 738 725 
stack 112:    730 735 722 423 736 422 703 
stack 113:    706 701 646 650 698 689 715 
stack 114:    704 696 658 648 707 700 668 
stack 115:    687 653 657 685 670 659 638 
stack 116:    623 610 603 269 631 608 278 
stack 117:    427 368 363 342 239 592 350 
stack 118:    365 574 513 285 598 262 596 
stack 119:    338 341 319 287 243 359 245 
stack 120:    266 223 260 250 185 284 253 
stack 121:    268 264 299 289 301 226 191 
stack 122:    230 184 147 237 224 218 164 
stack 123:    219 194 151 176 227 238 217 
stack 124:    215 172 201 196 214 177 53 
stack 125:    171 170 175 150 180 166 138 
stack 126:    139 129 153 157 146 144 152 
stack 127:    85 135 132 142 133 140 124 
stack 128:    126 60 115 103 105 63 118 
stack 129:    82 76 94 102 74 113 104 

#####################################################

solved with: SP.constructive_heuristics.GeneralHeuristic
time limit: 1800.0 s
time to solve: 0,00 s
objective value: 750358.0

stacks (top to bottom):
stack 0:    155 484 34 88 373 436 361 
stack 1:    82 487 112 337 360 208 151 
stack 2:    647 669 263 632 211 136 376 
stack 3:    153 557 680 351 630 525 180 
stack 4:    129 139 695 573 193 298 140 
stack 5:    110 686 397 125 480 666 703 
stack 6:    706 591 374 111 671 108 118 
stack 7:    264 68 260 520 51 644 144 
stack 8:    640 265 719 380 137 142 482 
stack 9:    656 602 628 667 503 672 350 
stack 10:    362 586 175 375 747 442 682 
stack 11:    173 574 277 364 99 479 608 
stack 12:    268 610 594 578 131 124 556 
stack 13:    366 67 664 20 551 516 237 
stack 14:    72 517 464 70 690 663 239 
stack 15:    41 649 47 204 606 383 596 
stack 16:    293 693 633 543 434 281 645 
stack 17:    46 276 692 127 538 79 7 
stack 18:    259 659 324 550 457 38 316 
stack 19:    427 466 420 547 206 168 371 
stack 20:    490 336 572 356 726 89 584 
stack 21:    410 329 159 413 325 581 292 
stack 22:    78 662 705 241 742 717 345 
stack 23:    567 195 518 402 344 287 530 
stack 24:    93 275 163 190 540 406 377 
stack 25:    117 50 174 97 496 534 725 
stack 26:    537 559 212 158 712 49 36 
stack 27:    468 135 167 597 506 558 63 
stack 28:    146 636 577 257 654 75 43 
stack 29:    37 563 229 437 148 421 545 
stack 30:    473 45 170 115 696 209 261 
stack 31:    250 713 58 554 395 187 21 
stack 32:    477 674 531 66 80 483 697 
stack 33:    745 54 186 40 601 243 31 
stack 34:    219 101 514 42 698 319 546 
stack 35:    338 266 279 749 441 335 233 
stack 36:    106 724 273 64 228 326 165 
stack 37:    203 470 77 386 149 327 249 
stack 38:    365 172 459 321 65 39 248 
stack 39:    408 392 384 541 665 92 177 
stack 40:    616 462 626 452 166 152 451 
stack 41:    73 121 348 52 95 35 740 
stack 42:    650 3 340 683 213 505 450 
stack 43:    580 641 694 728 154 307 48 
stack 44:    522 528 352 583 513 535 707 
stack 45:    85 318 354 523 731 355 160 
stack 46:    16 323 91 492 430 497 714 
stack 47:    171 491 385 178 433 569 502 
stack 48:    623 254 527 84 595 96 743 
stack 49:    411 396 589 685 339 12 668 
stack 50:    33 620 431 702 313 565 494 
stack 51:    590 242 349 341 417 723 74 
stack 52:    653 291 729 440 309 333 504 
stack 53:    119 4 221 240 677 304 592 
stack 54:    603 568 390 169 612 619 312 
stack 55:    542 236 255 445 176 245 284 
stack 56:    646 184 736 720 511 467 94 
stack 57:    194 634 553 83 500 401 301 
stack 58:    730 369 372 737 638 196 498 
stack 59:    76 87 330 197 548 283 29 
stack 60:    501 147 549 657 582 481 439 
stack 61:    526 314 198 0 744 472 624 
stack 62:    704 220 465 741 234 30 382 
stack 63:    199 614 353 310 533 611 414 
stack 64:    658 179 162 387 294 8 191 
stack 65:    409 425 639 609 334 734 359 
stack 66:    181 684 317 346 103 185 253 
stack 67:    443 544 25 18 226 224 238 
stack 68:    687 22 399 306 422 57 278 
stack 69:    469 274 222 428 62 69 415 
stack 70:    11 493 328 643 15 453 285 
stack 71:    539 251 391 363 378 214 217 
stack 72:    478 200 267 343 290 189 598 
stack 73:    588 398 432 9 438 347 269 
stack 74:    738 207 322 81 271 642 585 
stack 75:    605 716 458 444 587 225 104 
stack 76:    368 320 499 256 488 116 593 
stack 77:    299 419 161 393 673 622 19 
stack 78:    648 192 407 202 5 247 449 
stack 79:    123 71 613 576 156 718 370 
stack 80:    722 403 447 495 709 150 201 
stack 81:    288 286 379 210 141 700 227 
stack 82:    26 10 258 448 739 28 113 
stack 83:    688 625 564 342 689 32 471 
stack 84:    60 711 661 681 272 561 552 
stack 85:    381 474 735 476 536 710 715 
stack 86:    332 270 721 621 246 134 133 
stack 87:    701 485 655 235 24 389 412 
stack 88:    456 252 295 652 629 232 244 
stack 89:    130 6 231 463 455 651 308 
stack 90:    748 289 489 55 675 521 426 
stack 91:    394 223 145 90 416 405 114 
stack 92:    446 315 296 600 510 424 53 
stack 93:    14 555 27 2 183 461 512 
stack 94:    404 699 519 607 23 627 262 
stack 95:    454 571 618 604 128 515 300 
stack 96:    637 59 17 708 560 508 418 
stack 97:    230 599 215 107 61 358 509 
stack 98:    679 44 297 388 86 138 486 
stack 99:    157 122 13 56 98 218 367 
stack 100:    746 579 331 732 105 631 164 
stack 101:    126 670 205 691 635 615 1 
stack 102:    188 529 109 302 311 435 617 
stack 103:    132 733 570 143 475 678 532 
stack 104:    280 357 460 400 676 303 575 
stack 105:    423 182 120 507 562 727 282 
stack 106:    100 429 
stack 107:    660 102 
stack 108:    524 305 
stack 109:    566 
stack 110:    216 
stack 111:    
stack 112:    
stack 113:    
stack 114:    
stack 115:    
stack 116:    
stack 117:    
stack 118:    
stack 119:    
stack 120:    
stack 121:    
stack 122:    
stack 123:    
stack 124:    
stack 125:    
stack 126:    
stack 127:    
stack 128:    
stack 129:    
