solved with: SP.deprecated.TabuSearch
time limit: 1800.0 s
time to solve: 820,79 s
objective value: 692242.4

stacks (top to bottom):
stack 0:    0 
stack 1:    
stack 2:    2 
stack 3:    378 
stack 4:    379 
stack 5:    
stack 6:    6 
stack 7:    382 
stack 8:    8 
stack 9:    
stack 10:    
stack 11:    11 
stack 12:    12 
stack 13:    13 263 
stack 14:    445 62 389 15 188 14 230 
stack 15:    16 651 68 430 635 429 730 
stack 16:    104 500 178 734 625 224 611 
stack 17:    19 591 168 23 17 340 419 
stack 18:    38 518 393 53 664 184 223 
stack 19:    576 494 737 394 485 608 492 
stack 20:    319 63 349 45 436 523 258 
stack 21:    25 496 310 440 396 234 28 
stack 22:    219 398 403 437 231 69 166 
stack 23:    612 29 262 656 474 307 482 
stack 24:    156 250 265 316 330 413 699 
stack 25:    100 34 539 680 735 160 54 
stack 26:    218 633 247 454 681 563 373 
stack 27:    123 33 320 105 405 186 309 
stack 28:    583 721 706 703 610 505 533 
stack 29:    335 39 233 273 41 32 473 
stack 30:    239 198 479 477 601 148 444 
stack 31:    426 574 501 690 412 165 630 
stack 32:    137 684 195 648 312 93 709 
stack 33:    57 221 534 372 540 469 282 
stack 34:    129 356 487 416 70 207 427 
stack 35:    498 716 308 567 513 581 425 
stack 36:    119 712 627 55 246 303 713 
stack 37:    447 46 96 167 37 562 504 
stack 38:    103 97 550 203 619 255 110 
stack 39:    628 460 603 66 155 605 283 
stack 40:    50 458 598 298 346 472 541 
stack 41:    554 652 637 327 729 740 526 
stack 42:    727 673 725 304 561 456 747 
stack 43:    432 210 278 73 368 451 367 
stack 44:    433 87 120 719 190 194 570 
stack 45:    606 237 341 65 466 543 241 
stack 46:    569 702 599 438 726 58 467 
stack 47:    284 647 370 692 670 289 481 
stack 48:    146 529 369 512 86 585 521 
stack 49:    547 77 344 130 696 257 232 
stack 50:    51 343 113 519 294 249 270 
stack 51:    150 636 548 618 615 497 98 
stack 52:    144 149 493 435 324 321 653 
stack 53:    655 573 685 345 339 665 225 
stack 54:    537 507 102 82 91 176 300 
stack 55:    623 64 631 546 698 741 682 
stack 56:    226 59 463 697 243 579 695 
stack 57:    688 127 508 187 536 452 609 
stack 58:    676 593 439 272 462 528 459 
stack 59:    564 558 667 733 704 131 245 
stack 60:    180 67 83 715 678 71 739 
stack 61:    666 650 170 94 640 201 724 
stack 62:    361 675 629 325 607 736 614 
stack 63:    141 116 293 143 674 350 446 
stack 64:    191 527 336 212 109 162 514 
stack 65:    375 
stack 66:    376 1 
stack 67:    377 
stack 68:    
stack 69:    3 4 
stack 70:    5 380 
stack 71:    381 
stack 72:    7 
stack 73:    383 
stack 74:    9 384 
stack 75:    385 10 
stack 76:    386 
stack 77:    390 387 
stack 78:    311 397 388 686 200 399 171 
stack 79:    24 723 36 133 84 260 60 
stack 80:    731 391 732 621 21 634 355 
stack 81:    22 197 423 138 400 392 228 
stack 82:    342 208 145 524 401 578 475 
stack 83:    31 35 47 222 78 20 18 
stack 84:    49 351 530 595 43 206 464 
stack 85:    142 395 292 542 584 281 27 
stack 86:    348 404 659 622 26 671 689 
stack 87:    317 720 358 408 363 714 708 
stack 88:    502 99 448 441 516 417 236 
stack 89:    509 657 406 565 649 520 738 
stack 90:    126 718 645 79 261 157 489 
stack 91:    128 592 199 318 240 122 235 
stack 92:    154 402 359 134 414 328 153 
stack 93:    331 209 124 179 421 229 217 
stack 94:    411 687 545 30 276 409 705 
stack 95:    587 471 410 555 717 338 135 
stack 96:    616 220 707 660 589 465 632 
stack 97:    552 428 654 112 407 114 227 
stack 98:    420 101 315 658 274 286 646 
stack 99:    95 371 205 266 362 710 424 
stack 100:    510 326 354 538 108 468 202 
stack 101:    531 173 643 159 297 586 602 
stack 102:    44 728 488 40 418 56 161 
stack 103:    746 48 742 158 422 259 352 
stack 104:    495 661 566 269 215 90 196 
stack 105:    244 185 415 443 693 470 644 
stack 106:    295 181 672 582 588 52 42 
stack 107:    182 279 549 140 204 491 213 
stack 108:    61 332 81 285 254 291 624 
stack 109:    267 461 522 722 453 743 329 
stack 110:    517 164 597 287 590 431 301 
stack 111:    216 366 668 299 571 277 256 
stack 112:    115 118 478 147 264 211 700 
stack 113:    106 364 626 596 288 669 177 
stack 114:    139 568 556 506 313 580 347 
stack 115:    642 557 662 559 251 711 214 
stack 116:    535 572 89 72 125 152 322 
stack 117:    551 694 613 677 183 169 107 
stack 118:    604 434 594 525 192 172 600 
stack 119:    691 353 121 490 74 442 296 
stack 120:    85 290 641 80 663 480 701 
stack 121:    314 323 748 679 617 92 360 
stack 122:    302 136 306 683 189 111 484 
stack 123:    365 455 163 76 151 88 560 
stack 124:    75 132 503 476 511 749 483 
stack 125:    333 337 638 275 499 449 745 
stack 126:    457 268 248 515 242 175 271 
stack 127:    117 544 238 193 174 532 280 
stack 128:    620 553 744 334 253 305 374 
stack 129:    639 357 577 252 575 450 486 

#####################################################

solved with: SP.post_optimization_methods.HillClimbing
time limit: 1800.0 s
time to solve: 414,97 s
objective value: 692242.4

stacks (top to bottom):
stack 0:    0 
stack 1:    
stack 2:    2 
stack 3:    378 
stack 4:    4 
stack 5:    
stack 6:    6 
stack 7:    382 
stack 8:    8 
stack 9:    
stack 10:    
stack 11:    11 
stack 12:    12 
stack 13:    13 395 
stack 14:    44 448 415 389 15 14 135 
stack 15:    51 335 400 163 704 253 18 
stack 16:    398 25 22 547 735 41 27 
stack 17:    397 250 19 23 394 17 586 
stack 18:    537 522 106 536 515 21 20 
stack 19:    661 357 102 91 725 698 635 
stack 20:    150 566 673 276 563 329 157 
stack 21:    33 75 174 440 396 68 243 
stack 22:    676 326 164 105 414 596 520 
stack 23:    116 410 361 29 34 680 438 
stack 24:    642 501 185 403 212 446 526 
stack 25:    209 124 287 405 110 328 419 
stack 26:    31 620 402 264 417 28 241 
stack 27:    366 499 494 568 82 409 373 
stack 28:    517 592 613 220 651 59 93 
stack 29:    61 445 39 208 703 610 601 
stack 30:    210 433 327 187 624 669 630 
stack 31:    154 694 573 408 714 418 196 
stack 32:    510 35 354 594 222 442 480 
stack 33:    529 149 55 94 207 424 701 
stack 34:    332 356 125 692 416 693 664 
stack 35:    252 320 139 36 421 481 374 
stack 36:    156 734 226 45 299 56 739 
stack 37:    129 428 458 37 472 114 152 
stack 38:    535 597 322 504 58 473 477 
stack 39:    691 358 62 736 71 165 274 
stack 40:    144 337 173 723 147 523 176 
stack 41:    498 423 603 675 155 283 223 
stack 42:    548 553 659 534 186 468 259 
stack 43:    317 46 627 513 615 69 261 
stack 44:    496 113 162 511 177 194 107 
stack 45:    712 629 607 249 305 425 570 
stack 46:    136 569 204 599 702 521 646 
stack 47:    558 279 325 206 588 65 740 
stack 48:    687 454 737 449 485 217 695 
stack 49:    554 690 538 195 670 671 347 
stack 50:    319 269 707 590 211 240 580 
stack 51:    141 662 85 437 225 476 78 
stack 52:    244 95 278 493 663 435 516 
stack 53:    612 364 294 467 286 738 171 
stack 54:    198 323 362 172 242 705 79 
stack 55:    219 567 246 111 338 270 148 
stack 56:    628 66 336 339 665 466 729 
stack 57:    119 348 298 656 562 505 459 
stack 58:    128 507 639 193 462 474 301 
stack 59:    439 97 73 619 179 589 699 
stack 60:    531 371 63 248 746 452 632 
stack 61:    333 633 626 70 450 532 749 
stack 62:    302 598 306 112 346 611 307 
stack 63:    100 292 251 618 72 605 709 
stack 64:    447 606 130 137 103 108 540 
stack 65:    375 
stack 66:    376 1 
stack 67:    377 
stack 68:    
stack 69:    3 379 
stack 70:    5 380 
stack 71:    381 
stack 72:    7 
stack 73:    383 
stack 74:    9 384 
stack 75:    385 10 
stack 76:    386 
stack 77:    390 387 
stack 78:    388 126 205 231 131 634 469 
stack 79:    16 24 118 643 84 506 260 
stack 80:    50 83 434 391 88 160 213 
stack 81:    401 524 549 76 654 578 233 
stack 82:    471 290 647 370 572 392 728 
stack 83:    518 393 404 215 183 713 399 
stack 84:    342 625 170 188 543 689 483 
stack 85:    142 657 490 40 719 413 431 
stack 86:    218 178 132 550 422 26 372 
stack 87:    509 720 86 539 32 54 489 
stack 88:    460 557 285 291 464 303 427 
stack 89:    311 38 343 181 273 407 184 
stack 90:    331 748 436 258 153 579 644 
stack 91:    577 247 727 168 571 430 682 
stack 92:    64 268 275 575 192 199 561 
stack 93:    652 544 134 519 528 453 236 
stack 94:    57 576 668 30 708 653 300 
stack 95:    411 353 254 43 109 726 585 
stack 96:    583 406 74 724 743 280 282 
stack 97:    564 706 262 151 683 479 649 
stack 98:    138 582 224 272 228 190 214 
stack 99:    426 679 600 697 700 312 609 
stack 100:    552 197 143 565 140 491 412 
stack 101:    239 616 672 315 334 90 232 
stack 102:    551 487 166 503 648 42 161 
stack 103:    49 77 295 733 281 621 201 
stack 104:    267 81 99 87 441 482 560 
stack 105:    587 104 722 359 257 122 355 
stack 106:    636 555 641 350 443 321 352 
stack 107:    420 655 527 369 96 711 451 
stack 108:    180 432 145 167 475 202 227 
stack 109:    284 559 237 512 189 541 533 
stack 110:    101 677 47 525 158 608 256 
stack 111:    67 461 293 650 622 235 60 
stack 112:    182 678 203 48 360 296 230 
stack 113:    344 666 584 53 658 640 614 
stack 114:    574 341 89 363 368 52 514 
stack 115:    495 115 696 265 488 497 98 
stack 116:    637 617 742 92 324 289 271 
stack 117:    221 715 478 508 318 745 429 
stack 118:    123 455 530 121 120 367 484 
stack 119:    502 721 308 542 169 200 470 
stack 120:    716 80 732 685 581 309 330 
stack 121:    688 731 266 645 349 234 313 
stack 122:    457 546 631 133 304 340 229 
stack 123:    365 545 556 159 492 730 444 
stack 124:    191 146 717 351 316 345 456 
stack 125:    638 216 623 681 741 297 747 
stack 126:    314 500 593 591 710 288 175 
stack 127:    604 117 595 674 686 245 486 
stack 128:    127 744 263 660 463 277 602 
stack 129:    238 667 310 684 718 255 465 
