lower bound for relaxed s_ij: 692225.32

#####################################################

solved with: SP.mip_formulations.BinPackingFormulation
time limit: 1800.0 s
time to solve: 1803,12 s (time limit exceeded)
objective value: 711855.12 (not optimal)

stacks (top to bottom):
stack 0:    0 24 10 23 381 25 5 
stack 1:    1 21 17 11 
stack 2:    8 378 399 6 33 18 
stack 3:    4 400 41 19 3 36 53 
stack 4:    38 20 14 7 39 27 37 
stack 5:    28 34 55 15 56 31 29 
stack 6:    40 49 45 44 47 48 16 
stack 7:    84 43 50 78 35 62 12 
stack 8:    61 57 66 58 52 64 63 
stack 9:    13 484 70 69 67 30 76 
stack 10:    375 71 77 73 65 60 59 
stack 11:    398 104 79 83 46 68 403 
stack 12:    99 89 81 377 72 82 87 
stack 13:    388 103 101 102 385 382 80 
stack 14:    122 110 106 376 92 113 85 
stack 15:    140 100 405 128 407 109 88 
stack 16:    396 127 115 125 118 95 96 
stack 17:    133 98 121 105 97 116 107 
stack 18:    143 119 148 387 142 114 137 
stack 19:    442 141 459 457 472 430 117 
stack 20:    159 124 134 150 139 131 126 
stack 21:    138 146 145 158 160 136 123 
stack 22:    406 186 173 156 408 167 147 
stack 23:    462 221 155 516 455 212 120 
stack 24:    394 154 170 164 409 404 130 
stack 25:    481 471 411 395 458 152 393 
stack 26:    151 176 175 174 178 171 153 
stack 27:    196 209 165 179 157 185 181 
stack 28:    200 485 469 456 224 207 168 
stack 29:    195 201 203 187 198 216 191 
stack 30:    202 215 194 193 199 218 205 
stack 31:    413 228 231 454 211 204 414 
stack 32:    233 492 206 237 214 510 520 
stack 33:    525 257 230 467 527 254 223 
stack 34:    419 241 263 274 220 266 252 
stack 35:    219 473 239 265 466 247 225 
stack 36:    256 248 253 259 246 255 227 
stack 37:    423 258 275 426 273 250 232 
stack 38:    424 264 270 287 245 235 286 
stack 39:    268 285 243 284 280 277 260 
stack 40:    279 251 282 271 267 293 288 
stack 41:    269 297 420 418 410 290 281 
stack 42:    354 329 278 357 352 304 491 
stack 43:    711 709 561 327 300 276 701 
stack 44:    309 292 307 305 296 460 463 
stack 45:    93 294 731 718 700 180 149 
stack 46:    321 315 308 323 317 298 320 
stack 47:    325 313 335 487 483 303 328 
stack 48:    653 612 592 574 353 318 334 
stack 49:    338 337 331 345 311 349 346 
stack 50:    737 319 336 725 733 726 695 
stack 51:    362 322 531 370 350 495 343 
stack 52:    358 371 340 544 542 529 372 
stack 53:    643 432 437 429 384 341 614 
stack 54:    355 367 360 364 359 366 368 
stack 55:    566 547 620 603 580 476 363 
stack 56:    600 565 545 583 551 563 535 
stack 57:    511 550 365 579 549 479 541 
stack 58:    498 537 513 488 517 507 431 
stack 59:    427 569 521 496 482 540 538 
stack 60:    489 505 480 465 446 412 464 
stack 61:    557 444 441 452 438 478 534 
stack 62:    509 434 401 425 443 445 435 
stack 63:    447 451 433 440 439 449 461 
stack 64:    450 415 468 470 448 477 475 
stack 65:    493 
stack 66:    
stack 67:    436 2 
stack 68:    474 
stack 69:    453 502 379 
stack 70:    486 490 380 
stack 71:    499 494 
stack 72:    508 526 504 530 
stack 73:    554 543 518 532 497 539 383 
stack 74:    501 500 524 514 9 
stack 75:    533 523 515 506 
stack 76:    386 512 503 
stack 77:    576 586 585 519 567 559 
stack 78:    555 558 536 552 528 522 
stack 79:    389 548 562 553 
stack 80:    390 572 570 
stack 81:    590 575 546 392 391 
stack 82:    604 584 556 594 578 573 
stack 83:    582 598 560 
stack 84:    587 571 564 593 
stack 85:    605 610 568 602 596 581 
stack 86:    607 617 595 601 591 
stack 87:    397 622 577 589 
stack 88:    22 629 634 625 609 606 
stack 89:    632 599 654 
stack 90:    633 630 613 619 
stack 91:    637 624 698 665 662 26 
stack 92:    628 646 645 626 402 
stack 93:    658 680 639 669 638 640 
stack 94:    661 652 667 631 
stack 95:    672 656 644 692 
stack 96:    708 686 717 675 655 681 
stack 97:    677 651 664 685 32 
stack 98:    683 679 
stack 99:    697 707 689 696 691 
stack 100:    741 666 
stack 101:    702 688 724 
stack 102:    693 728 727 721 714 705 
stack 103:    739 732 699 723 729 704 
stack 104:    687 706 746 740 
stack 105:    713 716 710 
stack 106:    735 742 417 
stack 107:    416 749 42 
stack 108:    722 744 
stack 109:    51 
stack 110:    712 745 694 
stack 111:    747 421 
stack 112:    422 743 736 
stack 113:    734 748 738 
stack 114:    720 703 690 730 668 719 715 
stack 115:    670 684 682 657 648 54 647 
stack 116:    659 642 649 678 676 671 374 
stack 117:    660 673 641 663 650 636 674 
stack 118:    623 611 635 428 348 369 627 
stack 119:    373 330 615 347 616 608 306 
stack 120:    588 618 621 326 302 356 597 
stack 121:    333 310 351 316 361 344 261 
stack 122:    332 289 342 324 339 301 229 
stack 123:    312 314 299 291 283 188 238 
stack 124:    244 242 222 210 249 240 213 
stack 125:    262 112 295 272 236 234 226 
stack 126:    161 189 183 94 172 90 177 
stack 127:    75 217 192 184 208 197 190 
stack 128:    182 163 132 166 162 129 169 
stack 129:    86 91 74 144 135 111 108 

#####################################################

solved with: SP.constructive_heuristics.GeneralHeuristic
time limit: 1800.0 s
time to solve: 0,01 s
objective value: 750588.28

stacks (top to bottom):
stack 0:    189 14 224 69 562 551 42 
stack 1:    143 278 78 539 76 17 177 
stack 2:    22 71 453 675 528 73 493 
stack 3:    663 684 362 699 732 303 475 
stack 4:    57 433 413 24 115 381 619 
stack 5:    422 450 713 443 67 117 461 
stack 6:    428 111 176 617 628 506 625 
stack 7:    244 110 711 6 187 36 32 
stack 8:    242 210 292 552 503 725 671 
stack 9:    673 730 424 613 573 744 695 
stack 10:    743 202 629 400 640 368 704 
stack 11:    486 458 33 404 494 542 192 
stack 12:    7 387 305 142 88 593 726 
stack 13:    702 651 696 153 82 482 616 
stack 14:    43 106 50 662 11 380 417 
stack 15:    583 219 345 204 18 272 694 
stack 16:    196 257 102 466 568 118 286 
stack 17:    712 75 533 285 214 300 216 
stack 18:    98 399 246 370 676 87 37 
stack 19:    369 634 595 460 529 421 496 
stack 20:    737 639 706 560 594 167 681 
stack 21:    74 547 195 408 193 385 361 
stack 22:    397 690 251 282 266 648 226 
stack 23:    348 375 423 46 536 666 155 
stack 24:    427 48 170 575 63 479 541 
stack 25:    86 465 101 3 366 129 733 
stack 26:    509 566 93 28 231 322 139 
stack 27:    92 206 492 497 35 749 227 
stack 28:    515 707 16 107 171 181 569 
stack 29:    112 580 199 250 65 273 339 
stack 30:    1 519 716 665 180 435 184 
stack 31:    389 505 297 622 531 402 190 
stack 32:    222 394 469 358 405 296 261 
stack 33:    355 499 360 15 683 25 212 
stack 34:    635 258 429 686 319 374 540 
stack 35:    557 554 698 504 564 534 188 
stack 36:    611 233 151 47 409 524 606 
stack 37:    416 620 228 81 724 260 343 
stack 38:    604 412 512 60 295 96 614 
stack 39:    13 83 137 105 178 306 597 
stack 40:    643 708 179 638 235 379 240 
stack 41:    40 100 745 420 407 311 252 
stack 42:    703 444 401 430 363 2 197 
stack 43:    489 248 441 454 544 54 356 
stack 44:    543 481 395 589 346 478 736 
stack 45:    351 612 201 123 679 522 391 
stack 46:    623 163 488 480 41 705 621 
stack 47:    84 338 241 133 290 448 238 
stack 48:    104 159 55 502 727 650 172 
stack 49:    406 157 377 21 510 700 520 
stack 50:    183 747 678 548 340 97 175 
stack 51:    4 432 186 584 655 729 516 
stack 52:    642 299 501 275 287 740 302 
stack 53:    347 353 52 507 570 626 162 
stack 54:    649 722 309 746 116 90 674 
stack 55:    672 148 49 586 518 237 431 
stack 56:    451 697 558 467 160 232 29 
stack 57:    659 154 70 418 476 53 464 
stack 58:    312 316 390 325 739 323 205 
stack 59:    660 289 652 388 34 218 449 
stack 60:    373 310 545 291 274 710 452 
stack 61:    442 667 365 265 685 483 328 
stack 62:    161 437 230 728 403 166 283 
stack 63:    618 517 307 271 664 393 491 
stack 64:    720 51 386 342 653 477 255 
stack 65:    576 119 354 691 350 198 719 
stack 66:    644 220 113 472 352 657 647 
stack 67:    419 677 128 58 500 689 114 
stack 68:    447 511 525 156 298 120 301 
stack 69:    314 670 209 680 717 68 556 
stack 70:    637 656 434 632 526 276 738 
stack 71:    592 264 146 164 436 121 392 
stack 72:    658 165 89 473 359 563 26 
stack 73:    333 682 331 284 457 587 304 
stack 74:    321 633 19 150 56 334 147 
stack 75:    135 138 194 723 225 382 748 
stack 76:    124 693 631 247 596 5 715 
stack 77:    0 91 337 585 654 191 149 
stack 78:    108 141 371 211 590 64 372 
stack 79:    735 8 243 523 293 277 223 
stack 80:    588 498 262 134 317 463 234 
stack 81:    329 122 485 259 62 438 12 
stack 82:    537 279 140 601 349 254 229 
stack 83:    132 550 215 367 396 315 80 
stack 84:    513 324 99 610 127 446 326 
stack 85:    332 145 308 426 572 527 344 
stack 86:    94 415 532 294 567 357 571 
stack 87:    462 221 77 341 126 131 383 
stack 88:    734 330 565 490 709 468 85 
stack 89:    607 471 263 559 692 701 208 
stack 90:    182 327 410 267 280 281 414 
stack 91:    661 66 688 487 636 521 608 
stack 92:    574 270 582 630 203 645 514 
stack 93:    456 484 109 27 579 174 668 
stack 94:    61 598 125 364 245 602 320 
stack 95:    398 79 173 23 318 714 495 
stack 96:    200 38 742 546 553 335 236 
stack 97:    641 217 376 313 470 445 30 
stack 98:    741 158 72 288 535 439 538 
stack 99:    605 555 384 136 95 31 455 
stack 100:    20 508 44 268 425 599 168 
stack 101:    624 152 609 731 718 9 
stack 102:    600 103 10 474 646 577 530 
stack 103:    144 603 185 721 59 581 169 
stack 104:    615 239 687 669 130 549 627 
stack 105:    269 45 561 39 459 249 591 
stack 106:    256 207 378 213 
stack 107:    336 578 
stack 108:    411 
stack 109:    253 440 
stack 110:    
stack 111:    
stack 112:    
stack 113:    
stack 114:    
stack 115:    
stack 116:    
stack 117:    
stack 118:    
stack 119:    
stack 120:    
stack 121:    
stack 122:    
stack 123:    
stack 124:    
stack 125:    
stack 126:    
stack 127:    
stack 128:    
stack 129:    
