lower bound for relaxed s_ij: 692247.2

#####################################################

solved with: SP.mip_formulations.BinPackingFormulation
time limit: 1800.0 s
time to solve: 1804,20 s (time limit exceeded)
objective value: 704704.24 (not optimal)

stacks (top to bottom):
stack 0:    2 8 0 375 
stack 1:    37 11 4 396 16 
stack 2:    378 25 377 
stack 3:    30 32 29 6 31 22 14 
stack 4:    33 380 21 23 28 27 39 
stack 5:    388 42 398 41 50 36 1 
stack 6:    67 48 17 394 387 20 38 
stack 7:    40 9 386 52 56 45 7 
stack 8:    66 58 385 69 49 44 46 
stack 9:    62 76 400 381 10 439 443 
stack 10:    71 91 61 81 79 75 65 
stack 11:    500 109 481 131 99 57 487 
stack 12:    433 96 63 479 403 491 12 
stack 13:    407 103 83 82 85 80 59 
stack 14:    390 389 107 89 73 113 101 
stack 15:    402 108 97 119 392 121 84 
stack 16:    118 493 104 78 480 120 435 
stack 17:    90 137 111 124 136 135 122 
stack 18:    134 105 477 110 459 133 123 
stack 19:    100 157 117 395 163 156 142 
stack 20:    161 128 132 146 460 158 476 
stack 21:    189 171 106 169 563 416 507 
stack 22:    129 139 466 165 154 160 152 
stack 23:    147 144 148 141 130 184 174 
stack 24:    506 178 138 200 414 199 201 
stack 25:    183 409 188 145 166 405 187 
stack 26:    175 485 176 173 473 197 168 
stack 27:    504 180 186 195 194 172 464 
stack 28:    221 179 213 196 482 190 181 
stack 29:    216 450 217 206 205 182 209 
stack 30:    204 411 410 212 210 207 215 
stack 31:    225 208 492 228 418 230 185 
stack 32:    509 417 244 241 419 203 242 
stack 33:    539 198 452 219 214 508 465 
stack 34:    177 88 263 220 585 87 64 
stack 35:    555 222 257 259 226 589 245 
stack 36:    249 255 422 261 233 254 229 
stack 37:    237 519 505 236 470 520 518 
stack 38:    253 499 274 281 273 251 463 
stack 39:    714 268 304 283 239 298 297 
stack 40:    269 271 291 270 600 597 521 
stack 41:    292 639 615 252 282 276 632 
stack 42:    295 279 264 277 404 308 285 
stack 43:    537 284 278 307 311 531 287 
stack 44:    647 306 318 310 322 315 289 
stack 45:    293 300 320 313 559 558 529 
stack 46:    323 528 325 290 570 331 314 
stack 47:    337 330 345 329 312 705 709 
stack 48:    335 339 317 355 347 344 341 
stack 49:    552 544 366 327 360 359 368 
stack 50:    328 363 356 342 572 444 592 
stack 51:    601 426 338 358 343 346 637 
stack 52:    374 517 367 353 547 361 557 
stack 53:    349 357 413 364 415 362 421 
stack 54:    578 571 372 371 370 576 577 
stack 55:    549 582 514 369 586 535 513 
stack 56:    543 522 579 498 553 527 533 
stack 57:    548 397 430 408 573 561 524 
stack 58:    501 550 516 423 546 510 545 
stack 59:    495 496 434 429 431 475 461 
stack 60:    489 483 438 511 457 512 503 
stack 61:    447 446 428 453 437 488 486 
stack 62:    467 448 456 455 425 462 451 
stack 63:    442 484 478 449 436 454 471 
stack 64:    445 469 441 440 474 472 468 
stack 65:    494 432 
stack 66:    376 
stack 67:    
stack 68:    497 458 3 
stack 69:    379 
stack 70:    490 
stack 71:    5 
stack 72:    382 
stack 73:    530 538 540 526 
stack 74:    383 502 
stack 75:    384 515 
stack 76:    523 
stack 77:    542 532 
stack 78:    13 541 568 536 
stack 79:    15 564 560 525 
stack 80:    565 554 583 569 551 567 
stack 81:    574 562 566 391 
stack 82:    594 590 
stack 83:    19 575 588 393 18 
stack 84:    556 605 602 587 608 
stack 85:    584 603 
stack 86:    593 613 
stack 87:    644 580 24 
stack 88:    618 598 622 
stack 89:    596 640 623 645 401 
stack 90:    399 607 606 624 
stack 91:    26 655 616 621 664 658 
stack 92:    649 648 643 634 626 629 638 
stack 93:    653 642 631 659 661 667 
stack 94:    633 666 668 663 652 
stack 95:    660 657 646 665 675 670 
stack 96:    690 662 
stack 97:    406 695 674 681 680 697 
stack 98:    698 676 700 688 691 34 
stack 99:    704 678 682 699 677 
stack 100:    684 683 708 701 706 679 
stack 101:    35 710 702 717 716 
stack 102:    718 713 723 694 412 
stack 103:    703 721 727 
stack 104:    47 749 724 707 739 
stack 105:    726 
stack 106:    733 740 737 735 734 732 742 
stack 107:    743 745 730 729 
stack 108:    738 744 654 
stack 109:    731 741 728 725 53 43 
stack 110:    736 720 747 746 719 420 748 
stack 111:    651 627 711 722 715 696 712 
stack 112:    686 672 656 685 671 687 636 
stack 113:    693 673 614 689 305 692 669 
stack 114:    619 630 620 650 611 635 641 
stack 115:    617 628 534 51 599 610 424 
stack 116:    612 373 324 625 604 609 595 
stack 117:    365 352 294 591 581 354 427 
stack 118:    302 340 350 351 332 280 326 
stack 119:    333 288 348 336 309 334 321 
stack 120:    319 243 301 299 296 316 303 
stack 121:    286 272 248 275 262 265 266 
stack 122:    267 247 260 258 240 211 234 
stack 123:    250 231 224 218 202 256 151 
stack 124:    162 246 235 232 227 149 238 
stack 125:    193 191 223 192 170 150 153 
stack 126:    167 155 164 116 159 55 112 
stack 127:    143 125 54 86 140 126 127 
stack 128:    102 95 70 115 114 60 98 
stack 129:    68 94 93 92 74 77 72 

#####################################################

solved with: SP.constructive_heuristics.GeneralHeuristic
time limit: 1800.0 s
time to solve: 0,01 s
objective value: 749406.57

stacks (top to bottom):
stack 0:    571 552 228 370 470 184 361 
stack 1:    218 143 327 27 166 546 585 
stack 2:    530 413 526 239 667 424 533 
stack 3:    619 698 590 270 78 468 645 
stack 4:    565 721 631 342 368 136 227 
stack 5:    74 702 313 598 529 386 519 
stack 6:    348 594 389 525 0 706 22 
stack 7:    169 222 742 401 557 561 427 
stack 8:    504 626 492 643 233 536 159 
stack 9:    324 116 378 366 32 115 235 
stack 10:    108 423 681 663 602 608 624 
stack 11:    447 689 382 276 416 142 746 
stack 12:    9 204 450 532 727 153 641 
stack 13:    93 42 537 634 322 685 24 
stack 14:    67 119 428 23 439 207 211 
stack 15:    456 455 244 205 572 570 672 
stack 16:    522 678 109 165 466 709 611 
stack 17:    191 458 73 199 600 12 486 
stack 18:    267 509 8 732 638 508 260 
stack 19:    740 196 380 429 735 287 654 
stack 20:    54 469 70 713 206 111 243 
stack 21:    617 425 494 362 415 160 513 
stack 22:    700 33 107 431 559 454 577 
stack 23:    177 353 649 583 176 360 444 
stack 24:    306 137 277 682 29 464 150 
stack 25:    286 506 397 200 408 747 391 
stack 26:    578 162 220 50 154 396 7 
stack 27:    224 550 581 358 658 670 305 
stack 28:    47 335 562 482 523 443 209 
stack 29:    647 381 605 325 187 331 98 
stack 30:    252 472 515 744 589 156 18 
stack 31:    68 543 188 505 215 520 637 
stack 32:    627 105 356 56 650 246 299 
stack 33:    337 268 304 460 677 254 586 
stack 34:    591 544 208 241 80 120 669 
stack 35:    501 630 673 564 616 453 635 
stack 36:    534 95 256 734 210 512 266 
stack 37:    333 94 339 20 480 296 72 
stack 38:    736 88 328 139 318 436 487 
stack 39:    180 593 173 576 28 632 126 
stack 40:    294 102 496 363 242 592 149 
stack 41:    407 409 666 82 251 457 275 
stack 42:    293 190 560 85 547 262 553 
stack 43:    489 629 203 158 707 197 321 
stack 44:    477 449 312 725 87 461 412 
stack 45:    352 711 720 484 71 99 185 
stack 46:    548 106 117 691 597 510 127 
stack 47:    514 498 446 96 607 437 679 
stack 48:    155 601 292 640 664 488 712 
stack 49:    144 344 314 511 45 595 610 
stack 50:    714 554 11 146 230 75 16 
stack 51:    97 716 355 377 273 31 686 
stack 52:    125 579 58 66 217 722 53 
stack 53:    302 693 62 369 675 341 609 
stack 54:    379 225 216 724 255 422 214 
stack 55:    371 710 440 411 274 587 518 
stack 56:    253 618 237 44 130 566 491 
stack 57:    330 4 662 195 345 329 551 
stack 58:    263 91 694 247 285 696 34 
stack 59:    582 320 157 343 474 346 420 
stack 60:    426 309 569 261 653 531 122 
stack 61:    340 89 623 245 503 326 692 
stack 62:    651 556 555 213 615 2 414 
stack 63:    5 442 376 295 249 135 421 
stack 64:    445 655 497 271 738 387 479 
stack 65:    248 660 493 730 680 728 112 
stack 66:    161 128 500 283 81 315 297 
stack 67:    620 695 323 147 141 226 316 
stack 68:    399 478 517 359 473 699 604 
stack 69:    103 212 459 290 84 39 14 
stack 70:    406 350 749 10 400 219 588 
stack 71:    612 373 354 264 419 476 152 
stack 72:    13 17 338 183 688 563 113 
stack 73:    231 300 433 145 410 528 86 
stack 74:    272 40 198 668 613 347 719 
stack 75:    35 648 398 542 462 726 1 
stack 76:    541 485 568 174 140 238 3 
stack 77:    221 100 69 385 665 452 182 
stack 78:    614 92 164 575 390 392 599 
stack 79:    189 257 259 101 55 240 332 
stack 80:    37 129 357 490 739 229 43 
stack 81:    499 723 745 656 192 471 573 
stack 82:    483 76 175 367 6 65 636 
stack 83:    383 223 317 52 465 527 114 
stack 84:    19 628 701 708 61 124 298 
stack 85:    26 703 690 364 79 661 289 
stack 86:    193 374 657 438 405 351 258 
stack 87:    179 639 674 737 741 715 687 
stack 88:    676 733 148 404 170 705 393 
stack 89:    269 104 622 606 475 280 303 
stack 90:    30 132 110 41 131 36 545 
stack 91:    516 683 684 25 121 59 507 
stack 92:    202 441 417 731 133 697 435 
stack 93:    15 250 48 178 63 46 395 
stack 94:    718 646 307 418 194 60 375 
stack 95:    167 402 171 181 163 77 748 
stack 96:    495 288 372 282 717 652 281 
stack 97:    349 580 538 310 432 567 535 
stack 98:    365 384 284 388 134 558 38 
stack 99:    549 502 49 621 521 234 524 
stack 100:    394 138 291 430 403 123 201 
stack 101:    467 584 603 172 659 168 57 
stack 102:    118 90 481 301 265 232 151 
stack 103:    625 278 311 729 308 463 64 
stack 104:    574 596 
stack 105:    336 633 21 539 236 
stack 106:    448 51 704 644 186 334 671 
stack 107:    743 83 451 
stack 108:    434 319 279 642 
stack 109:    540 
stack 110:    
stack 111:    
stack 112:    
stack 113:    
stack 114:    
stack 115:    
stack 116:    
stack 117:    
stack 118:    
stack 119:    
stack 120:    
stack 121:    
stack 122:    
stack 123:    
stack 124:    
stack 125:    
stack 126:    
stack 127:    
stack 128:    
stack 129:    
