lower bound for relaxed s_ij: 692229.02

#####################################################

solved with: SP.mip_formulations.BinPackingFormulation
time limit: 1800.0 s
time to solve: 1803,98 s (time limit exceeded)
objective value: 707609.51 (not optimal)

stacks (top to bottom):
stack 0:    375 8 7 5 4 
stack 1:    376 12 37 34 41 32 1 
stack 2:    13 19 3 6 2 18 
stack 3:    33 16 15 26 28 21 14 
stack 4:    383 44 47 377 45 379 17 
stack 5:    9 391 63 59 48 23 56 
stack 6:    64 11 390 36 30 394 79 
stack 7:    24 75 35 389 62 504 27 
stack 8:    85 29 96 86 380 58 54 
stack 9:    39 458 401 112 472 111 467 
stack 10:    46 55 43 69 70 40 42 
stack 11:    81 53 386 382 74 78 52 
stack 12:    66 392 89 80 72 65 384 
stack 13:    402 404 113 97 73 405 430 
stack 14:    126 106 124 103 105 68 110 
stack 15:    116 100 99 87 109 94 71 
stack 16:    406 403 395 143 142 140 76 
stack 17:    388 139 102 409 82 91 84 
stack 18:    141 121 120 114 152 88 412 
stack 19:    118 478 396 134 132 147 90 
stack 20:    471 410 138 125 464 160 165 
stack 21:    457 137 130 155 149 131 108 
stack 22:    209 173 499 494 159 133 153 
stack 23:    136 145 189 151 407 479 184 
stack 24:    146 163 170 166 183 177 169 
stack 25:    178 174 168 158 414 179 175 
stack 26:    198 439 193 462 416 188 162 
stack 27:    164 203 192 187 186 172 196 
stack 28:    501 185 204 167 497 474 202 
stack 29:    181 205 415 206 538 195 207 
stack 30:    460 197 400 408 212 228 201 
stack 31:    216 222 220 215 199 485 211 
stack 32:    284 527 237 208 505 477 533 
stack 33:    218 507 221 517 234 232 217 
stack 34:    238 226 246 231 224 488 473 
stack 35:    252 508 255 257 260 258 229 
stack 36:    279 251 233 273 482 274 245 
stack 37:    268 247 248 525 264 243 240 
stack 38:    496 266 265 250 269 263 242 
stack 39:    290 487 272 480 476 253 249 
stack 40:    293 292 493 490 285 281 254 
stack 41:    537 633 115 275 276 304 297 
stack 42:    302 306 262 298 338 307 286 
stack 43:    620 613 594 315 287 299 516 
stack 44:    522 500 295 593 310 319 288 
stack 45:    308 325 291 303 294 511 309 
stack 46:    531 323 316 519 503 532 330 
stack 47:    597 592 591 327 318 340 313 
stack 48:    672 667 666 544 326 363 322 
stack 49:    638 357 359 354 349 334 328 
stack 50:    320 581 368 345 339 468 360 
stack 51:    335 361 353 351 341 336 346 
stack 52:    369 358 350 621 605 528 466 
stack 53:    356 370 624 431 614 601 560 
stack 54:    606 604 587 371 364 362 373 
stack 55:    612 616 609 602 570 429 580 
stack 56:    688 676 661 366 385 701 644 
stack 57:    554 564 558 502 498 518 481 
stack 58:    551 432 548 547 434 543 526 
stack 59:    495 553 422 436 421 514 492 
stack 60:    510 509 433 437 435 453 486 
stack 61:    445 423 428 438 475 484 489 
stack 62:    447 461 455 440 459 451 483 
stack 63:    448 441 446 443 442 450 444 
stack 64:    454 449 465 463 470 469 456 
stack 65:    0 452 
stack 66:    
stack 67:    378 
stack 68:    
stack 69:    
stack 70:    512 491 
stack 71:    381 513 
stack 72:    515 523 
stack 73:    506 
stack 74:    529 530 
stack 75:    534 10 
stack 76:    524 549 539 
stack 77:    542 541 521 
stack 78:    536 387 
stack 79:    559 565 555 567 
stack 80:    577 576 568 545 596 590 
stack 81:    575 546 600 589 571 586 579 
stack 82:    566 619 617 550 
stack 83:    393 561 
stack 84:    583 574 557 552 572 582 562 
stack 85:    397 623 563 556 635 632 
stack 86:    569 598 578 610 599 611 585 
stack 87:    22 603 573 584 607 20 
stack 88:    398 618 615 588 
stack 89:    25 627 625 595 634 399 
stack 90:    639 645 626 622 
stack 91:    637 658 640 646 
stack 92:    662 655 642 628 657 647 649 
stack 93:    629 663 650 641 665 664 
stack 94:    659 651 670 669 
stack 95:    687 681 673 668 643 631 
stack 96:    31 720 675 656 702 726 
stack 97:    716 706 683 654 680 
stack 98:    678 679 660 682 
stack 99:    677 690 692 685 704 686 
stack 100:    717 674 714 693 413 
stack 101:    696 684 718 707 710 697 695 
stack 102:    411 734 722 715 700 
stack 103:    38 727 723 737 698 
stack 104:    744 746 748 705 
stack 105:    721 703 735 
stack 106:    732 728 736 724 
stack 107:    741 725 
stack 108:    742 729 719 417 419 
stack 109:    418 
stack 110:    733 745 
stack 111:    420 51 711 
stack 112:    49 740 749 
stack 113:    50 743 739 747 
stack 114:    712 709 708 425 424 738 630 
stack 115:    691 731 694 671 713 699 730 
stack 116:    426 348 535 648 427 355 653 
stack 117:    337 636 652 689 608 374 347 
stack 118:    333 344 314 540 372 520 367 
stack 119:    365 57 331 321 305 352 301 
stack 120:    342 332 317 343 324 329 241 
stack 121:    150 296 312 289 282 280 277 
stack 122:    311 278 283 270 214 300 271 
stack 123:    191 182 267 190 261 256 235 
stack 124:    123 219 239 259 223 213 236 
stack 125:    180 119 244 67 225 230 176 
stack 126:    144 210 200 194 227 171 60 
stack 127:    129 61 156 104 95 161 157 
stack 128:    128 154 117 92 98 135 148 
stack 129:    127 101 83 77 122 93 107 

#####################################################

solved with: SP.constructive_heuristics.GeneralHeuristic
time limit: 1800.0 s
time to solve: 0,00 s
objective value: 751363.95

stacks (top to bottom):
stack 0:    335 655 565 441 87 190 431 
stack 1:    733 677 359 266 195 294 300 
stack 2:    587 564 110 299 463 635 399 
stack 3:    642 458 428 497 459 241 484 
stack 4:    737 139 257 175 709 740 194 
stack 5:    676 150 36 276 713 470 227 
stack 6:    198 178 594 132 108 670 453 
stack 7:    100 721 675 143 99 532 78 
stack 8:    180 691 500 391 641 464 98 
stack 9:    115 626 234 485 523 240 421 
stack 10:    61 606 496 199 430 313 374 
stack 11:    25 559 408 435 648 296 614 
stack 12:    136 140 549 167 114 474 4 
stack 13:    398 31 239 181 188 345 477 
stack 14:    138 15 418 671 280 608 429 
stack 15:    9 720 206 131 511 305 745 
stack 16:    455 657 121 680 735 504 157 
stack 17:    24 268 168 23 340 579 526 
stack 18:    537 106 174 692 368 664 516 
stack 19:    661 357 687 102 725 586 644 
stack 20:    210 501 403 212 490 281 27 
stack 21:    128 344 323 75 59 68 243 
stack 22:    83 618 62 2 93 355 419 
stack 23:    156 423 29 702 438 473 580 
stack 24:    667 660 288 700 697 18 492 
stack 25:    127 547 336 251 539 738 730 
stack 26:    163 513 350 94 466 450 56 
stack 27:    209 275 11 186 249 169 701 
stack 28:    326 544 295 593 508 645 79 
stack 29:    447 39 208 112 610 54 653 
stack 30:    331 457 252 320 681 172 632 
stack 31:    44 5 627 728 303 183 270 
stack 32:    366 354 97 203 253 669 277 
stack 33:    574 529 395 70 74 201 743 
stack 34:    50 77 13 487 53 538 416 
stack 35:    141 66 674 663 446 40 184 
stack 36:    566 727 45 92 28 424 236 
stack 37:    51 67 185 37 407 472 152 
stack 38:    332 383 666 137 322 380 412 
stack 39:    16 404 265 588 42 177 367 
stack 40:    216 64 723 545 318 469 161 
stack 41:    603 706 717 325 155 607 223 
stack 42:    278 616 35 319 746 248 695 
stack 43:    426 509 439 73 651 242 630 
stack 44:    531 638 499 698 217 456 60 
stack 45:    182 46 293 120 389 286 560 
stack 46:    146 569 151 298 599 521 646 
stack 47:    502 314 591 440 679 748 207 
stack 48:    554 267 81 149 615 519 312 
stack 49:    49 308 716 557 729 425 301 
stack 50:    144 672 422 179 263 211 602 
stack 51:    623 494 390 297 741 260 489 
stack 52:    445 406 555 392 166 196 321 
stack 53:    348 361 595 503 605 26 601 
stack 54:    731 255 362 105 328 705 514 
stack 55:    376 8 246 316 338 483 148 
stack 56:    290 116 279 415 581 476 352 
stack 57:    471 437 690 493 736 689 176 
stack 58:    507 205 685 462 384 165 245 
stack 59:    495 576 546 631 304 229 506 
stack 60:    381 454 668 563 571 122 200 
stack 61:    393 592 517 684 334 515 264 
stack 62:    302 346 204 683 41 111 307 
stack 63:    375 712 703 34 562 505 520 
stack 64:    342 226 534 47 665 540 609 
stack 65:    522 193 696 742 192 220 481 
stack 66:    310 269 222 678 90 347 107 
stack 67:    95 535 351 567 55 272 162 
stack 68:    104 142 254 69 386 309 230 
stack 69:    652 238 371 32 160 533 747 
stack 70:    33 633 19 478 327 536 710 
stack 71:    57 337 247 568 91 133 261 
stack 72:    662 629 291 724 739 329 378 
stack 73:    694 553 364 63 17 256 444 
stack 74:    85 262 306 598 88 58 202 
stack 75:    542 292 622 480 330 475 486 
stack 76:    411 548 744 126 715 617 414 
stack 77:    119 191 628 12 86 233 135 
stack 78:    639 80 72 686 624 52 21 
stack 79:    510 221 118 643 556 84 10 
stack 80:    129 448 109 89 443 442 282 
stack 81:    333 434 363 650 732 658 382 
stack 82:    460 145 524 401 578 654 76 
stack 83:    577 124 113 134 215 719 289 
stack 84:    461 620 530 582 224 1 274 
stack 85:    38 82 449 394 600 465 387 
stack 86:    433 250 659 349 550 6 372 
stack 87:    343 370 231 170 228 714 417 
stack 88:    365 244 410 625 704 640 324 
stack 89:    311 551 432 101 154 273 541 
stack 90:    317 612 130 3 436 153 258 
stack 91:    219 164 613 722 71 528 468 
stack 92:    575 718 147 379 232 589 561 
stack 93:    123 197 552 7 491 711 171 
stack 94:    397 218 673 30 14 708 235 
stack 95:    558 356 369 353 43 726 585 
stack 96:    284 583 584 647 65 225 360 
stack 97:    420 22 405 596 634 20 271 
stack 98:    604 636 358 488 467 214 213 
stack 99:    688 518 525 187 707 452 427 
stack 100:    388 173 409 385 159 682 373 
stack 101:    0 117 341 96 611 479 649 
stack 102:    498 287 158 619 377 451 283 
stack 103:    597 285 621 693 543 699 749 
stack 104:    734 402 125 482 259 
stack 105:    103 637 396 339 413 
stack 106:    315 48 590 570 
stack 107:    527 400 656 189 
stack 108:    237 573 512 
stack 109:    572 
stack 110:    
stack 111:    
stack 112:    
stack 113:    
stack 114:    
stack 115:    
stack 116:    
stack 117:    
stack 118:    
stack 119:    
stack 120:    
stack 121:    
stack 122:    
stack 123:    
stack 124:    
stack 125:    
stack 126:    
stack 127:    
stack 128:    
stack 129:    
