solved with: SP.deprecated.TabuSearch
time limit: 1800.0 s
time to solve: 865,55 s
objective value: 692244.84

stacks (top to bottom):
stack 0:    375 0 
stack 1:    1 
stack 2:    
stack 3:    
stack 4:    
stack 5:    4 5 
stack 6:    380 
stack 7:    7 
stack 8:    
stack 9:    
stack 10:    10 
stack 11:    11 
stack 12:    
stack 13:    579 197 14 
stack 14:    304 327 609 220 258 16 395 
stack 15:    15 390 605 687 92 23 34 
stack 16:    412 235 161 17 182 30 152 
stack 17:    155 91 218 414 31 374 229 
stack 18:    404 260 393 35 18 748 311 
stack 19:    252 621 37 487 523 120 399 
stack 20:    407 307 173 425 658 396 540 
stack 21:    96 736 147 439 521 323 25 
stack 22:    549 355 84 634 397 64 264 
stack 23:    175 565 562 288 636 491 587 
stack 24:    602 668 679 63 474 345 695 
stack 25:    467 525 735 405 178 434 716 
stack 26:    89 148 320 150 249 115 594 
stack 27:    600 208 198 669 615 418 711 
stack 28:    82 732 435 685 698 450 50 
stack 29:    33 352 575 217 45 340 75 
stack 30:    362 688 119 61 248 672 372 
stack 31:    648 651 83 300 233 492 272 
stack 32:    494 157 538 247 53 110 353 
stack 33:    572 168 713 581 310 599 373 
stack 34:    216 70 424 451 259 449 317 
stack 35:    122 85 731 52 290 368 319 
stack 36:    194 350 657 416 486 170 514 
stack 37:    684 322 558 74 331 497 427 
stack 38:    369 649 271 212 550 472 246 
stack 39:    614 428 665 548 79 612 209 
stack 40:    183 128 438 253 186 108 547 
stack 41:    641 348 193 556 308 734 499 
stack 42:    522 44 463 149 333 46 114 
stack 43:    533 419 498 681 138 281 573 
stack 44:    453 215 596 623 206 105 545 
stack 45:    712 262 500 140 361 733 177 
stack 46:    570 578 444 47 295 515 103 
stack 47:    292 483 188 513 747 493 519 
stack 48:    691 72 437 582 48 541 571 
stack 49:    719 560 195 576 700 469 367 
stack 50:    445 302 553 655 356 613 336 
stack 51:    76 475 332 58 430 232 652 
stack 52:    67 555 90 569 693 213 696 
stack 53:    527 554 629 219 479 100 597 
stack 54:    485 341 299 164 436 286 60 
stack 55:    718 644 709 744 690 606 653 
stack 56:    584 626 204 154 529 179 283 
stack 57:    567 360 266 313 671 273 200 
stack 58:    647 526 214 676 227 349 314 
stack 59:    489 645 357 441 455 291 228 
stack 60:    656 510 680 77 536 507 192 
stack 61:    78 478 364 468 269 544 532 
stack 62:    225 496 661 139 543 448 366 
stack 63:    296 239 312 630 638 124 664 
stack 64:    465 607 116 268 176 505 265 
stack 65:    
stack 66:    376 
stack 67:    377 2 
stack 68:    3 378 
stack 69:    379 
stack 70:    
stack 71:    6 381 
stack 72:    382 
stack 73:    8 383 
stack 74:    384 9 
stack 75:    385 
stack 76:    386 
stack 77:    12 387 
stack 78:    263 714 708 389 13 388 394 
stack 79:    134 27 633 702 391 392 137 
stack 80:    54 566 635 39 484 20 29 
stack 81:    717 704 530 125 706 646 408 
stack 82:    43 234 97 518 26 203 190 
stack 83:    19 400 401 577 417 406 398 
stack 84:    21 22 403 611 534 410 59 
stack 85:    723 466 371 413 32 256 452 
stack 86:    166 254 678 162 686 305 618 
stack 87:    244 107 24 184 470 55 511 
stack 88:    722 506 742 370 199 746 432 
stack 89:    628 590 592 694 426 351 608 
stack 90:    287 41 104 402 743 745 280 
stack 91:    86 595 274 338 650 28 673 
stack 92:    156 36 169 720 165 318 330 
stack 93:    71 411 456 642 191 101 423 
stack 94:    278 93 433 740 509 143 741 
stack 95:    724 528 316 132 442 81 409 
stack 96:    707 142 551 476 460 354 495 
stack 97:    326 38 637 42 512 627 324 
stack 98:    231 160 284 297 619 236 237 
stack 99:    422 667 420 347 66 133 703 
stack 100:    163 267 692 207 429 106 68 
stack 101:    415 135 342 721 588 359 293 
stack 102:    363 121 117 211 537 65 238 
stack 103:    583 226 315 69 158 56 279 
stack 104:    51 111 659 738 660 185 40 
stack 105:    490 632 677 346 517 574 603 
stack 106:    477 728 187 201 459 643 616 
stack 107:    520 306 482 255 666 196 473 
stack 108:    727 670 109 461 328 95 729 
stack 109:    458 726 585 421 531 620 617 
stack 110:    57 662 625 129 710 443 339 
stack 111:    223 241 697 535 462 358 701 
stack 112:    222 243 739 689 508 457 146 
stack 113:    202 167 431 49 663 481 337 
stack 114:    250 257 564 335 245 261 446 
stack 115:    62 127 344 242 737 112 598 
stack 116:    276 546 144 230 586 224 118 
stack 117:    321 539 589 98 591 640 524 
stack 118:    604 480 730 502 123 516 294 
stack 119:    552 303 501 682 171 87 145 
stack 120:    275 725 251 221 639 343 504 
stack 121:    715 749 159 210 503 172 151 
stack 122:    270 180 131 334 113 240 329 
stack 123:    141 488 285 557 80 365 601 
stack 124:    447 593 622 464 282 205 631 
stack 125:    568 624 174 440 683 88 471 
stack 126:    610 705 309 73 699 189 563 
stack 127:    181 580 136 301 130 674 454 
stack 128:    94 277 99 654 102 298 675 
stack 129:    126 153 559 289 542 561 325 

#####################################################

solved with: SP.post_optimization_methods.HillClimbing
time limit: 1800.0 s
time to solve: 629,98 s
objective value: 692250.9

stacks (top to bottom):
stack 0:    375 0 
stack 1:    1 
stack 2:    
stack 3:    4 
stack 4:    380 
stack 5:    5 
stack 6:    
stack 7:    7 
stack 8:    
stack 9:    
stack 10:    10 
stack 11:    11 
stack 12:    13 
stack 13:    635 14 
stack 14:    15 223 315 291 392 446 395 
stack 15:    727 438 83 414 435 20 29 
stack 16:    19 134 132 17 16 408 192 
stack 17:    726 239 632 398 671 286 28 
stack 18:    35 393 702 158 716 524 409 
stack 19:    415 356 401 31 399 703 200 
stack 20:    400 489 24 42 402 274 418 
stack 21:    723 234 45 266 433 454 653 
stack 22:    78 230 706 262 397 39 413 
stack 23:    111 173 669 472 638 561 650 
stack 24:    271 749 159 37 687 193 374 
stack 25:    222 655 405 211 340 136 229 
stack 26:    41 284 74 543 348 710 701 
stack 27:    600 277 461 412 186 269 108 
stack 28:    263 488 157 538 232 133 563 
stack 29:    407 197 121 86 119 30 491 
stack 30:    38 96 590 226 439 61 664 
stack 31:    722 552 498 116 630 176 228 
stack 32:    33 445 49 745 606 720 631 
stack 33:    649 99 728 458 268 450 372 
stack 34:    684 510 437 240 417 88 56 
stack 35:    141 714 169 105 343 423 345 
stack 36:    94 278 371 546 233 544 541 
stack 37:    244 296 369 560 464 507 80 
stack 38:    126 188 482 605 747 359 672 
stack 39:    485 526 422 196 55 290 137 
stack 40:    736 297 154 627 511 124 319 
stack 41:    496 596 463 580 357 152 329 
stack 42:    527 431 513 666 426 495 598 
stack 43:    352 567 610 58 164 249 499 
stack 44:    533 44 331 497 245 73 504 
stack 45:    98 667 335 548 420 473 729 
stack 46:    62 47 646 531 492 106 542 
stack 47:    637 198 150 430 201 279 189 
stack 48:    178 582 577 48 574 317 256 
stack 49:    704 125 207 508 657 253 500 
stack 50:    465 466 593 174 182 562 449 
stack 51:    717 216 175 697 246 474 209 
stack 52:    724 57 312 651 668 288 532 
stack 53:    257 214 79 534 261 601 311 
stack 54:    520 481 162 206 309 581 237 
stack 55:    648 656 486 267 515 114 696 
stack 56:    292 287 82 705 645 569 308 
stack 57:    709 299 661 305 674 365 318 
stack 58:    691 210 681 103 344 654 737 
stack 59:    602 364 109 440 139 643 505 
stack 60:    503 624 735 370 523 550 693 
stack 61:    332 85 324 236 179 353 339 
stack 62:    163 327 76 642 512 301 571 
stack 63:    539 247 564 640 619 283 330 
stack 64:    647 250 584 494 285 66 325 
stack 65:    
stack 66:    376 
stack 67:    377 2 
stack 68:    3 378 
stack 69:    379 
stack 70:    
stack 71:    6 381 
stack 72:    382 
stack 73:    8 383 
stack 74:    384 9 
stack 75:    385 
stack 76:    386 
stack 77:    12 387 
stack 78:    419 444 390 23 151 388 394 
stack 79:    36 251 184 391 389 410 540 
stack 80:    718 260 21 554 595 470 59 
stack 81:    579 614 589 18 652 529 123 
stack 82:    428 680 730 220 551 221 471 
stack 83:    739 622 424 205 46 26 608 
stack 84:    166 604 425 396 406 519 112 
stack 85:    84 295 586 566 585 242 367 
stack 86:    231 148 404 104 536 516 25 
stack 87:    322 22 403 743 612 436 673 
stack 88:    530 243 350 689 140 87 675 
stack 89:    304 92 556 120 615 34 265 
stack 90:    626 53 347 748 368 314 587 
stack 91:    202 72 27 738 81 713 190 
stack 92:    89 628 107 476 52 618 294 
stack 93:    578 276 712 170 199 32 213 
stack 94:    477 501 448 459 559 129 432 
stack 95:    320 219 65 741 172 734 60 
stack 96:    558 480 629 168 676 613 100 
stack 97:    212 607 155 517 547 429 238 
stack 98:    447 411 685 224 102 746 68 
stack 99:    128 360 641 732 679 460 273 
stack 100:    252 678 142 363 303 740 479 
stack 101:    275 208 625 623 255 659 731 
stack 102:    715 194 144 421 484 145 115 
stack 103:    43 321 51 665 591 323 597 
stack 104:    341 77 725 442 40 349 427 
stack 105:    670 355 416 698 171 118 289 
stack 106:    662 553 218 70 468 462 264 
stack 107:    122 306 475 744 227 616 594 
stack 108:    549 528 362 334 259 634 248 
stack 109:    621 592 660 639 351 280 366 
stack 110:    707 235 97 338 328 636 452 
stack 111:    54 478 113 90 130 354 203 
stack 112:    570 167 658 721 310 336 337 
stack 113:    160 149 644 181 690 185 545 
stack 114:    522 135 688 101 50 573 358 
stack 115:    225 254 333 537 557 699 695 
stack 116:    302 91 451 487 700 514 272 
stack 117:    453 525 692 138 127 298 146 
stack 118:    71 270 490 457 300 64 361 
stack 119:    742 282 241 576 93 565 75 
stack 120:    467 483 180 682 153 293 493 
stack 121:    215 217 161 313 281 620 177 
stack 122:    326 131 434 535 588 143 603 
stack 123:    719 204 502 572 521 733 617 
stack 124:    342 663 633 611 686 258 469 
stack 125:    568 506 575 69 455 110 599 
stack 126:    456 307 609 316 117 555 708 
stack 127:    156 183 195 518 63 711 443 
stack 128:    583 147 67 694 441 165 95 
stack 129:    191 187 509 677 346 683 373 
