solved with: SP.deprecated.TabuSearch
time limit: 1800.0 s
time to solve: 917,26 s
objective value: 692249.64

stacks (top to bottom):
stack 0:    
stack 1:    376 
stack 2:    
stack 3:    
stack 4:    378 
stack 5:    
stack 6:    381 
stack 7:    382 
stack 8:    
stack 9:    384 
stack 10:    
stack 11:    11 
stack 12:    393 
stack 13:    235 388 
stack 14:    389 229 398 107 550 721 15 
stack 15:    196 22 306 358 287 400 622 
stack 16:    623 473 84 295 394 517 35 
stack 17:    606 230 395 419 17 32 270 
stack 18:    48 315 275 317 729 244 356 
stack 19:    339 31 404 157 85 417 134 
stack 20:    67 734 56 367 203 742 42 
stack 21:    644 150 249 26 591 421 111 
stack 22:    147 30 439 431 408 475 328 
stack 23:    195 399 241 63 671 728 659 
stack 24:    630 460 110 720 280 478 681 
stack 25:    311 316 405 492 595 688 687 
stack 26:    66 656 123 604 436 402 37 
stack 27:    435 118 39 327 262 34 348 
stack 28:    240 679 38 126 237 307 491 
stack 29:    743 700 415 496 739 640 73 
stack 30:    466 291 299 352 482 736 336 
stack 31:    537 187 83 197 269 410 600 
stack 32:    705 509 116 433 626 713 704 
stack 33:    33 186 350 49 420 725 515 
stack 34:    620 564 747 430 109 578 120 
stack 35:    715 78 141 257 121 666 685 
stack 36:    570 209 77 602 125 571 457 
stack 37:    50 737 227 223 453 93 560 
stack 38:    733 218 708 597 176 360 259 
stack 39:    481 132 727 252 283 370 504 
stack 40:    344 115 158 576 673 219 584 
stack 41:    647 251 589 278 41 744 552 
stack 42:    554 582 313 547 559 628 300 
stack 43:    258 321 296 428 345 650 692 
stack 44:    487 638 279 98 557 653 309 
stack 45:    444 331 505 138 54 598 140 
stack 46:    65 232 611 490 193 533 194 
stack 47:    133 69 422 362 711 546 631 
stack 48:    703 732 312 55 62 102 95 
stack 49:    57 290 648 745 486 434 520 
stack 50:    190 168 538 152 374 238 89 
stack 51:    489 545 91 699 347 338 185 
stack 52:    527 722 519 105 267 221 297 
stack 53:    616 292 572 212 276 265 542 
stack 54:    340 179 612 372 627 749 702 
stack 55:    495 567 714 689 637 254 201 
stack 56:    131 443 609 735 690 144 122 
stack 57:    448 70 75 231 323 619 172 
stack 58:    234 472 456 139 574 330 314 
stack 59:    651 449 523 156 101 233 608 
stack 60:    590 593 335 544 199 461 324 
stack 61:    124 151 633 468 208 183 663 
stack 62:    108 162 513 96 304 361 535 
stack 63:    128 691 568 106 534 200 536 
stack 64:    355 112 718 555 556 617 170 
stack 65:    375 0 
stack 66:    1 
stack 67:    2 377 
stack 68:    4 3 
stack 69:    379 
stack 70:    5 380 
stack 71:    6 
stack 72:    7 
stack 73:    383 8 
stack 74:    9 
stack 75:    385 
stack 76:    10 386 
stack 77:    387 12 
stack 78:    29 272 16 27 14 507 13 
stack 79:    390 20 44 160 401 246 260 
stack 80:    403 391 329 409 610 412 396 
stack 81:    724 719 406 731 442 674 506 
stack 82:    21 127 392 635 526 357 18 
stack 83:    670 23 19 397 24 649 566 
stack 84:    575 587 479 603 76 47 88 
stack 85:    583 175 154 543 493 264 662 
stack 86:    319 641 540 220 36 532 730 
stack 87:    525 658 180 308 25 226 46 
stack 88:    51 695 189 224 548 285 423 
stack 89:    43 261 518 569 429 293 45 
stack 90:    334 167 618 452 678 135 253 
stack 91:    349 425 256 363 337 289 40 
stack 92:    510 717 454 432 28 114 302 
stack 93:    738 580 624 577 155 247 130 
stack 94:    113 588 163 213 53 413 222 
stack 95:    281 245 462 294 414 634 614 
stack 96:    512 471 117 484 416 171 561 
stack 97:    407 366 64 502 188 581 696 
stack 98:    553 301 677 72 94 166 351 
stack 99:    145 198 464 693 445 169 511 
stack 100:    214 426 143 503 411 516 100 
stack 101:    625 450 215 682 451 202 129 
stack 102:    60 97 86 174 655 458 726 
stack 103:    59 667 298 288 369 642 159 
stack 104:    521 82 173 447 271 332 524 
stack 105:    333 368 236 746 61 136 248 
stack 106:    148 592 712 149 665 103 514 
stack 107:    207 80 418 142 427 716 211 
stack 108:    586 530 500 488 594 686 424 
stack 109:    165 341 359 326 528 501 483 
stack 110:    455 596 669 266 474 459 549 
stack 111:    629 664 605 562 225 529 707 
stack 112:    740 191 621 282 182 723 522 
stack 113:    277 303 639 320 706 205 437 
stack 114:    343 119 446 146 531 274 599 
stack 115:    177 137 325 683 565 58 268 
stack 116:    585 660 463 643 216 273 497 
stack 117:    684 748 52 87 206 709 573 
stack 118:    467 92 657 217 184 485 494 
stack 119:    104 255 607 250 99 318 353 
stack 120:    210 192 228 636 563 373 243 
stack 121:    342 242 646 613 164 469 680 
stack 122:    441 364 74 499 286 153 438 
stack 123:    371 465 71 654 263 476 694 
stack 124:    615 480 701 477 498 79 440 
stack 125:    539 652 672 161 181 310 697 
stack 126:    541 601 204 322 239 508 675 
stack 127:    470 551 645 698 90 365 632 
stack 128:    354 81 579 284 178 710 68 
stack 129:    305 668 346 741 558 676 661 

#####################################################

solved with: SP.post_optimization_methods.HillClimbing
time limit: 1800.0 s
time to solve: 413,37 s
objective value: 692243.59

stacks (top to bottom):
stack 0:    
stack 1:    376 
stack 2:    
stack 3:    
stack 4:    378 
stack 5:    
stack 6:    381 
stack 7:    382 
stack 8:    
stack 9:    384 
stack 10:    
stack 11:    11 
stack 12:    
stack 13:    389 414 692 
stack 14:    409 481 95 322 24 73 15 
stack 15:    214 391 593 739 689 396 17 
stack 16:    316 609 394 93 655 546 170 
stack 17:    69 369 541 555 171 307 201 
stack 18:    399 428 61 27 678 176 297 
stack 19:    21 311 747 87 742 76 270 
stack 20:    67 242 344 25 534 42 504 
stack 21:    456 30 405 611 422 556 662 
stack 22:    29 329 589 153 398 430 520 
stack 23:    551 251 119 146 528 126 200 
stack 24:    724 210 613 404 720 26 696 
stack 25:    738 151 208 263 79 310 88 
stack 26:    703 343 191 406 94 490 199 
stack 27:    124 56 596 722 279 459 35 
stack 28:    733 240 207 411 710 522 675 
stack 29:    291 660 633 192 249 571 440 
stack 30:    553 602 656 679 421 704 707 
stack 31:    615 277 415 31 288 320 328 
stack 32:    567 168 712 454 36 474 140 
stack 33:    537 48 603 654 129 226 681 
stack 34:    647 261 700 646 182 642 608 
stack 35:    51 50 112 446 604 543 410 
stack 36:    670 292 118 418 550 47 353 
stack 37:    629 719 321 223 746 318 565 
stack 38:    165 606 44 264 453 671 45 
stack 39:    227 141 224 338 458 515 511 
stack 40:    740 137 285 548 728 685 485 
stack 41:    444 698 572 365 500 243 172 
stack 42:    441 175 303 601 272 314 130 
stack 43:    305 705 610 107 337 744 330 
stack 44:    426 145 143 568 566 85 690 
stack 45:    616 306 641 665 664 614 46 
stack 46:    625 70 334 74 433 265 549 
stack 47:    333 618 239 501 725 53 702 
stack 48:    644 256 286 513 451 594 680 
stack 49:    425 510 580 149 562 673 573 
stack 50:    495 189 347 185 63 687 144 
stack 51:    715 113 545 246 121 135 184 
stack 52:    371 65 576 637 206 152 561 
stack 53:    449 538 564 275 105 581 627 
stack 54:    131 110 60 597 362 86 237 
stack 55:    435 586 487 162 605 68 361 
stack 56:    368 335 643 75 188 591 253 
stack 57:    645 732 298 558 640 181 483 
stack 58:    232 150 254 516 502 477 447 
stack 59:    743 218 544 701 106 708 461 
stack 60:    525 472 193 493 676 563 89 
stack 61:    657 340 569 179 469 716 736 
stack 62:    209 312 727 638 283 476 497 
stack 63:    748 460 97 693 683 649 360 
stack 64:    66 731 559 157 216 111 508 
stack 65:    375 0 
stack 66:    1 
stack 67:    2 377 
stack 68:    4 3 
stack 69:    379 
stack 70:    5 380 
stack 71:    6 
stack 72:    7 
stack 73:    383 8 
stack 74:    9 
stack 75:    385 
stack 76:    10 386 
stack 77:    387 12 
stack 78:    539 669 397 395 16 388 13 
stack 79:    390 737 402 345 37 14 491 
stack 80:    23 505 393 287 577 634 529 
stack 81:    480 431 623 91 507 166 58 
stack 82:    392 635 464 250 221 531 324 
stack 83:    20 19 80 18 416 445 40 
stack 84:    196 148 509 624 215 28 412 
stack 85:    22 717 400 730 709 584 697 
stack 86:    672 161 465 278 427 374 274 
stack 87:    684 341 123 359 308 326 659 
stack 88:    33 401 325 117 257 351 514 
stack 89:    583 734 296 436 280 244 336 
stack 90:    466 450 133 429 503 142 98 
stack 91:    403 668 714 694 109 713 535 
stack 92:    462 499 729 82 706 373 248 
stack 93:    407 52 231 419 636 213 271 
stack 94:    198 125 236 408 289 273 517 
stack 95:    190 349 592 54 262 488 622 
stack 96:    521 367 639 619 653 617 356 
stack 97:    354 167 575 352 220 202 32 
stack 98:    331 212 358 682 96 34 482 
stack 99:    357 174 293 484 423 413 259 
stack 100:    470 652 648 579 39 41 542 
stack 101:    115 282 38 417 552 599 749 
stack 102:    108 276 530 138 598 632 437 
stack 103:    366 587 585 116 266 304 219 
stack 104:    281 319 299 90 540 327 663 
stack 105:    195 582 217 612 718 600 268 
stack 106:    527 554 512 160 471 473 169 
stack 107:    77 72 197 49 204 452 269 
stack 108:    43 455 55 127 677 420 536 
stack 109:    448 81 290 342 432 686 247 
stack 110:    57 350 526 100 424 348 438 
stack 111:    492 241 84 650 533 309 134 
stack 112:    59 667 102 154 136 666 524 
stack 113:    245 128 62 255 723 267 205 
stack 114:    467 695 439 177 78 260 120 
stack 115:    590 339 620 518 372 300 122 
stack 116:    658 489 699 595 631 726 222 
stack 117:    355 630 92 496 164 434 203 
stack 118:    104 178 523 363 323 173 183 
stack 119:    64 315 626 103 155 211 506 
stack 120:    574 588 547 688 735 159 332 
stack 121:    479 463 252 532 225 114 302 
stack 122:    258 301 364 132 83 478 194 
stack 123:    443 691 187 294 468 156 628 
stack 124:    570 498 557 228 238 163 721 
stack 125:    147 234 313 230 180 711 295 
stack 126:    651 745 71 741 229 442 475 
stack 127:    186 317 486 99 457 661 494 
stack 128:    139 519 621 235 101 370 560 
stack 129:    346 158 284 607 233 674 578 
