lower bound for relaxed s_ij: 692249.64

#####################################################

solved with: SP.mip_formulations.BinPackingFormulation
time limit: 1800.0 s
time to solve: 1801,83 s (time limit exceeded)
objective value: 692266.64 (not optimal)

stacks (top to bottom):
stack 0:    375 
stack 1:    1 
stack 2:    
stack 3:    3 
stack 4:    
stack 5:    
stack 6:    381 
stack 7:    
stack 8:    383 
stack 9:    9 
stack 10:    
stack 11:    386 
stack 12:    12 
stack 13:    106 257 493 
stack 14:    572 338 634 14 268 108 34 
stack 15:    413 220 670 486 708 390 324 
stack 16:    621 350 550 164 157 570 511 
stack 17:    84 335 96 619 602 61 17 
stack 18:    490 195 481 649 99 62 70 
stack 19:    19 726 533 260 208 340 85 
stack 20:    362 20 650 516 706 346 401 
stack 21:    159 507 396 191 633 626 585 
stack 22:    326 23 211 154 397 748 230 
stack 23:    115 218 168 573 337 617 398 
stack 24:    616 158 480 127 151 240 613 
stack 25:    400 148 546 146 246 136 610 
stack 26:    601 687 273 402 363 193 77 
stack 27:    683 474 27 713 142 71 667 
stack 28:    81 403 578 484 186 666 583 
stack 29:    654 233 119 494 512 29 126 
stack 30:    495 632 556 228 589 304 247 
stack 31:    255 745 185 112 571 307 31 
stack 32:    32 270 243 311 407 361 555 
stack 33:    33 197 93 749 253 176 694 
stack 34:    502 498 190 357 242 87 465 
stack 35:    537 730 524 51 373 333 723 
stack 36:    412 276 528 328 319 101 678 
stack 37:    462 599 603 463 341 305 300 
stack 38:    530 552 232 715 500 334 503 
stack 39:    658 325 286 659 567 525 320 
stack 40:    476 447 695 662 604 680 171 
stack 41:    416 282 657 314 724 592 64 
stack 42:    347 42 620 329 688 82 609 
stack 43:    133 120 200 642 66 526 729 
stack 44:    539 661 636 201 710 627 223 
stack 45:    744 676 741 714 575 560 420 
stack 46:    721 501 697 124 598 648 644 
stack 47:    586 221 623 449 444 310 155 
stack 48:    48 677 327 147 684 466 292 
stack 49:    69 235 90 74 647 173 227 
stack 50:    742 551 453 102 214 446 605 
stack 51:    426 538 638 631 244 639 441 
stack 52:    728 445 428 258 712 725 520 
stack 53:    541 492 483 184 53 686 656 
stack 54:    608 429 198 134 237 206 691 
stack 55:    289 236 549 351 251 344 532 
stack 56:    581 559 580 544 672 641 593 
stack 57:    701 443 254 733 542 705 271 
stack 58:    75 355 615 565 523 80 58 
stack 59:    277 180 312 309 622 434 88 
stack 60:    92 487 192 457 439 566 166 
stack 61:    143 719 152 129 105 359 172 
stack 62:    739 455 231 612 149 508 489 
stack 63:    179 561 65 527 506 73 94 
stack 64:    370 692 577 740 629 716 97 
stack 65:    0 
stack 66:    376 
stack 67:    377 
stack 68:    378 2 
stack 69:    380 4 379 
stack 70:    5 
stack 71:    6 
stack 72:    8 7 382 
stack 73:    384 
stack 74:    10 
stack 75:    11 385 
stack 76:    
stack 77:    387 
stack 78:    111 388 72 711 364 209 13 
stack 79:    170 389 368 196 477 468 442 
stack 80:    653 584 280 720 174 515 15 
stack 81:    16 241 675 522 391 189 374 
stack 82:    261 178 137 554 217 187 392 
stack 83:    18 671 504 323 352 252 393 
stack 84:    519 582 464 635 588 317 394 
stack 85:    606 222 204 595 354 245 395 
stack 86:    21 689 291 702 545 543 510 
stack 87:    256 167 624 63 22 637 553 
stack 88:    438 316 645 301 194 736 199 
stack 89:    471 269 24 399 531 264 78 
stack 90:    188 437 25 563 343 54 98 
stack 91:    28 212 450 265 210 26 529 
stack 92:    366 521 461 655 367 294 107 
stack 93:    308 139 266 737 103 372 281 
stack 94:    404 451 272 473 275 144 313 
stack 95:    30 67 432 239 219 405 536 
stack 96:    371 651 518 594 332 225 406 
stack 97:    625 717 514 569 660 424 365 
stack 98:    408 459 285 274 121 348 288 
stack 99:    699 458 278 318 718 35 409 
stack 100:    534 576 591 488 470 410 161 
stack 101:    36 411 448 690 491 205 114 
stack 102:    37 707 628 238 132 95 299 
stack 103:    263 262 618 249 38 259 100 
stack 104:    475 564 517 131 414 456 39 
stack 105:    700 41 415 213 156 40 643 
stack 106:    703 669 630 614 505 485 664 
stack 107:    417 557 747 679 141 229 113 
stack 108:    302 43 597 418 162 540 125 
stack 109:    44 607 419 735 587 68 295 
stack 110:    250 306 682 130 640 342 45 
stack 111:    743 421 46 482 116 646 478 
stack 112:    79 224 207 122 89 47 422 
stack 113:    731 163 150 128 568 558 423 
stack 114:    49 360 732 104 460 234 118 
stack 115:    76 693 425 562 356 296 50 
stack 116:    652 138 315 248 590 293 574 
stack 117:    427 440 160 117 467 52 203 
stack 118:    358 685 681 673 513 336 267 
stack 119:    290 181 330 496 177 297 175 
stack 120:    738 454 284 331 55 345 430 
stack 121:    135 722 596 579 287 431 56 
stack 122:    369 548 169 452 109 57 704 
stack 123:    339 140 509 86 433 709 215 
stack 124:    123 59 698 322 153 91 183 
stack 125:    321 216 435 202 110 165 60 
stack 126:    665 436 83 499 226 279 145 
stack 127:    734 547 663 353 535 303 746 
stack 128:    600 298 674 497 472 182 727 
stack 129:    696 611 479 349 283 469 668 

#####################################################

solved with: SP.constructive_heuristics.GeneralHeuristic
time limit: 1800.0 s
time to solve: 0,00 s
objective value: 753424.35

stacks (top to bottom):
stack 0:    539 81 712 237 368 78 442 
stack 1:    417 599 74 192 288 34 401 
stack 2:    601 76 334 474 546 82 555 
stack 3:    745 692 219 724 434 622 35 
stack 4:    123 700 624 502 158 424 56 
stack 5:    514 654 371 719 642 710 215 
stack 6:    84 428 669 210 691 639 346 
stack 7:    19 55 248 657 156 444 29 
stack 8:    728 645 296 522 116 31 26 
stack 9:    653 289 138 481 183 463 305 
stack 10:    250 201 119 224 205 182 733 
stack 11:    11 51 684 391 229 58 348 
stack 12:    111 584 6 238 114 125 460 
stack 13:    243 596 43 397 633 17 493 
stack 14:    159 306 660 165 509 704 145 
stack 15:    256 630 73 597 452 469 343 
stack 16:    9 426 629 367 516 678 259 
stack 17:    652 721 387 325 100 553 529 
stack 18:    738 21 65 223 132 292 420 
stack 19:    128 72 494 675 573 47 540 
stack 20:    634 435 357 280 479 85 121 
stack 21:    471 658 547 124 213 631 585 
stack 22:    216 506 236 425 456 264 144 
stack 23:    197 115 105 458 110 162 705 
stack 24:    44 492 461 488 590 466 80 
stack 25:    218 284 106 297 176 467 374 
stack 26:    636 423 665 690 344 610 394 
stack 27:    448 548 685 87 681 512 281 
stack 28:    338 670 217 241 730 430 303 
stack 29:    370 711 0 164 566 166 300 
stack 30:    214 689 148 688 513 749 542 
stack 31:    703 92 722 501 603 663 511 
stack 32:    150 187 484 208 345 307 12 
stack 33:    744 135 188 647 381 545 746 
stack 34:    369 1 392 640 285 39 161 
stack 35:    18 554 421 258 498 253 617 
stack 36:    572 323 737 242 418 86 113 
stack 37:    741 245 577 117 293 748 13 
stack 38:    578 151 62 550 439 107 686 
stack 39:    606 490 632 556 649 648 583 
stack 40:    731 152 24 558 272 45 275 
stack 41:    742 372 352 662 720 560 523 
stack 42:    734 403 677 177 328 716 171 
stack 43:    140 79 7 318 450 68 52 
stack 44:    625 4 277 174 410 478 702 
stack 45:    308 75 61 579 589 333 727 
stack 46:    133 396 411 419 693 503 71 
stack 47:    378 561 682 436 95 709 390 
stack 48:    437 286 623 618 38 320 199 
stack 49:    476 233 611 604 405 515 615 
stack 50:    3 600 266 594 406 230 605 
stack 51:    69 586 697 175 101 227 664 
stack 52:    676 380 483 496 412 482 247 
stack 53:    683 355 88 294 310 656 155 
stack 54:    262 23 260 228 399 244 234 
stack 55:    386 699 202 402 627 359 532 
stack 56:    167 366 190 614 537 127 528 
stack 57:    163 564 595 239 99 309 340 
stack 58:    96 655 70 136 637 15 313 
stack 59:    28 715 551 497 695 563 667 
stack 60:    495 178 184 283 206 191 94 
stack 61:    316 432 112 520 571 505 64 
stack 62:    388 384 679 240 146 570 398 
stack 63:    220 376 50 473 172 54 468 
stack 64:    438 541 557 462 235 487 173 
stack 65:    200 453 311 562 337 465 613 
stack 66:    321 185 714 726 740 360 97 
stack 67:    616 83 226 729 735 459 126 
stack 68:    621 36 552 500 718 588 609 
stack 69:    475 91 37 674 708 694 574 
stack 70:    160 725 486 196 304 377 666 
stack 71:    661 358 400 527 134 342 268 
stack 72:    16 339 651 641 672 626 118 
stack 73:    170 5 533 154 612 40 508 
stack 74:    350 67 349 89 336 446 635 
stack 75:    530 27 212 198 142 393 646 
stack 76:    427 440 747 49 157 422 723 
stack 77:    362 168 619 10 291 373 279 
stack 78:    137 519 211 330 575 510 535 
stack 79:    413 335 301 480 395 587 433 
stack 80:    32 739 221 415 567 353 543 
stack 81:    717 404 408 544 628 299 592 
stack 82:    608 534 278 499 363 526 251 
stack 83:    322 504 607 102 356 147 209 
stack 84:    290 131 180 194 257 485 341 
stack 85:    659 457 319 267 565 246 324 
stack 86:    263 389 576 327 186 525 668 
stack 87:    581 696 447 414 713 407 104 
stack 88:    698 41 181 354 331 231 598 
stack 89:    120 232 129 375 252 524 271 
stack 90:    269 569 559 549 431 638 441 
stack 91:    139 743 273 451 491 365 193 
stack 92:    255 270 302 282 20 189 489 
stack 93:    416 650 249 644 149 643 203 
stack 94:    195 517 153 455 673 531 409 
stack 95:    204 454 470 364 314 46 706 
stack 96:    179 687 507 130 66 536 317 
stack 97:    445 298 580 351 295 98 77 
stack 98:    48 8 103 518 329 225 379 
stack 99:    33 254 701 707 60 274 382 
stack 100:    383 53 276 591 385 312 449 
stack 101:    602 620 265 472 736 538 732 
stack 102:    59 261 671 315 2 22 680 
stack 103:    222 30 326 42 93 25 361 
stack 104:    143 568 429 14 108 
stack 105:    582 207 464 332 109 287 477 
stack 106:    63 593 57 
stack 107:    347 169 141 
stack 108:    521 
stack 109:    122 
stack 110:    443 
stack 111:    90 
stack 112:    
stack 113:    
stack 114:    
stack 115:    
stack 116:    
stack 117:    
stack 118:    
stack 119:    
stack 120:    
stack 121:    
stack 122:    
stack 123:    
stack 124:    
stack 125:    
stack 126:    
stack 127:    
stack 128:    
stack 129:    
