solved with: SP.deprecated.TabuSearch
time limit: 1800.0 s
time to solve: 882,91 s
objective value: 692239.96

stacks (top to bottom):
stack 0:    0 
stack 1:    
stack 2:    377 
stack 3:    378 
stack 4:    
stack 5:    5 
stack 6:    
stack 7:    382 
stack 8:    
stack 9:    
stack 10:    385 
stack 11:    
stack 12:    12 
stack 13:    13 404 388 
stack 14:    347 635 390 698 462 557 15 
stack 15:    38 106 249 402 69 345 53 
stack 16:    479 405 98 132 399 73 659 
stack 17:    333 35 136 19 396 394 397 
stack 18:    20 393 317 284 718 406 303 
stack 19:    34 23 27 624 357 348 602 
stack 20:    695 420 117 184 675 645 637 
stack 21:    257 408 636 286 311 429 641 
stack 22:    400 220 398 539 28 320 80 
stack 23:    629 222 336 401 409 50 29 
stack 24:    719 301 147 235 306 688 258 
stack 25:    309 497 112 141 403 229 749 
stack 26:    410 662 291 365 419 51 370 
stack 27:    59 115 275 56 544 39 41 
stack 28:    509 680 591 208 422 261 423 
stack 29:    588 614 568 679 545 731 460 
stack 30:    198 300 231 728 149 110 328 
stack 31:    647 269 692 245 66 640 118 
stack 32:    226 296 722 83 708 337 672 
stack 33:    242 524 546 150 148 438 131 
stack 34:    463 648 295 605 70 528 714 
stack 35:    302 415 547 412 470 634 40 
stack 36:    705 326 710 694 42 68 653 
stack 37:    445 599 199 430 578 467 186 
stack 38:    427 192 642 573 530 736 88 
stack 39:    516 205 45 442 682 676 122 
stack 40:    499 715 584 323 327 256 281 
stack 41:    609 340 586 47 686 687 622 
stack 42:    449 610 426 549 587 144 341 
stack 43:    201 49 233 474 746 670 628 
stack 44:    563 334 44 697 592 227 330 
stack 45:    603 371 443 103 94 630 90 
stack 46:    566 747 716 285 558 490 517 
stack 47:    441 436 596 583 156 133 185 
stack 48:    727 606 356 96 263 452 683 
stack 49:    64 446 179 661 187 502 177 
stack 50:    216 504 455 254 469 564 84 
stack 51:    513 189 725 576 171 656 55 
stack 52:    431 724 476 699 332 240 277 
stack 53:    495 608 182 613 543 173 508 
stack 54:    54 123 109 354 193 99 498 
stack 55:    741 631 461 638 215 626 107 
stack 56:    276 735 729 217 102 140 280 
stack 57:    283 726 493 91 372 65 190 
stack 58:    162 178 644 700 310 238 551 
stack 59:    459 272 620 501 666 97 304 
stack 60:    611 520 669 168 137 598 579 
stack 61:    663 457 538 124 120 486 738 
stack 62:    265 127 617 297 660 209 195 
stack 63:    119 518 292 92 589 244 701 
stack 64:    172 191 678 632 671 79 696 
stack 65:    375 
stack 66:    376 1 
stack 67:    2 
stack 68:    3 
stack 69:    4 379 
stack 70:    380 6 
stack 71:    381 
stack 72:    7 
stack 73:    8 383 
stack 74:    384 
stack 75:    10 9 
stack 76:    386 11 
stack 77:    387 
stack 78:    389 14 221 248 373 581 250 
stack 79:    391 360 206 522 262 414 260 
stack 80:    742 425 362 745 17 16 734 
stack 81:    582 18 392 468 75 684 31 
stack 82:    395 21 239 690 473 161 704 
stack 83:    359 534 61 416 89 26 657 
stack 84:    270 527 22 450 355 25 58 
stack 85:    511 665 707 30 553 305 740 
stack 86:    466 196 204 574 32 24 319 
stack 87:    213 78 730 279 282 492 737 
stack 88:    650 331 531 471 174 180 739 
stack 89:    169 440 643 413 432 533 496 
stack 90:    74 159 358 232 567 33 411 
stack 91:    535 210 593 157 138 113 81 
stack 92:    464 104 575 121 146 507 37 
stack 93:    713 407 654 619 512 571 218 
stack 94:    294 251 744 273 353 505 313 
stack 95:    36 307 369 116 203 170 668 
stack 96:    352 542 633 570 590 561 361 
stack 97:    454 691 702 618 52 706 733 
stack 98:    500 293 82 111 247 274 230 
stack 99:    673 241 529 237 225 649 693 
stack 100:    135 639 601 268 298 155 338 
stack 101:    526 143 48 674 318 532 329 
stack 102:    349 181 374 207 519 475 477 
stack 103:    57 481 77 488 615 478 342 
stack 104:    224 128 43 325 271 363 646 
stack 105:    444 129 259 565 521 417 350 
stack 106:    223 421 46 228 151 732 658 
stack 107:    540 447 252 152 612 188 165 
stack 108:    418 72 472 709 266 424 569 
stack 109:    183 343 105 366 312 194 515 
stack 110:    652 368 100 142 689 322 451 
stack 111:    458 93 214 130 253 145 433 
stack 112:    314 595 651 439 703 434 367 
stack 113:    236 537 483 664 453 748 290 
stack 114:    428 437 448 667 95 655 134 
stack 115:    552 494 316 67 164 514 87 
stack 116:    681 559 503 200 114 139 315 
stack 117:    562 167 86 541 536 600 685 
stack 118:    108 456 278 321 623 267 548 
stack 119:    85 523 525 166 71 339 255 
stack 120:    717 324 308 346 234 125 485 
stack 121:    572 550 585 289 153 554 288 
stack 122:    287 580 212 556 487 604 160 
stack 123:    555 510 711 435 219 597 723 
stack 124:    491 621 721 720 154 743 625 
stack 125:    264 299 101 76 60 482 616 
stack 126:    63 163 175 489 480 62 243 
stack 127:    246 712 335 211 577 158 627 
stack 128:    176 344 197 484 560 594 126 
stack 129:    465 677 364 607 351 506 202 

#####################################################

solved with: SP.post_optimization_methods.HillClimbing
time limit: 1800.0 s
time to solve: 442,63 s
objective value: 692243.58

stacks (top to bottom):
stack 0:    0 
stack 1:    
stack 2:    377 
stack 3:    378 
stack 4:    
stack 5:    5 
stack 6:    
stack 7:    382 
stack 8:    
stack 9:    
stack 10:    385 
stack 11:    
stack 12:    12 
stack 13:    14 388 
stack 14:    59 393 36 403 369 81 15 
stack 15:    392 298 87 322 40 16 53 
stack 16:    500 651 546 686 704 539 361 
stack 17:    537 18 35 19 394 536 32 
stack 18:    20 23 400 317 209 592 29 
stack 19:    183 27 234 687 94 398 451 
stack 20:    333 359 575 266 177 261 55 
stack 21:    421 46 124 461 660 502 460 
stack 22:    719 407 576 591 357 417 350 
stack 23:    135 494 472 25 587 290 622 
stack 24:    162 287 601 318 412 114 452 
stack 25:    566 415 252 710 30 122 26 
stack 26:    642 339 282 630 155 477 320 
stack 27:    410 408 67 530 476 521 190 
stack 28:    119 747 725 286 221 186 740 
stack 29:    444 542 307 138 113 118 195 
stack 30:    108 233 98 462 406 743 579 
stack 31:    115 524 284 37 58 218 126 
stack 32:    57 621 603 585 136 206 52 
stack 33:    264 724 547 568 71 89 627 
stack 34:    222 504 374 104 340 70 281 
stack 35:    343 465 274 484 203 50 602 
stack 36:    458 463 610 473 426 703 423 
stack 37:    650 644 599 670 467 160 304 
stack 38:    198 279 61 45 360 416 84 
stack 39:    636 292 168 638 624 332 672 
stack 40:    419 44 558 561 161 144 749 
stack 41:    582 448 606 43 130 671 97 
stack 42:    293 497 344 217 210 116 424 
stack 43:    436 420 63 510 522 514 564 
stack 44:    440 75 545 632 532 185 80 
stack 45:    129 82 535 593 607 140 668 
stack 46:    93 106 605 211 549 158 280 
stack 47:    117 488 655 219 688 438 328 
stack 48:    314 449 643 225 245 696 485 
stack 49:    552 707 715 726 574 430 110 
stack 50:    285 493 519 305 66 666 68 
stack 51:    495 427 550 520 516 253 243 
stack 52:    431 527 127 268 188 131 288 
stack 53:    331 143 541 481 95 738 701 
stack 54:    74 226 457 590 439 355 107 
stack 55:    526 347 679 705 175 682 732 
stack 56:    278 437 76 470 342 554 149 
stack 57:    291 567 746 505 372 496 319 
stack 58:    525 159 611 254 273 326 612 
stack 59:    595 123 729 560 229 598 348 
stack 60:    224 559 230 255 306 244 693 
stack 61:    609 352 157 364 227 658 258 
stack 62:    192 617 631 712 370 528 506 
stack 63:    742 665 709 249 748 640 267 
stack 64:    474 356 730 368 132 489 313 
stack 65:    375 
stack 66:    376 1 
stack 67:    2 
stack 68:    3 
stack 69:    4 379 
stack 70:    380 
stack 71:    381 
stack 72:    7 6 
stack 73:    8 383 
stack 74:    384 
stack 75:    10 9 
stack 76:    386 11 
stack 77:    13 387 
stack 78:    246 483 389 741 102 99 422 
stack 79:    663 197 215 689 240 714 315 
stack 80:    391 555 390 399 649 414 515 
stack 81:    479 401 205 42 256 31 125 
stack 82:    464 34 395 635 154 17 260 
stack 83:    518 639 620 702 150 262 337 
stack 84:    216 454 645 618 553 718 88 
stack 85:    669 21 22 404 435 397 641 
stack 86:    466 596 482 396 363 24 475 
stack 87:    717 459 309 295 121 543 148 
stack 88:    418 690 402 105 577 220 28 
stack 89:    54 276 109 51 450 512 351 
stack 90:    405 652 96 698 487 731 289 
stack 91:    365 538 745 626 103 490 737 
stack 92:    455 529 263 531 48 33 411 
stack 93:    270 302 692 47 275 39 656 
stack 94:    491 534 573 312 699 708 367 
stack 95:    259 223 563 453 248 235 429 
stack 96:    78 199 667 471 413 685 478 
stack 97:    358 409 661 38 239 323 65 
stack 98:    49 371 684 300 200 321 194 
stack 99:    201 523 662 346 207 345 548 
stack 100:    681 178 77 310 152 145 734 
stack 101:    588 441 678 674 139 69 433 
stack 102:    509 182 164 297 486 736 680 
stack 103:    647 294 232 166 600 353 597 
stack 104:    85 366 469 544 697 238 723 
stack 105:    265 228 137 208 41 657 581 
stack 106:    562 212 456 283 721 604 325 
stack 107:    247 570 571 171 498 170 434 
stack 108:    691 272 615 174 634 551 330 
stack 109:    695 72 608 146 151 83 303 
stack 110:    269 324 513 425 586 637 442 
stack 111:    167 241 583 744 163 153 557 
stack 112:    349 100 584 133 589 277 628 
stack 113:    446 311 694 623 373 646 180 
stack 114:    511 428 189 334 92 90 508 
stack 115:    572 713 648 362 341 250 594 
stack 116:    614 499 503 191 327 653 165 
stack 117:    112 242 111 735 56 722 62 
stack 118:    172 181 179 335 120 569 202 
stack 119:    213 86 128 556 720 231 706 
stack 120:    629 580 445 540 101 700 432 
stack 121:    447 468 443 237 480 91 625 
stack 122:    236 257 664 565 79 728 676 
stack 123:    169 301 716 316 619 613 338 
stack 124:    673 196 204 60 271 733 329 
stack 125:    299 156 727 214 578 134 616 
stack 126:    64 251 711 501 683 533 517 
stack 127:    308 147 633 654 296 507 739 
stack 128:    336 184 675 142 173 73 492 
stack 129:    176 677 141 193 354 187 659 
