solved with: SP.deprecated.TabuSearch
time limit: 1800.0 s
time to solve: 596,58 s
objective value: 692266.64

stacks (top to bottom):
stack 0:    0 
stack 1:    1 
stack 2:    
stack 3:    3 
stack 4:    
stack 5:    
stack 6:    381 
stack 7:    
stack 8:    383 
stack 9:    9 
stack 10:    
stack 11:    386 
stack 12:    12 
stack 13:    388 389 15 
stack 14:    16 254 660 402 238 626 118 
stack 15:    18 411 452 405 391 35 17 
stack 16:    350 139 278 499 392 409 401 
stack 17:    20 325 663 38 516 341 529 
stack 18:    21 500 206 393 295 292 56 
stack 19:    471 75 428 297 22 463 523 
stack 20:    358 634 27 736 47 85 31 
stack 21:    661 369 519 329 688 214 709 
stack 22:    81 403 658 533 617 560 26 
stack 23:    150 30 400 435 363 114 162 
stack 24:    670 290 632 414 633 511 203 
stack 25:    624 564 737 450 344 406 234 
stack 26:    111 36 236 119 696 318 729 
stack 27:    142 597 469 446 253 39 108 
stack 28:    218 170 42 245 726 93 679 
stack 29:    490 72 480 537 112 520 300 
stack 30:    514 717 513 524 465 52 542 
stack 31:    255 92 496 312 575 644 40 
stack 32:    671 322 190 239 412 439 324 
stack 33:    747 697 623 192 647 493 489 
stack 34:    744 745 302 657 328 281 199 
stack 35:    179 654 443 306 641 424 144 
stack 36:    261 63 37 158 573 268 113 
stack 37:    601 506 266 494 674 356 545 
stack 38:    308 421 43 711 622 566 227 
stack 39:    475 188 556 576 415 470 702 
stack 40:    438 69 652 224 272 86 45 
stack 41:    120 429 742 582 497 252 604 
stack 42:    211 277 484 219 434 58 705 
stack 43:    232 79 419 357 748 668 706 
stack 44:    437 90 117 276 183 430 303 
stack 45:    630 168 579 629 589 333 723 
stack 46:    739 148 337 191 304 94 468 
stack 47:    163 731 699 651 425 280 620 
stack 48:    128 59 476 521 243 57 433 
stack 49:    504 454 198 593 223 459 264 
stack 50:    534 338 152 241 212 588 605 
stack 51:    547 586 124 360 598 320 664 
stack 52:    462 596 455 106 177 691 543 
stack 53:    683 335 257 175 101 305 656 
stack 54:    370 248 740 525 612 100 155 
stack 55:    135 483 461 488 466 247 570 
stack 56:    167 741 675 87 681 531 215 
stack 57:    204 323 187 309 340 161 348 
stack 58:    642 233 105 611 352 196 477 
stack 59:    197 138 151 591 550 310 686 
stack 60:    572 580 735 351 690 71 585 
stack 61:    722 440 221 603 286 355 659 
stack 62:    621 616 712 590 457 680 145 
stack 63:    178 602 327 240 716 648 678 
stack 64:    159 569 202 627 359 121 98 
stack 65:    375 
stack 66:    376 
stack 67:    377 
stack 68:    378 2 
stack 69:    380 4 379 
stack 70:    5 
stack 71:    6 
stack 72:    7 382 
stack 73:    384 
stack 74:    8 10 
stack 75:    11 385 
stack 76:    
stack 77:    387 
stack 78:    270 242 51 635 13 390 34 
stack 79:    606 551 396 14 395 704 125 
stack 80:    413 220 653 330 528 294 394 
stack 81:    404 408 600 544 640 365 50 
stack 82:    19 160 62 25 367 259 535 
stack 83:    44 498 181 260 397 146 638 
stack 84:    719 298 66 503 342 95 68 
stack 85:    703 23 228 186 485 567 374 
stack 86:    269 48 676 154 432 398 271 
stack 87:    263 61 714 55 426 410 176 
stack 88:    495 321 738 311 628 285 274 
stack 89:    530 339 129 24 237 689 399 
stack 90:    33 559 28 527 122 104 29 
stack 91:    371 507 451 456 193 279 317 
stack 92:    698 472 296 73 538 613 116 
stack 93:    32 282 505 213 164 449 246 
stack 94:    743 517 492 194 662 673 172 
stack 95:    687 682 707 491 78 667 442 
stack 96:    91 287 431 407 467 592 126 
stack 97:    201 636 665 423 110 526 299 
stack 98:    123 518 169 713 512 336 422 
stack 99:    217 41 549 693 509 418 473 
stack 100:    316 721 427 577 314 209 732 
stack 101:    734 301 594 730 136 361 666 
stack 102:    84 289 366 578 354 724 97 
stack 103:    250 701 83 60 587 536 746 
stack 104:    416 49 650 487 74 149 441 
stack 105:    625 502 153 619 127 46 420 
stack 106:    608 76 334 103 733 532 540 
stack 107:    539 417 258 134 562 225 553 
stack 108:    541 557 235 249 173 618 353 
stack 109:    561 710 436 130 226 672 165 
stack 110:    581 715 89 720 291 189 565 
stack 111:    599 749 684 373 229 563 478 
stack 112:    262 185 486 631 307 230 54 
stack 113:    256 645 481 157 444 107 166 
stack 114:    222 140 448 447 207 464 508 
stack 115:    65 558 251 132 205 609 64 
stack 116:    326 554 548 695 283 349 313 
stack 117:    669 53 364 88 615 643 346 
stack 118:    458 474 479 147 482 583 171 
stack 119:    614 718 546 275 343 288 77 
stack 120:    133 700 677 208 345 571 319 
stack 121:    137 67 595 180 315 231 610 
stack 122:    200 284 184 332 368 293 267 
stack 123:    143 453 102 265 372 109 174 
stack 124:    347 692 725 708 70 637 80 
stack 125:    216 210 522 141 82 727 460 
stack 126:    568 552 273 607 584 685 182 
stack 127:    445 728 96 331 649 244 639 
stack 128:    501 655 515 646 694 510 574 
stack 129:    362 115 195 131 99 156 555 

#####################################################

solved with: SP.post_optimization_methods.HillClimbing
time limit: 1800.0 s
time to solve: 388,26 s
objective value: 692266.64

stacks (top to bottom):
stack 0:    0 
stack 1:    1 
stack 2:    
stack 3:    3 
stack 4:    
stack 5:    
stack 6:    381 
stack 7:    
stack 8:    383 
stack 9:    9 
stack 10:    
stack 11:    386 
stack 12:    12 
stack 13:    241 13 390 
stack 14:    143 306 580 660 544 14 118 
stack 15:    559 21 423 627 392 587 162 
stack 16:    19 747 412 25 367 259 203 
stack 17:    128 23 89 253 635 540 394 
stack 18:    33 30 27 251 628 50 420 
stack 19:    530 273 551 212 593 71 52 
stack 20:    437 325 286 618 107 320 227 
stack 21:    347 547 112 46 22 62 26 
stack 22:    654 159 507 148 39 585 108 
stack 23:    371 636 685 407 336 31 229 
stack 24:    96 461 257 314 99 406 667 
stack 25:    302 416 596 106 714 426 415 
stack 26:    634 682 402 132 342 234 610 
stack 27:    28 448 548 405 373 303 346 
stack 28:    601 600 474 51 146 196 430 
stack 29:    370 745 579 349 291 691 592 
stack 30:    127 689 45 542 536 442 34 
stack 31:    719 356 424 86 78 54 468 
stack 32:    578 151 240 550 439 149 310 
stack 33:    135 188 658 427 282 647 40 
stack 34:    48 232 339 506 411 425 456 
stack 35:    413 554 498 331 297 175 145 
stack 36:    661 334 607 452 274 418 704 
stack 37:    197 699 749 147 684 56 125 
stack 38:    250 429 464 562 109 597 82 
stack 39:    606 595 138 577 470 276 444 
stack 40:    495 298 642 500 674 582 466 
stack 41:    584 237 604 206 515 343 171 
stack 42:    471 519 72 284 521 70 646 
stack 43:    140 79 280 283 68 532 609 
stack 44:    475 715 527 549 265 214 673 
stack 45:    59 216 266 512 191 193 313 
stack 46:    362 185 228 657 312 463 553 
stack 47:    269 608 687 742 497 165 299 
stack 48:    222 653 624 169 87 733 288 
stack 49:    369 63 277 337 702 511 746 
stack 50:    179 65 102 518 296 182 531 
stack 51:    539 541 557 501 235 487 173 
stack 52:    218 326 455 219 496 177 460 
stack 53:    435 318 357 611 238 57 709 
stack 54:    262 158 480 432 225 543 508 
stack 55:    561 581 558 436 690 95 215 
stack 56:    454 93 677 345 485 706 271 
stack 57:    153 614 168 122 340 666 510 
stack 58:    120 728 137 202 110 359 144 
stack 59:    76 130 499 223 272 268 77 
stack 60:    178 224 210 372 633 279 723 
stack 61:    308 309 629 622 570 631 230 
stack 62:    338 91 488 679 176 361 155 
stack 63:    201 152 665 672 503 114 473 
stack 64:    744 139 190 184 537 649 317 
stack 65:    375 
stack 66:    376 
stack 67:    377 
stack 68:    378 2 
stack 69:    4 380 379 
stack 70:    5 
stack 71:    6 
stack 72:    7 8 382 
stack 73:    384 
stack 74:    10 
stack 75:    11 385 
stack 76:    
stack 77:    387 
stack 78:    388 170 741 391 613 17 29 
stack 79:    316 670 502 632 330 389 395 
stack 80:    32 43 567 15 535 398 401 
stack 81:    16 408 396 693 681 399 588 
stack 82:    220 18 24 236 526 363 735 
stack 83:    260 194 397 393 368 748 333 
stack 84:    731 698 700 217 556 239 449 
stack 85:    403 440 20 192 639 565 523 
stack 86:    421 571 164 88 156 566 166 
stack 87:    36 400 458 696 447 410 295 
stack 88:    676 323 42 231 598 644 678 
stack 89:    404 105 252 524 522 538 668 
stack 90:    652 721 586 623 612 97 656 
stack 91:    669 245 483 154 575 680 348 
stack 92:    692 124 360 434 422 35 98 
stack 93:    734 160 221 650 249 38 353 
stack 94:    133 514 718 730 594 695 605 
stack 95:    671 41 576 315 364 157 305 
stack 96:    476 619 630 712 55 736 275 
stack 97:    445 204 37 67 351 509 344 
stack 98:    358 552 329 414 708 247 121 
stack 99:    255 366 180 713 332 546 409 
stack 100:    625 717 569 453 638 615 441 
stack 101:    683 417 290 186 525 300 489 
stack 102:    261 428 187 484 725 47 307 
stack 103:    270 703 258 183 457 94 574 
stack 104:    651 119 233 472 142 573 486 
stack 105:    44 602 620 467 189 80 58 
stack 106:    572 243 311 116 563 637 493 
stack 107:    111 534 451 640 729 491 365 
stack 108:    621 443 83 710 205 64 161 
stack 109:    738 419 103 450 446 478 727 
stack 110:    254 701 641 226 707 60 113 
stack 111:    722 92 599 603 49 663 267 
stack 112:    75 73 465 482 281 136 555 
stack 113:    69 53 648 101 319 516 341 
stack 114:    263 462 355 716 294 686 664 
stack 115:    150 350 568 66 292 433 126 
stack 116:    256 167 645 726 528 589 477 
stack 117:    743 352 431 662 720 560 643 
stack 118:    481 248 655 213 724 732 246 
stack 119:    564 354 711 590 304 583 374 
stack 120:    616 321 115 287 688 104 626 
stack 121:    200 123 129 479 469 513 264 
stack 122:    438 289 327 117 85 293 694 
stack 123:    81 517 131 207 675 141 324 
stack 124:    163 490 301 61 492 533 591 
stack 125:    84 195 494 198 242 617 174 
stack 126:    739 90 697 659 74 100 529 
stack 127:    211 208 740 520 505 209 199 
stack 128:    504 322 181 328 244 545 705 
stack 129:    335 278 737 134 285 459 172 
