solved with: SP.deprecated.TabuSearch
time limit: 1800.0 s
time to solve: 582,14 s
objective value: 692269.08

stacks (top to bottom):
stack 0:    
stack 1:    
stack 2:    377 
stack 3:    3 
stack 4:    4 
stack 5:    380 
stack 6:    
stack 7:    7 
stack 8:    383 
stack 9:    384 
stack 10:    11 
stack 11:    387 
stack 12:    386 
stack 13:    389 654 
stack 14:    15 397 33 16 141 391 390 
stack 15:    738 669 305 745 393 284 508 
stack 16:    270 25 425 72 363 24 696 
stack 17:    668 608 367 591 318 21 533 
stack 18:    163 209 486 568 45 197 414 
stack 19:    44 316 29 26 519 110 71 
stack 20:    27 323 179 400 213 296 22 
stack 21:    538 103 617 250 543 300 280 
stack 22:    173 108 527 452 403 92 584 
stack 23:    401 283 129 570 23 732 589 
stack 24:    419 55 552 720 312 479 402 
stack 25:    705 689 494 98 624 702 68 
stack 26:    203 639 546 28 610 405 420 
stack 27:    30 343 680 294 489 128 618 
stack 28:    545 234 612 364 267 631 194 
stack 29:    734 81 42 340 633 112 473 
stack 30:    579 423 562 704 93 539 145 
stack 31:    239 535 691 482 713 347 503 
stack 32:    105 183 597 470 650 366 47 
stack 33:    582 516 352 50 130 540 196 
stack 34:    155 548 506 661 119 688 126 
stack 35:    746 295 329 448 424 615 276 
stack 36:    541 175 220 324 327 416 412 
stack 37:    201 413 189 518 334 279 251 
stack 38:    333 440 529 255 43 222 41 
stack 39:    100 596 52 148 507 111 634 
stack 40:    86 131 677 298 590 136 708 
stack 41:    259 370 556 417 89 488 483 
stack 42:    587 459 555 60 272 226 436 
stack 43:    499 701 491 456 359 326 748 
stack 44:    236 573 311 665 434 299 643 
stack 45:    91 659 46 477 471 502 360 
stack 46:    56 663 262 53 603 80 690 
stack 47:    577 581 225 675 747 660 447 
stack 48:    59 749 338 642 313 245 497 
stack 49:    97 82 87 445 432 309 216 
stack 50:    178 564 184 170 248 580 598 
stack 51:    563 578 641 287 139 609 686 
stack 52:    522 172 706 514 310 354 464 
stack 53:    263 153 204 57 94 710 58 
stack 54:    200 182 61 151 594 588 512 
stack 55:    322 169 619 144 143 444 692 
stack 56:    559 227 715 647 655 536 264 
stack 57:    721 441 281 152 125 70 319 
stack 58:    116 269 297 645 626 256 231 
stack 59:    480 739 632 490 438 476 599 
stack 60:    99 637 368 372 247 742 147 
stack 61:    181 740 681 652 700 235 725 
stack 62:    132 205 190 362 187 244 149 
stack 63:    160 228 679 337 233 467 202 
stack 64:    623 252 509 454 627 185 449 
stack 65:    1 0 375 
stack 66:    376 
stack 67:    2 
stack 68:    378 
stack 69:    379 
stack 70:    5 
stack 71:    381 6 
stack 72:    8 382 
stack 73:    
stack 74:    9 
stack 75:    385 10 
stack 76:    
stack 77:    14 12 
stack 78:    13 164 719 243 207 411 388 
stack 79:    34 37 537 351 392 167 394 
stack 80:    622 607 127 240 672 75 726 
stack 81:    544 695 630 238 635 17 395 
stack 82:    18 218 396 35 525 463 20 
stack 83:    638 712 601 260 707 428 474 
stack 84:    19 520 237 49 743 426 657 
stack 85:    303 341 320 653 36 282 358 
stack 86:    241 54 306 268 161 113 232 
stack 87:    565 457 342 166 286 186 418 
stack 88:    461 722 398 210 195 532 551 
stack 89:    460 666 254 422 415 399 221 
stack 90:    39 32 331 406 137 109 404 
stack 91:    517 157 628 356 410 277 106 
stack 92:    455 134 38 572 409 478 640 
stack 93:    673 191 176 79 421 74 102 
stack 94:    524 629 150 325 649 140 321 
stack 95:    458 614 85 188 292 604 407 
stack 96:    246 408 31 723 177 348 159 
stack 97:    78 65 728 361 271 314 694 
stack 98:    439 261 606 571 600 698 575 
stack 99:    736 718 724 450 687 585 288 
stack 100:    530 77 162 468 684 40 101 
stack 101:    521 73 560 308 168 558 511 
stack 102:    731 716 493 219 550 83 683 
stack 103:    48 453 146 435 735 62 158 
stack 104:    217 304 211 371 317 290 274 
stack 105:    293 523 501 154 285 528 487 
stack 106:    117 534 462 586 484 118 266 
stack 107:    95 76 138 165 67 697 258 
stack 108:    121 492 671 442 616 84 365 
stack 109:    583 595 498 350 621 542 257 
stack 110:    703 135 557 192 345 66 336 
stack 111:    709 307 315 206 711 429 727 
stack 112:    198 223 553 515 611 651 644 
stack 113:    335 104 212 569 142 275 171 
stack 114:    605 443 593 648 123 433 214 
stack 115:    699 253 466 51 344 122 224 
stack 116:    504 592 156 430 741 107 427 
stack 117:    174 265 625 230 531 730 481 
stack 118:    90 355 729 346 369 485 88 
stack 119:    620 475 549 664 349 373 193 
stack 120:    717 574 670 674 693 656 431 
stack 121:    273 339 328 613 469 437 510 
stack 122:    302 678 472 199 667 330 208 
stack 123:    561 63 737 636 332 662 229 
stack 124:    465 124 446 567 96 114 685 
stack 125:    180 451 576 120 500 495 374 
stack 126:    513 646 357 291 133 554 714 
stack 127:    115 242 566 682 289 496 215 
stack 128:    69 526 744 353 505 301 278 
stack 129:    64 249 547 658 733 602 676 

#####################################################

solved with: SP.post_optimization_methods.HillClimbing
time limit: 1800.0 s
time to solve: 354,16 s
objective value: 692269.08

stacks (top to bottom):
stack 0:    
stack 1:    
stack 2:    377 
stack 3:    3 
stack 4:    4 
stack 5:    380 
stack 6:    
stack 7:    7 
stack 8:    383 
stack 9:    384 
stack 10:    
stack 11:    387 
stack 12:    386 11 
stack 13:    389 170 
stack 14:    15 466 33 16 256 24 390 
stack 15:    728 129 213 130 393 284 310 
stack 16:    322 25 635 313 438 40 395 
stack 17:    701 174 351 57 21 279 251 
stack 18:    475 671 293 518 134 409 394 
stack 19:    131 316 639 296 300 88 604 
stack 20:    555 403 287 247 356 428 588 
stack 21:    499 608 729 160 486 87 670 
stack 22:    736 699 731 441 263 177 732 
stack 23:    717 413 165 434 23 400 422 
stack 24:    27 401 647 715 334 682 702 
stack 25:    538 454 614 304 207 551 402 
stack 26:    455 259 472 739 289 572 618 
stack 27:    570 663 329 504 349 590 373 
stack 28:    152 491 591 359 282 230 463 
stack 29:    677 85 35 679 133 136 317 
stack 30:    408 52 209 716 585 476 478 
stack 31:    606 72 566 357 720 232 62 
stack 32:    740 137 546 43 139 120 214 
stack 33:    749 48 545 509 490 161 229 
stack 34:    34 549 593 146 45 554 503 
stack 35:    205 571 558 410 446 662 274 
stack 36:    63 613 707 694 312 684 495 
stack 37:    544 100 270 203 44 243 318 
stack 38:    669 564 680 547 96 676 487 
stack 39:    458 417 626 363 505 631 598 
stack 40:    605 91 117 534 186 118 418 
stack 41:    565 338 286 529 244 277 464 
stack 42:    65 622 352 607 654 643 688 
stack 43:    419 178 314 511 496 483 692 
stack 44:    596 423 562 627 713 89 697 
stack 45:    659 240 471 235 68 726 512 
stack 46:    678 212 424 693 197 102 216 
stack 47:    150 148 574 543 525 309 735 
stack 48:    583 323 597 592 268 469 733 
stack 49:    492 705 595 628 350 142 374 
stack 50:    99 665 298 324 190 53 158 
stack 51:    582 238 587 124 354 575 114 
stack 52:    56 78 252 612 228 185 140 
stack 53:    59 116 162 218 366 609 468 
stack 54:    303 69 333 283 306 192 60 
stack 55:    77 97 325 642 141 445 258 
stack 56:    346 204 723 719 58 83 479 
stack 57:    718 341 629 648 98 330 187 
stack 58:    450 442 311 681 144 646 248 
stack 59:    453 645 337 233 111 650 159 
stack 60:    581 569 700 92 196 436 533 
stack 61:    191 621 658 742 147 276 257 
stack 62:    638 737 305 368 372 599 106 
stack 63:    234 461 535 307 340 625 113 
stack 64:    236 563 578 451 299 594 288 
stack 65:    1 0 375 
stack 66:    376 
stack 67:    2 
stack 68:    378 
stack 69:    379 
stack 70:    5 
stack 71:    381 6 
stack 72:    8 382 
stack 73:    
stack 74:    9 
stack 75:    385 10 
stack 76:    
stack 77:    14 12 
stack 78:    13 42 164 70 392 202 388 
stack 79:    443 398 37 49 537 26 532 
stack 80:    343 184 637 391 580 584 741 
stack 81:    261 241 295 104 64 600 365 
stack 82:    18 370 396 17 245 656 22 
stack 83:    523 577 254 260 474 47 481 
stack 84:    19 501 29 657 431 412 20 
stack 85:    32 397 265 536 112 727 122 
stack 86:    738 745 151 462 360 414 194 
stack 87:    198 406 28 404 502 586 420 
stack 88:    163 722 31 426 675 437 488 
stack 89:    530 452 619 119 399 275 80 
stack 90:    39 86 30 516 611 634 489 
stack 91:    253 227 297 327 321 416 290 
stack 92:    51 36 430 467 272 602 224 
stack 93:    369 743 655 411 747 730 407 
stack 94:    465 724 515 255 567 75 405 
stack 95:    239 81 206 367 473 683 427 
stack 96:    620 579 493 632 38 188 193 
stack 97:    95 173 556 153 711 550 710 
stack 98:    201 108 457 328 477 528 690 
stack 99:    524 630 470 460 651 706 172 
stack 100:    242 156 664 421 66 101 714 
stack 101:    262 616 84 415 50 46 41 
stack 102:    695 166 652 448 211 672 685 
stack 103:    302 425 320 82 557 336 107 
stack 104:    132 175 522 291 539 542 280 
stack 105:    181 76 459 661 250 93 510 
stack 106:    520 668 559 617 624 371 145 
stack 107:    182 521 560 541 636 249 278 
stack 108:    121 744 267 433 674 344 696 
stack 109:    61 55 285 540 725 484 126 
stack 110:    217 517 601 67 143 208 686 
stack 111:    746 331 506 364 345 447 497 
stack 112:    335 223 641 603 444 168 708 
stack 113:    176 361 157 73 553 615 226 
stack 114:    673 281 691 195 110 347 589 
stack 115:    721 526 237 315 429 210 348 
stack 116:    90 355 353 432 74 294 215 
stack 117:    103 513 440 698 610 171 640 
stack 118:    623 183 169 199 269 633 519 
stack 119:    200 54 79 273 568 94 231 
stack 120:    439 105 155 573 189 482 319 
stack 121:    689 527 180 221 128 292 485 
stack 122:    138 649 653 660 167 71 149 
stack 123:    246 709 734 125 456 264 358 
stack 124:    561 498 271 123 435 576 449 
stack 125:    480 712 687 507 531 326 266 
stack 126:    225 548 339 154 666 301 748 
stack 127:    552 308 127 222 514 500 332 
stack 128:    115 342 179 109 220 644 508 
stack 129:    703 494 135 219 667 704 362 
