solved with: SP.deprecated.TabuSearch
time limit: 1800.0 s
time to solve: 560,82 s
objective value: 692246.03

stacks (top to bottom):
stack 0:    
stack 1:    0 
stack 2:    2 
stack 3:    378 
stack 4:    
stack 5:    5 
stack 6:    381 
stack 7:    
stack 8:    8 383 
stack 9:    
stack 10:    
stack 11:    
stack 12:    12 
stack 13:    49 18 
stack 14:    193 15 478 548 228 389 394 
stack 15:    258 20 238 598 40 299 107 
stack 16:    168 257 605 568 444 696 646 
stack 17:    263 122 218 188 110 145 277 
stack 18:    148 416 180 720 44 36 47 
stack 19:    21 397 28 282 573 405 23 
stack 20:    411 65 58 742 292 402 519 
stack 21:    220 39 570 430 45 647 675 
stack 22:    338 316 489 317 137 455 561 
stack 23:    583 483 355 524 38 143 418 
stack 24:    62 314 404 417 337 311 356 
stack 25:    428 129 364 368 271 562 664 
stack 26:    46 406 146 443 588 37 644 
stack 27:    486 419 344 33 572 306 728 
stack 28:    550 284 420 552 177 153 32 
stack 29:    653 602 634 201 241 741 671 
stack 30:    178 628 536 362 632 270 735 
stack 31:    674 442 515 223 135 556 625 
stack 32:    654 251 511 147 469 152 553 
stack 33:    586 183 83 104 227 373 354 
stack 34:    551 716 166 668 412 710 454 
stack 35:    275 600 260 50 136 341 304 
stack 36:    105 149 207 711 734 327 506 
stack 37:    555 332 482 441 53 415 253 
stack 38:    41 268 513 446 655 57 98 
stack 39:    574 99 118 72 587 433 315 
stack 40:    237 533 352 52 150 336 245 
stack 41:    719 432 371 521 560 360 261 
stack 42:    427 424 320 233 429 676 287 
stack 43:    319 54 526 295 123 425 457 
stack 44:    182 737 197 64 620 451 578 
stack 45:    269 475 224 464 697 339 609 
stack 46:    114 559 693 366 255 305 89 
stack 47:    669 194 525 76 199 119 460 
stack 48:    637 235 649 537 367 571 250 
stack 49:    679 703 248 198 613 522 78 
stack 50:    484 658 707 531 544 466 701 
stack 51:    480 554 611 622 509 225 448 
stack 52:    294 345 132 543 346 141 663 
stack 53:    699 596 131 435 434 743 481 
stack 54:    584 474 603 468 206 563 575 
stack 55:    189 333 546 726 567 205 240 
stack 56:    283 111 615 503 162 591 359 
stack 57:    350 200 286 518 492 639 725 
stack 58:    530 208 690 487 353 520 438 
stack 59:    187 308 626 60 191 79 290 
stack 60:    343 221 173 678 727 449 130 
stack 61:    181 470 566 714 585 303 363 
stack 62:    709 640 326 281 564 472 144 
stack 63:    69 190 210 334 204 666 154 
stack 64:    328 528 453 128 139 698 85 
stack 65:    375 
stack 66:    376 1 
stack 67:    377 
stack 68:    3 
stack 69:    4 379 
stack 70:    380 
stack 71:    6 
stack 72:    7 382 
stack 73:    
stack 74:    9 384 
stack 75:    385 10 
stack 76:    386 11 387 
stack 77:    13 
stack 78:    14 607 17 465 388 436 680 
stack 79:    390 27 651 581 310 400 718 
stack 80:    29 391 547 732 657 30 396 
stack 81:    392 395 26 401 163 16 34 
stack 82:    393 516 398 731 125 22 330 
stack 83:    19 242 409 300 569 479 399 
stack 84:    704 462 635 342 254 431 403 
stack 85:    665 214 31 370 82 499 557 
stack 86:    24 42 643 627 215 459 589 
stack 87:    565 407 612 723 618 437 715 
stack 88:    155 88 501 324 124 25 259 
stack 89:    736 496 279 209 746 529 246 
stack 90:    61 677 244 266 413 101 601 
stack 91:    681 94 624 498 115 558 222 
stack 92:    414 103 335 410 298 169 156 
stack 93:    35 458 650 108 421 231 331 
stack 94:    523 109 463 721 724 91 365 
stack 95:    426 232 340 325 48 66 138 
stack 96:    539 408 274 542 538 127 590 
stack 97:    174 692 216 71 93 264 236 
stack 98:    670 288 349 580 234 517 744 
stack 99:    636 662 252 631 167 738 493 
stack 100:    708 217 623 450 748 296 126 
stack 101:    151 705 713 717 230 358 749 
stack 102:    142 660 629 579 423 439 312 
stack 103:    508 534 86 445 276 488 113 
stack 104:    184 507 63 43 56 688 495 
stack 105:    68 606 595 75 491 106 165 
stack 106:    616 59 134 532 100 84 510 
stack 107:    211 55 369 309 159 621 229 
stack 108:    372 659 610 171 422 691 262 
stack 109:    179 452 582 673 202 213 102 
stack 110:    196 192 160 604 226 157 599 
stack 111:    739 92 219 633 689 203 648 
stack 112:    476 497 641 239 73 293 297 
stack 113:    323 440 158 247 120 140 95 
stack 114:    348 256 97 285 540 576 374 
stack 115:    351 747 594 456 273 490 170 
stack 116:    619 694 175 51 121 730 504 
stack 117:    667 176 642 661 447 549 80 
stack 118:    347 291 672 541 706 322 593 
stack 119:    302 745 652 592 280 502 265 
stack 120:    729 656 684 614 617 81 161 
stack 121:    67 186 473 686 722 313 272 
stack 122:    545 527 212 172 477 638 514 
stack 123:    695 318 87 467 597 77 471 
stack 124:    500 195 712 512 307 700 733 
stack 125:    357 112 74 70 505 682 96 
stack 126:    321 740 461 608 267 535 361 
stack 127:    249 494 702 278 185 577 90 
stack 128:    329 645 485 117 683 243 289 
stack 129:    301 116 687 164 133 630 685 

#####################################################

solved with: SP.post_optimization_methods.HillClimbing
time limit: 1800.0 s
time to solve: 473,09 s
objective value: 692246.02

stacks (top to bottom):
stack 0:    
stack 1:    0 
stack 2:    2 
stack 3:    378 
stack 4:    
stack 5:    5 
stack 6:    381 
stack 7:    
stack 8:    8 383 
stack 9:    
stack 10:    
stack 11:    
stack 12:    12 
stack 13:    416 625 
stack 14:    14 15 17 306 389 587 562 
stack 15:    390 321 595 21 700 38 396 
stack 16:    515 518 22 225 161 143 403 
stack 17:    395 656 689 501 345 132 394 
stack 18:    393 260 398 206 37 405 400 
stack 19:    149 430 397 451 578 236 23 
stack 20:    29 58 145 468 696 133 213 
stack 21:    426 209 25 100 84 66 297 
stack 22:    665 26 401 639 126 564 289 
stack 23:    404 291 649 554 611 547 666 
stack 24:    67 724 402 253 246 107 85 
stack 25:    148 566 461 608 34 593 250 
stack 26:    602 124 588 346 748 412 725 
stack 27:    475 552 224 104 488 53 599 
stack 28:    68 654 182 349 513 453 413 
stack 29:    350 319 717 720 492 166 563 
stack 30:    712 536 527 634 585 281 259 
stack 31:    658 529 82 370 493 315 502 
stack 32:    643 168 596 503 429 579 154 
stack 33:    208 695 722 33 40 415 89 
stack 34:    709 729 285 437 684 75 169 
stack 35:    193 35 218 456 108 421 102 
stack 36:    220 97 147 678 93 573 144 
stack 37:    583 483 702 298 723 185 374 
stack 38:    41 372 371 70 317 441 342 
stack 39:    62 134 186 270 64 691 48 
stack 40:    574 55 452 226 72 433 141 
stack 41:    178 636 489 254 276 360 621 
stack 42:    69 184 60 43 581 582 454 
stack 43:    347 645 171 123 280 45 647 
stack 44:    440 616 320 282 121 620 81 
stack 45:    586 50 52 632 295 464 356 
stack 46:    462 687 631 164 698 303 557 
stack 47:    690 351 661 531 273 162 577 
stack 48:    523 369 308 63 507 604 497 
stack 49:    681 551 192 340 368 436 431 
stack 50:    533 112 607 326 522 701 267 
stack 51:    249 190 275 540 304 715 457 
stack 52:    719 612 657 740 734 668 561 
stack 53:    642 707 238 170 366 646 157 
stack 54:    716 594 613 217 603 110 365 
stack 55:    200 633 136 652 205 234 272 
stack 56:    484 56 476 179 310 293 79 
stack 57:    555 195 212 221 230 544 510 
stack 58:    679 667 318 96 514 290 80 
stack 59:    651 279 496 746 177 299 542 
stack 60:    338 194 747 568 292 159 239 
stack 61:    328 640 284 627 713 86 592 
stack 62:    294 268 467 601 558 576 710 
stack 63:    705 703 708 158 598 227 741 
stack 64:    329 500 711 732 204 125 617 
stack 65:    375 
stack 66:    376 1 
stack 67:    377 
stack 68:    3 
stack 69:    4 379 
stack 70:    380 
stack 71:    6 
stack 72:    7 382 
stack 73:    
stack 74:    9 384 
stack 75:    385 10 
stack 76:    386 11 387 
stack 77:    13 
stack 78:    301 20 152 388 264 680 363 
stack 79:    263 428 494 39 173 730 373 
stack 80:    660 391 407 30 266 135 115 
stack 81:    392 19 672 731 479 16 575 
stack 82:    409 352 567 146 353 339 447 
stack 83:    187 486 28 18 399 448 743 
stack 84:    211 721 539 116 635 252 73 
stack 85:    142 131 726 36 324 477 325 
stack 86:    27 408 191 31 559 305 32 
stack 87:    411 548 228 167 693 271 277 
stack 88:    24 46 511 615 443 638 331 
stack 89:    478 526 51 537 622 509 727 
stack 90:    314 332 669 49 364 591 311 
stack 91:    532 300 624 139 87 549 262 
stack 92:    216 528 288 140 243 240 449 
stack 93:    323 114 99 83 425 553 418 
stack 94:    442 619 406 286 417 517 481 
stack 95:    637 414 469 697 543 296 113 
stack 96:    343 235 207 77 336 438 245 
stack 97:    174 335 103 410 223 101 749 
stack 98:    550 44 341 422 117 434 744 
stack 99:    628 629 600 128 714 471 675 
stack 100:    247 419 74 623 95 241 90 
stack 101:    160 214 274 538 495 138 685 
stack 102:    42 432 512 362 745 520 683 
stack 103:    256 470 111 54 485 71 560 
stack 104:    427 516 334 210 355 618 222 
stack 105:    269 420 172 201 358 648 354 
stack 106:    692 565 242 480 491 327 307 
stack 107:    545 88 534 546 197 367 535 
stack 108:    606 251 180 655 57 676 735 
stack 109:    122 176 541 233 446 706 47 
stack 110:    424 198 258 686 490 572 472 
stack 111:    739 699 189 232 605 556 733 
stack 112:    61 59 569 435 337 423 98 
stack 113:    653 105 570 737 609 663 361 
stack 114:    674 181 248 465 521 313 153 
stack 115:    283 237 78 76 519 671 261 
stack 116:    694 120 742 444 504 589 590 
stack 117:    196 659 175 312 119 127 229 
stack 118:    463 626 118 641 688 673 738 
stack 119:    508 129 482 458 450 202 499 
stack 120:    109 487 302 163 278 165 287 
stack 121:    92 610 445 597 505 466 439 
stack 122:    65 473 344 525 91 650 130 
stack 123:    219 244 580 498 199 460 630 
stack 124:    155 677 357 474 455 255 231 
stack 125:    530 94 330 524 106 614 571 
stack 126:    348 670 257 662 203 150 506 
stack 127:    584 309 682 644 728 459 664 
stack 128:    151 316 333 215 322 359 156 
stack 129:    736 704 188 183 137 718 265 
