solved with: SP.deprecated.TabuSearch
time limit: 1800.0 s
time to solve: 542,87 s
objective value: 692241.22

stacks (top to bottom):
stack 0:    0 
stack 1:    1 
stack 2:    2 
stack 3:    378 
stack 4:    
stack 5:    
stack 6:    381 
stack 7:    382 
stack 8:    8 
stack 9:    384 
stack 10:    10 
stack 11:    
stack 12:    12 
stack 13:    13 402 395 
stack 14:    18 172 399 17 391 394 392 
stack 15:    23 222 27 409 669 26 20 
stack 16:    183 16 393 411 416 341 19 
stack 17:    326 499 403 168 421 615 417 
stack 18:    577 634 702 129 706 532 396 
stack 19:    76 250 284 720 488 316 142 
stack 20:    259 364 430 268 569 201 440 
stack 21:    726 345 533 37 505 508 101 
stack 22:    190 83 357 329 571 367 398 
stack 23:    476 59 244 300 486 512 453 
stack 24:    100 426 559 408 52 733 115 
stack 25:    697 405 435 729 351 29 581 
stack 26:    604 38 206 174 96 119 28 
stack 27:    213 636 419 347 519 719 603 
stack 28:    264 240 566 231 165 422 558 
stack 29:    683 723 506 163 484 77 33 
stack 30:    176 36 608 609 431 481 662 
stack 31:    677 458 650 308 523 670 715 
stack 32:    705 84 35 294 130 93 324 
stack 33:    291 323 227 220 539 725 298 
stack 34:    146 630 295 576 628 152 282 
stack 35:    738 217 314 641 149 549 428 
stack 36:    228 632 355 528 40 716 47 
stack 37:    122 596 273 704 219 562 556 
stack 38:    553 461 182 497 594 334 126 
stack 39:    368 296 56 647 145 79 684 
stack 40:    657 466 156 645 525 239 699 
stack 41:    700 740 63 463 454 307 433 
stack 42:    618 271 110 591 713 162 173 
stack 43:    746 639 287 197 118 666 225 
stack 44:    500 504 560 252 85 199 242 
stack 45:    90 741 344 254 643 728 303 
stack 46:    280 207 171 290 258 735 429 
stack 47:    187 297 147 663 349 582 495 
stack 48:    133 709 317 127 455 215 205 
stack 49:    306 554 588 668 656 511 275 
stack 50:    292 646 538 208 444 629 333 
stack 51:    224 106 590 747 97 701 132 
stack 52:    623 724 743 255 200 354 137 
stack 53:    75 520 245 536 157 209 188 
stack 54:    614 718 138 595 605 450 312 
stack 55:    60 111 487 370 73 134 492 
stack 56:    103 672 436 478 249 624 251 
stack 57:    482 649 567 179 198 72 739 
stack 58:    510 692 58 153 550 491 185 
stack 59:    610 496 167 353 61 509 736 
stack 60:    619 446 256 551 62 678 144 
stack 61:    644 359 547 305 462 691 352 
stack 62:    563 667 583 274 169 150 526 
stack 63:    321 247 109 575 81 374 196 
stack 64:    270 68 202 451 302 607 598 
stack 65:    375 
stack 66:    376 
stack 67:    377 
stack 68:    3 
stack 69:    379 4 
stack 70:    5 380 
stack 71:    6 
stack 72:    7 
stack 73:    
stack 74:    9 383 
stack 75:    385 
stack 76:    11 386 
stack 77:    387 
stack 78:    299 655 14 388 221 266 599 
stack 79:    717 389 420 267 25 448 43 
stack 80:    15 331 236 86 390 48 635 
stack 81:    180 30 24 32 397 749 92 
stack 82:    620 401 125 503 186 223 502 
stack 83:    260 627 365 230 485 474 269 
stack 84:    521 441 714 412 21 424 404 
stack 85:    438 154 652 189 694 406 565 
stack 86:    517 49 534 414 415 731 22 
stack 87:    98 659 369 437 468 358 229 
stack 88:    445 70 552 708 745 310 710 
stack 89:    400 537 467 360 177 322 703 
stack 90:    515 407 423 410 74 320 67 
stack 91:    545 112 593 342 658 241 568 
stack 92:    248 524 373 41 116 664 94 
stack 93:    39 673 640 53 257 543 181 
stack 94:    653 276 311 95 680 332 44 
stack 95:    465 262 734 456 31 432 330 
stack 96:    89 253 727 518 337 548 218 
stack 97:    366 243 449 212 42 155 418 
stack 98:    475 613 625 114 34 529 425 
stack 99:    136 471 372 117 585 226 108 
stack 100:    139 477 336 143 339 637 483 
stack 101:    50 193 452 71 685 676 712 
stack 102:    113 159 464 546 540 711 602 
stack 103:    413 327 315 91 281 498 164 
stack 104:    597 443 507 69 121 57 493 
stack 105:    427 696 216 661 617 313 447 
stack 106:    233 191 695 489 681 263 648 
stack 107:    473 616 140 45 124 279 51 
stack 108:    600 46 350 698 513 654 601 
stack 109:    64 238 346 479 439 88 285 
stack 110:    651 107 338 494 318 572 340 
stack 111:    277 561 214 573 541 304 722 
stack 112:    309 721 586 671 459 151 261 
stack 113:    622 490 55 531 737 688 665 
stack 114:    194 265 470 363 120 742 141 
stack 115:    286 288 589 689 530 148 80 
stack 116:    66 104 584 693 730 82 232 
stack 117:    679 343 682 175 293 319 192 
stack 118:    587 356 54 501 687 555 166 
stack 119:    469 480 210 128 611 631 522 
stack 120:    283 690 633 606 203 131 289 
stack 121:    579 621 592 211 442 65 460 
stack 122:    535 371 544 557 642 514 135 
stack 123:    564 674 246 234 160 361 161 
stack 124:    178 626 527 542 434 744 237 
stack 125:    184 457 335 102 580 328 204 
stack 126:    612 195 348 675 99 170 123 
stack 127:    362 638 516 570 578 660 158 
stack 128:    235 574 87 472 105 325 78 
stack 129:    272 707 278 686 732 748 301 

#####################################################

solved with: SP.post_optimization_methods.HillClimbing
time limit: 1800.0 s
time to solve: 593,21 s
objective value: 692243.66

stacks (top to bottom):
stack 0:    0 
stack 1:    1 
stack 2:    2 
stack 3:    378 
stack 4:    
stack 5:    
stack 6:    381 
stack 7:    383 382 
stack 8:    8 
stack 9:    9 
stack 10:    10 
stack 11:    
stack 12:    12 
stack 13:    15 13 402 
stack 14:    264 18 471 389 14 214 304 
stack 15:    403 595 401 38 296 56 26 
stack 16:    746 717 16 673 681 198 396 
stack 17:    260 606 518 21 325 29 404 
stack 18:    210 356 411 479 25 678 394 
stack 19:    623 435 639 35 116 664 635 
stack 20:    270 567 649 516 206 174 493 
stack 21:    163 517 400 167 580 27 107 
stack 22:    24 513 226 160 189 361 119 
stack 23:    413 416 410 702 687 185 522 
stack 24:    430 698 737 654 538 199 492 
stack 25:    610 653 106 344 544 749 115 
stack 26:    738 243 584 484 408 481 123 
stack 27:    458 136 111 179 234 550 192 
stack 28:    253 618 32 268 365 339 406 
stack 29:    112 621 36 732 329 302 266 
stack 30:    39 709 217 590 247 409 624 
stack 31:    527 236 212 197 37 715 237 
stack 32:    651 153 67 161 209 433 173 
stack 33:    286 331 315 592 369 704 80 
stack 34:    650 427 360 328 170 352 158 
stack 35:    644 563 194 692 422 694 719 
stack 36:    54 53 238 230 256 748 181 
stack 37:    288 496 309 436 721 574 453 
stack 38:    705 622 207 95 728 219 322 
stack 39:    542 608 255 693 437 495 540 
stack 40:    280 477 426 672 99 334 285 
stack 41:    469 564 489 745 605 440 47 
stack 42:    187 98 597 284 533 155 735 
stack 43:    195 741 102 628 69 450 425 
stack 44:    475 191 343 740 528 148 568 
stack 45:    89 577 446 444 73 120 324 
stack 46:    100 535 632 583 370 242 617 
stack 47:    90 441 588 105 65 49 269 
stack 48:    707 729 586 703 152 712 556 
stack 49:    476 317 147 449 452 232 733 
stack 50:    180 638 566 742 363 647 581 
stack 51:    190 663 52 316 200 571 648 
stack 52:    466 457 281 530 488 676 229 
stack 53:    490 633 727 257 252 330 722 
stack 54:    366 472 130 431 642 711 508 
stack 55:    614 445 531 61 143 744 251 
stack 56:    76 86 730 71 77 205 225 
stack 57:    326 292 355 504 569 298 562 
stack 58:    146 68 604 220 223 536 503 
stack 59:    724 373 747 182 244 507 78 
stack 60:    612 549 594 534 669 558 141 
stack 61:    213 308 129 175 519 97 137 
stack 62:    104 297 127 720 670 118 526 
stack 63:    682 646 203 548 374 367 94 
stack 64:    510 499 591 125 134 565 483 
stack 65:    375 
stack 66:    376 
stack 67:    377 
stack 68:    3 
stack 69:    379 4 
stack 70:    5 380 
stack 71:    6 
stack 72:    7 
stack 73:    
stack 74:    384 
stack 75:    385 
stack 76:    11 386 
stack 77:    387 
stack 78:    683 465 40 576 388 560 470 
stack 79:    677 390 434 17 392 204 307 
stack 80:    480 393 399 460 391 333 261 
stack 81:    248 87 109 570 660 736 28 
stack 82:    553 30 41 314 397 22 398 
stack 83:    240 128 162 502 186 320 19 
stack 84:    405 423 45 267 421 491 20 
stack 85:    23 228 726 455 685 395 196 
stack 86:    271 110 138 718 713 520 43 
stack 87:    50 287 159 164 666 662 34 
stack 88:    58 154 74 601 145 456 432 
stack 89:    259 233 634 613 414 699 665 
stack 90:    524 596 645 525 541 511 418 
stack 91:    500 165 168 652 31 448 509 
stack 92:    178 686 278 656 573 289 312 
stack 93:    723 695 274 412 487 551 716 
stack 94:    64 117 700 552 555 463 417 
stack 95:    224 113 559 342 33 349 81 
stack 96:    600 60 482 323 75 341 57 
stack 97:    407 140 277 420 171 126 135 
stack 98:    82 464 658 290 429 132 529 
stack 99:    545 679 348 345 357 88 505 
stack 100:    122 589 347 714 235 319 575 
stack 101:    473 461 459 218 44 454 424 
stack 102:    674 362 63 169 201 313 340 
stack 103:    419 91 42 354 546 92 142 
stack 104:    478 263 273 415 93 151 282 
stack 105:    671 254 643 474 177 607 121 
stack 106:    636 133 667 371 640 625 241 
stack 107:    295 265 208 661 734 72 599 
stack 108:    321 291 202 501 688 539 447 
stack 109:    364 630 70 46 346 166 725 
stack 110:    55 467 48 443 294 332 79 
stack 111:    627 616 283 114 710 684 51 
stack 112:    359 311 593 497 338 486 358 
stack 113:    579 222 300 336 318 598 514 
stack 114:    690 521 655 485 231 428 144 
stack 115:    103 523 353 554 215 609 557 
stack 116:    697 83 537 335 59 462 615 
stack 117:    368 124 149 442 731 494 637 
stack 118:    272 250 327 641 305 691 468 
stack 119:    620 585 216 85 62 631 603 
stack 120:    176 276 156 659 249 303 101 
stack 121:    184 193 743 668 680 578 279 
stack 122:    515 139 561 239 708 310 532 
stack 123:    587 438 227 157 245 611 629 
stack 124:    262 246 706 221 108 275 188 
stack 125:    299 506 337 675 351 512 602 
stack 126:    626 84 439 701 572 150 739 
stack 127:    66 619 172 211 306 451 301 
stack 128:    657 689 696 350 293 131 96 
stack 129:    547 372 183 498 258 582 543 
