lower bound for relaxed s_ij: 692247.28

#####################################################

solved with: SP.mip_formulations.BinPackingFormulation
time limit: 3600.0 s
time to solve: 2017,79 s
objective value: 692249.72

stacks (top to bottom):
stack 0:    0 
stack 1:    1 376 
stack 2:    
stack 3:    
stack 4:    379 
stack 5:    380 
stack 6:    6 
stack 7:    
stack 8:    383 
stack 9:    
stack 10:    385 
stack 11:    386 
stack 12:    387 12 
stack 13:    701 411 75 
stack 14:    480 292 390 224 568 725 396 
stack 15:    639 359 140 243 212 147 556 
stack 16:    616 100 39 328 137 309 222 
stack 17:    392 597 237 608 746 233 310 
stack 18:    344 635 596 269 723 351 126 
stack 19:    19 284 740 61 278 93 79 
stack 20:    20 659 102 149 446 499 304 
stack 21:    702 602 487 371 131 73 285 
stack 22:    22 733 722 136 373 176 92 
stack 23:    719 398 656 23 308 159 742 
stack 24:    474 327 299 283 586 231 145 
stack 25:    25 668 665 290 735 365 517 
stack 26:    408 546 45 30 267 141 449 
stack 27:    691 516 610 314 560 165 306 
stack 28:    113 472 451 178 170 737 738 
stack 29:    337 544 518 405 255 29 99 
stack 30:    456 714 263 483 215 489 601 
stack 31:    172 192 526 600 538 154 162 
stack 32:    500 488 370 354 236 407 319 
stack 33:    724 679 95 355 566 466 316 
stack 34:    673 152 461 605 479 56 409 
stack 35:    452 458 286 662 501 460 367 
stack 36:    459 581 625 554 417 511 590 
stack 37:    628 731 678 631 565 527 412 
stack 38:    689 599 345 326 539 413 492 
stack 39:    346 414 594 448 745 238 645 
stack 40:    491 627 493 646 548 654 699 
stack 41:    486 353 532 469 199 118 549 
stack 42:    675 666 661 579 562 366 710 
stack 43:    418 229 124 294 633 450 194 
stack 44:    183 484 514 465 445 44 150 
stack 45:    718 707 705 504 720 307 161 
stack 46:    683 325 717 585 572 103 72 
stack 47:    245 684 528 47 455 440 96 
stack 48:    649 372 709 541 706 173 708 
stack 49:    671 369 116 80 65 74 91 
stack 50:    425 50 179 205 63 87 323 
stack 51:    462 426 305 531 51 623 88 
stack 52:    613 726 442 352 727 438 360 
stack 53:    207 104 234 189 592 288 275 
stack 54:    227 357 111 496 482 571 203 
stack 55:    361 690 195 264 187 184 430 
stack 56:    643 206 626 431 660 338 473 
stack 57:    324 166 374 230 692 296 252 
stack 58:    202 121 241 167 261 180 593 
stack 59:    174 739 313 157 175 160 89 
stack 60:    158 85 70 331 196 188 143 
stack 61:    198 619 680 507 540 155 274 
stack 62:    490 276 209 648 287 624 569 
stack 63:    729 336 558 334 262 653 107 
stack 64:    144 249 242 468 453 248 332 
stack 65:    375 
stack 66:    377 
stack 67:    2 
stack 68:    378 3 
stack 69:    4 
stack 70:    5 
stack 71:    381 
stack 72:    7 
stack 73:    382 8 
stack 74:    384 9 
stack 75:    10 
stack 76:    11 
stack 77:    
stack 78:    15 388 748 193 561 515 13 
stack 79:    664 389 14 743 716 254 268 
stack 80:    618 676 630 348 347 259 524 
stack 81:    422 302 295 246 580 391 16 
stack 82:    17 110 106 638 614 340 721 
stack 83:    536 677 164 18 393 260 123 
stack 84:    464 394 732 621 291 542 244 
stack 85:    395 349 311 228 139 470 356 
stack 86:    537 589 475 182 281 21 211 
stack 87:    280 122 651 674 591 583 397 
stack 88:    24 525 235 564 69 218 575 
stack 89:    734 578 213 505 401 399 404 
stack 90:    142 609 240 330 400 358 343 
stack 91:    333 98 402 362 156 551 26 
stack 92:    749 27 669 114 494 652 550 
stack 93:    135 28 567 273 629 576 403 
stack 94:    315 191 266 119 688 185 232 
stack 95:    658 736 220 208 181 138 129 
stack 96:    239 115 471 31 406 685 251 
stack 97:    168 201 32 642 502 265 584 
stack 98:    447 641 33 90 534 318 153 
stack 99:    657 503 559 34 342 682 655 
stack 100:    35 553 636 477 410 695 615 
stack 101:    603 36 467 204 535 521 258 
stack 102:    667 108 67 563 552 37 607 
stack 103:    570 277 81 66 693 644 38 
stack 104:    40 416 428 686 443 441 622 
stack 105:    415 120 439 272 257 312 604 
stack 106:    41 595 650 611 647 612 84 
stack 107:    634 42 485 368 598 169 271 
stack 108:    640 279 744 713 322 43 606 
stack 109:    419 703 77 317 97 86 444 
stack 110:    712 747 420 577 574 350 329 
stack 111:    694 270 728 696 506 46 421 
stack 112:    133 519 545 301 68 105 186 
stack 113:    711 543 497 48 128 423 217 
stack 114:    247 321 617 49 637 214 424 
stack 115:    76 555 478 163 71 476 335 
stack 116:    339 197 620 582 463 363 298 
stack 117:    341 427 52 225 256 219 508 
stack 118:    520 495 513 171 523 117 53 
stack 119:    429 741 697 226 177 83 54 
stack 120:    670 130 632 250 529 55 148 
stack 121:    498 282 704 64 101 687 125 
stack 122:    132 663 57 557 432 510 481 
stack 123:    433 672 112 364 190 58 522 
stack 124:    200 59 512 434 698 289 587 
stack 125:    109 730 60 78 435 223 588 
stack 126:    715 94 573 134 436 151 320 
stack 127:    221 457 681 509 62 293 437 
stack 128:    127 700 210 253 547 533 303 
stack 129:    146 82 454 530 216 297 300 

#####################################################

solved with: SP.constructive_heuristics.GeneralHeuristic
time limit: 3600.0 s
time to solve: 0,02 s
objective value: 747188.61

stacks (top to bottom):
stack 0:    35 127 509 77 319 524 522 
stack 1:    480 632 643 354 241 483 13 
stack 2:    592 428 163 380 69 289 732 
stack 3:    464 471 378 242 148 58 4 
stack 4:    724 333 313 187 437 296 404 
stack 5:    81 425 31 609 743 29 410 
stack 6:    295 679 546 663 206 167 590 
stack 7:    736 405 175 538 653 745 687 
stack 8:    227 497 1 276 288 413 26 
stack 9:    691 602 657 512 623 231 549 
stack 10:    24 270 281 552 143 432 162 
stack 11:    671 461 220 80 193 159 535 
stack 12:    474 337 553 170 342 409 621 
stack 13:    17 20 701 185 256 12 92 
stack 14:    452 394 562 157 680 710 176 
stack 15:    177 325 527 407 608 46 265 
stack 16:    408 95 477 382 180 93 489 
stack 17:    644 741 121 503 635 352 421 
stack 18:    728 134 558 560 577 706 211 
stack 19:    491 627 647 528 532 445 593 
stack 20:    9 383 330 478 530 469 440 
stack 21:    346 182 637 414 212 166 230 
stack 22:    673 390 399 21 169 682 53 
stack 23:    168 362 420 631 254 368 738 
stack 24:    570 718 328 502 215 648 287 
stack 25:    327 456 446 564 698 746 271 
stack 26:    100 83 525 374 403 204 606 
stack 27:    321 661 161 430 575 742 275 
stack 28:    146 629 136 523 614 101 360 
stack 29:    458 22 568 515 561 310 84 
stack 30:    603 326 468 309 150 686 300 
stack 31:    697 132 578 625 495 583 481 
stack 32:    433 641 429 0 197 545 186 
stack 33:    324 266 181 377 356 257 335 
stack 34:    422 659 526 184 343 117 708 
stack 35:    416 48 514 493 126 411 620 
stack 36:    730 60 605 62 116 64 298 
stack 37:    57 27 370 269 51 531 63 
stack 38:    302 236 454 209 548 194 633 
stack 39:    398 507 264 225 218 473 376 
stack 40:    447 616 221 172 518 366 358 
stack 41:    683 391 722 139 73 99 86 
stack 42:    142 595 292 650 32 267 571 
stack 43:    5 709 597 363 588 396 534 
stack 44:    130 347 119 273 748 438 285 
stack 45:    628 40 76 183 453 199 251 
stack 46:    249 283 120 205 55 735 323 
stack 47:    50 426 82 70 393 476 725 
stack 48:    749 344 427 703 400 723 173 
stack 49:    639 490 418 345 519 539 318 
stack 50:    305 299 364 576 223 260 244 
stack 51:    658 672 6 106 114 71 103 
stack 52:    419 504 739 700 540 334 154 
stack 53:    277 715 195 690 541 329 312 
stack 54:    66 516 140 472 314 460 615 
stack 55:    640 147 243 156 351 340 222 
stack 56:    670 431 714 44 450 444 604 
stack 57:    712 45 42 208 151 96 72 
stack 58:    234 250 202 613 102 331 297 
stack 59:    207 174 579 155 165 695 252 
stack 60:    734 311 555 129 141 467 332 
stack 61:    198 707 279 675 274 320 569 
stack 62:    676 322 442 585 65 716 317 
stack 63:    341 361 747 171 740 607 412 
stack 64:    656 246 696 506 7 74 645 
stack 65:    387 189 636 566 484 511 87 
stack 66:    719 28 113 668 137 88 586 
stack 67:    392 357 667 214 10 435 655 
stack 68:    711 500 284 37 470 508 258 
stack 69:    599 544 619 315 720 574 306 
stack 70:    536 210 688 232 485 303 521 
stack 71:    94 38 547 594 238 304 542 
stack 72:    192 713 131 293 316 494 499 
stack 73:    664 39 488 626 2 30 261 
stack 74:    702 389 651 23 733 501 307 
stack 75:    14 401 47 190 338 449 365 
stack 76:    158 496 727 217 272 510 517 
stack 77:    388 557 674 268 466 550 582 
stack 78:    634 33 68 375 36 699 624 
stack 79:    135 462 610 726 78 371 463 
stack 80:    115 618 580 513 554 660 455 
stack 81:    677 451 282 479 367 584 107 
stack 82:    109 226 213 348 235 638 448 
stack 83:    85 417 406 612 443 654 153 
stack 84:    381 459 201 556 11 75 601 
stack 85:    395 731 567 178 237 572 598 
stack 86:    353 339 301 486 294 721 492 
stack 87:    689 122 617 372 259 34 439 
stack 88:    112 384 537 49 308 600 350 
stack 89:    520 110 611 18 665 642 123 
stack 90:    104 111 15 133 144 196 685 
stack 91:    487 436 704 551 379 91 79 
stack 92:    239 457 705 336 253 56 125 
stack 93:    498 581 105 482 248 203 8 
stack 94:    744 52 255 565 128 233 652 
stack 95:    247 59 25 228 596 263 692 
stack 96:    693 359 681 678 89 533 219 
stack 97:    543 669 149 684 434 179 465 
stack 98:    191 475 559 369 61 97 587 
stack 99:    41 152 98 402 138 423 145 
stack 100:    694 649 630 160 424 16 397 
stack 101:    280 286 573 54 737 
stack 102:    19 108 164 386 591 373 385 
stack 103:    240 355 229 43 563 90 188 
stack 104:    200 505 290 415 529 441 291 
stack 105:    666 729 262 662 
stack 106:    589 224 278 
stack 107:    3 67 646 118 
stack 108:    717 245 216 622 
stack 109:    349 
stack 110:    124 
stack 111:    
stack 112:    
stack 113:    
stack 114:    
stack 115:    
stack 116:    
stack 117:    
stack 118:    
stack 119:    
stack 120:    
stack 121:    
stack 122:    
stack 123:    
stack 124:    
stack 125:    
stack 126:    
stack 127:    
stack 128:    
stack 129:    
