solved with: SP.post_optimization_methods.TabuSearch
time limit: 3600.0 s
time to solve: 492,69 s
objective value: 692256.97

stacks (top to bottom):
stack 0:    0 
stack 1:    1 
stack 2:    
stack 3:    
stack 4:    3 
stack 5:    5 
stack 6:    381 
stack 7:    7 
stack 8:    
stack 9:    9 
stack 10:    386 
stack 11:    
stack 12:    12 387 
stack 13:    13 391 
stack 14:    737 432 18 301 17 41 397 
stack 15:    71 19 162 569 390 313 406 
stack 16:    170 143 303 361 345 146 575 
stack 17:    684 269 635 308 659 239 720 
stack 18:    29 149 455 107 394 242 82 
stack 19:    22 115 644 56 600 349 608 
stack 20:    711 411 428 693 141 632 138 
stack 21:    410 27 23 221 545 264 363 
stack 22:    523 400 265 733 35 654 123 
stack 23:    401 696 57 557 108 127 405 
stack 24:    156 453 747 203 31 740 364 
stack 25:    222 601 487 484 402 436 30 
stack 26:    614 612 726 501 429 55 467 
stack 27:    306 95 730 424 713 631 559 
stack 28:    586 404 494 543 568 211 409 
stack 29:    470 643 38 504 708 373 85 
stack 30:    114 422 323 677 725 669 671 
stack 31:    314 367 607 328 184 142 469 
stack 32:    441 703 668 194 47 227 556 
stack 33:    372 317 603 524 254 525 356 
stack 34:    647 198 120 374 420 223 202 
stack 35:    118 621 519 646 535 75 490 
stack 36:    634 573 302 50 564 351 748 
stack 37:    421 176 585 558 134 42 151 
stack 38:    448 48 649 503 710 124 554 
stack 39:    329 418 105 43 79 526 54 
stack 40:    133 258 63 106 583 741 261 
stack 41:    189 287 744 617 72 690 676 
stack 42:    738 427 712 309 252 76 126 
stack 43:    602 135 260 337 749 591 724 
stack 44:    103 642 255 694 60 64 180 
stack 45:    88 213 333 626 682 468 566 
stack 46:    689 68 539 431 653 706 144 
stack 47:    662 318 664 582 443 262 734 
stack 48:    717 139 532 113 129 163 336 
stack 49:    577 286 641 357 715 195 637 
stack 50:    251 687 700 645 119 531 248 
stack 51:    572 452 89 570 290 735 739 
stack 52:    515 280 365 698 172 132 272 
stack 53:    727 511 166 216 206 721 579 
stack 54:    271 648 246 627 298 238 536 
stack 55:    598 440 742 145 78 240 483 
stack 56:    683 732 640 256 101 434 476 
stack 57:    61 177 181 128 616 675 498 
stack 58:    210 67 567 168 208 459 233 
stack 59:    102 277 685 657 274 518 350 
stack 60:    297 495 354 236 596 618 622 
stack 61:    352 580 214 245 228 444 324 
stack 62:    482 94 229 201 709 121 110 
stack 63:    92 489 171 159 509 253 217 
stack 64:    370 547 270 551 480 125 630 
stack 65:    375 
stack 66:    376 
stack 67:    377 2 
stack 68:    378 379 
stack 69:    4 
stack 70:    380 
stack 71:    6 
stack 72:    382 
stack 73:    383 8 
stack 74:    384 
stack 75:    10 385 
stack 76:    11 
stack 77:    392 
stack 78:    16 244 14 389 388 576 691 
stack 79:    716 15 623 510 597 20 178 
stack 80:    399 491 412 398 91 550 80 
stack 81:    232 574 369 219 160 279 639 
stack 82:    104 625 93 395 414 633 278 
stack 83:    396 182 681 688 606 393 26 
stack 84:    479 723 231 408 599 310 332 
stack 85:    548 403 651 147 407 73 33 
stack 86:    610 595 25 122 571 21 226 
stack 87:    24 445 679 299 237 283 745 
stack 88:    205 565 284 96 225 538 686 
stack 89:    413 728 169 707 259 304 174 
stack 90:    212 611 620 28 282 508 53 
stack 91:    215 289 530 371 478 34 450 
stack 92:    629 541 665 32 320 344 116 
stack 93:    316 348 165 327 419 152 326 
stack 94:    562 474 447 426 293 561 549 
stack 95:    164 552 276 415 704 186 697 
stack 96:    322 185 86 66 666 736 291 
stack 97:    109 77 59 546 87 542 718 
stack 98:    460 39 150 604 197 51 37 
stack 99:    40 439 153 416 331 335 346 
stack 100:    512 257 589 36 187 224 183 
stack 101:    505 263 417 462 341 366 247 
stack 102:    619 425 275 463 131 330 500 
stack 103:    533 111 492 655 46 312 692 
stack 104:    45 660 49 190 438 281 670 
stack 105:    44 140 358 522 674 746 451 
stack 106:    553 673 97 624 555 527 731 
stack 107:    497 74 338 292 355 514 714 
stack 108:    722 52 466 475 729 249 368 
stack 109:    58 705 99 273 458 636 294 
stack 110:    285 340 506 234 167 581 502 
stack 111:    155 584 188 220 488 353 464 
stack 112:    544 534 359 615 537 243 605 
stack 113:    517 137 360 69 296 473 423 
stack 114:    70 446 667 695 578 719 528 
stack 115:    266 433 507 465 173 100 62 
stack 116:    230 267 117 472 594 342 83 
stack 117:    513 638 656 560 343 481 148 
stack 118:    191 136 499 154 652 461 454 
stack 119:    456 196 161 435 430 112 130 
stack 120:    678 209 442 207 661 701 300 
stack 121:    157 175 529 563 311 588 680 
stack 122:    192 241 325 315 307 218 334 
stack 123:    702 98 81 628 319 540 437 
stack 124:    457 158 493 699 235 658 516 
stack 125:    204 743 663 672 496 590 471 
stack 126:    193 609 347 613 305 250 268 
stack 127:    321 520 179 587 200 288 199 
stack 128:    477 593 592 84 90 650 521 
stack 129:    485 362 339 486 295 449 65 

#####################################################

solved with: SP.post_optimization_methods.HillClimbing
time limit: 3600.0 s
time to solve: 464,04 s
objective value: 692256.96

stacks (top to bottom):
stack 0:    0 
stack 1:    1 
stack 2:    
stack 3:    
stack 4:    3 
stack 5:    5 
stack 6:    381 
stack 7:    7 
stack 8:    
stack 9:    9 
stack 10:    386 
stack 11:    
stack 12:    12 387 
stack 13:    13 609 
stack 14:    113 18 606 181 17 550 54 
stack 15:    421 69 390 221 633 168 406 
stack 16:    24 19 726 414 652 26 37 
stack 17:    370 193 314 395 429 411 476 
stack 18:    641 668 260 309 502 561 233 
stack 19:    104 401 404 408 443 397 178 
stack 20:    251 77 241 21 249 423 405 
stack 21:    744 100 257 475 624 46 459 
stack 22:    258 507 317 154 636 299 349 
stack 23:    747 649 289 240 64 248 464 
stack 24:    425 209 664 45 725 30 33 
stack 25:    176 139 325 89 466 187 407 
stack 26:    367 67 552 122 655 227 536 
stack 27:    403 402 718 676 616 549 138 
stack 28:    612 157 487 359 426 167 409 
stack 29:    634 489 560 38 282 65 350 
stack 30:    48 44 427 610 424 288 242 
stack 31:    213 88 491 682 247 436 226 
stack 32:    70 340 703 269 419 47 556 
stack 33:    285 517 297 730 698 746 130 
stack 34:    547 683 347 218 729 697 243 
stack 35:    482 103 593 175 694 60 35 
stack 36:    267 74 214 719 190 468 630 
stack 37:    558 355 134 449 488 540 575 
stack 38:    210 196 474 246 554 496 151 
stack 39:    40 687 115 700 56 571 576 
stack 40:    192 520 432 486 112 740 590 
stack 41:    497 189 306 617 265 127 300 
stack 42:    456 647 479 232 135 724 262 
stack 43:    109 625 546 179 627 208 428 
stack 44:    277 573 663 311 180 707 605 
stack 45:    315 620 685 238 250 720 691 
stack 46:    323 681 442 220 373 49 438 
stack 47:    602 327 473 219 337 613 591 
stack 48:    716 156 544 532 564 603 557 
stack 49:    722 372 256 653 152 261 471 
stack 50:    662 696 484 129 675 622 637 
stack 51:    96 626 643 599 228 518 80 
stack 52:    457 614 318 128 478 581 174 
stack 53:    646 445 433 236 121 709 141 
stack 54:    441 673 357 539 745 126 559 
stack 55:    170 93 524 650 124 148 483 
stack 56:    114 99 90 447 293 149 291 
stack 57:    470 59 596 461 131 704 186 
stack 58:    452 611 237 455 110 353 76 
stack 59:    84 714 713 597 588 527 531 
stack 60:    592 75 87 86 568 132 632 
stack 61:    230 515 463 732 623 313 324 
stack 62:    159 225 660 604 701 686 364 
stack 63:    133 742 574 216 184 537 144 
stack 64:    287 737 111 98 480 657 444 
stack 65:    375 
stack 66:    376 
stack 67:    377 2 
stack 68:    378 379 
stack 69:    4 
stack 70:    380 
stack 71:    6 
stack 72:    382 
stack 73:    383 8 
stack 74:    384 
stack 75:    10 385 
stack 76:    11 
stack 77:    392 
stack 78:    352 16 705 14 278 388 654 
stack 79:    533 15 137 465 635 389 749 
stack 80:    396 399 266 201 412 281 670 
stack 81:    222 361 43 391 708 199 394 
stack 82:    453 23 356 304 346 639 332 
stack 83:    22 619 362 688 514 351 393 
stack 84:    621 400 29 273 28 20 331 
stack 85:    205 651 499 628 545 25 160 
stack 86:    204 458 101 415 206 312 326 
stack 87:    601 263 460 50 31 183 82 
stack 88:    61 143 504 661 245 398 235 
stack 89:    711 81 308 492 55 34 252 
stack 90:    316 410 275 27 140 163 295 
stack 91:    422 417 182 39 253 498 528 
stack 92:    413 598 173 330 431 32 731 
stack 93:    667 440 506 286 439 645 202 
stack 94:    562 712 78 567 264 294 119 
stack 95:    448 548 360 290 342 416 344 
stack 96:    738 234 735 153 259 123 53 
stack 97:    553 607 679 283 147 224 320 
stack 98:    71 117 155 203 72 66 125 
stack 99:    158 321 296 472 328 62 368 
stack 100:    369 644 97 721 36 73 469 
stack 101:    577 244 569 563 301 41 631 
stack 102:    584 207 339 255 674 542 272 
stack 103:    57 534 743 522 371 42 451 
stack 104:    580 343 585 615 319 690 671 
stack 105:    678 161 495 684 254 280 526 
stack 106:    329 523 727 728 165 595 587 
stack 107:    689 198 446 541 374 420 223 
stack 108:    92 322 462 185 418 229 710 
stack 109:    188 145 95 578 200 734 736 
stack 110:    677 303 105 669 85 658 310 
stack 111:    629 511 665 106 715 195 579 
stack 112:    52 354 570 307 512 594 555 
stack 113:    485 191 68 530 659 672 450 
stack 114:    333 345 150 146 79 51 508 
stack 115:    102 63 583 741 600 142 334 
stack 116:    638 171 543 529 430 365 211 
stack 117:    572 565 177 494 298 693 268 
stack 118:    477 435 699 525 566 197 538 
stack 119:    717 503 270 164 434 500 116 
stack 120:    58 501 656 284 509 91 437 
stack 121:    136 166 120 194 706 239 363 
stack 122:    94 586 642 338 341 366 608 
stack 123:    519 271 231 582 748 217 274 
stack 124:    493 648 292 535 358 490 618 
stack 125:    513 302 108 666 521 739 516 
stack 126:    505 118 215 162 640 510 172 
stack 127:    212 723 348 695 169 336 305 
stack 128:    551 454 481 733 107 279 680 
stack 129:    702 589 276 83 335 467 692 
