lower bound for relaxed s_ij: 692239.96

#####################################################

solved with: SP.mip_formulations.BinPackingFormulation
time limit: 3600.0 s
time to solve: 2229,40 s
objective value: 692244.84

stacks (top to bottom):
stack 0:    375 0 
stack 1:    1 
stack 2:    
stack 3:    4 
stack 4:    380 
stack 5:    5 
stack 6:    
stack 7:    382 
stack 8:    
stack 9:    
stack 10:    385 
stack 11:    11 
stack 12:    
stack 13:    568 456 97 
stack 14:    483 661 694 639 389 599 200 
stack 15:    578 15 357 74 268 374 273 
stack 16:    260 476 164 249 636 613 151 
stack 17:    724 567 528 732 17 92 288 
stack 18:    579 18 734 373 345 311 189 
stack 19:    719 520 583 223 76 635 253 
stack 20:    642 580 173 255 643 120 499 
stack 21:    306 510 709 463 332 315 455 
stack 22:    22 308 172 365 279 452 336 
stack 23:    645 204 154 398 106 673 337 
stack 24:    466 523 582 414 63 65 653 
stack 25:    400 576 93 136 88 112 68 
stack 26:    663 738 219 162 442 110 40 
stack 27:    27 535 153 139 517 228 366 
stack 28:    403 206 710 672 547 115 265 
stack 29:    727 525 109 99 437 140 64 
stack 30:    621 736 181 31 129 471 495 
stack 31:    692 546 486 371 262 233 103 
stack 32:    202 494 147 666 251 130 209 
stack 33:    341 36 184 497 105 618 280 
stack 34:    157 554 481 619 536 545 409 
stack 35:    749 212 370 537 182 176 248 
stack 36:    257 633 480 309 534 353 491 
stack 37:    222 412 37 565 543 346 301 
stack 38:    533 656 602 183 166 500 413 
stack 39:    704 553 588 448 354 294 339 
stack 40:    735 364 239 585 566 457 573 
stack 41:    539 285 708 702 676 529 368 
stack 42:    216 624 685 211 677 747 418 
stack 43:    71 78 728 478 175 634 242 
stack 44:    718 214 611 574 746 733 272 
stack 45:    684 647 45 344 675 108 317 
stack 46:    739 70 632 622 234 75 695 
stack 47:    250 665 422 713 652 59 597 
stack 48:    706 689 508 300 186 145 701 
stack 49:    363 342 682 340 195 472 143 
stack 50:    604 596 331 258 81 245 179 
stack 51:    122 51 667 748 133 330 696 
stack 52:    98 169 168 52 470 261 165 
stack 53:    428 680 577 240 544 492 281 
stack 54:    270 243 210 218 128 740 177 
stack 55:    94 96 475 226 439 232 221 
stack 56:    570 320 111 347 581 349 446 
stack 57:    72 644 85 720 516 473 123 
stack 58:    465 445 355 726 681 171 372 
stack 59:    714 591 335 79 66 290 319 
stack 60:    142 333 101 77 324 227 343 
stack 61:    530 723 444 295 207 144 361 
stack 62:    107 150 660 745 606 351 703 
stack 63:    278 180 131 170 298 114 87 
stack 64:    691 287 284 67 658 274 504 
stack 65:    
stack 66:    376 
stack 67:    377 2 
stack 68:    3 378 
stack 69:    379 
stack 70:    
stack 71:    6 381 
stack 72:    7 
stack 73:    8 383 
stack 74:    384 9 
stack 75:    10 
stack 76:    386 
stack 77:    12 387 
stack 78:    163 707 725 743 640 13 388 
stack 79:    292 648 522 352 215 14 469 
stack 80:    390 449 608 190 124 563 443 
stack 81:    244 722 549 296 307 391 16 
stack 82:    453 527 637 482 196 690 392 
stack 83:    393 513 562 329 293 203 650 
stack 84:    19 121 117 86 90 20 394 
stack 85:    156 304 498 266 687 556 395 
stack 86:    21 396 557 474 338 323 631 
stack 87:    89 277 651 490 259 241 397 
stack 88:    231 705 191 58 679 23 561 
stack 89:    488 24 441 683 693 399 25 
stack 90:    104 132 625 198 305 185 314 
stack 91:    350 458 235 401 313 26 638 
stack 92:    326 322 402 615 571 542 256 
stack 93:    155 334 487 217 174 119 28 
stack 94:    404 721 502 671 519 493 29 
stack 95:    609 592 405 30 699 729 100 
stack 96:    369 628 188 669 220 406 213 
stack 97:    407 496 197 82 299 518 32 
stack 98:    33 623 744 627 572 532 408 
stack 99:    321 126 208 612 436 674 34 
stack 100:    558 538 526 247 35 548 410 
stack 101:    411 91 83 668 451 113 531 
stack 102:    267 646 468 421 269 127 484 
stack 103:    38 593 461 312 282 39 118 
stack 104:    148 141 589 512 595 741 358 
stack 105:    415 416 84 462 224 102 238 
stack 106:    41 655 501 654 199 700 698 
stack 107:    263 42 417 264 541 594 192 
stack 108:    43 659 551 731 310 73 95 
stack 109:    419 44 678 686 291 711 158 
stack 110:    420 511 318 80 367 325 237 
stack 111:    584 489 46 201 328 286 587 
stack 112:    447 586 230 47 515 620 146 
stack 113:    485 167 49 48 521 507 423 
stack 114:    575 134 424 559 616 524 664 
stack 115:    614 316 555 425 509 348 50 
stack 116:    564 53 426 236 283 137 540 
stack 117:    271 159 560 138 514 603 427 
stack 118:    662 742 362 327 477 54 360 
stack 119:    225 160 302 303 152 459 429 
stack 120:    626 297 629 430 69 55 454 
stack 121:    135 688 254 431 187 229 56 
stack 122:    252 57 590 730 460 505 432 
stack 123:    600 506 610 149 433 205 716 
stack 124:    552 438 641 697 434 569 246 
stack 125:    467 435 116 440 359 479 60 
stack 126:    194 356 161 550 630 193 61 
stack 127:    717 275 62 737 617 289 598 
stack 128:    715 670 276 125 712 657 450 
stack 129:    649 607 503 464 178 605 601 

#####################################################

solved with: SP.constructive_heuristics.GeneralHeuristic
time limit: 3600.0 s
time to solve: 0,00 s
objective value: 752630.49

stacks (top to bottom):
stack 0:    214 667 232 291 309 274 594 
stack 1:    647 315 49 42 255 373 330 
stack 2:    135 197 709 164 7 2 703 
stack 3:    684 551 220 105 245 13 189 
stack 4:    292 447 749 728 300 544 337 
stack 5:    43 453 416 657 397 264 317 
stack 6:    223 496 235 732 685 434 366 
stack 7:    86 582 414 682 92 88 279 
stack 8:    260 659 206 708 731 185 542 
stack 9:    742 104 363 611 310 368 319 
stack 10:    539 518 23 16 460 710 365 
stack 11:    183 502 402 331 305 410 25 
stack 12:    8 210 651 457 492 145 573 
stack 13:    584 167 11 596 173 87 60 
stack 14:    393 526 422 481 676 323 540 
stack 15:    488 257 98 441 470 652 734 
stack 16:    458 405 217 683 374 672 325 
stack 17:    244 62 207 531 484 213 701 
stack 18:    444 194 302 668 340 677 301 
stack 19:    407 379 45 359 143 383 491 
stack 20:    263 321 482 181 332 162 59 
stack 21:    36 184 324 455 418 190 339 
stack 22:    485 714 744 595 741 358 289 
stack 23:    656 655 424 433 129 176 95 
stack 24:    520 642 27 644 497 165 349 
stack 25:    275 649 243 159 401 224 281 
stack 26:    621 307 70 552 421 468 28 
stack 27:    96 602 215 58 30 308 228 
stack 28:    719 628 149 204 633 381 124 
stack 29:    428 51 35 564 748 563 100 
stack 30:    704 607 218 449 338 318 452 
stack 31:    304 724 692 712 515 177 664 
stack 32:    122 688 736 560 360 356 39 
stack 33:    478 113 205 152 556 203 711 
stack 34:    575 735 303 440 97 80 511 
stack 35:    510 623 572 69 619 713 427 
stack 36:    670 726 509 643 517 507 5 
stack 37:    533 739 84 586 186 138 115 
stack 38:    10 22 430 81 534 387 599 
stack 39:    465 707 142 299 187 630 114 
stack 40:    254 576 535 172 286 56 613 
stack 41:    89 589 12 328 499 524 729 
stack 42:    419 54 131 500 675 617 29 
stack 43:    250 126 335 690 516 606 446 
stack 44:    94 386 109 37 93 246 495 
stack 45:    71 178 740 537 638 746 34 
stack 46:    141 645 702 743 745 168 674 
stack 47:    506 295 144 635 20 620 256 
stack 48:    610 555 435 268 505 608 395 
stack 49:    717 276 689 230 267 32 541 
stack 50:    111 85 396 663 738 258 130 
stack 51:    148 41 705 391 392 40 394 
stack 52:    461 180 622 282 380 493 469 
stack 53:    202 498 241 174 17 136 408 
stack 54:    350 466 464 543 63 388 423 
stack 55:    718 285 150 660 280 314 290 
stack 56:    157 694 720 123 110 699 454 
stack 57:    225 580 346 293 557 399 272 
stack 58:    385 121 117 266 313 9 372 
stack 59:    216 170 103 654 248 432 265 
stack 60:    579 384 140 127 514 532 68 
stack 61:    362 44 166 590 297 153 693 
stack 62:    632 697 472 120 479 353 345 
stack 63:    6 501 75 398 521 382 238 
stack 64:    404 322 658 730 725 554 442 
stack 65:    18 347 73 209 650 673 367 
stack 66:    277 723 546 486 253 106 547 
stack 67:    3 188 625 476 686 133 443 
stack 68:    680 211 116 605 569 687 294 
stack 69:    78 487 523 161 46 615 151 
stack 70:    320 1 154 52 473 55 545 
stack 71:    278 438 83 477 199 361 598 
stack 72:    570 169 591 420 66 137 601 
stack 73:    327 134 191 101 139 588 747 
stack 74:    287 567 378 559 65 603 192 
stack 75:    57 208 475 357 513 196 640 
stack 76:    415 76 284 604 721 612 283 
stack 77:    312 412 593 451 242 50 429 
stack 78:    522 99 550 182 348 565 636 
stack 79:    411 431 333 629 61 733 561 
stack 80:    316 678 439 426 536 179 336 
stack 81:    715 306 239 259 700 118 112 
stack 82:    15 355 334 585 681 737 631 
stack 83:    527 609 193 448 671 229 695 
stack 84:    156 160 503 262 566 146 698 
stack 85:    375 400 494 637 195 298 571 
stack 86:    231 72 251 618 351 389 597 
stack 87:    377 626 21 79 639 436 529 
stack 88:    4 662 483 175 679 273 519 
stack 89:    691 222 271 508 344 64 269 
stack 90:    163 578 456 82 147 354 471 
stack 91:    19 538 247 666 236 504 696 
stack 92:    467 568 525 490 31 459 201 
stack 93:    212 270 624 641 413 171 108 
stack 94:    549 528 67 425 227 0 237 
stack 95:    489 376 403 665 288 574 474 
stack 96:    445 296 342 198 24 221 581 
stack 97:    352 648 463 226 119 406 587 
stack 98:    727 530 125 706 233 646 14 
stack 99:    326 614 558 548 53 311 200 
stack 100:    252 369 722 583 364 102 462 
stack 101:    33 600 553 234 90 417 450 
stack 102:    390 437 329 716 158 616 409 
stack 103:    38 592 661 480 219 261 
stack 104:    341 132 77 669 512 627 653 
stack 105:    107 74 343 
stack 106:    47 371 634 
stack 107:    155 91 240 48 26 
stack 108:    128 249 562 
stack 109:    370 577 
stack 110:    
stack 111:    
stack 112:    
stack 113:    
stack 114:    
stack 115:    
stack 116:    
stack 117:    
stack 118:    
stack 119:    
stack 120:    
stack 121:    
stack 122:    
stack 123:    
stack 124:    
stack 125:    
stack 126:    
stack 127:    
stack 128:    
stack 129:    
