solved with: SP.post_optimization_methods.TabuSearch
time limit: 3600.0 s
time to solve: 751,16 s
objective value: 692236.34

stacks (top to bottom):
stack 0:    0 
stack 1:    
stack 2:    2 
stack 3:    378 
stack 4:    379 
stack 5:    
stack 6:    6 
stack 7:    382 
stack 8:    8 
stack 9:    
stack 10:    
stack 11:    11 
stack 12:    
stack 13:    13 389 14 
stack 14:    25 439 130 80 69 521 533 
stack 15:    393 391 404 45 23 20 644 
stack 16:    395 406 663 166 18 399 419 
stack 17:    397 139 30 546 297 698 695 
stack 18:    557 428 683 680 41 726 214 
stack 19:    420 127 332 356 212 27 367 
stack 20:    38 411 106 396 590 240 579 
stack 21:    39 703 401 298 167 32 88 
stack 22:    33 252 563 276 36 429 256 
stack 23:    317 398 694 649 467 107 730 
stack 24:    129 267 63 134 147 528 169 
stack 25:    128 643 568 556 741 506 682 
stack 26:    193 416 92 466 372 28 235 
stack 27:    50 81 47 679 215 249 459 
stack 28:    666 35 405 525 413 708 630 
stack 29:    244 564 518 715 684 685 213 
stack 30:    529 138 143 625 43 309 670 
stack 31:    197 37 189 407 472 98 223 
stack 32:    620 667 87 692 538 532 283 
stack 33:    121 246 513 62 228 605 56 
stack 34:    342 548 226 585 412 307 484 
stack 35:    716 410 142 567 231 125 42 
stack 36:    604 434 174 131 686 671 425 
stack 37:    337 181 650 149 170 368 122 
stack 38:    638 575 631 242 211 313 258 
stack 39:    574 662 642 195 40 476 540 
stack 40:    537 641 316 443 724 701 176 
stack 41:    279 99 658 52 453 360 608 
stack 42:    445 53 665 296 417 424 526 
stack 43:    457 594 696 422 48 259 489 
stack 44:    603 120 488 71 177 312 602 
stack 45:    554 156 471 281 728 607 719 
stack 46:    365 343 597 315 319 482 601 
stack 47:    118 723 454 681 452 589 289 
stack 48:    51 712 551 722 591 222 220 
stack 49:    49 559 583 341 588 339 54 
stack 50:    432 426 721 549 233 140 738 
stack 51:    552 163 351 493 462 693 450 
stack 52:    61 502 265 707 651 321 740 
stack 53:    150 495 633 742 596 257 561 
stack 54:    507 566 619 186 79 232 632 
stack 55:    104 126 75 334 710 560 157 
stack 56:    636 672 613 205 254 615 474 
stack 57:    123 500 132 463 175 523 93 
stack 58:    547 105 705 697 153 570 60 
stack 59:    77 675 717 285 206 338 473 
stack 60:    655 204 438 541 451 483 352 
stack 61:    144 731 522 519 294 78 135 
stack 62:    629 358 621 480 739 745 689 
stack 63:    498 67 656 654 702 491 735 
stack 64:    706 628 66 272 108 581 270 
stack 65:    375 
stack 66:    376 1 
stack 67:    377 
stack 68:    
stack 69:    3 4 
stack 70:    5 380 
stack 71:    381 
stack 72:    7 
stack 73:    383 
stack 74:    9 384 
stack 75:    385 10 
stack 76:    386 
stack 77:    12 387 
stack 78:    388 499 727 17 394 194 374 
stack 79:    16 24 15 190 26 183 713 
stack 80:    623 320 64 390 133 260 635 
stack 81:    146 284 403 400 392 490 497 
stack 82:    31 210 22 587 744 19 617 
stack 83:    612 402 113 303 21 161 347 
stack 84:    29 306 96 152 611 165 646 
stack 85:    290 237 100 573 325 714 184 
stack 86:    510 676 295 248 299 669 469 
stack 87:    57 652 440 97 168 414 373 
stack 88:    198 627 435 415 690 479 520 
stack 89:    308 458 610 273 599 245 271 
stack 90:    433 95 461 593 137 732 70 
stack 91:    218 247 673 449 465 229 301 
stack 92:    361 353 572 441 370 291 481 
stack 93:    535 616 544 164 359 511 329 
stack 94:    85 657 595 55 446 345 699 
stack 95:    221 687 737 545 409 91 430 
stack 96:    238 408 363 94 65 640 202 
stack 97:    688 44 178 72 418 543 634 
stack 98:    83 344 326 584 664 711 580 
stack 99:    185 292 437 720 112 34 504 
stack 100:    101 369 555 224 618 475 444 
stack 101:    239 46 293 350 305 427 653 
stack 102:    278 553 678 478 68 199 586 
stack 103:    496 592 677 354 534 536 288 
stack 104:    598 524 262 114 505 58 477 
stack 105:    423 501 145 76 111 562 160 
stack 106:    455 124 550 660 234 90 609 
stack 107:    606 335 527 188 704 225 516 
stack 108:    331 436 515 263 421 700 148 
stack 109:    366 115 209 110 243 600 217 
stack 110:    348 73 59 187 324 207 277 
stack 111:    89 582 503 74 253 729 648 
stack 112:    311 577 268 725 84 261 456 
stack 113:    119 103 287 179 264 431 486 
stack 114:    734 645 485 282 470 514 709 
stack 115:    182 558 266 637 203 318 280 
stack 116:    691 154 117 647 622 201 747 
stack 117:    219 314 310 508 746 442 492 
stack 118:    141 565 674 109 464 624 230 
stack 119:    180 191 659 192 748 328 749 
stack 120:    251 487 346 151 539 614 236 
stack 121:    569 302 136 208 86 512 274 
stack 122:    531 216 173 576 275 269 162 
stack 123:    639 668 102 82 159 304 340 
stack 124:    733 323 371 718 468 355 227 
stack 125:    250 364 626 158 327 172 571 
stack 126:    447 509 530 448 155 736 330 
stack 127:    333 661 517 349 743 196 200 
stack 128:    116 460 336 542 578 322 286 
stack 129:    357 494 362 255 241 171 300 

#####################################################

solved with: SP.post_optimization_methods.HillClimbing
time limit: 3600.0 s
time to solve: 290,41 s
objective value: 692239.96

stacks (top to bottom):
stack 0:    0 
stack 1:    
stack 2:    2 
stack 3:    378 
stack 4:    4 
stack 5:    
stack 6:    6 
stack 7:    382 
stack 8:    8 
stack 9:    
stack 10:    
stack 11:    11 
stack 12:    
stack 13:    13 389 
stack 14:    218 130 402 534 203 394 485 
stack 15:    24 442 26 480 514 18 570 
stack 16:    31 369 100 542 395 140 505 
stack 17:    544 35 707 147 330 280 492 
stack 18:    552 441 582 686 21 324 20 
stack 19:    604 398 164 89 55 42 241 
stack 20:    22 126 199 589 340 229 157 
stack 21:    333 397 531 454 102 91 153 
stack 22:    33 499 36 631 159 561 701 
stack 23:    457 727 679 660 463 506 230 
stack 24:    716 29 298 233 112 680 202 
stack 25:    696 359 464 724 450 309 194 
stack 26:    447 606 667 155 27 213 347 
stack 27:    180 694 295 59 232 211 235 
stack 28:    361 308 530 567 272 685 225 
stack 29:    119 348 593 291 416 519 305 
stack 30:    57 95 652 97 47 739 374 
stack 31:    675 292 408 99 435 663 431 
stack 32:    495 643 409 698 725 258 456 
stack 33:    342 629 621 40 201 671 271 
stack 34:    311 535 517 607 467 98 259 
stack 35:    731 154 336 448 641 162 634 
stack 36:    50 636 267 44 371 72 56 
stack 37:    688 337 106 746 645 288 313 
stack 38:    237 487 142 224 665 70 417 
stack 39:    676 113 349 253 177 207 236 
stack 40:    125 285 640 704 468 540 171 
stack 41:    356 628 143 512 273 479 580 
stack 42:    144 633 319 287 710 296 614 
stack 43:    331 677 246 43 206 462 360 
stack 44:    123 101 553 315 220 624 644 
stack 45:    141 185 529 120 647 370 281 
stack 46:    715 137 637 678 440 422 452 
stack 47:    366 354 158 187 52 183 560 
stack 48:    173 566 494 84 297 217 632 
stack 49:    136 458 598 599 702 152 486 
stack 50:    150 265 63 73 700 430 481 
stack 51:    238 572 513 493 53 195 601 
stack 52:    118 108 303 92 78 321 444 
stack 53:    577 268 723 545 568 304 176 
stack 54:    182 284 437 66 683 611 58 
stack 55:    569 302 539 111 474 520 148 
stack 56:    455 500 592 124 179 264 289 
stack 57:    335 85 351 358 690 488 196 
stack 58:    191 210 547 742 362 318 175 
stack 59:    691 343 619 255 525 476 699 
stack 60:    314 597 613 316 62 74 482 
stack 61:    620 325 732 650 615 622 184 
stack 62:    554 583 642 293 346 96 735 
stack 63:    332 127 156 86 654 656 533 
stack 64:    178 310 718 670 161 135 738 
stack 65:    375 
stack 66:    376 1 
stack 67:    377 
stack 68:    
stack 69:    3 379 
stack 70:    5 380 
stack 71:    381 
stack 72:    7 
stack 73:    383 
stack 74:    9 384 
stack 75:    385 10 
stack 76:    386 
stack 77:    12 15 387 
stack 78:    388 391 591 617 110 299 122 
stack 79:    181 522 405 45 28 14 256 
stack 80:    661 16 687 737 390 17 260 
stack 81:    564 555 400 406 392 610 352 
stack 82:    426 612 393 134 234 600 635 
stack 83:    103 19 396 269 23 373 399 
stack 84:    51 434 616 404 222 550 466 
stack 85:    433 46 674 109 32 307 214 
stack 86:    420 146 410 208 549 491 438 
stack 87:    706 116 736 65 714 729 743 
stack 88:    275 673 30 449 82 328 425 
stack 89:    587 25 594 75 414 257 424 
stack 90:    557 423 401 578 322 521 477 
stack 91:    38 163 403 627 41 412 630 
stack 92:    445 721 471 657 87 692 283 
stack 93:    138 251 121 618 170 190 367 
stack 94:    132 215 413 669 169 419 60 
stack 95:    734 212 254 69 71 249 689 
stack 96:    39 34 37 407 54 451 730 
stack 97:    638 507 115 209 681 90 596 
stack 98:    344 239 496 684 626 515 243 
stack 99:    326 81 48 168 372 609 429 
stack 100:    411 575 320 741 556 695 586 
stack 101:    502 219 67 460 655 262 475 
stack 102:    501 279 625 363 719 418 526 
stack 103:    221 563 421 705 465 277 227 
stack 104:    129 712 197 720 151 338 646 
stack 105:    61 565 353 584 415 562 301 
stack 106:    117 461 174 651 748 697 608 
stack 107:    510 252 508 186 200 261 300 
stack 108:    83 672 666 205 266 334 653 
stack 109:    49 128 188 443 511 708 489 
stack 110:    576 139 276 546 242 713 602 
stack 111:    357 623 247 64 668 133 682 
stack 112:    559 80 728 503 664 532 605 
stack 113:    573 717 341 76 204 167 459 
stack 114:    364 94 581 294 648 427 93 
stack 115:    432 551 527 160 649 165 483 
stack 116:    365 244 428 145 274 245 270 
stack 117:    498 192 263 436 523 579 107 
stack 118:    77 733 248 68 536 590 740 
stack 119:    278 439 744 131 693 528 223 
stack 120:    518 497 504 541 711 749 747 
stack 121:    104 722 250 350 339 543 469 
stack 122:    639 216 193 659 172 79 709 
stack 123:    317 574 703 114 726 88 473 
stack 124:    509 548 198 323 228 345 355 
stack 125:    290 306 524 189 472 585 286 
stack 126:    558 662 603 231 588 516 329 
stack 127:    595 490 538 658 368 745 484 
stack 128:    537 226 149 446 166 453 470 
stack 129:    478 327 105 571 240 312 282 
