solved with: SP.post_optimization_methods.TabuSearch
time limit: 3600.0 s
time to solve: 472,63 s
objective value: 692256.96

stacks (top to bottom):
stack 0:    375 
stack 1:    
stack 2:    2 
stack 3:    
stack 4:    4 380 
stack 5:    5 
stack 6:    
stack 7:    
stack 8:    8 
stack 9:    384 
stack 10:    10 
stack 11:    11 
stack 12:    12 
stack 13:    661 388 
stack 14:    411 148 275 206 392 64 15 
stack 15:    730 639 272 531 398 271 150 
stack 16:    68 38 16 23 422 707 513 
stack 17:    260 17 393 395 449 415 451 
stack 18:    139 26 27 49 548 418 245 
stack 19:    485 397 492 635 307 21 19 
stack 20:    22 50 737 609 677 29 177 
stack 21:    733 78 508 334 333 512 94 
stack 22:    410 223 673 611 327 668 287 
stack 23:    171 660 34 297 95 211 28 
stack 24:    542 276 110 357 620 400 515 
stack 25:    738 691 97 644 187 92 703 
stack 26:    653 549 163 55 614 310 346 
stack 27:    695 528 149 628 96 262 414 
stack 28:    473 195 420 591 547 75 31 
stack 29:    616 296 721 186 294 678 35 
stack 30:    45 157 322 553 430 615 36 
stack 31:    423 54 514 533 308 624 48 
stack 32:    33 44 88 360 426 569 164 
stack 33:    427 77 178 496 226 504 284 
stack 34:    557 589 652 597 728 254 80 
stack 35:    425 368 522 59 348 495 191 
stack 36:    155 121 128 562 475 40 725 
stack 37:    84 221 667 241 435 345 89 
stack 38:    623 81 643 86 180 424 104 
stack 39:    446 46 419 637 286 306 739 
stack 40:    82 192 570 336 335 697 53 
stack 41:    567 318 536 326 141 285 575 
stack 42:    362 366 130 174 622 151 371 
stack 43:    478 365 329 729 330 556 363 
stack 44:    465 161 662 340 165 608 214 
stack 45:    90 636 432 500 642 585 227 
stack 46:    147 605 428 258 558 69 370 
stack 47:    193 581 61 298 630 726 718 
stack 48:    72 656 539 561 505 717 131 
stack 49:    280 499 731 189 305 645 740 
stack 50:    266 577 364 511 313 714 152 
stack 51:    490 279 202 669 442 576 510 
stack 52:    641 321 461 682 429 140 486 
stack 53:    680 625 369 325 749 626 452 
stack 54:    476 184 571 439 541 732 114 
stack 55:    264 722 711 699 702 144 166 
stack 56:    468 299 67 526 337 331 532 
stack 57:    657 674 708 448 716 232 587 
stack 58:    454 220 205 58 720 602 497 
stack 59:    85 229 437 181 231 727 534 
stack 60:    487 619 332 507 160 243 715 
stack 61:    466 724 339 204 99 445 700 
stack 62:    679 228 481 300 355 453 136 
stack 63:    153 71 573 100 509 292 225 
stack 64:    73 659 574 252 633 125 201 
stack 65:    0 1 
stack 66:    376 
stack 67:    377 
stack 68:    3 
stack 69:    379 378 
stack 70:    
stack 71:    381 6 
stack 72:    382 7 
stack 73:    383 
stack 74:    9 
stack 75:    385 
stack 76:    386 
stack 77:    387 389 
stack 78:    172 399 293 13 391 617 124 
stack 79:    14 87 555 503 30 244 118 
stack 80:    580 194 273 484 390 416 261 
stack 81:    396 736 407 18 42 600 185 
stack 82:    41 403 270 312 20 349 24 
stack 83:    394 175 456 117 693 595 450 
stack 84:    685 263 554 651 401 133 196 
stack 85:    257 25 565 666 239 406 546 
stack 86:    315 236 524 408 402 374 344 
stack 87:    132 162 550 404 506 601 347 
stack 88:    563 37 590 544 627 709 246 
stack 89:    230 470 744 463 692 734 350 
stack 90:    748 274 222 519 372 39 283 
stack 91:    267 47 328 373 137 237 592 
stack 92:    421 654 353 317 438 472 467 
stack 93:    409 610 170 219 101 112 405 
stack 94:    259 681 741 613 527 607 516 
stack 95:    559 119 143 167 719 629 32 
stack 96:    215 646 443 523 343 665 116 
stack 97:    320 612 568 675 168 43 412 
stack 98:    462 588 694 213 66 361 278 
stack 99:    501 289 594 578 70 683 359 
stack 100:    207 447 83 455 352 417 238 
stack 101:    648 51 572 560 183 156 304 
stack 102:    129 135 491 356 56 723 502 
stack 103:    107 413 351 158 712 233 584 
stack 104:    746 489 621 480 316 269 113 
stack 105:    537 212 358 564 218 367 552 
stack 106:    706 529 647 543 134 142 482 
stack 107:    145 188 123 52 342 689 138 
stack 108:    649 579 314 634 686 198 224 
stack 109:    477 146 109 458 483 638 471 
stack 110:    200 288 354 182 290 208 434 
stack 111:    599 687 459 197 216 248 663 
stack 112:    586 704 735 582 606 583 479 
stack 113:    76 688 179 705 566 154 742 
stack 114:    120 433 282 431 91 103 301 
stack 115:    469 474 713 517 251 302 62 
stack 116:    603 518 460 655 111 676 596 
stack 117:    126 701 295 98 441 690 525 
stack 118:    199 604 209 235 108 671 63 
stack 119:    106 745 618 493 551 341 698 
stack 120:    242 664 127 323 488 303 176 
stack 121:    268 658 255 545 281 57 535 
stack 122:    650 122 520 65 464 672 743 
stack 123:    436 538 210 190 79 498 253 
stack 124:    60 670 203 277 747 632 105 
stack 125:    338 159 234 311 444 74 217 
stack 126:    93 169 684 521 256 710 593 
stack 127:    115 696 457 324 249 102 530 
stack 128:    173 291 640 440 309 540 494 
stack 129:    250 265 240 247 319 631 598 

#####################################################

solved with: SP.post_optimization_methods.HillClimbing
time limit: 3600.0 s
time to solve: 260,36 s
objective value: 692253.34

stacks (top to bottom):
stack 0:    375 
stack 1:    
stack 2:    2 
stack 3:    
stack 4:    4 380 
stack 5:    5 
stack 6:    
stack 7:    
stack 8:    8 
stack 9:    384 
stack 10:    10 
stack 11:    11 
stack 12:    12 
stack 13:    670 388 635 
stack 14:    83 20 15 569 43 105 608 
stack 15:    260 222 162 728 527 391 284 
stack 16:    599 396 296 636 16 23 18 
stack 17:    427 320 312 627 341 513 53 
stack 18:    410 549 660 52 79 246 615 
stack 19:    172 188 117 295 576 334 546 
stack 20:    87 159 572 609 442 39 418 
stack 21:    730 574 398 25 565 535 104 
stack 22:    145 107 26 216 131 734 494 
stack 23:    167 699 221 508 505 617 201 
stack 24:    590 515 374 521 665 24 114 
stack 25:    738 90 59 613 56 304 29 
stack 26:    173 279 440 651 150 36 191 
stack 27:    529 27 677 558 417 723 224 
stack 28:    748 65 506 251 740 422 28 
stack 29:    420 408 344 256 732 545 606 
stack 30:    656 197 30 233 556 512 415 
stack 31:    701 194 242 684 721 373 430 
stack 32:    711 733 514 186 134 700 479 
stack 33:    46 314 34 643 364 678 668 
stack 34:    139 570 528 96 66 49 217 
stack 35:    37 421 47 553 127 538 496 
stack 36:    473 184 250 566 737 435 244 
stack 37:    100 325 626 743 232 370 74 
stack 38:    478 696 157 639 741 727 301 
stack 39:    625 555 193 358 564 61 726 
stack 40:    123 694 517 302 62 103 180 
stack 41:    132 648 274 470 654 455 269 
stack 42:    649 460 518 523 281 243 502 
stack 43:    129 469 661 647 691 607 307 
stack 44:    610 484 353 231 208 99 141 
stack 45:    501 712 581 663 311 363 214 
stack 46:    354 591 228 290 541 710 631 
stack 47:    366 567 318 120 493 536 426 
stack 48:    522 328 673 543 63 245 113 
stack 49:    706 646 746 357 207 189 92 
stack 50:    153 122 286 533 497 598 177 
stack 51:    76 220 252 693 340 265 483 
stack 52:    230 171 276 110 679 235 165 
stack 53:    215 273 618 463 438 445 596 
stack 54:    582 93 664 108 204 326 707 
stack 55:    146 324 713 213 718 138 118 
stack 56:    616 147 163 686 64 671 227 
stack 57:    126 589 77 70 669 716 140 
stack 58:    685 465 456 149 258 560 690 
stack 59:    477 637 641 464 89 335 697 
stack 60:    454 485 101 322 339 305 645 
stack 61:    687 640 578 356 629 183 69 
stack 62:    362 657 550 457 178 702 116 
stack 63:    329 369 309 292 509 452 238 
stack 64:    82 653 537 72 71 80 176 
stack 65:    0 1 
stack 66:    376 
stack 67:    378 377 
stack 68:    3 
stack 69:    379 
stack 70:    
stack 71:    381 6 
stack 72:    7 382 
stack 73:    383 
stack 74:    9 
stack 75:    385 
stack 76:    386 
stack 77:    387 
stack 78:    399 50 17 531 13 254 389 
stack 79:    588 291 14 573 503 241 717 
stack 80:    155 745 390 392 209 400 168 
stack 81:    297 397 38 393 516 19 21 
stack 82:    586 704 403 349 601 313 239 
stack 83:    394 520 595 461 450 225 32 
stack 84:    22 109 554 395 401 624 600 
stack 85:    411 128 433 432 611 534 31 
stack 86:    229 199 547 402 303 434 530 
stack 87:    338 266 55 306 327 500 319 
stack 88:    736 259 289 407 429 406 414 
stack 89:    41 437 33 332 614 532 152 
stack 90:    267 475 361 196 342 510 552 
stack 91:    45 688 539 749 458 548 638 
stack 92:    466 181 44 436 40 35 714 
stack 93:    315 112 634 612 81 86 405 
stack 94:    409 446 404 428 271 644 622 
stack 95:    557 257 346 137 316 237 689 
stack 96:    264 200 604 169 481 337 453 
stack 97:    60 563 148 724 343 206 676 
stack 98:    542 198 91 95 249 42 592 
stack 99:    270 507 130 495 511 424 471 
stack 100:    571 88 416 360 75 488 412 
stack 101:    722 674 692 185 504 486 253 
stack 102:    559 212 695 413 351 298 584 
stack 103:    195 655 111 261 57 359 451 
stack 104:    161 205 448 58 602 720 666 
stack 105:    487 121 317 294 472 467 218 
stack 106:    419 115 203 491 51 321 282 
stack 107:    219 423 263 156 682 587 102 
stack 108:    623 73 681 633 336 519 441 
stack 109:    735 182 323 431 352 285 585 
stack 110:    365 459 192 708 683 672 525 
stack 111:    368 659 705 747 308 739 350 
stack 112:    425 605 492 211 48 262 287 
stack 113:    474 68 272 719 561 133 278 
stack 114:    580 236 577 489 562 480 187 
stack 115:    179 154 632 240 742 144 226 
stack 116:    476 54 67 619 310 124 367 
stack 117:    280 443 331 731 675 347 575 
stack 118:    620 499 524 300 439 255 583 
stack 119:    603 544 447 744 621 449 703 
stack 120:    462 680 158 330 333 94 498 
stack 121:    299 650 277 630 248 283 444 
stack 122:    85 658 526 551 160 642 593 
stack 123:    170 268 468 135 78 628 725 
stack 124:    175 597 662 234 372 540 166 
stack 125:    223 652 97 125 709 482 164 
stack 126:    288 275 174 348 210 190 371 
stack 127:    729 293 202 247 667 698 142 
stack 128:    490 119 594 143 84 98 345 
stack 129:    106 579 568 355 151 136 715 
