lower bound for relaxed s_ij: 692235.08

#####################################################

solved with: SP.mip_formulations.BinPackingFormulation
time limit: 3600.0 s
time to solve: 2210,69 s
objective value: 692239.96

stacks (top to bottom):
stack 0:    0 
stack 1:    
stack 2:    377 
stack 3:    378 
stack 4:    
stack 5:    5 
stack 6:    
stack 7:    382 
stack 8:    
stack 9:    
stack 10:    385 
stack 11:    
stack 12:    12 
stack 13:    13 492 388 
stack 14:    534 324 270 636 645 489 133 
stack 15:    669 527 617 544 680 672 15 
stack 16:    246 447 643 206 132 150 338 
stack 17:    314 719 651 340 200 237 429 
stack 18:    264 212 18 443 671 480 718 
stack 19:    650 395 326 321 260 258 110 
stack 20:    20 301 360 100 649 103 240 
stack 21:    418 742 316 585 305 92 533 
stack 22:    123 141 619 576 571 173 485 
stack 23:    23 522 175 339 268 666 701 
stack 24:    717 479 472 573 399 235 653 
stack 25:    233 273 618 66 589 148 277 
stack 26:    223 127 631 327 230 627 280 
stack 27:    119 575 285 292 402 473 99 
stack 28:    117 516 300 720 694 505 322 
stack 29:    365 565 530 736 211 187 598 
stack 30:    552 663 570 290 602 218 740 
stack 31:    445 371 727 191 114 738 281 
stack 32:    542 538 228 147 634 65 438 
stack 33:    239 690 335 512 703 417 506 
stack 34:    582 251 192 72 105 44 722 
stack 35:    695 540 559 601 279 416 745 
stack 36:    93 529 454 214 75 411 554 
stack 37:    499 347 503 667 482 412 470 
stack 38:    562 331 481 199 310 152 413 
stack 39:    532 616 372 313 475 165 477 
stack 40:    639 705 205 311 714 490 743 
stack 41:    673 448 730 545 262 623 646 
stack 42:    644 621 356 679 298 659 658 
stack 43:    309 43 221 442 107 195 126 
stack 44:    441 420 555 675 702 632 734 
stack 45:    596 678 746 670 219 467 160 
stack 46:    741 586 699 749 668 424 350 
stack 47:    459 595 352 497 197 47 422 
stack 48:    349 85 358 74 308 95 685 
stack 49:    49 744 568 514 462 220 73 
stack 50:    629 425 296 266 626 306 202 
stack 51:    525 558 154 142 94 84 551 
stack 52:    333 566 204 76 452 69 345 
stack 53:    129 440 374 96 263 471 612 
stack 54:    241 468 368 501 98 519 337 
stack 55:    189 179 366 275 610 521 170 
stack 56:    196 342 139 91 238 628 625 
stack 57:    465 748 171 121 58 622 569 
stack 58:    463 648 605 215 341 332 144 
stack 59:    176 535 193 613 577 70 696 
stack 60:    78 232 531 435 174 723 186 
stack 61:    547 709 692 654 469 362 208 
stack 62:    437 128 599 655 271 243 80 
stack 63:    293 486 234 137 708 528 209 
stack 64:    265 274 593 317 210 484 113 
stack 65:    375 
stack 66:    376 1 
stack 67:    2 
stack 68:    3 
stack 69:    4 379 
stack 70:    380 6 
stack 71:    381 
stack 72:    7 
stack 73:    8 383 
stack 74:    384 
stack 75:    10 9 
stack 76:    386 11 
stack 77:    387 
stack 78:    511 495 513 14 245 97 579 
stack 79:    222 389 159 716 563 136 90 
stack 80:    104 583 390 584 16 739 517 
stack 81:    391 254 38 553 682 630 267 
stack 82:    721 392 698 17 282 581 548 
stack 83:    393 404 89 373 255 657 88 
stack 84:    278 167 635 19 684 166 394 
stack 85:    707 664 661 439 312 507 557 
stack 86:    647 464 269 213 21 396 190 
stack 87:    22 130 79 564 256 689 397 
stack 88:    201 483 455 156 710 323 398 
stack 89:    109 457 182 546 168 231 24 
stack 90:    344 729 400 25 641 288 194 
stack 91:    401 487 272 493 225 26 594 
stack 92:    111 27 697 476 146 177 28 
stack 93:    403 607 560 307 229 261 367 
stack 94:    449 164 590 624 29 460 423 
stack 95:    405 249 453 120 30 597 149 
stack 96:    82 334 502 357 151 31 406 
stack 97:    609 67 407 711 325 253 32 
stack 98:    458 408 665 518 494 446 33 
stack 99:    34 409 226 656 498 81 737 
stack 100:    410 572 35 318 363 688 304 
stack 101:    36 284 704 592 161 158 250 
stack 102:    183 712 549 543 37 732 351 
stack 103:    588 86 606 604 683 515 361 
stack 104:    509 276 242 39 414 496 329 
stack 105:    359 415 608 550 691 637 40 
stack 106:    537 169 259 520 450 41 693 
stack 107:    662 504 302 642 611 42 118 
stack 108:    747 184 567 674 615 574 145 
stack 109:    419 461 297 124 686 733 319 
stack 110:    614 580 556 45 536 478 185 
stack 111:    421 46 71 728 289 122 451 
stack 112:    526 510 726 578 430 188 180 
stack 113:    181 336 48 353 87 131 315 
stack 114:    172 466 198 143 77 134 328 
stack 115:    735 524 677 203 138 116 50 
stack 116:    108 106 51 426 561 227 140 
stack 117:    427 725 346 715 52 640 125 
stack 118:    444 428 294 135 700 541 53 
stack 119:    500 54 112 660 355 244 676 
stack 120:    491 64 295 633 207 348 55 
stack 121:    236 162 431 638 56 687 591 
stack 122:    681 57 252 620 286 163 432 
stack 123:    257 299 488 600 433 320 330 
stack 124:    59 724 523 291 713 434 303 
stack 125:    287 474 456 224 178 101 60 
stack 126:    436 63 61 706 153 155 68 
stack 127:    216 603 283 652 731 248 62 
stack 128:    247 102 587 370 83 539 508 
stack 129:    115 343 217 354 364 157 369 

#####################################################

solved with: SP.constructive_heuristics.GeneralHeuristic
time limit: 3600.0 s
time to solve: 0,00 s
objective value: 751473.02

stacks (top to bottom):
stack 0:    10 563 365 482 615 413 315 
stack 1:    588 606 516 698 584 100 15 
stack 2:    340 226 168 521 660 502 388 
stack 3:    497 425 544 654 312 577 260 
stack 4:    192 692 402 591 613 492 398 
stack 5:    162 447 710 620 42 397 258 
stack 6:    294 664 295 690 749 55 434 
stack 7:    3 369 113 116 229 422 126 
stack 8:    78 278 286 255 373 475 345 
stack 9:    201 364 37 208 332 656 672 
stack 10:    236 681 204 101 604 597 554 
stack 11:    446 47 147 712 450 687 92 
stack 12:    316 472 726 489 235 372 131 
stack 13:    246 695 445 390 205 152 432 
stack 14:    437 635 184 52 404 321 627 
stack 15:    735 124 638 382 41 28 367 
stack 16:    169 287 347 700 599 616 733 
stack 17:    302 223 455 665 51 248 460 
stack 18:    458 535 587 227 424 594 423 
stack 19:    463 534 356 510 691 300 45 
stack 20:    247 677 355 102 73 653 438 
stack 21:    135 611 639 631 249 461 81 
stack 22:    499 503 487 731 399 305 641 
stack 23:    526 299 730 416 339 689 289 
stack 24:    566 488 60 76 430 65 24 
stack 25:    374 119 421 716 746 655 243 
stack 26:    270 93 727 559 711 30 280 
stack 27:    112 573 296 335 268 94 103 
stack 28:    747 251 324 191 514 659 195 
stack 29:    57 167 283 49 150 442 40 
stack 30:    491 224 541 6 363 740 53 
stack 31:    254 2 378 748 561 88 657 
stack 32:    464 459 67 713 699 209 569 
stack 33:    197 109 217 375 157 560 598 
stack 34:    104 72 684 545 200 676 5 
stack 35:    391 527 189 12 612 536 670 
stack 36:    717 293 27 593 138 668 508 
stack 37:    428 279 618 68 148 107 361 
stack 38:    358 336 742 636 105 666 165 
stack 39:    257 518 407 297 211 377 58 
stack 40:    181 529 396 578 634 683 688 
stack 41:    418 601 163 145 238 186 477 
stack 42:    166 327 132 220 84 732 515 
stack 43:    495 371 420 471 411 433 80 
stack 44:    724 179 439 426 708 337 277 
stack 45:    410 222 77 353 342 32 739 
stack 46:    650 673 441 196 281 548 328 
stack 47:    176 663 274 403 203 484 348 
stack 48:    552 642 632 142 17 173 282 
stack 49:    74 440 648 234 357 70 693 
stack 50:    349 216 513 547 46 334 256 
stack 51:    386 111 366 546 39 476 498 
stack 52:    233 456 493 225 154 429 262 
stack 53:    500 449 409 228 703 11 330 
stack 54:    608 725 325 478 160 288 517 
stack 55:    381 671 237 298 623 62 303 
stack 56:    395 652 35 326 715 139 180 
stack 57:    354 171 267 630 718 125 351 
stack 58:    85 308 8 292 570 586 738 
stack 59:    198 128 263 380 600 505 320 
stack 60:    141 9 284 341 704 557 628 
stack 61:    444 34 344 183 317 581 110 
stack 62:    719 661 384 362 56 576 185 
stack 63:    178 96 136 585 702 90 250 
stack 64:    662 572 301 61 0 470 467 
stack 65:    511 565 709 120 207 543 406 
stack 66:    621 678 252 272 728 734 646 
stack 67:    106 453 697 137 29 50 118 
stack 68:    537 18 540 95 674 91 551 
stack 69:    520 705 643 97 696 714 625 
stack 70:    523 556 567 48 33 394 496 
stack 71:    115 309 619 387 680 161 158 
stack 72:    331 412 253 379 149 322 190 
stack 73:    213 21 239 512 624 244 26 
stack 74:    392 603 156 679 480 462 737 
stack 75:    314 352 182 590 686 121 261 
stack 76:    123 4 44 736 722 151 144 
stack 77:    509 259 504 408 457 507 170 
stack 78:    647 64 644 199 574 114 723 
stack 79:    580 694 522 564 89 519 706 
stack 80:    583 232 568 385 310 532 271 
stack 81:    393 343 465 25 155 31 490 
stack 82:    415 669 550 38 275 231 338 
stack 83:    265 542 193 187 370 122 451 
stack 84:    172 524 36 571 177 99 240 
stack 85:    436 86 98 645 175 174 194 
stack 86:    419 13 633 605 266 626 589 
stack 87:    129 609 276 23 607 307 218 
stack 88:    264 108 405 214 531 313 533 
stack 89:    359 474 555 323 230 66 539 
stack 90:    389 617 164 469 553 306 188 
stack 91:    466 468 675 318 685 452 304 
stack 92:    333 291 376 290 1 350 602 
stack 93:    346 530 649 133 637 245 658 
stack 94:    269 479 383 63 443 130 134 
stack 95:    562 143 481 667 219 16 329 
stack 96:    82 242 610 486 528 592 140 
stack 97:    525 127 538 558 417 485 202 
stack 98:    614 596 273 19 311 501 435 
stack 99:    241 212 721 744 368 153 701 
stack 100:    22 651 707 221 414 743 579 
stack 101:    20 401 43 745 69 87 319 
stack 102:    582 494 285 473 549 83 622 
stack 103:    427 360 720 71 206 682 506 
stack 104:    59 595 54 400 210 
stack 105:    431 159 454 75 640 
stack 106:    729 
stack 107:    117 448 7 14 79 
stack 108:    629 483 741 215 146 
stack 109:    
stack 110:    575 
stack 111:    
stack 112:    
stack 113:    
stack 114:    
stack 115:    
stack 116:    
stack 117:    
stack 118:    
stack 119:    
stack 120:    
stack 121:    
stack 122:    
stack 123:    
stack 124:    
stack 125:    
stack 126:    
stack 127:    
stack 128:    
stack 129:    
