solved with: SP.post_optimization_methods.TabuSearch
time limit: 3600.0 s
time to solve: 578,01 s
objective value: 692249.72

stacks (top to bottom):
stack 0:    0 
stack 1:    1 376 
stack 2:    
stack 3:    
stack 4:    379 
stack 5:    380 
stack 6:    6 
stack 7:    
stack 8:    383 
stack 9:    
stack 10:    385 
stack 11:    386 
stack 12:    387 12 
stack 13:    140 390 388 
stack 14:    81 17 349 303 159 21 615 
stack 15:    24 730 407 608 128 430 397 
stack 16:    104 19 477 263 723 278 260 
stack 17:    135 401 635 393 46 37 552 
stack 18:    394 210 558 560 538 706 621 
stack 19:    657 294 445 450 593 440 26 
stack 20:    603 677 555 493 591 141 86 
stack 21:    28 50 637 524 230 411 143 
stack 22:    240 59 683 25 611 399 252 
stack 23:    702 32 87 297 586 721 92 
stack 24:    355 416 71 289 620 298 258 
stack 25:    658 112 361 713 372 308 692 
stack 26:    247 744 405 83 374 551 403 
stack 27:    189 111 627 33 545 468 194 
stack 28:    464 168 144 197 413 186 421 
stack 29:    724 616 122 674 29 435 412 
stack 30:    452 425 472 610 676 420 64 
stack 31:    491 459 634 406 148 318 492 
stack 32:    422 503 528 646 231 686 606 
stack 33:    142 40 95 45 454 199 550 
stack 34:    694 38 562 366 688 682 575 
stack 35:    680 504 507 184 350 508 218 
stack 36:    496 339 190 196 338 685 203 
stack 37:    628 39 280 102 51 502 415 
stack 38:    85 417 612 443 571 153 569 
stack 39:    221 696 284 567 139 257 604 
stack 40:    326 242 486 105 482 248 332 
stack 41:    239 669 684 179 47 118 522 
stack 42:    619 649 282 322 208 126 499 
stack 43:    183 76 353 453 469 588 481 
stack 44:    599 354 236 456 625 668 285 
stack 45:    581 48 513 568 614 523 217 
stack 46:    570 484 434 55 590 699 542 
stack 47:    644 457 214 743 585 442 437 
stack 48:    66 202 330 281 559 129 587 
stack 49:    519 249 290 120 150 309 534 
stack 50:    357 553 487 636 65 193 698 
stack 51:    613 299 228 331 205 549 323 
stack 52:    172 518 157 185 219 53 72 
stack 53:    198 580 305 229 241 114 476 
stack 54:    341 324 475 147 629 145 624 
stack 55:    643 327 352 466 746 73 467 
stack 56:    664 314 701 479 572 307 165 
stack 57:    152 321 195 690 662 541 329 
stack 58:    734 741 295 731 458 255 600 
stack 59:    711 650 269 215 180 660 275 
stack 60:    747 369 557 316 470 188 107 
stack 61:    174 705 666 540 170 154 695 
stack 62:    544 315 651 347 182 243 356 
stack 63:    106 505 178 273 224 75 360 
stack 64:    344 728 119 367 343 271 312 
stack 65:    375 
stack 66:    
stack 67:    2 
stack 68:    378 3 377 
stack 69:    4 
stack 70:    5 
stack 71:    381 
stack 72:    7 
stack 73:    382 8 
stack 74:    384 9 
stack 75:    10 
stack 76:    11 
stack 77:    
stack 78:    471 392 15 276 36 84 13 
stack 79:    389 14 131 171 138 404 645 
stack 80:    20 18 478 530 67 44 510 
stack 81:    22 451 391 74 16 584 176 
stack 82:    408 359 259 402 348 235 396 
stack 83:    109 398 27 630 436 653 485 
stack 84:    333 23 181 136 727 99 463 
stack 85:    395 520 726 414 400 306 409 
stack 86:    418 133 201 30 596 554 654 
stack 87:    146 428 665 642 216 209 123 
stack 88:    447 749 226 250 370 328 514 
stack 89:    719 237 80 317 340 607 251 
stack 90:    433 429 717 164 364 97 432 
stack 91:    605 254 722 704 91 211 535 
stack 92:    35 31 220 42 410 576 233 
stack 93:    474 718 246 52 34 748 272 
stack 94:    277 712 43 494 563 58 439 
stack 95:    292 595 602 267 265 449 365 
stack 96:    693 49 589 547 89 533 577 
stack 97:    689 130 632 532 483 622 601 
stack 98:    200 270 617 191 681 509 489 
stack 99:    640 736 98 427 716 173 162 
stack 100:    426 609 206 121 512 163 222 
stack 101:    115 656 177 703 678 537 598 
stack 102:    495 108 124 714 101 69 204 
stack 103:    419 461 78 565 424 732 244 
stack 104:    663 488 57 626 431 529 441 
stack 105:    227 110 70 511 90 582 103 
stack 106:    41 286 573 54 358 296 304 
stack 107:    525 733 362 438 725 223 708 
stack 108:    498 497 325 245 465 63 735 
stack 109:    516 618 679 623 423 310 473 
stack 110:    700 739 579 334 160 710 117 
stack 111:    490 667 592 151 648 373 287 
stack 112:    691 234 166 212 116 594 521 
stack 113:    641 68 301 539 288 300 517 
stack 114:    127 729 526 56 501 256 574 
stack 115:    337 673 192 77 631 740 655 
stack 116:    659 302 132 342 368 161 291 
stack 117:    697 346 149 556 351 169 745 
stack 118:    546 531 261 88 548 652 96 
stack 119:    207 100 62 527 638 268 561 
stack 120:    543 158 345 61 515 93 444 
stack 121:    113 462 446 167 283 633 125 
stack 122:    536 500 566 82 564 737 238 
stack 123:    60 266 371 293 156 335 363 
stack 124:    707 670 578 597 319 583 738 
stack 125:    639 715 279 675 232 274 320 
stack 126:    94 336 661 313 253 460 448 
stack 127:    671 262 264 155 225 687 742 
stack 128:    672 480 213 311 137 647 455 
stack 129:    134 506 709 720 175 187 79 

#####################################################

solved with: SP.post_optimization_methods.HillClimbing
time limit: 3600.0 s
time to solve: 325,71 s
objective value: 692249.72

stacks (top to bottom):
stack 0:    0 
stack 1:    1 376 
stack 2:    
stack 3:    
stack 4:    379 
stack 5:    380 
stack 6:    6 
stack 7:    
stack 8:    383 
stack 9:    
stack 10:    385 
stack 11:    386 
stack 12:    387 12 
stack 13:    20 390 388 
stack 14:    66 24 394 562 680 225 107 
stack 15:    177 28 19 259 527 80 608 
stack 16:    17 477 417 18 393 260 648 
stack 17:    392 276 288 413 685 622 535 
stack 18:    749 673 38 560 706 211 397 
stack 19:    401 32 647 593 633 588 449 
stack 20:    398 269 478 431 660 294 318 
stack 21:    133 183 137 163 261 403 244 
stack 22:    279 23 191 399 698 534 298 
stack 23:    40 543 643 484 434 586 258 
stack 24:    667 357 76 555 352 126 467 
stack 25:    35 149 327 456 230 746 550 
stack 26:    471 418 581 519 248 482 203 
stack 27:    425 213 347 709 501 594 695 
stack 28:    277 712 525 410 272 607 606 
stack 29:    458 731 589 73 69 310 84 
stack 30:    603 711 326 486 468 539 300 
stack 31:    734 500 45 44 522 96 645 
stack 32:    33 197 545 249 63 652 363 
stack 33:    689 39 57 370 48 180 312 
stack 34:    644 659 520 553 241 446 360 
stack 35:    221 201 531 331 209 445 463 
stack 36:    452 713 116 181 568 99 421 
stack 37:    548 55 283 215 87 309 590 
stack 38:    247 174 157 579 185 165 274 
stack 39:    200 729 264 155 368 572 430 
stack 40:    152 506 733 322 371 424 655 
stack 41:    741 134 140 314 315 119 460 
stack 42:    702 240 420 547 479 175 187 
stack 43:    719 651 52 597 432 188 176 
stack 44:    663 354 668 623 528 561 440 
stack 45:    341 537 284 151 727 123 699 
stack 46:    206 513 364 71 179 515 624 
stack 47:    144 453 443 686 469 335 145 
stack 48:    697 135 728 703 427 726 682 
stack 49:    198 516 280 286 54 232 737 
stack 50:    474 130 325 299 717 61 738 
stack 51:    736 705 336 253 688 56 74 
stack 52:    366 504 334 540 307 154 692 
stack 53:    640 127 619 744 136 329 252 
stack 54:    158 345 530 67 257 439 72 
stack 55:    60 509 219 358 437 342 598 
stack 56:    670 228 190 205 450 194 251 
stack 57:    109 677 714 328 296 745 621 
stack 58:    599 112 282 255 223 58 517 
stack 59:    570 671 631 65 466 723 582 
stack 60:    220 131 303 169 575 291 521 
stack 61:    108 245 454 164 268 552 615 
stack 62:    616 694 681 676 442 585 708 
stack 63:    100 678 184 533 367 577 687 
stack 64:    656 362 166 565 281 193 356 
stack 65:    375 
stack 66:    
stack 67:    2 
stack 68:    378 3 377 
stack 69:    4 
stack 70:    5 
stack 71:    381 382 
stack 72:    7 
stack 73:    8 
stack 74:    384 9 
stack 75:    10 
stack 76:    11 
stack 77:    
stack 78:    628 15 627 105 186 36 13 
stack 79:    389 14 635 554 428 173 16 
stack 80:    602 25 51 338 199 222 742 
stack 81:    422 41 22 391 256 21 350 
stack 82:    27 348 77 407 638 448 161 
stack 83:    302 613 637 237 400 129 404 
stack 84:    459 156 29 470 265 396 510 
stack 85:    395 98 573 178 743 574 409 
stack 86:    464 496 242 353 339 301 150 
stack 87:    426 372 617 461 630 34 26 
stack 88:    715 661 690 195 210 313 541 
stack 89:    691 202 402 414 233 93 444 
stack 90:    683 626 514 493 411 620 287 
stack 91:    234 236 684 47 88 735 373 
stack 92:    408 31 167 415 502 297 412 
stack 93:    429 111 267 576 563 306 271 
stack 94:    419 83 49 405 308 600 569 
stack 95:    122 679 416 30 263 196 549 
stack 96:    85 68 406 441 654 153 492 
stack 97:    447 172 696 128 37 90 604 
stack 98:    246 505 611 529 290 455 125 
stack 99:    658 359 146 557 551 583 614 
stack 100:    324 62 139 351 423 732 79 
stack 101:    337 50 346 82 70 483 489 
stack 102:    724 457 212 147 42 224 278 
stack 103:    618 355 503 229 43 46 320 
stack 104:    718 451 214 78 289 499 332 
stack 105:    115 666 558 662 710 218 162 
stack 106:    480 580 632 59 650 532 365 
stack 107:    142 490 168 592 634 646 118 
stack 108:    132 305 121 216 511 465 275 
stack 109:    498 227 578 546 657 231 323 
stack 110:    491 189 495 596 124 101 238 
stack 111:    672 595 273 235 722 217 285 
stack 112:    433 226 192 649 262 89 485 
stack 113:    497 625 512 208 138 494 317 
stack 114:    94 544 182 475 160 653 584 
stack 115:    609 95 349 311 538 53 508 
stack 116:    344 701 319 374 340 75 721 
stack 117:    730 518 507 526 343 159 117 
stack 118:    81 636 674 254 716 435 204 
stack 119:    239 270 472 629 293 704 148 
stack 120:    321 567 243 559 316 523 591 
stack 121:    292 369 556 141 97 587 143 
stack 122:    639 707 675 700 739 720 542 
stack 123:    641 664 462 120 612 571 601 
stack 124:    250 106 110 330 665 642 481 
stack 125:    693 333 669 487 170 91 304 
stack 126:    104 295 113 102 605 436 103 
stack 127:    536 488 566 114 524 564 473 
stack 128:    207 610 748 64 438 725 92 
stack 129:    361 266 747 171 740 476 86 
