solved with: SP.post_optimization_methods.TabuSearch
time limit: 3600.0 s
time to solve: 507,23 s
objective value: 692260.58

stacks (top to bottom):
stack 0:    
stack 1:    
stack 2:    377 
stack 3:    3 
stack 4:    4 
stack 5:    380 
stack 6:    
stack 7:    7 
stack 8:    383 
stack 9:    384 
stack 10:    
stack 11:    387 
stack 12:    
stack 13:    389 117 151 
stack 14:    27 15 16 635 391 390 395 
stack 15:    638 581 392 230 177 21 251 
stack 16:    736 577 560 682 167 473 554 
stack 17:    746 178 260 249 654 416 22 
stack 18:    116 423 466 397 337 539 330 
stack 19:    132 592 720 410 428 244 20 
stack 20:    605 583 234 135 327 478 420 
stack 21:    100 413 687 329 212 515 688 
stack 22:    441 209 642 301 543 188 402 
stack 23:    552 184 170 50 216 511 68 
stack 24:    623 738 527 270 556 279 686 
stack 25:    236 596 691 307 625 655 112 
stack 26:    54 346 33 653 627 648 704 
stack 27:    182 434 424 175 471 41 418 
stack 28:    198 668 417 29 693 38 145 
stack 29:    311 166 406 440 409 74 358 
stack 30:    745 621 127 285 186 354 407 
stack 31:    673 69 724 361 641 357 240 
stack 32:    331 700 742 277 147 336 427 
stack 33:    492 281 259 125 482 723 437 
stack 34:    90 549 45 664 433 576 528 
stack 35:    475 681 298 255 291 748 683 
stack 36:    191 513 46 547 706 365 618 
stack 37:    48 163 518 85 421 432 602 
stack 38:    239 526 315 152 536 532 280 
stack 39:    455 174 237 153 591 426 326 
stack 40:    419 372 694 275 586 126 114 
stack 41:    81 164 206 722 535 195 243 
stack 42:    103 677 460 448 93 634 449 
stack 43:    516 55 659 142 610 514 276 
stack 44:    95 63 670 146 505 510 278 
stack 45:    705 141 624 245 590 609 662 
stack 46:    521 601 541 262 314 643 356 
stack 47:    663 72 131 134 309 88 194 
stack 48:    121 201 77 250 87 580 214 
stack 49:    499 494 97 51 94 282 551 
stack 50:    695 453 304 469 438 697 483 
stack 51:    523 593 614 633 89 71 714 
stack 52:    370 319 711 456 264 488 159 
stack 53:    459 504 64 84 235 658 444 
stack 54:    217 273 597 165 639 101 487 
stack 55:    343 368 462 118 588 640 512 
stack 56:    65 728 283 320 352 107 436 
stack 57:    480 79 82 507 568 435 572 
stack 58:    241 749 595 328 666 161 258 
stack 59:    630 506 607 222 296 725 594 
stack 60:    563 622 67 213 168 571 75 
stack 61:    509 715 160 739 656 589 106 
stack 62:    461 325 233 192 272 485 149 
stack 63:    501 553 313 445 631 133 726 
stack 64:    246 545 458 472 674 542 232 
stack 65:    0 375 
stack 66:    376 
stack 67:    1 2 
stack 68:    378 
stack 69:    379 
stack 70:    5 
stack 71:    381 6 
stack 72:    8 382 
stack 73:    
stack 74:    9 
stack 75:    385 10 
stack 76:    
stack 77:    386 11 12 
stack 78:    19 13 59 396 62 394 388 
stack 79:    32 30 14 451 28 415 651 
stack 80:    18 744 98 17 525 24 496 
stack 81:    530 261 439 323 338 210 31 
stack 82:    465 293 23 569 707 350 599 
stack 83:    669 570 339 399 139 393 474 
stack 84:    703 351 340 58 727 692 412 
stack 85:    25 548 619 400 119 140 321 
stack 86:    544 44 218 667 645 267 684 
stack 87:    302 42 734 491 37 398 533 
stack 88:    565 452 299 404 567 247 484 
stack 89:    39 155 716 557 562 297 26 
stack 90:    671 401 269 585 306 732 113 
stack 91:    56 157 403 566 603 136 128 
stack 92:    34 699 252 617 35 193 500 
stack 93:    408 219 574 36 256 80 405 
stack 94:    717 238 204 675 660 411 224 
stack 95:    150 364 632 679 60 197 187 
stack 96:    524 137 179 144 628 109 43 
stack 97:    606 104 467 733 371 690 672 
stack 98:    61 205 534 575 508 47 685 
stack 99:    470 220 345 650 468 274 479 
stack 100:    335 573 665 156 430 584 414 
stack 101:    561 305 422 644 446 40 464 
stack 102:    105 49 70 367 429 713 348 
stack 103:    608 189 647 228 268 735 741 
stack 104:    620 78 425 454 162 148 344 
stack 105:    718 559 52 265 57 347 374 
stack 106:    181 108 53 611 680 196 96 
stack 107:    333 522 476 226 495 290 229 
stack 108:    457 180 558 221 300 463 266 
stack 109:    199 318 747 231 497 158 598 
stack 110:    176 295 316 124 143 600 312 
stack 111:    138 169 242 615 702 489 292 
stack 112:    253 443 731 289 626 294 215 
stack 113:    183 154 652 366 185 120 122 
stack 114:    737 564 646 540 698 130 708 
stack 115:    341 678 712 613 529 477 92 
stack 116:    200 86 115 498 342 73 363 
stack 117:    99 91 637 66 332 288 676 
stack 118:    649 612 111 208 102 317 373 
stack 119:    322 442 587 486 657 447 431 
stack 120:    303 689 661 286 324 636 349 
stack 121:    582 740 550 207 110 730 257 
stack 122:    629 76 129 616 190 362 171 
stack 123:    721 263 579 227 353 719 531 
stack 124:    355 369 334 123 490 211 604 
stack 125:    203 271 578 254 546 308 287 
stack 126:    173 223 555 248 284 310 502 
stack 127:    520 538 450 225 517 172 360 
stack 128:    729 493 743 83 202 696 481 
stack 129:    709 701 537 359 710 519 503 

#####################################################

solved with: SP.post_optimization_methods.HillClimbing
time limit: 3600.0 s
time to solve: 301,27 s
objective value: 692271.52

stacks (top to bottom):
stack 0:    
stack 1:    
stack 2:    377 
stack 3:    3 
stack 4:    4 
stack 5:    380 
stack 6:    
stack 7:    7 
stack 8:    383 
stack 9:    384 
stack 10:    386 
stack 11:    387 
stack 12:    11 12 
stack 13:    325 392 
stack 14:    746 507 16 635 111 147 390 
stack 15:    200 205 438 17 391 114 47 
stack 16:    30 91 552 534 151 414 229 
stack 17:    620 695 524 439 398 210 747 
stack 18:    52 614 421 396 409 188 394 
stack 19:    556 162 209 26 411 532 231 
stack 20:    408 441 432 309 416 395 407 
stack 21:    217 23 666 175 366 187 332 
stack 22:    499 703 259 152 153 230 714 
stack 23:    322 671 740 401 36 485 68 
stack 24:    174 81 206 307 722 732 437 
stack 25:    526 49 743 57 719 730 748 
stack 26:    27 78 608 617 113 697 374 
stack 27:    419 63 129 406 262 190 299 
stack 28:    180 166 212 613 451 654 463 
stack 29:    323 342 45 74 435 488 412 
stack 30:    39 553 578 639 621 43 558 
stack 31:    48 353 252 160 33 704 656 
stack 32:    583 271 470 87 631 489 145 
stack 33:    181 69 315 37 243 195 683 
stack 34:    178 316 682 363 542 208 468 
stack 35:    95 728 448 222 571 590 676 
stack 36:    475 425 255 213 611 240 484 
stack 37:    105 270 359 70 431 257 427 
stack 38:    638 372 659 284 698 247 512 
stack 39:    100 339 161 301 216 136 662 
stack 40:    530 176 422 41 651 567 186 
stack 41:    544 573 137 569 170 120 618 
stack 42:    241 76 238 498 273 713 657 
stack 43:    516 55 343 547 50 172 575 
stack 44:    61 368 637 168 235 354 508 
stack 45:    689 443 51 364 576 277 158 
stack 46:    701 164 348 347 202 497 503 
stack 47:    138 183 295 109 529 130 149 
stack 48:    331 182 460 641 84 511 128 
stack 49:    724 131 546 308 540 215 690 
stack 50:    731 549 369 493 664 467 478 
stack 51:    709 535 491 591 426 675 447 
stack 52:    461 454 97 655 207 264 62 
stack 53:    236 303 104 619 646 296 88 
stack 54:    721 346 711 723 282 510 449 
stack 55:    253 559 163 649 472 334 702 
stack 56:    201 606 306 626 267 327 640 
stack 57:    465 223 501 154 254 650 193 
stack 58:    538 596 319 633 318 519 251 
stack 59:    570 72 563 165 268 272 326 
stack 60:    99 628 357 680 609 274 685 
stack 61:    527 283 517 601 505 445 598 
stack 62:    302 121 729 574 80 107 604 
stack 63:    191 298 220 64 643 101 464 
stack 64:    263 699 281 612 453 642 739 
stack 65:    1 0 375 
stack 66:    376 
stack 67:    2 
stack 68:    378 
stack 69:    379 
stack 70:    5 
stack 71:    381 6 
stack 72:    8 382 
stack 73:    
stack 74:    9 
stack 75:    385 10 
stack 76:    
stack 77:    117 
stack 78:    13 705 509 150 397 250 388 
stack 79:    86 737 389 14 249 360 586 
stack 80:    18 15 29 627 430 373 405 
stack 81:    44 260 720 24 634 539 226 
stack 82:    678 513 400 221 474 404 310 
stack 83:    73 515 560 286 399 393 356 
stack 84:    19 734 31 429 536 21 110 
stack 85:    34 716 624 420 436 20 266 
stack 86:    738 623 564 745 184 462 588 
stack 87:    42 351 204 177 167 22 533 
stack 88:    333 665 622 144 661 424 291 
stack 89:    32 119 314 46 285 610 594 
stack 90:    56 25 592 616 362 292 708 
stack 91:    403 541 28 275 428 365 502 
stack 92:    450 108 417 469 693 402 481 
stack 93:    242 328 667 615 38 344 476 
stack 94:    717 198 691 456 625 58 551 
stack 95:    632 572 233 60 525 584 40 
stack 96:    305 707 410 196 495 500 487 
stack 97:    669 647 218 269 35 670 279 
stack 98:    239 455 648 337 156 256 727 
stack 99:    423 653 85 568 123 185 496 
stack 100:    480 132 320 677 311 506 415 
stack 101:    173 293 413 597 603 139 336 
stack 102:    520 54 595 324 143 92 418 
stack 103:    492 668 537 340 482 83 696 
stack 104:    370 189 227 141 660 232 554 
stack 105:    457 148 645 433 674 686 122 
stack 106:    169 712 681 248 53 312 118 
stack 107:    261 442 587 663 124 580 684 
stack 108:    577 715 199 146 735 733 71 
stack 109:    605 629 718 338 179 477 171 
stack 110:    98 192 345 543 93 528 599 
stack 111:    545 579 219 585 228 602 726 
stack 112:    434 471 444 658 644 244 106 
stack 113:    341 234 116 237 125 710 692 
stack 114:    548 157 700 142 446 694 514 
stack 115:    687 652 287 300 317 276 288 
stack 116:    566 352 688 742 706 126 194 
stack 117:    59 77 155 459 452 636 66 
stack 118:    736 135 458 211 371 140 290 
stack 119:    246 630 329 607 600 725 479 
stack 120:    115 521 555 440 67 127 96 
stack 121:    582 581 486 550 531 112 589 
stack 122:    523 65 522 350 133 330 280 
stack 123:    335 466 593 562 265 358 483 
stack 124:    561 103 557 679 289 245 214 
stack 125:    565 361 225 504 197 473 159 
stack 126:    203 367 94 89 278 258 224 
stack 127:    355 313 490 102 321 294 741 
stack 128:    494 744 518 297 304 349 75 
stack 129:    673 90 749 79 82 134 672 
