solved with: SP.post_optimization_methods.TabuSearch
time limit: 3600.0 s
time to solve: 529,10 s
objective value: 692243.58

stacks (top to bottom):
stack 0:    
stack 1:    376 
stack 2:    2 
stack 3:    378 
stack 4:    
stack 5:    379 5 
stack 6:    
stack 7:    
stack 8:    8 
stack 9:    
stack 10:    
stack 11:    
stack 12:    
stack 13:    355 388 445 
stack 14:    669 393 746 660 185 84 368 
stack 15:    228 404 202 33 345 102 30 
stack 16:    16 18 254 666 685 555 460 
stack 17:    83 394 743 712 356 665 395 
stack 18:    247 156 19 397 682 668 32 
stack 19:    565 463 489 150 343 649 426 
stack 20:    31 616 667 215 420 414 24 
stack 21:    132 578 239 135 572 78 512 
stack 22:    119 271 232 545 42 297 613 
stack 23:    735 319 122 398 482 617 471 
stack 24:    488 75 399 315 160 47 37 
stack 25:    408 27 740 671 341 70 88 
stack 26:    417 695 259 277 66 676 640 
stack 27:    237 298 524 732 696 302 492 
stack 28:    74 541 407 530 55 457 145 
stack 29:    425 76 631 604 40 729 451 
stack 30:    241 493 416 293 52 574 245 
stack 31:    184 270 348 352 736 716 446 
stack 32:    683 573 412 748 197 182 286 
stack 33:    599 34 469 174 662 413 472 
stack 34:    543 558 292 612 38 609 576 
stack 35:    684 44 81 112 436 456 226 
stack 36:    738 349 677 620 41 234 116 
stack 37:    125 80 191 653 109 136 450 
stack 38:    303 67 363 719 238 287 272 
stack 39:    216 77 227 164 518 63 162 
stack 40:    464 725 627 674 262 741 592 
stack 41:    304 655 224 621 583 421 691 
stack 42:    715 199 602 250 579 670 335 
stack 43:    439 273 217 608 419 291 714 
stack 44:    157 586 618 689 107 568 442 
stack 45:    242 353 575 522 214 366 371 
stack 46:    710 225 610 739 121 478 713 
stack 47:    361 523 284 295 369 539 563 
stack 48:    693 113 336 636 328 308 268 
stack 49:    703 525 131 428 459 134 570 
stack 50:    180 514 694 220 709 92 537 
stack 51:    64 360 323 188 615 675 626 
stack 52:    314 181 301 705 105 508 484 
stack 53:    619 438 430 526 143 447 201 
stack 54:    554 108 58 448 550 473 306 
stack 55:    198 127 338 100 354 311 128 
stack 56:    305 533 104 249 580 179 60 
stack 57:    650 651 103 87 597 79 433 
stack 58:    144 697 124 466 325 633 477 
stack 59:    734 253 654 266 500 175 289 
stack 60:    278 722 248 267 747 372 171 
stack 61:    625 299 235 281 437 324 600 
stack 62:    595 519 624 207 69 441 517 
stack 63:    496 130 219 718 589 494 118 
stack 64:    443 561 280 309 642 155 193 
stack 65:    0 
stack 66:    1 375 
stack 67:    377 
stack 68:    3 
stack 69:    4 
stack 70:    380 
stack 71:    381 
stack 72:    6 7 382 
stack 73:    383 
stack 74:    384 9 
stack 75:    385 10 
stack 76:    386 11 
stack 77:    387 12 
stack 78:    389 233 257 390 288 13 14 
stack 79:    15 634 606 659 635 23 593 
stack 80:    594 726 20 402 490 159 222 
stack 81:    26 497 260 415 605 427 391 
stack 82:    392 211 332 17 632 409 21 
stack 83:    607 209 139 126 73 406 487 
stack 84:    28 403 29 516 485 173 452 
stack 85:    22 639 310 296 553 661 511 
stack 86:    274 475 48 25 711 149 396 
stack 87:    358 158 350 120 704 432 400 
stack 88:    307 630 230 495 644 115 192 
stack 89:    312 204 590 411 401 486 138 
stack 90:    163 331 35 43 357 405 733 
stack 91:    507 176 39 434 57 701 56 
stack 92:    240 474 342 367 458 330 283 
stack 93:    317 582 591 418 258 690 656 
stack 94:    737 196 692 422 114 584 148 
stack 95:    476 538 571 337 687 54 221 
stack 96:    598 724 480 534 326 313 36 
stack 97:    318 178 334 536 161 730 461 
stack 98:    645 269 252 123 520 168 229 
stack 99:    521 546 53 657 647 205 698 
stack 100:    183 699 410 95 673 629 527 
stack 101:    263 243 351 50 502 85 210 
stack 102:    506 339 505 638 423 244 261 
stack 103:    265 374 628 189 359 663 51 
stack 104:    529 46 611 481 465 320 71 
stack 105:    110 453 637 153 688 431 658 
stack 106:    603 117 65 551 535 643 45 
stack 107:    556 166 601 567 547 562 344 
stack 108:    98 282 664 370 531 86 49 
stack 109:    528 170 467 742 723 708 429 
stack 110:    483 548 200 68 435 549 62 
stack 111:    648 707 614 470 140 177 290 
stack 112:    169 424 727 294 223 706 745 
stack 113:    147 501 596 587 499 186 444 
stack 114:    194 678 700 133 364 165 717 
stack 115:    59 190 440 246 61 362 316 
stack 116:    151 106 99 172 72 285 152 
stack 117:    141 455 479 203 503 585 513 
stack 118:    91 552 96 504 566 544 454 
stack 119:    679 321 208 111 365 322 154 
stack 120:    256 720 94 728 101 275 532 
stack 121:    744 468 749 347 82 264 681 
stack 122:    564 373 652 721 300 557 672 
stack 123:    329 167 731 462 206 680 509 
stack 124:    515 251 540 129 97 641 588 
stack 125:    510 327 498 646 276 218 333 
stack 126:    702 146 279 542 560 340 623 
stack 127:    236 137 686 449 231 212 346 
stack 128:    195 255 581 622 213 89 93 
stack 129:    187 577 491 90 559 569 142 

#####################################################

solved with: SP.post_optimization_methods.HillClimbing
time limit: 3600.0 s
time to solve: 484,05 s
objective value: 692243.58

stacks (top to bottom):
stack 0:    
stack 1:    376 
stack 2:    2 
stack 3:    378 
stack 4:    
stack 5:    379 5 
stack 6:    
stack 7:    
stack 8:    8 
stack 9:    
stack 10:    
stack 11:    
stack 12:    
stack 13:    488 388 311 
stack 14:    91 393 390 614 165 139 73 
stack 15:    66 747 550 362 289 473 562 
stack 16:    26 260 415 414 420 503 391 
stack 17:    744 392 424 655 601 17 570 
stack 18:    394 596 18 254 580 512 527 
stack 19:    19 412 397 356 635 395 576 
stack 20:    408 240 158 534 24 511 696 
stack 21:    242 541 166 410 739 723 95 
stack 22:    603 561 58 208 300 244 588 
stack 23:    398 321 612 640 401 138 128 
stack 24:    46 255 96 235 399 174 681 
stack 25:    147 438 31 687 609 25 472 
stack 26:    358 468 651 607 120 661 162 
stack 27:    194 180 448 407 262 344 730 
stack 28:    273 233 349 357 345 326 513 
stack 29:    68 546 351 34 462 30 441 
stack 30:    467 646 642 421 423 566 115 
stack 31:    63 78 495 698 222 544 36 
stack 32:    510 631 332 353 276 372 478 
stack 33:    144 634 697 50 644 662 413 
stack 34:    247 113 538 589 575 716 56 
stack 35:    266 267 440 705 742 530 116 
stack 36:    645 156 591 545 663 126 649 
stack 37:    110 501 295 428 250 152 460 
stack 38:    200 660 688 69 354 568 171 
stack 39:    684 720 602 281 638 161 426 
stack 40:    718 274 323 583 226 461 192 
stack 41:    167 666 102 523 597 532 177 
stack 42:    237 251 131 90 433 245 454 
stack 43:    439 569 197 168 432 509 302 
stack 44:    594 75 715 542 615 252 207 
stack 45:    683 637 231 57 346 733 600 
stack 46:    76 319 726 628 364 193 93 
stack 47:    119 271 342 464 679 446 47 
stack 48:    183 184 232 449 587 709 708 
stack 49:    307 732 124 524 230 502 62 
stack 50:    694 170 292 97 54 324 86 
stack 51:    277 341 212 713 626 557 107 
stack 52:    476 219 581 374 288 186 218 
stack 53:    443 674 117 201 55 537 457 
stack 54:    217 312 108 122 343 306 283 
stack 55:    112 348 143 490 136 159 492 
stack 56:    104 610 700 280 701 485 148 
stack 57:    650 571 586 129 352 741 268 
stack 58:    204 707 157 504 118 531 563 
stack 59:    636 608 675 647 206 88 145 
stack 60:    734 190 327 536 456 160 450 
stack 61:    305 303 725 246 248 181 547 
stack 62:    278 493 721 746 134 667 182 
stack 63:    314 582 543 699 309 632 229 
stack 64:    187 175 551 301 213 330 689 
stack 65:    0 
stack 66:    1 375 
stack 67:    377 
stack 68:    3 
stack 69:    4 
stack 70:    380 
stack 71:    381 
stack 72:    6 7 382 
stack 73:    383 
stack 74:    384 9 
stack 75:    385 10 
stack 76:    386 11 
stack 77:    387 12 
stack 78:    389 558 82 622 221 13 71 
stack 79:    15 77 525 436 172 572 14 
stack 80:    44 16 506 27 20 402 38 
stack 81:    317 137 253 498 567 447 142 
stack 82:    361 505 475 337 664 623 400 
stack 83:    28 514 654 189 23 729 396 
stack 84:    22 336 127 728 471 45 37 
stack 85:    403 216 404 33 606 520 451 
stack 86:    29 648 111 42 406 70 21 
stack 87:    228 350 748 203 72 658 154 
stack 88:    83 106 405 310 296 135 685 
stack 89:    737 259 411 265 676 618 149 
stack 90:    702 482 220 481 359 668 51 
stack 91:    692 133 40 369 282 140 691 
stack 92:    611 620 211 41 234 706 592 
stack 93:    619 141 304 677 39 641 49 
stack 94:    417 35 419 539 32 261 272 
stack 95:    724 483 243 435 466 325 427 
stack 96:    474 236 249 418 65 316 409 
stack 97:    416 48 516 109 365 79 322 
stack 98:    195 146 257 434 522 101 517 
stack 99:    515 331 480 298 173 366 333 
stack 100:    727 430 196 80 43 103 105 
stack 101:    74 565 500 150 627 745 672 
stack 102:    169 198 269 518 714 680 605 
stack 103:    554 738 178 639 553 363 214 
stack 104:    749 81 67 590 617 690 452 
stack 105:    453 526 494 671 736 121 290 
stack 106:    564 625 703 53 579 340 286 
stack 107:    59 556 61 258 535 656 287 
stack 108:    355 223 740 422 114 437 585 
stack 109:    256 529 125 710 279 659 442 
stack 110:    163 130 595 328 339 123 629 
stack 111:    598 624 559 459 704 670 593 
stack 112:    294 686 264 179 711 613 484 
stack 113:    425 533 463 489 458 429 444 
stack 114:    496 151 653 291 370 717 313 
stack 115:    98 507 94 293 499 431 371 
stack 116:    735 225 540 191 215 52 297 
stack 117:    318 678 284 479 185 368 85 
stack 118:    64 521 497 455 616 205 633 
stack 119:    722 270 604 682 465 87 155 
stack 120:    743 360 99 315 665 60 477 
stack 121:    367 334 100 643 445 487 508 
stack 122:    669 519 599 630 549 555 210 
stack 123:    573 693 652 164 188 209 584 
stack 124:    373 552 132 621 578 308 320 
stack 125:    695 329 731 560 719 574 335 
stack 126:    528 227 338 470 275 486 89 
stack 127:    263 548 199 469 84 285 238 
stack 128:    347 153 224 712 491 657 239 
stack 129:    241 577 299 202 92 176 673 
