solved with: SP.post_optimization_methods.TabuSearch
time limit: 3600.0 s
time to solve: 443,30 s
objective value: 692249.65

stacks (top to bottom):
stack 0:    
stack 1:    376 
stack 2:    
stack 3:    
stack 4:    378 
stack 5:    
stack 6:    381 
stack 7:    382 
stack 8:    
stack 9:    384 
stack 10:    
stack 11:    11 
stack 12:    393 
stack 13:    392 618 
stack 14:    196 161 389 558 75 79 632 
stack 15:    333 391 629 335 691 501 126 
stack 16:    151 104 479 152 676 581 17 
stack 17:    407 33 78 609 416 394 536 
stack 18:    403 575 128 635 236 541 619 
stack 19:    214 50 399 545 402 683 599 
stack 20:    22 358 412 594 34 713 396 
stack 21:    137 257 595 135 171 136 134 
stack 22:    527 646 369 146 86 690 332 
stack 23:    537 160 272 228 563 663 424 
stack 24:    526 429 436 97 493 37 413 
stack 25:    66 145 31 263 418 564 328 
stack 26:    583 44 338 141 548 63 259 
stack 27:    48 415 544 280 550 636 421 
stack 28:    43 455 98 173 498 351 522 
stack 29:    586 71 579 727 41 404 300 
stack 30:    648 589 346 502 203 370 617 
stack 31:    518 240 638 99 565 85 531 
stack 32:    738 698 523 720 101 289 201 
stack 33:    462 168 580 482 680 219 310 
stack 34:    670 712 592 488 614 704 35 
stack 35:    364 256 465 162 266 622 336 
stack 36:    466 119 312 350 568 731 420 
stack 37:    570 123 232 543 708 484 666 
stack 38:    425 644 714 613 694 235 681 
stack 39:    64 208 150 87 434 608 578 
stack 40:    616 689 427 674 447 506 302 
stack 41:    127 667 611 555 546 507 45 
stack 42:    242 133 422 106 204 458 655 
stack 43:    227 554 547 431 492 320 58 
stack 44:    258 352 149 265 532 730 270 
stack 45:    668 587 315 153 250 686 573 
stack 46:    733 131 234 588 285 360 728 
stack 47:    426 305 306 451 155 183 222 
stack 48:    450 299 624 432 665 327 707 
stack 49:    301 368 621 95 174 649 111 
stack 50:    495 606 51 439 224 185 194 
stack 51:    748 339 538 100 706 461 297 
stack 52:    489 471 623 735 445 702 172 
stack 53:    69 132 367 337 188 716 440 
stack 54:    647 341 722 747 284 374 696 
stack 55:    67 630 139 94 264 685 675 
stack 56:    448 57 108 331 664 433 598 
stack 57:    113 197 182 83 223 478 504 
stack 58:    480 473 725 169 248 144 549 
stack 59:    481 519 72 231 275 273 497 
stack 60:    187 107 142 729 627 268 514 
stack 61:    615 660 463 229 283 318 697 
stack 62:    734 490 163 244 508 485 73 
stack 63:    449 468 158 640 105 271 529 
stack 64:    167 711 528 534 88 314 494 
stack 65:    375 0 
stack 66:    1 
stack 67:    2 377 
stack 68:    4 3 
stack 69:    379 
stack 70:    5 380 
stack 71:    6 
stack 72:    7 
stack 73:    383 8 
stack 74:    9 
stack 75:    385 
stack 76:    10 386 
stack 77:    387 12 
stack 78:    435 496 414 637 13 388 324 
stack 79:    390 512 362 184 14 237 15 
stack 80:    656 298 52 25 239 295 483 
stack 81:    21 355 401 24 322 16 423 
stack 82:    20 582 296 395 18 27 515 
stack 83:    19 654 398 82 607 323 53 
stack 84:    732 366 290 602 125 397 476 
stack 85:    334 409 400 287 28 202 32 
stack 86:    23 343 190 286 255 516 557 
stack 87:    344 175 604 307 93 200 438 
stack 88:    251 277 357 49 410 678 457 
stack 89:    186 30 405 189 556 650 517 
stack 90:    371 124 261 278 39 562 96 
stack 91:    29 349 633 739 294 26 243 
stack 92:    210 499 610 192 317 114 205 
stack 93:    705 723 520 353 42 661 659 
stack 94:    553 672 90 626 605 634 68 
stack 95:    245 567 510 215 36 673 46 
stack 96:    342 406 218 408 600 533 491 
stack 97:    443 230 206 411 744 459 736 
stack 98:    92 143 677 464 612 38 47 
stack 99:    319 74 745 513 262 181 40 
stack 100:    70 743 487 164 503 361 584 
stack 101:    441 354 669 620 460 452 721 
stack 102:    292 148 138 509 530 717 348 
stack 103:    657 246 642 269 166 552 253 
stack 104:    313 456 91 688 687 631 356 
stack 105:    539 115 590 746 693 267 417 
stack 106:    65 596 56 110 254 486 475 
stack 107:    311 316 428 321 60 199 238 
stack 108:    288 701 679 559 601 718 437 
stack 109:    741 643 363 576 430 419 628 
stack 110:    603 279 249 469 710 216 274 
stack 111:    329 303 446 193 61 653 170 
stack 112:    81 684 179 102 62 156 157 
stack 113:    703 724 276 116 577 103 304 
stack 114:    521 118 585 54 542 225 130 
stack 115:    59 645 291 505 212 220 226 
stack 116:    207 217 345 597 293 671 726 
stack 117:    165 209 55 80 359 282 372 
stack 118:    147 574 241 84 453 692 561 
stack 119:    700 569 178 252 109 591 247 
stack 120:    625 551 652 474 709 129 662 
stack 121:    470 572 454 682 365 535 560 
stack 122:    715 195 112 121 347 260 511 
stack 123:    444 651 641 540 500 140 211 
stack 124:    658 737 177 699 325 566 89 
stack 125:    525 340 308 639 442 213 120 
stack 126:    198 719 191 742 76 221 373 
stack 127:    695 472 117 159 176 122 524 
stack 128:    281 77 154 477 571 309 749 
stack 129:    467 740 593 180 326 233 330 

#####################################################

solved with: SP.post_optimization_methods.HillClimbing
time limit: 3600.0 s
time to solve: 285,28 s
objective value: 692249.65

stacks (top to bottom):
stack 0:    
stack 1:    376 
stack 2:    
stack 3:    
stack 4:    378 
stack 5:    
stack 6:    381 
stack 7:    382 
stack 8:    
stack 9:    384 
stack 10:    
stack 11:    11 
stack 12:    393 
stack 13:    551 13 
stack 14:    390 648 714 389 488 68 17 
stack 15:    404 87 111 721 42 506 494 
stack 16:    43 572 479 104 398 654 417 
stack 17:    165 21 609 185 394 685 749 
stack 18:    281 554 422 154 642 24 681 
stack 19:    131 151 54 626 474 140 336 
stack 20:    409 290 37 264 563 690 491 
stack 21:    240 145 731 650 457 517 170 
stack 22:    724 127 277 143 667 520 32 
stack 23:    441 331 28 155 202 561 524 
stack 24:    50 657 399 345 269 136 552 
stack 25:    629 52 31 503 476 486 634 
stack 26:    313 402 86 239 27 546 237 
stack 27:    743 301 118 278 414 478 459 
stack 28:    722 748 418 637 221 157 330 
stack 29:    156 231 255 206 742 370 58 
stack 30:    44 574 611 729 557 706 318 
stack 31:    715 737 471 97 61 53 697 
stack 32:    33 443 141 63 687 485 675 
stack 33:    119 178 142 252 275 617 88 
stack 34:    242 518 341 182 362 458 159 
stack 35:    509 220 36 266 412 183 348 
stack 36:    355 372 600 423 726 659 438 
stack 37:    732 261 55 415 428 453 725 
stack 38:    539 291 465 289 421 413 332 
stack 39:    210 463 449 150 109 627 253 
stack 40:    583 329 197 146 555 135 268 
stack 41:    51 460 175 49 193 126 45 
stack 42:    426 161 523 188 76 744 259 
stack 43:    137 492 117 595 338 121 484 
stack 44:    435 499 579 513 562 532 573 
stack 45:    147 311 564 263 235 99 85 
stack 46:    647 651 454 540 580 358 716 
stack 47:    196 306 592 665 432 605 205 
stack 48:    48 489 227 612 711 320 608 
stack 49:    59 217 604 233 591 353 120 
stack 50:    695 431 91 688 548 285 172 
stack 51:    698 487 538 107 79 374 461 
stack 52:    364 232 272 528 655 184 671 
stack 53:    448 148 327 577 96 225 482 
stack 54:    139 472 303 436 105 662 122 
stack 55:    67 582 325 260 200 728 707 
stack 56:    537 339 593 741 279 103 302 
stack 57:    198 133 123 180 296 601 310 
stack 58:    466 65 342 602 544 250 280 
stack 59:    292 352 558 164 337 267 508 
stack 60:    470 656 191 125 477 101 226 
stack 61:    74 207 526 106 676 181 314 
stack 62:    132 677 94 708 490 693 475 
stack 63:    305 668 71 673 686 614 504 
stack 64:    733 112 246 618 295 678 271 
stack 65:    375 0 
stack 66:    1 
stack 67:    2 377 
stack 68:    4 3 
stack 69:    379 
stack 70:    5 380 
stack 71:    6 
stack 72:    7 
stack 73:    383 8 
stack 74:    9 
stack 75:    385 
stack 76:    10 386 
stack 77:    387 12 
stack 78:    391 298 406 321 14 309 388 
stack 79:    334 660 346 363 498 26 483 
stack 80:    20 19 644 603 640 134 15 
stack 81:    333 110 397 16 171 536 356 
stack 82:    392 288 357 308 199 18 248 
stack 83:    64 585 39 739 98 607 396 
stack 84:    245 319 366 635 395 169 445 
stack 85:    22 712 400 500 622 34 632 
stack 86:    23 455 553 179 38 25 47 
stack 87:    403 462 641 90 433 440 211 
stack 88:    467 195 588 405 446 95 541 
stack 89:    30 113 78 189 556 300 35 
stack 90:    495 568 62 408 420 307 40 
stack 91:    234 658 512 401 473 416 529 
stack 92:    575 610 41 208 550 628 702 
stack 93:    108 349 652 594 361 542 270 
stack 94:    670 29 745 192 451 680 304 
stack 95:    407 167 633 689 411 565 144 
stack 96:    251 684 77 335 174 452 93 
stack 97:    177 160 683 718 166 410 666 
stack 98:    738 581 674 424 247 437 692 
stack 99:    124 669 727 468 709 497 46 
stack 100:    367 516 639 203 273 619 549 
stack 101:    214 525 92 699 241 257 73 
stack 102:    645 425 567 717 212 129 713 
stack 103:    606 613 427 694 244 228 522 
stack 104:    450 719 340 317 469 219 736 
stack 105:    312 326 597 238 696 201 297 
stack 106:    630 158 720 430 419 163 584 
stack 107:    229 153 434 571 566 274 351 
stack 108:    115 69 691 429 621 534 213 
stack 109:    700 187 102 236 100 152 723 
stack 110:    481 590 596 569 80 72 254 
stack 111:    480 545 84 347 501 89 194 
stack 112:    66 521 286 747 284 294 173 
stack 113:    186 547 60 701 218 442 578 
stack 114:    57 672 365 138 530 114 704 
stack 115:    740 623 224 735 507 515 360 
stack 116:    615 350 746 543 204 322 531 
stack 117:    343 705 190 664 287 265 262 
stack 118:    368 464 282 679 649 533 222 
stack 119:    299 510 315 249 75 710 216 
stack 120:    444 616 162 589 283 502 243 
stack 121:    70 56 646 230 293 324 130 
stack 122:    371 209 359 493 223 631 176 
stack 123:    456 316 439 83 82 653 599 
stack 124:    258 734 128 519 369 323 636 
stack 125:    625 215 276 624 149 116 598 
stack 126:    527 81 168 682 505 730 663 
stack 127:    354 570 620 559 373 661 535 
stack 128:    703 344 643 576 447 514 560 
stack 129:    586 587 256 638 496 328 511 
