solved with: SP.post_optimization_methods.TabuSearch
time limit: 3600.0 s
time to solve: 456,88 s
objective value: 692260.58

stacks (top to bottom):
stack 0:    
stack 1:    1 376 
stack 2:    2 
stack 3:    
stack 4:    380 
stack 5:    5 
stack 6:    381 
stack 7:    7 
stack 8:    383 
stack 9:    
stack 10:    385 
stack 11:    
stack 12:    12 
stack 13:    390 
stack 14:    409 224 466 389 18 440 646 
stack 15:    398 21 256 320 251 264 15 
stack 16:    391 178 41 545 315 448 394 
stack 17:    286 169 392 653 19 418 372 
stack 18:    451 715 396 459 616 207 416 
stack 19:    367 235 397 127 495 569 170 
stack 20:    287 29 644 335 147 428 405 
stack 21:    44 123 455 404 238 463 474 
stack 22:    652 746 422 32 733 259 622 
stack 23:    70 151 62 285 81 104 27 
stack 24:    100 674 150 629 504 35 50 
stack 25:    439 327 336 453 412 400 473 
stack 26:    344 676 667 342 654 49 374 
stack 27:    275 603 313 307 252 63 368 
stack 28:    498 570 77 484 517 93 627 
stack 29:    175 736 225 280 725 617 435 
stack 30:    173 533 709 706 56 437 120 
stack 31:    749 203 716 577 529 521 658 
stack 32:    146 162 339 432 192 592 515 
stack 33:    289 561 370 623 590 193 166 
stack 34:    649 508 598 212 673 76 446 
stack 35:    117 748 544 693 371 593 469 
stack 36:    542 485 558 306 443 262 548 
stack 37:    547 40 221 648 121 710 98 
stack 38:    527 219 213 522 138 131 452 
stack 39:    45 353 539 426 564 683 119 
stack 40:    419 423 625 68 503 165 263 
stack 41:    43 549 611 491 276 525 231 
stack 42:    322 308 702 113 80 536 284 
stack 43:    557 677 634 269 730 678 182 
stack 44:    478 143 279 742 586 53 133 
stack 45:    222 607 499 567 680 609 424 
stack 46:    137 223 456 581 177 694 506 
stack 47:    728 326 369 445 74 290 106 
stack 48:    243 604 470 304 657 361 668 
stack 49:    218 145 317 292 103 583 71 
stack 50:    721 233 321 52 450 530 509 
stack 51:    560 242 724 556 338 85 538 
stack 52:    444 88 493 356 197 267 647 
stack 53:    55 571 302 434 601 299 595 
stack 54:    107 496 357 128 116 114 659 
stack 55:    467 96 272 447 57 442 600 
stack 56:    201 208 513 460 618 565 217 
stack 57:    490 482 79 492 486 511 125 
stack 58:    650 704 591 575 311 237 497 
stack 59:    318 250 462 718 481 319 573 
stack 60:    82 578 487 520 476 187 84 
stack 61:    186 249 189 345 247 614 510 
stack 62:    740 214 305 457 572 546 294 
stack 63:    642 354 720 739 226 254 154 
stack 64:    585 537 180 270 633 229 172 
stack 65:    0 375 
stack 66:    
stack 67:    377 
stack 68:    378 3 
stack 69:    4 379 
stack 70:    6 
stack 71:    
stack 72:    382 
stack 73:    8 
stack 74:    9 384 
stack 75:    10 
stack 76:    13 386 11 
stack 77:    387 388 
stack 78:    363 687 258 14 359 300 277 
stack 79:    532 395 741 17 72 135 67 
stack 80:    89 430 86 407 16 651 574 
stack 81:    296 438 257 179 23 436 635 
stack 82:    535 555 33 701 245 415 337 
stack 83:    348 20 265 393 157 260 28 
stack 84:    241 602 58 25 181 174 624 
stack 85:    660 227 719 401 505 198 24 
stack 86:    194 118 410 31 643 48 38 
stack 87:    141 669 681 399 37 22 34 
stack 88:    347 274 185 696 695 255 402 
stack 89:    747 479 692 73 406 340 679 
stack 90:    608 159 124 606 191 408 26 
stack 91:    64 483 554 155 234 209 628 
stack 92:    261 314 734 346 115 167 403 
stack 93:    640 30 413 735 429 711 689 
stack 94:    568 531 641 310 239 745 744 
stack 95:    512 323 713 65 36 301 411 
stack 96:    461 559 699 66 60 433 355 
stack 97:    540 273 293 417 42 726 112 
stack 98:    244 365 171 621 686 705 612 
stack 99:    662 230 690 364 449 712 670 
stack 100:    216 480 420 205 51 523 316 
stack 101:    703 298 54 727 743 514 502 
stack 102:    351 553 75 584 731 472 566 
stack 103:    329 579 414 130 685 39 596 
stack 104:    637 350 619 47 534 458 589 
stack 105:    613 122 671 587 672 46 732 
stack 106:    580 500 665 90 190 160 271 
stack 107:    655 303 526 661 240 691 698 
stack 108:    688 421 738 331 153 236 729 
stack 109:    605 425 232 597 465 722 253 
stack 110:    152 195 149 454 196 101 352 
stack 111:    576 639 632 95 199 663 188 
stack 112:    297 708 312 494 341 524 700 
stack 113:    615 664 362 144 248 176 714 
stack 114:    102 707 343 200 161 325 266 
stack 115:    228 626 563 126 136 656 59 
stack 116:    638 183 550 97 61 427 83 
stack 117:    105 464 215 737 211 156 431 
stack 118:    332 645 163 184 468 610 501 
stack 119:    471 551 334 158 588 268 475 
stack 120:    666 441 246 206 358 134 518 
stack 121:    108 541 283 282 87 129 278 
stack 122:    99 697 507 562 489 684 220 
stack 123:    78 675 349 519 164 333 142 
stack 124:    295 543 631 328 204 723 288 
stack 125:    528 636 594 111 599 582 620 
stack 126:    324 139 309 281 140 330 366 
stack 127:    202 477 110 360 210 291 91 
stack 128:    94 132 717 630 373 69 682 
stack 129:    168 516 488 109 148 92 552 

#####################################################

solved with: SP.post_optimization_methods.HillClimbing
time limit: 3600.0 s
time to solve: 545,83 s
objective value: 692247.28

stacks (top to bottom):
stack 0:    
stack 1:    1 376 
stack 2:    2 
stack 3:    
stack 4:    380 
stack 5:    5 
stack 6:    381 
stack 7:    7 
stack 8:    383 
stack 9:    
stack 10:    385 
stack 11:    
stack 12:    12 
stack 13:    740 390 325 
stack 14:    396 389 556 686 345 394 510 
stack 15:    398 392 33 665 575 503 15 
stack 16:    117 393 138 522 260 402 288 
stack 17:    221 18 505 572 406 28 154 
stack 18:    728 707 298 685 23 374 166 
stack 19:    397 404 456 634 164 504 712 
stack 20:    228 409 29 607 561 407 27 
stack 21:    493 343 238 627 341 722 729 
stack 22:    697 180 60 429 425 611 300 
stack 23:    636 285 519 610 104 592 682 
stack 24:    286 512 111 203 305 411 26 
stack 25:    265 420 327 339 604 656 431 
stack 26:    235 363 720 719 727 732 226 
stack 27:    109 641 218 179 198 457 524 
stack 28:    674 362 508 621 184 372 133 
stack 29:    527 688 667 212 342 187 330 
stack 30:    738 48 115 428 114 678 405 
stack 31:    344 32 616 74 35 192 412 
stack 32:    367 551 118 243 86 52 282 
stack 33:    419 132 625 587 251 294 34 
stack 34:    498 165 126 301 120 83 593 
stack 35:    70 249 148 308 495 80 424 
stack 36:    461 507 47 41 356 53 458 
stack 37:    201 195 513 208 145 743 725 
stack 38:    56 273 303 487 450 497 253 
stack 39:    213 492 310 499 170 518 129 
stack 40:    555 227 653 307 683 264 473 
stack 41:    478 107 557 675 553 723 435 
stack 42:    275 422 605 90 465 259 525 
stack 43:    643 75 269 623 523 731 566 
stack 44:    615 155 661 659 651 745 59 
stack 45:    215 351 242 211 72 694 361 
stack 46:    560 365 677 131 49 317 50 
stack 47:    423 321 541 598 76 106 647 
stack 48:    467 66 369 437 157 440 290 
stack 49:    88 430 545 196 67 292 589 
stack 50:    62 749 480 370 691 255 574 
stack 51:    660 559 338 373 521 442 624 
stack 52:    645 124 630 733 140 276 663 
stack 53:    152 96 323 256 576 618 207 
stack 54:    79 151 459 158 360 291 600 
stack 55:    173 439 347 143 349 135 91 
stack 56:    318 434 550 739 736 254 112 
stack 57:    146 116 526 84 710 304 595 
stack 58:    708 139 245 564 639 337 679 
stack 59:    82 735 257 61 89 436 544 
stack 60:    99 332 122 176 352 448 538 
stack 61:    709 549 68 580 491 700 509 
stack 62:    585 642 289 149 603 197 277 
stack 63:    105 128 673 247 69 71 366 
stack 64:    471 537 742 177 293 628 705 
stack 65:    0 375 
stack 66:    
stack 67:    377 
stack 68:    378 3 
stack 69:    4 379 
stack 70:    6 
stack 71:    
stack 72:    382 
stack 73:    8 
stack 74:    9 384 
stack 75:    10 
stack 76:    386 11 
stack 77:    387 
stack 78:    395 483 13 171 388 14 39 
stack 79:    666 175 19 217 617 400 368 
stack 80:    391 655 162 637 706 558 16 
stack 81:    703 141 21 635 481 620 119 
stack 82:    539 17 401 399 718 415 22 
stack 83:    20 64 216 696 210 142 472 
stack 84:    543 358 335 25 299 584 475 
stack 85:    721 638 669 681 460 73 632 
stack 86:    222 496 690 234 24 85 63 
stack 87:    55 178 463 263 597 271 191 
stack 88:    354 466 704 432 726 515 714 
stack 89:    183 426 36 565 408 418 469 
stack 90:    533 30 562 534 46 54 582 
stack 91:    516 701 161 546 172 501 278 
stack 92:    676 246 410 31 306 403 284 
stack 93:    40 108 232 577 502 199 340 
stack 94:    43 353 717 716 311 484 136 
stack 95:    44 320 713 281 606 506 355 
stack 96:    326 130 741 417 654 272 680 
stack 97:    464 230 346 590 38 236 37 
stack 98:    186 734 569 147 51 182 744 
stack 99:    414 547 746 200 711 371 514 
stack 100:    662 601 581 283 588 359 57 
stack 101:    168 532 150 702 485 364 167 
stack 102:    488 455 648 591 570 42 416 
stack 103:    100 626 329 482 413 137 476 
stack 104:    94 302 309 237 470 622 552 
stack 105:    45 350 629 477 486 449 333 
stack 106:    322 295 328 206 631 730 87 
stack 107:    324 296 462 121 500 433 156 
stack 108:    348 421 113 602 153 536 239 
stack 109:    640 644 58 181 220 268 231 
stack 110:    747 542 261 664 248 125 98 
stack 111:    274 163 489 724 101 614 262 
stack 112:    438 312 454 427 240 446 596 
stack 113:    528 578 594 540 619 453 103 
stack 114:    490 97 445 494 95 573 452 
stack 115:    563 219 334 224 214 209 315 
stack 116:    444 699 93 190 689 319 548 
stack 117:    652 314 468 336 520 266 612 
stack 118:    313 479 692 65 280 160 698 
stack 119:    579 531 127 223 571 646 583 
stack 120:    357 279 233 511 92 229 188 
stack 121:    568 287 633 599 517 693 668 
stack 122:    194 78 737 185 695 443 670 
stack 123:    748 202 613 270 159 530 658 
stack 124:    554 244 110 144 567 316 609 
stack 125:    297 535 650 474 529 657 252 
stack 126:    441 134 204 331 241 205 684 
stack 127:    169 250 77 258 447 267 193 
stack 128:    102 451 608 671 672 687 225 
stack 129:    123 715 649 81 189 586 174 
