lower bound for relaxed s_ij: 692229.02

#####################################################

solved with: SP.mip_formulations.BinPackingFormulation
time limit: 3600.0 s
time to solve: 1911,50 s
objective value: 692235.08

stacks (top to bottom):
stack 0:    375 
stack 1:    
stack 2:    377 
stack 3:    
stack 4:    
stack 5:    380 
stack 6:    
stack 7:    
stack 8:    
stack 9:    9 
stack 10:    385 
stack 11:    
stack 12:    
stack 13:    13 389 465 
stack 14:    14 391 551 359 314 228 100 
stack 15:    447 342 324 16 390 129 561 
stack 16:    462 548 287 242 717 556 191 
stack 17:    445 210 233 695 392 299 164 
stack 18:    484 460 540 739 702 707 292 
stack 19:    654 284 271 542 457 494 260 
stack 20:    136 20 515 490 146 553 562 
stack 21:    304 396 133 68 692 688 475 
stack 22:    687 576 153 566 326 696 398 
stack 23:    745 744 89 615 547 316 539 
stack 24:    459 291 277 533 290 186 399 
stack 25:    401 219 192 67 246 570 506 
stack 26:    603 26 733 268 662 599 597 
stack 27:    253 31 647 71 269 665 661 
stack 28:    403 93 684 598 337 273 592 
stack 29:    632 404 581 469 660 179 88 
stack 30:    530 135 713 163 669 30 143 
stack 31:    406 279 145 90 572 742 251 
stack 32:    563 505 666 535 674 176 538 
stack 33:    408 473 493 236 468 285 720 
stack 34:    202 697 409 65 638 634 261 
stack 35:    364 501 626 449 275 439 58 
stack 36:    573 296 477 311 467 444 645 
stack 37:    165 512 327 619 578 211 158 
stack 38:    38 362 323 678 278 621 643 
stack 39:    641 481 748 686 523 183 525 
stack 40:    318 190 700 499 743 178 40 
stack 41:    536 594 694 663 549 440 77 
stack 42:    703 683 78 56 154 114 738 
stack 43:    670 636 568 150 365 418 276 
stack 44:    558 728 685 671 682 629 149 
stack 45:    618 200 656 577 640 644 420 
stack 46:    560 667 345 309 421 371 112 
stack 47:    204 198 509 118 655 704 104 
stack 48:    223 148 471 79 312 128 423 
stack 49:    714 729 517 370 575 486 140 
stack 50:    520 630 331 199 170 111 350 
stack 51:    262 564 101 737 736 732 184 
stack 52:    516 456 699 534 504 579 252 
stack 53:    489 115 675 313 63 142 157 
stack 54:    147 234 229 70 94 631 352 
stack 55:    646 248 298 552 167 173 528 
stack 56:    98 171 709 215 91 508 107 
stack 57:    231 595 66 297 137 96 82 
stack 58:    144 131 237 86 83 175 194 
stack 59:    75 519 250 746 92 109 81 
stack 60:    526 374 188 60 306 257 87 
stack 61:    310 187 286 659 166 61 555 
stack 62:    366 232 639 62 119 301 698 
stack 63:    161 181 217 610 222 338 120 
stack 64:    590 583 73 319 712 480 258 
stack 65:    0 
stack 66:    376 
stack 67:    2 1 
stack 68:    378 3 
stack 69:    4 379 
stack 70:    5 
stack 71:    6 381 
stack 72:    382 7 
stack 73:    383 
stack 74:    384 8 
stack 75:    10 
stack 76:    386 11 
stack 77:    387 12 
stack 78:    584 388 596 240 620 680 740 
stack 79:    567 441 300 507 466 749 15 
stack 80:    582 241 488 303 295 208 259 
stack 81:    716 609 463 207 196 691 218 
stack 82:    134 221 127 17 474 734 372 
stack 83:    274 635 393 357 235 18 496 
stack 84:    325 59 394 395 544 256 19 
stack 85:    591 605 182 95 220 373 351 
stack 86:    23 74 593 21 726 587 428 
stack 87:    397 22 321 722 281 238 607 
stack 88:    741 531 369 482 353 213 347 
stack 89:    400 541 226 24 139 650 648 
stack 90:    315 589 25 672 138 513 180 
stack 91:    483 652 216 363 464 580 346 
stack 92:    27 402 627 283 293 159 121 
stack 93:    602 28 430 105 476 492 205 
stack 94:    29 254 711 336 224 197 113 
stack 95:    642 529 485 405 498 673 201 
stack 96:    272 448 434 270 491 206 340 
stack 97:    160 719 239 32 407 110 701 
stack 98:    432 34 658 500 214 33 255 
stack 99:    348 227 130 731 39 622 521 
stack 100:    361 302 679 527 410 35 689 
stack 101:    616 461 225 479 411 172 36 
stack 102:    37 412 417 249 569 307 280 
stack 103:    413 727 495 511 588 341 452 
stack 104:    600 263 103 332 265 41 414 
stack 105:    415 676 649 472 450 524 209 
stack 106:    416 151 177 193 328 510 335 
stack 107:    628 343 725 442 42 427 69 
stack 108:    358 43 710 116 606 329 724 
stack 109:    355 122 141 72 708 44 419 
stack 110:    189 123 45 124 125 693 617 
stack 111:    294 438 288 690 601 532 46 
stack 112:    613 522 543 322 478 422 47 
stack 113:    349 367 230 267 48 126 668 
stack 114:    721 360 102 49 723 424 354 
stack 115:    653 715 425 50 730 585 487 
stack 116:    162 51 426 497 443 152 106 
stack 117:    333 169 718 586 453 156 52 
stack 118:    53 308 243 458 266 657 84 
stack 119:    514 320 317 54 705 446 429 
stack 120:    132 574 356 637 545 55 651 
stack 121:    431 571 608 174 334 604 212 
stack 122:    57 518 502 108 344 117 550 
stack 123:    681 433 557 623 99 633 247 
stack 124:    245 155 614 455 85 195 244 
stack 125:    470 330 624 554 503 435 565 
stack 126:    168 282 559 436 97 664 185 
stack 127:    289 612 368 735 706 437 747 
stack 128:    546 677 537 454 305 451 76 
stack 129:    611 80 339 203 64 625 264 

#####################################################

solved with: SP.constructive_heuristics.GeneralHeuristic
time limit: 3600.0 s
time to solve: 0,00 s
objective value: 750545.86

stacks (top to bottom):
stack 0:    505 718 654 503 337 213 738 
stack 1:    484 75 5 282 125 422 194 
stack 2:    153 231 600 397 626 273 335 
stack 3:    576 364 172 417 606 259 575 
stack 4:    432 615 451 244 726 689 704 
stack 5:    431 156 155 192 52 660 329 
stack 6:    38 461 287 523 158 285 104 
stack 7:    745 241 658 497 110 534 701 
stack 8:    102 537 322 488 68 644 39 
stack 9:    560 253 288 64 694 100 587 
stack 10:    141 520 327 365 405 25 258 
stack 11:    460 66 234 229 130 175 464 
stack 12:    558 316 321 553 688 276 354 
stack 13:    79 589 445 697 501 427 19 
stack 14:    577 4 78 647 307 256 617 
stack 15:    536 93 669 339 532 549 555 
stack 16:    595 3 245 421 554 356 208 
stack 17:    72 262 482 186 344 627 592 
stack 18:    330 744 44 430 376 650 414 
stack 19:    333 573 270 24 17 604 467 
stack 20:    166 675 749 638 629 524 510 
stack 21:    591 388 446 636 207 185 720 
stack 22:    23 243 541 348 132 21 544 
stack 23:    535 89 16 691 457 247 140 
stack 24:    522 250 614 407 444 197 580 
stack 25:    286 32 442 502 269 439 428 
stack 26:    366 204 413 674 608 193 9 
stack 27:    384 57 98 314 625 149 525 
stack 28:    533 426 574 41 216 620 661 
stack 29:    53 563 543 133 478 347 550 
stack 30:    406 160 719 481 495 278 143 
stack 31:    161 736 709 377 77 712 209 
stack 32:    272 367 219 67 224 48 84 
stack 33:    317 739 681 424 475 508 399 
stack 34:    242 415 518 65 111 634 107 
stack 35:    459 360 586 612 174 572 657 
stack 36:    187 14 95 412 55 645 420 
stack 37:    145 305 706 152 429 486 561 
stack 38:    400 571 94 730 499 585 159 
stack 39:    567 514 471 656 27 22 319 
stack 40:    62 60 403 594 257 211 183 
stack 41:    325 409 507 551 238 164 260 
stack 42:    162 342 323 240 437 504 106 
stack 43:    708 226 735 723 99 500 33 
stack 44:    263 37 716 531 383 734 372 
stack 45:    358 618 375 676 264 678 261 
stack 46:    485 564 313 737 732 350 12 
stack 47:    519 666 128 103 624 116 662 
stack 48:    343 13 640 545 664 707 381 
stack 49:    291 540 746 326 303 443 494 
stack 50:    687 646 169 237 336 40 607 
stack 51:    74 29 609 449 30 341 157 
stack 52:    526 135 97 275 236 114 621 
stack 53:    374 715 230 423 696 124 346 
stack 54:    302 382 301 695 295 173 129 
stack 55:    188 221 150 18 42 56 46 
stack 56:    274 6 277 396 85 8 11 
stack 57:    163 438 512 611 686 142 578 
stack 58:    308 51 43 45 146 71 58 
stack 59:    516 548 7 476 191 562 565 
stack 60:    368 49 566 651 648 180 513 
stack 61:    131 190 151 86 419 631 88 
stack 62:    232 530 713 171 101 655 112 
stack 63:    721 195 311 299 692 218 579 
stack 64:    703 557 206 338 76 255 452 
stack 65:    310 312 254 633 465 281 487 
stack 66:    602 605 369 393 357 379 682 
stack 67:    189 279 332 271 81 139 742 
stack 68:    584 386 119 404 109 569 684 
stack 69:    483 378 96 334 700 352 521 
stack 70:    320 182 610 581 363 599 47 
stack 71:    448 200 683 728 493 170 387 
stack 72:    165 115 391 298 196 331 283 
stack 73:    54 345 477 677 373 82 724 
stack 74:    122 639 294 300 463 511 528 
stack 75:    223 198 63 583 663 215 121 
stack 76:    134 0 616 225 473 1 468 
stack 77:    441 395 222 547 214 492 665 
stack 78:    748 402 167 87 673 252 371 
stack 79:    462 137 296 220 418 722 280 
stack 80:    202 168 324 392 251 83 328 
stack 81:    509 73 69 649 154 450 340 
stack 82:    725 108 559 679 2 671 199 
stack 83:    315 434 362 26 685 498 747 
stack 84:    289 147 70 177 711 538 179 
stack 85:    297 28 92 249 268 435 353 
stack 86:    741 447 210 217 284 266 398 
stack 87:    394 455 710 410 390 702 138 
stack 88:    34 425 385 265 733 292 201 
stack 89:    603 31 659 306 118 588 668 
stack 90:    470 628 632 489 601 61 643 
stack 91:    729 479 568 380 542 570 126 
stack 92:    318 416 50 90 178 597 212 
stack 93:    401 456 469 652 35 598 205 
stack 94:    705 127 635 290 10 117 184 
stack 95:    309 641 596 248 515 359 228 
stack 96:    349 370 731 698 539 506 496 
stack 97:    670 361 239 235 619 552 472 
stack 98:    642 667 727 411 91 740 693 
stack 99:    355 123 136 105 527 637 622 
stack 100:    148 408 590 690 80 672 293 
stack 101:    653 453 233 546 582 227 743 
stack 102:    714 517 267 113 
stack 103:    529 20 466 630 389 680 351 
stack 104:    304 458 454 433 699 474 491 
stack 105:    144 120 556 
stack 106:    613 181 593 623 
stack 107:    490 436 717 15 36 440 480 
stack 108:    59 203 
stack 109:    246 
stack 110:    176 
stack 111:    
stack 112:    
stack 113:    
stack 114:    
stack 115:    
stack 116:    
stack 117:    
stack 118:    
stack 119:    
stack 120:    
stack 121:    
stack 122:    
stack 123:    
stack 124:    
stack 125:    
stack 126:    
stack 127:    
stack 128:    
stack 129:    
