solved with: SP.post_optimization_methods.TabuSearch
time limit: 3600.0 s
time to solve: 430,39 s
objective value: 692239.96

stacks (top to bottom):
stack 0:    0 
stack 1:    
stack 2:    377 
stack 3:    378 
stack 4:    
stack 5:    5 
stack 6:    
stack 7:    382 
stack 8:    
stack 9:    
stack 10:    385 
stack 11:    
stack 12:    12 
stack 13:    13 514 388 
stack 14:    437 635 390 404 52 714 15 
stack 15:    20 72 654 638 124 398 28 
stack 16:    391 18 599 700 396 65 616 
stack 17:    302 455 665 584 248 17 397 
stack 18:    458 54 535 229 484 29 594 
stack 19:    418 747 38 570 234 37 280 
stack 20:    662 520 401 22 419 39 55 
stack 21:    358 611 563 518 687 697 502 
stack 22:    292 489 399 339 289 689 496 
stack 23:    479 409 46 416 134 40 451 
stack 24:    677 27 619 512 355 733 477 
stack 25:    421 716 746 655 33 32 548 
stack 26:    474 445 436 652 715 589 180 
stack 27:    57 678 480 522 150 235 255 
stack 28:    43 411 470 253 413 219 69 
stack 29:    85 347 705 92 658 122 539 
stack 30:    562 580 488 541 481 412 361 
stack 31:    410 294 431 254 147 521 561 
stack 32:    236 246 629 483 215 50 422 
stack 33:    197 524 217 157 560 579 330 
stack 34:    143 331 199 674 578 174 685 
stack 35:    265 56 586 120 366 476 102 
stack 36:    593 307 138 369 140 170 668 
stack 37:    251 279 221 245 148 68 107 
stack 38:    64 316 742 510 61 711 154 
stack 39:    359 297 51 211 70 177 732 
stack 40:    176 663 729 274 203 424 348 
stack 41:    352 141 284 341 704 557 277 
stack 42:    344 426 577 613 227 627 320 
stack 43:    681 283 117 326 130 653 734 
stack 44:    713 472 249 699 209 80 701 
stack 45:    466 585 702 618 306 492 367 
stack 46:    650 673 196 318 322 554 740 
stack 47:    241 721 206 262 313 185 515 
stack 48:    119 356 744 691 545 300 718 
stack 49:    552 446 590 605 748 626 173 
stack 50:    257 547 164 334 469 519 329 
stack 51:    201 444 500 183 111 317 581 
stack 52:    159 189 71 132 153 682 118 
stack 53:    537 495 291 679 604 152 600 
stack 54:    459 95 325 160 190 551 315 
stack 55:    115 82 610 312 121 528 602 
stack 56:    448 299 224 675 728 282 737 
stack 57:    647 575 182 207 722 486 62 
stack 58:    172 162 108 63 94 688 319 
stack 59:    198 128 568 263 482 310 288 
stack 60:    440 74 494 179 633 146 693 
stack 61:    333 525 270 340 79 323 745 
stack 62:    582 661 166 327 305 220 739 
stack 63:    542 247 354 171 244 630 351 
stack 64:    213 301 239 226 712 462 267 
stack 65:    375 
stack 66:    376 1 
stack 67:    2 
stack 68:    3 
stack 69:    4 379 
stack 70:    380 
stack 71:    381 
stack 72:    7 6 
stack 73:    8 383 
stack 74:    384 
stack 75:    10 9 
stack 76:    386 11 
stack 77:    387 
stack 78:    392 35 14 96 694 30 188 
stack 79:    269 336 389 21 19 394 131 
stack 80:    526 583 205 272 471 532 16 
stack 81:    314 123 393 403 26 303 508 
stack 82:    395 415 669 550 31 260 202 
stack 83:    609 465 193 400 290 240 406 
stack 84:    36 151 25 158 83 569 126 
stack 85:    112 425 660 591 592 250 490 
stack 86:    566 603 76 430 87 24 149 
stack 87:    34 23 709 402 47 266 423 
stack 88:    287 513 427 405 667 475 194 
stack 89:    214 503 45 643 731 268 641 
stack 90:    169 617 346 457 461 332 53 
stack 91:    264 371 556 531 567 432 438 
stack 92:    523 690 41 208 144 485 328 
stack 93:    648 501 649 66 414 696 73 
stack 94:    365 127 530 296 543 624 587 
stack 95:    504 407 558 450 507 417 598 
stack 96:    464 129 259 408 726 615 452 
stack 97:    93 67 516 710 666 337 338 
stack 98:    222 428 596 730 698 42 676 
stack 99:    719 374 275 362 576 571 187 
stack 100:    368 252 100 231 372 597 433 
stack 101:    420 555 232 601 487 620 145 
stack 102:    78 606 136 671 553 84 195 
stack 103:    509 242 295 44 298 634 646 
stack 104:    59 449 538 680 703 137 498 
stack 105:    104 156 75 429 442 373 628 
stack 106:    491 695 573 335 546 155 88 
stack 107:    588 644 456 632 564 142 723 
stack 108:    181 49 278 443 103 90 672 
stack 109:    223 608 192 707 651 89 743 
stack 110:    717 572 454 200 684 271 139 
stack 111:    204 60 77 48 342 304 625 
stack 112:    285 631 736 473 549 708 659 
stack 113:    614 233 468 360 493 114 281 
stack 114:    441 621 167 499 540 101 505 
stack 115:    349 453 637 321 186 533 110 
stack 116:    216 724 639 636 738 165 258 
stack 117:    324 168 105 686 439 370 125 
stack 118:    309 607 116 749 350 434 261 
stack 119:    595 735 210 58 99 656 81 
stack 120:    293 725 664 353 478 345 517 
stack 121:    109 343 364 113 218 622 460 
stack 122:    511 527 106 237 706 623 640 
stack 123:    212 727 273 612 435 91 467 
stack 124:    135 463 534 308 565 536 670 
stack 125:    276 497 133 98 230 243 238 
stack 126:    191 529 559 184 574 683 363 
stack 127:    286 163 720 225 256 97 657 
stack 128:    447 86 178 311 175 645 506 
stack 129:    642 692 741 228 544 357 161 

#####################################################

solved with: SP.post_optimization_methods.HillClimbing
time limit: 3600.0 s
time to solve: 321,99 s
objective value: 692239.96

stacks (top to bottom):
stack 0:    0 
stack 1:    
stack 2:    377 
stack 3:    378 
stack 4:    
stack 5:    5 
stack 6:    
stack 7:    382 
stack 8:    
stack 9:    
stack 10:    385 
stack 11:    
stack 12:    12 
stack 13:    13 514 388 
stack 14:    464 391 389 635 19 33 397 
stack 15:    410 724 418 457 461 571 15 
stack 16:    287 580 18 599 396 411 394 
stack 17:    222 405 716 611 655 746 325 
stack 18:    535 400 549 25 587 161 41 
stack 19:    525 455 270 472 370 417 424 
stack 20:    247 677 39 31 398 280 202 
stack 21:    695 511 742 748 624 591 29 
stack 22:    59 662 191 731 399 262 40 
stack 23:    23 111 36 607 307 113 261 
stack 24:    233 721 60 76 531 432 24 
stack 25:    241 371 272 200 71 539 351 
stack 26:    407 51 296 476 699 227 498 
stack 27:    566 617 741 47 168 473 83 
stack 28:    747 642 661 237 373 125 477 
stack 29:    34 82 605 209 592 50 422 
stack 30:    324 719 67 312 687 149 554 
stack 31:    198 196 101 567 318 145 600 
stack 32:    459 421 46 722 357 55 569 
stack 33:    299 184 311 130 42 728 153 
stack 34:    283 178 730 545 726 206 414 
stack 35:    265 631 648 120 215 561 277 
stack 36:    314 293 242 369 170 338 328 
stack 37:    316 550 228 660 442 581 743 
stack 38:    358 534 636 544 146 502 208 
stack 39:    495 246 483 425 618 522 134 
stack 40:    681 420 356 45 574 219 625 
stack 41:    537 308 147 211 613 577 337 
stack 42:    49 556 94 73 666 155 220 
stack 43:    129 74 665 604 505 114 433 
stack 44:    552 465 355 121 622 749 434 
stack 45:    582 117 96 585 326 321 579 
stack 46:    500 510 273 75 711 323 519 
stack 47:    162 264 294 621 468 489 282 
stack 48:    444 54 632 52 235 281 190 
stack 49:    236 504 520 226 638 188 646 
stack 50:    169 216 347 212 678 674 597 
stack 51:    213 644 86 596 77 353 131 
stack 52:    269 456 516 163 493 645 97 
stack 53:    254 279 166 501 255 68 148 
stack 54:    497 570 231 745 244 315 320 
stack 55:    441 466 503 263 685 372 363 
stack 56:    128 652 454 744 679 133 688 
stack 57:    463 192 639 575 61 612 322 
stack 58:    524 141 284 708 341 704 515 
stack 59:    359 651 538 105 234 70 140 
stack 60:    223 664 127 586 89 339 738 
stack 61:    717 542 112 344 183 317 737 
stack 62:    176 663 274 229 203 348 126 
stack 63:    115 595 210 138 484 81 598 
stack 64:    93 572 529 601 252 95 467 
stack 65:    375 
stack 66:    376 1 
stack 67:    2 
stack 68:    3 
stack 69:    4 379 
stack 70:    380 6 
stack 71:    381 
stack 72:    7 
stack 73:    8 383 
stack 74:    384 
stack 75:    10 9 
stack 76:    386 11 
stack 77:    387 
stack 78:    437 392 499 603 14 615 452 
stack 79:    20 523 725 56 706 17 627 
stack 80:    181 390 205 136 16 345 701 
stack 81:    393 343 27 354 403 26 718 
stack 82:    395 38 340 530 576 512 84 
stack 83:    527 189 684 578 536 670 683 
stack 84:    22 182 450 151 99 507 260 
stack 85:    436 698 404 429 634 313 551 
stack 86:    104 21 654 402 207 158 110 
stack 87:    156 305 248 462 653 107 732 
stack 88:    85 547 35 62 103 173 250 
stack 89:    401 590 686 521 693 28 367 
stack 90:    408 710 43 30 485 406 517 
stack 91:    119 72 715 532 139 723 165 
stack 92:    735 729 469 187 656 37 303 
stack 93:    415 409 416 649 637 557 122 
stack 94:    588 224 614 643 132 245 258 
stack 95:    143 204 667 48 413 32 185 
stack 96:    448 583 63 564 689 306 66 
stack 97:    647 431 159 568 360 174 69 
stack 98:    419 266 102 177 58 88 714 
stack 99:    629 713 692 366 619 486 739 
stack 100:    443 368 671 298 221 623 180 
stack 101:    201 427 563 300 230 90 657 
stack 102:    64 167 541 412 471 152 91 
stack 103:    257 440 336 214 691 92 506 
stack 104:    428 291 106 543 290 350 602 
stack 105:    259 302 669 705 553 154 682 
stack 106:    509 251 249 292 44 142 289 
stack 107:    333 57 562 487 584 589 423 
stack 108:    458 100 620 694 87 533 329 
stack 109:    331 700 310 271 65 475 496 
stack 110:    449 346 565 362 703 332 451 
stack 111:    526 278 727 606 253 342 160 
stack 112:    650 374 608 702 186 641 628 
stack 113:    78 445 480 268 150 492 490 
stack 114:    179 297 426 137 240 594 118 
stack 115:    135 239 164 720 626 438 53 
stack 116:    108 285 430 616 238 733 319 
stack 117:    197 217 364 157 116 560 330 
stack 118:    491 446 558 528 672 676 195 
stack 119:    335 633 690 610 144 658 740 
stack 120:    447 540 199 488 482 435 548 
stack 121:    123 309 193 593 218 668 508 
stack 122:    479 513 494 707 697 736 194 
stack 123:    172 609 301 365 518 478 80 
stack 124:    352 453 334 546 680 267 659 
stack 125:    276 109 712 439 171 630 288 
stack 126:    673 481 470 243 304 734 361 
stack 127:    559 555 327 79 225 256 696 
stack 128:    349 474 232 675 286 175 98 
stack 129:    295 709 573 275 124 640 460 
