lower bound for relaxed s_ij: 692229.02

#####################################################

solved with: SP.mip_formulations.BinPackingFormulation
time limit: 3600.0 s
time to solve: 2151,39 s
objective value: 692236.34

stacks (top to bottom):
stack 0:    375 
stack 1:    
stack 2:    2 
stack 3:    378 
stack 4:    4 
stack 5:    
stack 6:    6 
stack 7:    382 
stack 8:    8 
stack 9:    
stack 10:    
stack 11:    386 
stack 12:    
stack 13:    13 188 503 
stack 14:    625 530 441 513 166 686 271 
stack 15:    404 319 692 170 339 131 451 
stack 16:    16 134 664 622 581 161 730 
stack 17:    104 353 567 392 253 249 321 
stack 18:    544 674 350 71 511 476 543 
stack 19:    180 156 731 117 19 394 261 
stack 20:    57 343 620 126 254 72 562 
stack 21:    712 396 362 199 168 648 270 
stack 22:    397 371 224 714 294 624 122 
stack 23:    604 655 717 138 704 658 162 
stack 24:    501 163 143 621 225 207 135 
stack 25:    198 722 597 266 626 74 533 
stack 26:    508 203 532 468 26 516 374 
stack 27:    361 358 336 279 584 149 109 
stack 28:    123 694 403 453 709 708 256 
stack 29:    546 30 485 740 699 602 235 
stack 30:    221 252 499 494 631 304 373 
stack 31:    500 174 659 222 303 274 98 
stack 32:    639 715 746 550 349 660 313 
stack 33:    510 216 33 247 725 91 230 
stack 34:    558 428 112 482 477 459 241 
stack 35:    633 577 35 192 536 110 526 
stack 36:    128 366 315 75 440 132 229 
stack 37:    210 548 547 344 66 37 412 
stack 38:    522 178 744 255 147 68 560 
stack 39:    559 487 437 588 462 70 78 
stack 40:    64 568 436 465 463 93 701 
stack 41:    460 524 656 610 646 738 653 
stack 42:    687 637 748 327 710 417 367 
stack 43:    676 287 707 651 186 418 711 
stack 44:    127 95 667 137 696 571 419 
stack 45:    575 566 454 545 172 700 561 
stack 46:    531 268 723 102 563 421 258 
stack 47:    661 357 323 679 422 318 682 
stack 48:    606 662 583 423 578 189 86 
stack 49:    727 681 668 698 352 301 300 
stack 50:    262 346 204 273 521 505 307 
stack 51:    576 139 82 741 297 153 481 
stack 52:    332 718 617 724 427 196 609 
stack 53:    326 248 619 158 288 243 689 
stack 54:    552 555 572 80 55 152 484 
stack 55:    141 136 208 96 702 88 165 
stack 56:    342 720 448 87 538 480 277 
stack 57:    629 351 298 491 585 111 474 
stack 58:    133 84 632 579 217 444 148 
stack 59:    537 164 73 59 264 211 175 
stack 60:    150 239 130 435 246 607 183 
stack 61:    209 275 118 643 449 556 159 
stack 62:    173 737 263 600 240 200 347 
stack 63:    365 119 445 574 598 549 489 
stack 64:    527 145 151 735 599 649 245 
stack 65:    0 
stack 66:    376 1 
stack 67:    377 
stack 68:    
stack 69:    3 379 
stack 70:    5 380 
stack 71:    381 
stack 72:    7 
stack 73:    383 
stack 74:    9 384 
stack 75:    385 10 
stack 76:    11 
stack 77:    12 387 
stack 78:    388 517 615 488 665 729 450 
stack 79:    308 251 389 15 519 92 14 
stack 80:    390 713 312 20 227 157 107 
stack 81:    391 663 363 94 345 195 309 
stack 82:    61 691 612 348 219 67 17 
stack 83:    333 636 393 291 272 190 18 
stack 84:    129 564 317 226 478 635 260 
stack 85:    529 395 627 728 719 289 492 
stack 86:    518 496 250 269 515 179 21 
stack 87:    22 455 672 205 594 534 105 
stack 88:    144 398 23 669 634 177 223 
stack 89:    24 645 97 442 108 330 399 
stack 90:    688 25 721 400 338 475 202 
stack 91:    244 50 706 369 237 401 171 
stack 92:    311 331 507 402 359 265 27 
stack 93:    290 341 370 690 446 416 28 
stack 94:    182 551 29 233 34 614 520 
stack 95:    101 314 154 310 405 201 540 
stack 96:    31 406 443 360 305 469 280 
stack 97:    267 733 652 238 181 407 32 
stack 98:    495 295 408 611 479 286 213 
stack 99:    218 409 695 586 506 340 456 
stack 100:    410 512 497 184 259 483 236 
stack 101:    411 36 257 232 79 194 749 
stack 102:    613 684 354 113 742 452 372 
stack 103:    38 502 498 535 414 413 601 
stack 104:    302 39 654 140 539 438 160 
stack 105:    77 677 593 592 439 415 40 
stack 106:    447 284 356 292 120 618 41 
stack 107:    716 628 582 685 640 42 630 
stack 108:    100 573 293 142 43 671 470 
stack 109:    420 44 732 641 322 541 467 
stack 110:    638 457 103 45 328 745 739 
stack 111:    642 471 46 605 644 608 176 
stack 112:    461 47 334 596 590 697 329 
stack 113:    115 320 678 220 48 299 90 
stack 114:    49 673 276 425 424 282 570 
stack 115:    603 703 458 306 76 726 54 
stack 116:    51 426 85 206 69 670 283 
stack 117:    335 557 197 116 595 125 52 
stack 118:    666 650 53 62 324 296 169 
stack 119:    83 525 215 234 523 514 429 
stack 120:    623 364 124 589 430 747 580 
stack 121:    734 616 63 466 431 56 486 
stack 122:    191 587 432 509 212 680 472 
stack 123:    433 434 81 647 121 490 58 
stack 124:    554 146 569 683 167 114 473 
stack 125:    337 553 493 693 368 743 60 
stack 126:    99 281 155 89 464 316 228 
stack 127:    278 106 591 193 187 705 242 
stack 128:    185 325 285 231 65 528 355 
stack 129:    675 657 565 542 736 504 214 

#####################################################

solved with: SP.constructive_heuristics.GeneralHeuristic
time limit: 3600.0 s
time to solve: 0,00 s
objective value: 750551.91

stacks (top to bottom):
stack 0:    292 336 86 497 245 301 730 
stack 1:    33 366 687 63 222 79 260 
stack 2:    252 115 607 543 514 20 489 
stack 3:    244 238 121 149 72 28 157 
stack 4:    333 676 638 118 668 82 297 
stack 5:    210 197 629 403 618 488 324 
stack 6:    597 592 215 660 299 414 463 
stack 7:    144 391 193 640 183 669 296 
stack 8:    501 559 262 151 541 412 467 
stack 9:    13 667 746 349 485 465 699 
stack 10:    721 369 8 567 281 228 274 
stack 11:    51 67 314 178 744 45 232 
stack 12:    129 39 524 204 646 533 738 
stack 13:    376 100 116 395 155 6 21 
stack 14:    218 137 174 265 534 68 697 
stack 15:    342 278 500 728 350 468 469 
stack 16:    31 527 529 406 7 140 76 
stack 17:    531 357 209 454 546 91 340 
stack 18:    623 359 65 15 686 453 745 
stack 19:    356 408 109 732 438 270 259 
stack 20:    731 508 220 710 179 523 235 
stack 21:    510 163 565 5 736 446 701 
stack 22:    576 499 36 159 608 107 171 
stack 23:    61 44 666 704 74 201 4 
stack 24:    583 341 298 233 680 41 111 
stack 25:    507 633 741 556 561 429 347 
stack 26:    606 447 548 239 328 18 708 
stack 27:    22 156 95 679 288 234 211 
stack 28:    142 530 416 195 225 355 470 
stack 29:    119 164 715 62 665 519 477 
stack 30:    181 75 707 147 330 42 360 
stack 31:    317 587 716 578 512 1 352 
stack 32:    445 657 625 87 389 58 475 
stack 33:    337 80 464 605 671 570 10 
stack 34:    343 652 393 3 47 258 682 
stack 35:    577 24 320 494 84 313 374 
stack 36:    661 495 478 73 105 327 240 
stack 37:    432 696 40 450 476 466 516 
stack 38:    182 398 487 224 70 713 484 
stack 39:    16 113 253 249 2 207 709 
stack 40:    471 675 595 538 386 184 54 
stack 41:    628 143 273 599 491 735 88 
stack 42:    326 591 48 168 600 740 609 
stack 43:    411 677 613 690 664 560 60 
stack 44:    723 563 421 589 242 749 630 
stack 45:    290 138 627 370 490 435 283 
stack 46:    302 32 726 611 505 711 520 
stack 47:    566 158 257 571 586 492 300 
stack 48:    101 83 553 371 266 315 303 
stack 49:    49 124 19 170 443 345 286 
stack 50:    509 518 720 112 683 98 580 
stack 51:    191 410 441 572 53 503 122 
stack 52:    284 555 513 493 69 462 71 
stack 53:    57 375 150 276 379 430 481 
stack 54:    335 574 717 66 285 231 236 
stack 55:    694 383 620 722 35 394 579 
stack 56:    136 189 702 152 479 482 367 
stack 57:    331 216 639 205 659 532 329 
stack 58:    672 103 134 186 318 217 153 
stack 59:    691 97 377 525 187 264 372 
stack 60:    612 706 437 582 511 14 277 
stack 61:    128 537 584 325 615 94 431 
stack 62:    173 247 568 102 631 133 304 
stack 63:    426 558 127 433 654 656 27 
stack 64:    502 402 126 593 515 373 271 
stack 65:    557 361 89 254 206 322 504 
stack 66:    381 457 188 692 166 52 413 
stack 67:    267 295 434 132 596 705 632 
stack 68:    712 455 544 418 743 540 135 
stack 69:    365 141 569 598 703 114 614 
stack 70:    38 388 275 139 175 229 644 
stack 71:    655 460 685 714 190 321 289 
stack 72:    311 104 364 294 108 368 670 
stack 73:    688 81 645 506 695 256 148 
stack 74:    397 11 199 405 700 280 456 
stack 75:    348 332 551 535 293 346 539 
stack 76:    308 428 458 145 37 96 459 
stack 77:    552 674 272 442 131 624 56 
stack 78:    727 255 110 427 200 378 739 
stack 79:    154 496 718 748 528 26 305 
stack 80:    64 737 545 681 390 282 483 
stack 81:    642 237 400 99 650 729 309 
stack 82:    180 420 287 362 172 436 425 
stack 83:    522 734 319 404 250 626 590 
stack 84:    185 85 306 472 338 474 165 
stack 85:    604 547 46 167 307 473 214 
stack 86:    358 251 647 246 663 380 444 
stack 87:    198 448 641 162 693 621 92 
stack 88:    0 9 439 106 55 160 241 
stack 89:    594 619 651 617 536 263 635 
stack 90:    554 423 401 610 585 521 653 
stack 91:    268 673 449 17 243 387 176 
stack 92:    130 248 622 384 382 339 648 
stack 93:    616 684 269 192 550 177 196 
stack 94:    221 396 90 169 417 161 419 
stack 95:    575 643 698 725 602 261 747 
stack 96:    564 662 34 407 649 451 202 
stack 97:    77 351 120 125 724 223 227 
stack 98:    50 323 310 363 291 658 601 
stack 99:    517 354 440 678 422 452 93 
stack 100:    146 208 29 549 213 
stack 101:    733 226 334 23 634 194 424 
stack 102:    498 279 392 316 581 719 526 
stack 103:    123 409 385 399 230 
stack 104:    25 344 212 43 480 312 689 
stack 105:    219 353 542 12 415 562 486 
stack 106:    461 117 636 203 742 59 78 
stack 107:    603 588 
stack 108:    573 
stack 109:    30 
stack 110:    637 
stack 111:    
stack 112:    
stack 113:    
stack 114:    
stack 115:    
stack 116:    
stack 117:    
stack 118:    
stack 119:    
stack 120:    
stack 121:    
stack 122:    
stack 123:    
stack 124:    
stack 125:    
stack 126:    
stack 127:    
stack 128:    
stack 129:    
