lower bound for relaxed s_ij: 692233.9

#####################################################

solved with: SP.mip_formulations.BinPackingFormulation
time limit: 3600.0 s
time to solve: 3601,80 s (time limit exceeded)
objective value: 692239.96 (not optimal)

stacks (top to bottom):
stack 0:    375 
stack 1:    0 
stack 2:    2 
stack 3:    
stack 4:    
stack 5:    
stack 6:    
stack 7:    7 
stack 8:    8 
stack 9:    
stack 10:    385 
stack 11:    
stack 12:    12 
stack 13:    388 13 312 
stack 14:    588 463 686 281 528 478 14 
stack 15:    543 121 420 540 240 158 110 
stack 16:    336 391 479 711 370 434 236 
stack 17:    559 695 737 649 724 660 175 
stack 18:    656 89 671 273 712 270 18 
stack 19:    564 512 493 394 84 438 185 
stack 20:    483 85 298 221 524 344 342 
stack 21:    464 132 615 440 534 511 472 
stack 22:    337 537 254 149 451 708 468 
stack 23:    183 677 449 292 675 300 230 
stack 24:    514 65 24 644 505 174 177 
stack 25:    566 142 705 642 128 661 516 
stack 26:    359 308 548 294 341 26 288 
stack 27:    106 257 578 340 532 659 454 
stack 28:    369 632 216 268 250 193 557 
stack 29:    640 181 38 549 282 261 491 
stack 30:    208 580 450 94 266 338 42 
stack 31:    31 529 253 363 455 163 673 
stack 32:    616 222 421 32 719 577 460 
stack 33:    69 179 309 297 408 284 689 
stack 34:    201 34 601 364 348 99 560 
stack 35:    630 484 120 107 636 555 410 
stack 36:    748 371 697 658 457 650 173 
stack 37:    154 194 192 684 572 198 360 
stack 38:    190 223 639 620 353 144 611 
stack 39:    304 586 327 515 313 355 544 
stack 40:    679 473 634 469 494 487 531 
stack 41:    41 622 565 315 184 466 301 
stack 42:    685 609 600 320 617 527 332 
stack 43:    259 563 305 647 662 103 330 
stack 44:    523 316 283 554 111 676 148 
stack 45:    631 569 362 687 310 579 709 
stack 46:    740 605 593 547 63 552 674 
stack 47:    692 287 422 136 218 168 104 
stack 48:    743 48 307 296 277 716 255 
stack 49:    82 123 262 164 285 696 245 
stack 50:    576 145 143 50 343 720 139 
stack 51:    214 165 220 219 67 734 346 
stack 52:    706 509 513 127 109 730 52 
stack 53:    258 114 536 490 345 159 439 
stack 54:    368 664 474 357 356 289 188 
stack 55:    264 207 202 140 681 442 318 
stack 56:    83 496 350 526 119 102 80 
stack 57:    213 265 176 76 682 608 525 
stack 58:    96 206 244 118 443 196 452 
stack 59:    655 321 710 66 228 627 458 
stack 60:    115 95 486 286 729 654 591 
stack 61:    166 152 141 170 229 203 130 
stack 62:    247 239 90 88 278 150 199 
stack 63:    488 500 613 703 446 303 133 
stack 64:    319 663 589 503 317 604 134 
stack 65:    
stack 66:    1 376 
stack 67:    377 
stack 68:    3 378 
stack 69:    379 4 
stack 70:    380 5 
stack 71:    381 6 
stack 72:    382 
stack 73:    383 
stack 74:    9 384 
stack 75:    11 10 
stack 76:    386 
stack 77:    387 
stack 78:    131 105 367 542 129 125 665 
stack 79:    612 354 146 477 389 558 445 
stack 80:    53 390 79 459 373 541 15 
stack 81:    74 668 482 280 16 186 392 
stack 82:    17 727 475 138 267 155 538 
stack 83:    667 635 349 324 590 271 393 
stack 84:    19 81 690 583 322 135 260 
stack 85:    178 530 395 20 573 506 334 
stack 86:    623 248 396 21 717 226 571 
stack 87:    397 22 747 23 694 113 126 
stack 88:    735 398 238 574 539 62 607 
stack 89:    101 624 448 167 293 399 211 
stack 90:    629 732 400 25 628 241 441 
stack 91:    197 492 426 252 562 290 401 
stack 92:    402 249 693 645 263 27 372 
stack 93:    28 485 594 323 533 691 403 
stack 94:    29 722 204 224 657 162 404 
stack 95:    157 217 45 55 30 599 405 
stack 96:    406 339 71 606 520 701 205 
stack 97:    407 191 535 480 489 306 715 
stack 98:    73 33 358 302 279 243 256 
stack 99:    633 326 637 672 172 409 704 
stack 100:    545 497 35 517 678 112 411 
stack 101:    723 333 36 235 467 461 276 
stack 102:    237 77 412 37 568 72 231 
stack 103:    546 462 413 698 351 499 117 
stack 104:    39 414 91 78 652 618 209 
stack 105:    643 40 275 646 519 215 415 
stack 106:    553 702 444 416 721 295 151 
stack 107:    641 43 417 741 680 742 182 
stack 108:    361 418 329 116 476 602 728 
stack 109:    44 561 648 570 508 419 68 
stack 110:    210 700 93 666 465 670 495 
stack 111:    575 739 47 46 603 108 733 
stack 112:    481 625 718 581 521 582 251 
stack 113:    498 49 587 736 502 366 423 
stack 114:    311 437 713 187 688 233 424 
stack 115:    124 744 51 638 425 232 225 
stack 116:    246 242 92 699 596 212 567 
stack 117:    585 471 365 335 507 427 518 
stack 118:    428 180 87 234 456 156 86 
stack 119:    429 269 331 189 325 272 54 
stack 120:    56 726 707 75 227 430 97 
stack 121:    431 447 614 57 653 171 504 
stack 122:    598 597 314 626 432 274 651 
stack 123:    621 610 153 58 683 433 501 
stack 124:    669 347 584 470 195 59 374 
stack 125:    745 328 137 98 435 60 551 
stack 126:    592 725 731 147 749 436 61 
stack 127:    746 714 64 161 122 70 453 
stack 128:    556 169 160 291 100 510 352 
stack 129:    619 738 522 299 200 550 595 

#####################################################

solved with: SP.constructive_heuristics.GeneralHeuristic
time limit: 3600.0 s
time to solve: 0,00 s
objective value: 749752.0

stacks (top to bottom):
stack 0:    347 726 94 589 721 198 301 
stack 1:    337 444 207 48 171 119 256 
stack 2:    28 299 36 100 595 516 411 
stack 3:    154 537 32 578 253 615 394 
stack 4:    361 671 273 20 670 495 251 
stack 5:    96 707 53 184 468 476 652 
stack 6:    69 498 244 479 235 158 673 
stack 7:    585 38 109 520 507 703 272 
stack 8:    546 55 436 489 143 579 270 
stack 9:    633 22 95 400 430 76 441 
stack 10:    248 31 695 470 264 653 661 
stack 11:    656 65 258 39 583 573 742 
stack 12:    41 1 293 649 511 644 378 
stack 13:    74 397 432 532 395 313 78 
stack 14:    25 714 605 227 97 403 392 
stack 15:    643 473 142 193 535 555 711 
stack 16:    254 324 690 186 226 168 104 
stack 17:    723 556 118 136 351 278 720 
stack 18:    105 335 477 140 285 37 240 
stack 19:    580 81 677 358 708 572 701 
stack 20:    377 702 687 332 148 129 334 
stack 21:    624 464 216 389 749 646 591 
stack 22:    178 127 691 596 312 734 42 
stack 23:    565 451 360 383 70 260 54 
stack 24:    87 167 350 705 57 189 245 
stack 25:    679 587 322 279 111 446 552 
stack 26:    629 626 563 34 47 268 654 
stack 27:    44 77 289 504 345 505 99 
stack 28:    428 594 281 294 107 120 696 
stack 29:    326 71 261 593 205 288 715 
stack 30:    257 349 327 517 156 472 571 
stack 31:    197 645 3 570 680 370 50 
stack 32:    137 748 371 116 271 415 15 
stack 33:    732 98 382 161 710 86 162 
stack 34:    190 49 90 200 462 519 439 
stack 35:    131 700 475 459 274 524 159 
stack 36:    637 79 311 390 51 548 331 
stack 37:    210 365 718 540 549 460 393 
stack 38:    368 132 202 46 494 72 307 
stack 39:    640 21 396 35 684 122 728 
stack 40:    514 11 435 315 295 317 657 
stack 41:    597 85 632 0 410 510 211 
stack 42:    340 414 666 727 212 676 724 
stack 43:    309 356 280 135 574 538 438 
stack 44:    367 262 391 250 599 325 125 
stack 45:    509 214 613 338 26 342 716 
stack 46:    743 402 17 738 422 102 103 
stack 47:    249 341 557 348 215 642 18 
stack 48:    621 588 740 242 302 547 433 
stack 49:    247 269 40 4 601 145 423 
stack 50:    387 265 321 52 608 627 704 
stack 51:    553 336 398 747 305 445 255 
stack 52:    745 121 292 449 380 452 182 
stack 53:    481 314 89 412 195 163 607 
stack 54:    88 58 277 568 117 144 499 
stack 55:    222 418 192 515 419 225 461 
stack 56:    359 471 369 630 113 155 729 
stack 57:    106 206 237 566 634 220 577 
stack 58:    735 223 43 287 639 291 177 
stack 59:    664 612 686 323 191 717 659 
stack 60:    569 83 92 699 284 224 551 
stack 61:    429 333 647 353 620 674 218 
stack 62:    304 181 399 425 67 84 560 
stack 63:    692 239 609 320 550 236 196 
stack 64:    706 474 543 667 513 282 658 
stack 65:    437 297 166 243 267 344 286 
stack 66:    512 561 275 443 296 199 343 
stack 67:    9 246 672 628 689 60 453 
stack 68:    744 606 584 417 290 741 352 
stack 69:    208 725 408 542 730 491 126 
stack 70:    217 484 30 526 534 110 544 
stack 71:    450 172 165 187 376 59 330 
stack 72:    328 124 263 138 16 490 733 
stack 73:    463 180 500 635 241 719 134 
stack 74:    416 722 232 363 8 230 173 
stack 75:    56 746 115 409 602 518 651 
stack 76:    625 201 685 169 662 424 611 
stack 77:    554 27 219 539 62 590 454 
stack 78:    564 407 64 266 536 427 374 
stack 79:    575 362 164 636 487 130 318 
stack 80:    157 379 152 24 128 61 151 
stack 81:    183 316 149 421 604 567 525 
stack 82:    448 339 614 13 558 678 108 
stack 83:    45 576 160 80 185 175 6 
stack 84:    179 357 308 731 496 493 231 
stack 85:    655 176 385 14 91 228 618 
stack 86:    7 581 533 221 303 486 276 
stack 87:    213 300 675 5 737 375 501 
stack 88:    406 82 354 420 528 582 442 
stack 89:    619 522 617 480 364 709 458 
stack 90:    600 426 252 413 467 660 665 
stack 91:    663 329 384 622 503 682 650 
stack 92:    101 736 23 562 203 603 541 
stack 93:    146 739 29 2 440 10 68 
stack 94:    73 598 638 204 688 683 372 
stack 95:    114 530 529 713 478 233 373 
stack 96:    669 610 712 681 527 229 434 
stack 97:    482 123 170 648 508 174 404 
stack 98:    33 523 234 63 455 694 386 
stack 99:    388 319 381 466 457 355 531 
stack 100:    668 592 693 521 366 506 139 
stack 101:    641 259 150 
stack 102:    488 19 497 456 188 12 209 
stack 103:    623 431 447 147 153 141 346 
stack 104:    75 545 559 93 283 465 66 
stack 105:    483 469 310 306 401 
stack 106:    485 492 405 112 
stack 107:    698 
stack 108:    631 697 586 238 502 
stack 109:    133 
stack 110:    298 
stack 111:    194 
stack 112:    616 
stack 113:    
stack 114:    
stack 115:    
stack 116:    
stack 117:    
stack 118:    
stack 119:    
stack 120:    
stack 121:    
stack 122:    
stack 123:    
stack 124:    
stack 125:    
stack 126:    
stack 127:    
stack 128:    
stack 129:    
