lower bound for relaxed s_ij: 692241.14

#####################################################

solved with: SP.mip_formulations.BinPackingFormulation
time limit: 3600.0 s
time to solve: 1784,24 s
objective value: 692248.46

stacks (top to bottom):
stack 0:    0 
stack 1:    1 
stack 2:    377 
stack 3:    
stack 4:    
stack 5:    5 
stack 6:    381 
stack 7:    7 
stack 8:    
stack 9:    9 
stack 10:    
stack 11:    
stack 12:    387 
stack 13:    16 466 666 
stack 14:    705 14 278 121 208 73 33 
stack 15:    723 209 546 371 588 502 144 
stack 16:    501 89 475 327 240 631 508 
stack 17:    505 316 553 439 741 583 392 
stack 18:    114 662 634 477 370 155 635 
stack 19:    629 357 260 749 624 496 467 
stack 20:    513 452 395 449 148 309 549 
stack 21:    448 193 348 445 125 554 123 
stack 22:    329 440 145 154 283 469 405 
stack 23:    287 111 679 67 153 450 346 
stack 24:    612 99 179 537 331 724 304 
stack 25:    619 139 609 164 127 112 707 
stack 26:    742 340 650 163 522 87 608 
stack 27:    269 640 236 147 219 187 142 
stack 28:    118 684 241 137 299 308 697 
stack 29:    258 191 29 461 200 134 531 
stack 30:    244 296 165 122 411 406 536 
stack 31:    170 593 681 529 31 587 107 
stack 32:    689 70 711 511 369 539 32 
stack 33:    84 696 642 362 302 341 498 
stack 34:    667 359 181 748 438 658 324 
stack 35:    318 514 220 129 597 35 637 
stack 36:    413 68 506 265 735 320 300 
stack 37:    601 493 338 228 282 630 622 
stack 38:    143 38 708 130 686 575 242 
stack 39:    656 517 267 176 109 39 518 
stack 40:    230 77 98 415 180 178 132 
stack 41:    222 460 343 284 534 484 41 
stack 42:    703 574 715 700 600 541 374 
stack 43:    532 366 351 79 719 701 566 
stack 44:    45 564 558 90 663 713 709 
stack 45:    592 582 355 301 255 169 674 
stack 46:    638 649 732 294 152 692 141 
stack 47:    441 100 256 567 745 186 736 
stack 48:    716 231 113 740 108 733 718 
stack 49:    584 277 503 507 317 49 669 
stack 50:    88 643 626 146 105 746 217 
stack 51:    166 234 135 56 223 239 605 
stack 52:    275 290 221 257 276 349 233 
stack 53:    102 216 115 613 184 556 249 
stack 54:    598 702 429 307 714 335 54 
stack 55:    727 641 644 721 729 261 195 
stack 56:    572 453 651 472 280 551 279 
stack 57:    678 495 69 712 607 698 85 
stack 58:    577 63 227 206 224 734 731 
stack 59:    352 171 254 660 247 197 65 
stack 60:    372 730 173 218 131 500 82 
stack 61:    560 74 292 177 207 75 72 
stack 62:    580 201 578 524 526 437 272 
stack 63:    104 189 646 342 328 627 618 
stack 64:    213 682 491 725 661 676 364 
stack 65:    375 
stack 66:    376 
stack 67:    3 2 
stack 68:    378 379 
stack 69:    4 
stack 70:    380 
stack 71:    6 
stack 72:    382 
stack 73:    383 8 
stack 74:    384 
stack 75:    10 385 
stack 76:    11 
stack 77:    12 386 
stack 78:    13 535 140 443 557 172 388 
stack 79:    497 623 552 101 389 693 459 
stack 80:    251 548 15 683 390 167 590 
stack 81:    544 188 442 391 451 691 138 
stack 82:    71 266 360 162 17 490 555 
stack 83:    533 192 117 161 18 393 80 
stack 84:    19 229 520 494 298 211 394 
stack 85:    446 315 95 347 672 20 690 
stack 86:    396 204 463 595 596 21 332 
stack 87:    22 611 603 563 397 720 326 
stack 88:    722 205 23 710 606 339 398 
stack 89:    399 24 547 515 510 330 576 
stack 90:    285 400 25 168 581 356 248 
stack 91:    457 401 365 311 295 149 26 
stack 92:    456 485 479 212 27 203 402 
stack 93:    210 403 465 81 28 319 632 
stack 94:    92 182 404 604 190 538 444 
stack 95:    325 314 617 562 354 270 30 
stack 96:    422 263 487 373 245 235 542 
stack 97:    573 93 610 237 407 110 53 
stack 98:    647 523 688 648 408 259 262 
stack 99:    410 602 473 492 337 34 409 
stack 100:    133 367 36 591 571 344 160 
stack 101:    470 185 271 504 225 253 468 
stack 102:    323 94 586 103 345 412 37 
stack 103:    585 565 462 157 358 86 561 
stack 104:    414 657 568 540 288 274 670 
stack 105:    40 673 313 527 353 252 126 
stack 106:    625 569 530 545 512 416 483 
stack 107:    614 482 417 42 675 199 350 
stack 108:    418 159 509 361 303 214 43 
stack 109:    44 636 655 589 419 83 312 
stack 110:    421 286 645 420 579 291 243 
stack 111:    198 668 120 46 250 183 528 
stack 112:    232 687 194 47 476 119 116 
stack 113:    48 659 55 653 264 423 363 
stack 114:    425 664 743 543 424 447 488 
stack 115:    158 489 322 50 599 616 639 
stack 116:    717 427 52 615 426 128 51 
stack 117:    156 737 499 458 695 454 281 
stack 118:    747 215 620 570 739 428 268 
stack 119:    321 175 525 481 293 174 76 
stack 120:    136 289 699 430 66 64 305 
stack 121:    58 519 652 628 78 431 226 
stack 122:    621 196 57 432 455 151 680 
stack 123:    726 433 474 521 654 238 559 
stack 124:    297 306 59 685 633 434 516 
stack 125:    435 480 246 694 478 336 60 
stack 126:    61 486 124 436 310 471 464 
stack 127:    728 273 744 594 706 704 62 
stack 128:    677 333 150 96 91 550 671 
stack 129:    738 97 665 106 202 368 334 

#####################################################

solved with: SP.constructive_heuristics.GeneralHeuristic
time limit: 3600.0 s
time to solve: 0,01 s
objective value: 747830.98

stacks (top to bottom):
stack 0:    722 414 512 25 281 300 459 
stack 1:    61 92 343 532 551 288 671 
stack 2:    176 348 625 354 429 613 174 
stack 3:    497 109 318 391 341 566 26 
stack 4:    584 519 280 181 110 243 559 
stack 5:    727 325 360 17 282 542 468 
stack 6:    668 11 237 313 218 385 195 
stack 7:    544 297 744 473 328 55 73 
stack 8:    726 24 103 696 606 661 674 
stack 9:    10 564 543 179 255 112 238 
stack 10:    456 725 412 366 393 274 464 
stack 11:    595 702 652 636 415 320 476 
stack 12:    383 507 609 510 387 375 226 
stack 13:    352 634 45 657 108 630 394 
stack 14:    457 204 737 582 379 627 692 
stack 15:    728 623 530 745 431 406 579 
stack 16:    70 93 445 52 521 364 691 
stack 17:    662 173 308 227 294 239 632 
stack 18:    513 479 3 120 122 51 451 
stack 19:    432 18 31 293 149 540 310 
stack 20:    687 721 407 276 123 381 126 
stack 21:    738 40 673 644 106 600 330 
stack 22:    410 647 198 374 420 223 202 
stack 23:    114 58 422 677 333 436 65 
stack 24:    612 723 705 81 562 390 224 
stack 25:    487 220 484 402 49 91 498 
stack 26:    74 302 175 650 698 554 2 
stack 27:    182 424 148 713 631 6 76 
stack 28:    586 462 404 426 488 537 409 
stack 29:    285 157 382 643 708 504 130 
stack 30:    413 427 59 377 235 676 718 
stack 31:    118 269 663 467 588 502 680 
stack 32:    232 194 589 47 556 368 531 
stack 33:    77 619 425 384 679 131 706 
stack 34:    277 683 732 100 256 729 576 
stack 35:    396 501 460 593 642 60 64 
stack 36:    236 596 481 134 34 618 141 
stack 37:    143 96 345 146 746 575 138 
stack 38:    370 292 359 87 42 151 298 
stack 39:    158 470 573 231 351 748 670 
stack 40:    439 83 153 335 211 279 739 
stack 41:    189 495 433 617 165 190 690 
stack 42:    602 135 260 749 591 724 248 
stack 43:    139 275 317 254 454 397 428 
stack 44:    316 98 712 307 594 327 331 
stack 45:    517 192 607 290 334 152 405 
stack 46:    505 267 572 159 509 253 438 
stack 47:    614 213 88 682 225 669 437 
stack 48:    284 113 163 695 524 336 304 
stack 49:    440 234 286 641 665 645 291 
stack 50:    689 68 541 653 500 731 144 
stack 51:    452 453 89 570 78 735 167 
stack 52:    321 99 458 299 164 411 655 
stack 53:    553 529 563 311 121 672 528 
stack 54:    230 12 688 587 72 199 549 
stack 55:    598 67 240 172 666 555 376 
stack 56:    369 337 219 389 349 21 363 
stack 57:    323 601 201 203 514 538 675 
stack 58:    229 84 494 207 525 178 82 
stack 59:    258 63 583 741 261 423 119 
stack 60:    678 287 416 32 132 332 272 
stack 61:    482 580 214 228 245 444 324 
stack 62:    205 717 747 442 105 701 639 
stack 63:    533 216 419 184 581 180 720 
stack 64:    649 435 547 569 430 480 200 
stack 65:    94 493 171 560 38 616 608 
stack 66:    7 472 95 265 694 20 35 
stack 67:    170 161 408 443 714 734 637 
stack 68:    638 403 651 145 69 628 295 
stack 69:    667 166 14 1 147 571 116 
stack 70:    646 710 355 339 743 597 259 
stack 71:    421 136 441 615 740 686 516 
stack 72:    102 212 16 506 357 392 62 
stack 73:    155 296 273 578 526 217 622 
stack 74:    56 700 715 434 250 356 508 
stack 75:    188 27 535 699 568 208 252 
stack 76:    399 656 154 659 490 107 658 
stack 77:    477 401 565 585 362 449 483 
stack 78:    22 520 57 90 478 496 309 
stack 79:    716 48 546 515 347 206 160 
stack 80:    222 592 491 550 85 386 80 
stack 81:    417 263 39 361 247 197 518 
stack 82:    485 620 367 633 283 278 736 
stack 83:    117 681 534 558 373 719 561 
stack 84:    29 610 603 365 557 455 353 
stack 85:    133 640 545 221 344 264 142 
stack 86:    523 511 301 733 305 654 346 
stack 87:    448 503 306 244 111 50 124 
stack 88:    104 19 489 626 303 350 242 
stack 89:    210 703 711 115 9 697 326 
stack 90:    193 215 730 162 8 28 709 
stack 91:    196 23 5 289 371 388 450 
stack 92:    629 577 574 539 469 262 536 
stack 93:    156 548 378 499 75 246 125 
stack 94:    266 315 465 395 461 624 36 
stack 95:    71 372 552 342 567 187 704 
stack 96:    322 185 648 664 86 66 53 
stack 97:    251 209 338 486 398 599 605 
stack 98:    329 418 150 43 79 30 54 
stack 99:    742 340 685 635 41 707 268 
stack 100:    191 137 611 257 168 492 183 
stack 101:    44 241 314 140 129 358 522 
stack 102:    0 604 37 33 4 233 
stack 103:    446 97 46 186 312 471 
stack 104:    621 463 270 466 475 101 249 
stack 105:    684 474 447 127 128 527 590 
stack 106:    380 693 
stack 107:    271 177 169 319 
stack 108:    13 400 
stack 109:    660 
stack 110:    15 
stack 111:    
stack 112:    
stack 113:    
stack 114:    
stack 115:    
stack 116:    
stack 117:    
stack 118:    
stack 119:    
stack 120:    
stack 121:    
stack 122:    
stack 123:    
stack 124:    
stack 125:    
stack 126:    
stack 127:    
stack 128:    
stack 129:    
