lower bound for relaxed s_ij: 692236.26

#####################################################

solved with: SP.mip_formulations.BinPackingFormulation
time limit: 3600.0 s
time to solve: 2321,94 s
objective value: 692243.58

stacks (top to bottom):
stack 0:    
stack 1:    376 
stack 2:    2 
stack 3:    378 
stack 4:    
stack 5:    379 5 
stack 6:    
stack 7:    
stack 8:    383 
stack 9:    
stack 10:    
stack 11:    
stack 12:    
stack 13:    361 388 36 
stack 14:    727 743 506 498 211 701 574 
stack 15:    552 700 374 682 390 470 193 
stack 16:    596 373 228 628 581 335 148 
stack 17:    260 635 688 322 69 512 484 
stack 18:    393 505 504 337 300 532 161 
stack 19:    394 170 646 136 371 128 71 
stack 20:    453 349 304 578 395 324 154 
stack 21:    702 276 664 140 297 214 656 
stack 22:    314 397 728 189 165 354 222 
stack 23:    683 468 216 398 23 426 442 
stack 24:    735 582 137 265 481 478 452 
stack 25:    96 736 352 609 160 155 409 
stack 26:    294 176 369 87 557 537 730 
stack 27:    27 235 525 712 606 602 520 
stack 28:    744 650 64 257 587 111 173 
stack 29:    237 141 29 80 291 79 509 
stack 30:    411 166 117 289 258 107 457 
stack 31:    31 620 536 39 535 201 116 
stack 32:    695 594 184 541 507 407 149 
stack 33:    408 267 674 617 301 445 306 
stack 34:    34 368 206 729 662 588 600 
stack 35:    488 35 746 621 250 168 152 
stack 36:    339 310 615 572 462 623 454 
stack 37:    561 319 259 707 740 626 344 
stack 38:    684 554 553 284 281 629 568 
stack 39:    725 448 362 343 61 643 530 
stack 40:    519 497 549 492 302 210 115 
stack 41:    510 312 589 280 41 632 461 
stack 42:    251 634 675 657 670 644 460 
stack 43:    318 247 679 747 550 418 640 
stack 44:    156 749 120 419 197 472 142 
stack 45:    240 194 420 366 508 444 86 
stack 46:    724 655 721 224 748 661 72 
stack 47:    734 74 108 122 292 716 52 
stack 48:    464 367 321 48 708 689 121 
stack 49:    443 342 271 242 248 246 138 
stack 50:    564 548 483 639 102 491 605 
stack 51:    651 540 667 560 534 570 229 
stack 52:    225 270 232 204 67 66 627 
stack 53:    298 479 459 134 172 84 313 
stack 54:    565 463 742 618 547 95 562 
stack 55:    81 430 131 90 714 135 88 
stack 56:    233 303 500 175 105 477 290 
stack 57:    187 266 104 610 571 157 65 
stack 58:    726 309 223 671 293 94 641 
stack 59:    68 435 351 325 696 85 691 
stack 60:    515 144 167 243 502 466 681 
stack 61:    603 543 98 456 118 638 245 
stack 62:    590 558 538 604 231 437 658 
stack 63:    147 697 624 546 207 63 503 
stack 64:    217 241 666 340 174 633 517 
stack 65:    0 
stack 66:    1 375 
stack 67:    377 
stack 68:    3 
stack 69:    4 
stack 70:    380 
stack 71:    381 
stack 72:    6 7 382 
stack 73:    8 
stack 74:    384 9 
stack 75:    385 10 
stack 76:    386 11 
stack 77:    387 12 
stack 78:    577 631 220 97 584 186 13 
stack 79:    389 710 625 244 226 14 592 
stack 80:    15 113 279 687 359 711 73 
stack 81:    317 273 501 110 16 526 391 
stack 82:    392 254 146 360 227 692 17 
stack 83:    18 327 668 308 346 126 531 
stack 84:    19 677 20 612 642 499 490 
stack 85:    611 709 467 341 109 101 93 
stack 86:    22 158 614 275 40 21 396 
stack 87:    529 125 573 82 338 719 593 
stack 88:    83 482 449 575 100 370 563 
stack 89:    439 169 598 595 399 569 24 
stack 90:    26 307 523 518 295 25 400 
stack 91:    355 608 336 202 323 127 401 
stack 92:    151 198 402 221 585 333 261 
stack 93:    403 28 722 591 180 486 320 
stack 94:    404 659 704 616 326 215 539 
stack 95:    645 720 405 209 680 30 513 
stack 96:    91 299 75 132 345 446 406 
stack 97:    480 653 357 356 469 162 32 
stack 98:    130 331 33 465 745 473 234 
stack 99:    654 190 739 551 330 262 89 
stack 100:    533 305 556 410 181 213 723 
stack 101:    328 191 212 57 159 311 527 
stack 102:    425 256 412 458 601 741 37 
stack 103:    163 496 669 329 350 38 413 
stack 104:    195 528 219 112 153 414 192 
stack 105:    200 455 415 78 218 487 171 
stack 106:    703 493 607 542 416 471 649 
stack 107:    417 514 686 277 353 42 713 
stack 108:    476 44 43 129 447 283 673 
stack 109:    474 440 676 567 705 690 672 
stack 110:    489 150 316 706 45 450 268 
stack 111:    46 358 699 422 70 421 287 
stack 112:    278 183 694 253 236 332 47 
stack 113:    208 264 133 179 114 423 238 
stack 114:    424 583 522 282 485 51 49 
stack 115:    619 263 50 576 451 177 145 
stack 116:    738 269 199 99 296 123 203 
stack 117:    678 637 285 427 733 544 441 
stack 118:    347 652 274 188 428 53 555 
stack 119:    255 636 715 103 92 54 429 
stack 120:    737 648 143 288 139 56 55 
stack 121:    178 77 348 334 545 494 431 
stack 122:    315 252 239 185 685 182 432 
stack 123:    76 58 364 580 516 365 433 
stack 124:    59 249 586 622 434 663 613 
stack 125:    521 597 363 717 566 60 272 
stack 126:    693 438 436 164 475 372 286 
stack 127:    119 106 732 230 124 62 511 
stack 128:    731 630 599 524 647 579 205 
stack 129:    718 196 660 665 559 495 698 

#####################################################

solved with: SP.constructive_heuristics.GeneralHeuristic
time limit: 3600.0 s
time to solve: 0,00 s
objective value: 752872.9

stacks (top to bottom):
stack 0:    737 591 204 709 57 641 268 
stack 1:    683 715 43 653 123 680 24 
stack 2:    271 67 170 157 337 663 623 
stack 3:    329 480 634 325 62 511 633 
stack 4:    438 6 65 742 17 283 138 
stack 5:    119 702 412 279 269 215 487 
stack 6:    488 655 208 558 40 504 450 
stack 7:    61 745 262 471 706 89 656 
stack 8:    28 278 405 712 252 429 311 
stack 9:    398 385 231 213 473 643 145 
stack 10:    184 309 111 390 701 160 375 
stack 11:    44 493 48 434 118 109 593 
stack 12:    496 27 453 158 708 49 681 
stack 13:    83 669 697 395 173 51 400 
stack 14:    355 147 358 636 746 296 185 
stack 15:    104 500 410 739 551 445 107 
stack 16:    33 666 748 579 460 152 477 
stack 17:    270 541 282 126 56 649 484 
stack 18:    219 625 397 682 668 557 47 
stack 19:    735 146 428 281 186 322 454 
stack 20:    414 172 462 32 218 382 245 
stack 21:    718 581 380 165 221 363 297 
stack 22:    74 603 411 211 7 359 60 
stack 23:    722 482 66 232 94 201 344 
stack 24:    299 399 578 315 205 451 563 
stack 25:    573 349 360 97 143 346 662 
stack 26:    483 384 599 34 162 413 86 
stack 27:    515 163 624 732 313 509 302 
stack 28:    273 125 458 330 530 116 452 
stack 29:    596 374 604 300 370 613 222 
stack 30:    554 235 323 295 239 719 431 
stack 31:    187 122 631 612 465 352 609 
stack 32:    241 468 345 10 42 664 93 
stack 33:    408 727 336 540 419 714 193 
stack 34:    248 267 378 567 618 105 36 
stack 35:    81 332 707 481 416 45 568 
stack 36:    317 552 220 620 41 562 426 
stack 37:    564 35 68 298 435 549 605 
stack 38:    19 132 393 199 310 154 517 
stack 39:    254 506 637 526 436 447 142 
stack 40:    443 561 280 155 638 214 574 
stack 41:    463 246 440 362 316 290 286 
stack 42:    217 501 257 114 614 306 37 
stack 43:    695 53 207 72 569 647 371 
stack 44:    75 721 209 615 250 704 387 
stack 45:    744 678 424 110 153 164 368 
stack 46:    699 571 334 545 642 54 713 
stack 47:    249 507 494 353 234 741 12 
stack 48:    373 196 321 522 499 70 492 
stack 49:    417 188 284 657 291 168 71 
stack 50:    247 76 611 364 189 39 25 
stack 51:    307 524 197 696 0 733 441 
stack 52:    565 181 301 705 689 535 672 
stack 53:    529 543 586 422 289 409 55 
stack 54:    514 108 376 550 388 128 229 
stack 55:    392 16 430 703 127 338 159 
stack 56:    710 20 100 212 87 69 444 
stack 57:    650 31 113 651 103 9 576 
stack 58:    169 144 26 124 466 503 210 
stack 59:    645 242 348 622 575 383 513 
stack 60:    749 590 589 475 456 161 566 
stack 61:    22 227 90 459 661 238 88 
stack 62:    548 521 260 226 354 366 335 
stack 63:    734 654 253 449 407 4 478 
stack 64:    598 38 580 583 140 14 544 
stack 65:    251 263 326 174 600 527 592 
stack 66:    610 628 587 369 365 421 570 
stack 67:    594 455 243 351 495 30 333 
stack 68:    510 265 98 341 490 485 442 
stack 69:    46 91 224 357 673 457 287 
stack 70:    619 347 77 740 129 736 716 
stack 71:    318 389 627 601 320 626 396 
stack 72:    476 225 467 176 121 95 149 
stack 73:    425 202 542 191 687 717 531 
stack 74:    200 519 50 206 469 658 192 
stack 75:    404 29 692 288 5 539 688 
stack 76:    233 312 303 175 150 676 617 
stack 77:    720 198 350 639 660 685 85 
stack 78:    228 58 82 11 101 275 470 
stack 79:    240 156 606 99 665 84 432 
stack 80:    266 726 498 402 646 728 171 
stack 81:    64 331 497 415 285 427 698 
stack 82:    319 686 294 223 23 52 272 
stack 83:    314 194 725 117 448 547 461 
stack 84:    178 577 538 648 327 437 588 
stack 85:    18 102 356 602 635 134 420 
stack 86:    59 216 394 652 491 711 21 
stack 87:    608 274 659 553 616 479 391 
stack 88:    237 106 731 230 630 520 115 
stack 89:    256 259 277 343 166 640 486 
stack 90:    523 63 182 340 644 729 433 
stack 91:    133 505 516 139 584 446 508 
stack 92:    474 342 367 747 372 632 629 
stack 93:    305 533 677 597 13 512 585 
stack 94:    1 255 96 525 379 135 670 
stack 95:    183 528 339 293 406 73 537 
stack 96:    195 120 534 667 560 472 148 
stack 97:    112 3 292 381 136 79 423 
stack 98:    439 141 607 80 559 244 532 
stack 99:    679 582 180 464 694 190 674 
stack 100:    137 264 671 276 92 324 691 
stack 101:    724 130 151 167 546 502 261 
stack 102:    403 304 700 179 308 377 177 
stack 103:    684 518 8 203 572 78 555 
stack 104:    386 556 418 258 401 690 723 
stack 105:    15 693 738 743 131 621 730 
stack 106:    361 2 
stack 107:    675 
stack 108:    536 
stack 109:    236 
stack 110:    595 328 
stack 111:    
stack 112:    489 
stack 113:    
stack 114:    
stack 115:    
stack 116:    
stack 117:    
stack 118:    
stack 119:    
stack 120:    
stack 121:    
stack 122:    
stack 123:    
stack 124:    
stack 125:    
stack 126:    
stack 127:    
stack 128:    
stack 129:    
