lower bound for relaxed s_ij: 692236.26

#####################################################

solved with: SP.mip_formulations.BinPackingFormulation
time limit: 3600.0 s
time to solve: 2311,00 s
objective value: 692243.58

stacks (top to bottom):
stack 0:    
stack 1:    376 
stack 2:    
stack 3:    
stack 4:    378 
stack 5:    
stack 6:    381 
stack 7:    382 
stack 8:    
stack 9:    384 
stack 10:    
stack 11:    11 
stack 12:    
stack 13:    481 339 427 
stack 14:    175 199 555 14 213 494 40 
stack 15:    132 569 232 179 502 723 636 
stack 16:    629 521 391 646 102 710 729 
stack 17:    69 110 236 649 556 18 85 
stack 18:    455 672 717 393 412 634 632 
stack 19:    733 606 342 197 394 508 271 
stack 20:    290 669 596 252 188 374 270 
stack 21:    301 198 143 164 275 289 267 
stack 22:    22 114 310 697 692 302 122 
stack 23:    443 263 337 273 619 53 561 
stack 24:    537 734 691 446 618 484 136 
stack 25:    464 123 460 411 156 478 226 
stack 26:    299 71 286 468 255 250 26 
stack 27:    444 651 624 505 358 664 440 
stack 28:    104 638 346 626 488 474 205 
stack 29:    739 689 516 486 477 706 130 
stack 30:    305 292 367 363 520 157 309 
stack 31:    131 480 113 177 338 548 144 
stack 32:    357 154 452 174 295 675 248 
stack 33:    657 195 512 473 725 536 324 
stack 34:    462 579 107 639 469 361 614 
stack 35:    354 465 278 434 628 373 736 
stack 36:    705 572 538 41 720 576 552 
stack 37:    192 643 75 591 320 318 599 
stack 38:    165 525 467 593 240 39 413 
stack 39:    74 335 414 76 676 617 259 
stack 40:    670 645 698 668 648 116 686 
stack 41:    737 189 688 347 678 293 445 
stack 42:    190 712 54 103 716 680 673 
stack 43:    665 287 220 594 709 348 300 
stack 44:    147 623 325 609 595 257 89 
stack 45:    371 343 334 258 70 490 45 
stack 46:    630 658 313 731 642 421 459 
stack 47:    311 701 742 47 696 690 749 
stack 48:    148 592 454 276 149 451 266 
stack 49:    703 714 256 162 142 87 744 
stack 50:    281 583 319 425 284 216 522 
stack 51:    349 212 327 265 482 211 497 
stack 52:    291 745 633 153 280 105 314 
stack 53:    719 526 187 601 541 272 336 
stack 54:    429 249 317 98 173 653 663 
stack 55:    67 344 133 55 430 231 475 
stack 56:    570 553 81 510 641 202 514 
stack 57:    625 479 151 476 498 674 244 
stack 58:    652 660 585 161 283 702 707 
stack 59:    59 350 727 654 564 442 330 
stack 60:    359 604 597 345 237 184 166 
stack 61:    740 355 588 185 671 529 172 
stack 62:    647 684 602 288 180 323 491 
stack 63:    489 519 296 546 458 453 631 
stack 64:    450 580 540 530 138 562 304 
stack 65:    375 0 
stack 66:    1 
stack 67:    377 2 
stack 68:    4 3 
stack 69:    379 
stack 70:    5 380 
stack 71:    6 
stack 72:    7 
stack 73:    383 8 
stack 74:    9 
stack 75:    385 
stack 76:    10 386 
stack 77:    387 12 
stack 78:    590 277 217 146 683 388 13 
stack 79:    527 389 352 523 496 152 461 
stack 80:    390 589 571 233 201 15 524 
stack 81:    251 124 575 191 362 16 120 
stack 82:    392 207 621 94 607 203 17 
stack 83:    492 699 91 687 285 260 726 
stack 84:    448 108 19 635 558 637 730 
stack 85:    20 518 341 395 100 134 504 
stack 86:    21 312 603 503 235 101 396 
stack 87:    364 242 167 298 397 254 73 
stack 88:    23 644 487 449 279 398 578 
stack 89:    399 25 24 627 704 243 483 
stack 90:    214 366 261 65 587 400 222 
stack 91:    401 581 370 238 721 253 194 
stack 92:    615 234 92 472 402 27 506 
stack 93:    539 403 333 682 28 183 549 
stack 94:    29 340 404 622 532 542 681 
stack 95:    30 405 694 221 661 351 511 
stack 96:    715 31 406 372 566 457 297 
stack 97:    407 369 230 322 307 171 32 
stack 98:    33 409 72 408 328 268 58 
stack 99:    466 732 127 128 294 158 34 
stack 100:    551 209 145 559 410 35 535 
stack 101:    738 495 186 115 66 463 36 
stack 102:    471 37 608 447 662 437 247 
stack 103:    612 708 38 728 200 560 438 
stack 104:    368 308 303 611 106 528 600 
stack 105:    415 315 208 79 163 353 170 
stack 106:    316 227 112 547 416 360 176 
stack 107:    470 711 693 326 718 417 42 
stack 108:    43 616 196 586 418 155 129 
stack 109:    44 695 544 282 419 659 332 
stack 110:    456 545 420 533 501 666 485 
stack 111:    246 241 141 93 423 169 46 
stack 112:    245 56 422 109 82 713 573 
stack 113:    48 77 182 83 650 126 685 
stack 114:    582 574 679 49 193 264 424 
stack 115:    51 50 747 206 550 228 531 
stack 116:    426 677 656 125 321 557 274 
stack 117:    119 52 428 543 493 507 515 
stack 118:    743 329 499 64 500 605 513 
stack 119:    137 224 117 655 269 159 356 
stack 120:    431 97 95 534 239 563 111 
stack 121:    509 365 215 140 225 584 88 
stack 122:    57 331 306 90 432 262 96 
stack 123:    748 722 613 229 433 219 181 
stack 124:    554 218 60 746 86 99 565 
stack 125:    435 567 210 178 150 640 517 
stack 126:    700 568 80 436 204 61 135 
stack 127:    441 724 620 667 62 223 735 
stack 128:    139 439 160 78 121 84 63 
stack 129:    168 610 118 741 598 577 68 

#####################################################

solved with: SP.constructive_heuristics.GeneralHeuristic
time limit: 3600.0 s
time to solve: 0,01 s
objective value: 751400.31

stacks (top to bottom):
stack 0:    738 495 21 593 94 109 238 
stack 1:    124 586 705 610 287 622 632 
stack 2:    499 418 284 654 101 573 247 
stack 3:    467 316 113 241 699 347 260 
stack 4:    117 453 600 0 661 309 201 
stack 5:    724 518 700 107 639 250 659 
stack 6:    553 125 199 223 528 307 515 
stack 7:    43 245 145 187 296 674 99 
stack 8:    733 112 402 621 105 478 332 
stack 9:    670 510 168 161 352 2 576 
stack 10:    448 148 592 54 626 577 440 
stack 11:    572 712 505 36 225 226 35 
stack 12:    470 339 429 493 86 264 372 
stack 13:    630 77 56 635 106 272 24 
stack 14:    715 646 367 538 564 317 614 
stack 15:    743 123 643 41 502 742 506 
stack 16:    20 151 104 479 64 252 320 
stack 17:    740 609 121 185 445 685 297 
stack 18:    554 154 701 422 679 708 408 
stack 19:    387 50 399 688 599 213 485 
stack 20:    441 6 331 385 155 202 219 
stack 21:    108 242 660 229 289 318 330 
stack 22:    435 633 156 720 557 216 421 
stack 23:    426 59 624 327 634 692 707 
stack 24:    575 620 526 180 436 174 37 
stack 25:    629 392 602 263 637 328 194 
stack 26:    44 489 383 471 325 507 666 
stack 27:    371 261 74 384 280 15 144 
stack 28:    669 110 460 218 731 541 721 
stack 29:    354 119 198 55 377 283 96 
stack 30:    355 62 746 326 484 348 483 
stack 31:    341 519 231 79 100 373 89 
stack 32:    405 246 146 642 269 379 166 
stack 33:    227 179 604 322 655 457 438 
stack 34:    57 319 291 365 138 396 704 
stack 35:    390 71 220 266 412 562 129 
stack 36:    521 732 118 585 249 496 571 
stack 37:    344 415 719 321 428 82 619 
stack 38:    425 644 152 235 76 85 681 
stack 39:    132 406 397 337 361 584 88 
stack 40:    616 449 603 42 253 578 73 
stack 41:    364 9 667 611 555 546 93 
stack 42:    5 452 204 38 458 159 3 
stack 43:    137 492 595 338 135 380 511 
stack 44:    450 455 462 349 39 164 503 
stack 45:    7 340 294 208 469 173 17 
stack 46:    281 651 358 580 540 454 680 
stack 47:    305 306 393 451 181 46 222 
stack 48:    214 658 612 395 18 239 653 
stack 49:    472 303 288 197 182 83 176 
stack 50:    311 91 548 702 271 356 172 
stack 51:    329 133 232 676 706 314 736 
stack 52:    366 69 691 559 237 749 170 
stack 53:    346 516 203 477 370 617 53 
stack 54:    251 551 409 596 140 474 336 
stack 55:    48 147 456 473 200 45 259 
stack 56:    537 741 279 689 710 26 697 
stack 57:    698 487 153 411 729 244 514 
stack 58:    301 350 368 375 282 649 134 
stack 59:    431 623 224 735 376 360 248 
stack 60:    51 656 128 523 142 716 114 
stack 61:    23 647 276 665 28 433 424 
stack 62:    539 677 490 267 163 417 627 
stack 63:    196 668 315 286 532 686 504 
stack 64:    444 210 498 591 565 662 122 
stack 65:    590 464 335 75 87 228 437 
stack 66:    30 480 547 543 534 608 310 
stack 67:    588 285 423 726 378 728 120 
stack 68:    29 299 652 682 664 262 594 
stack 69:    33 657 308 544 744 353 386 
stack 70:    703 127 102 550 273 157 447 
stack 71:    625 567 613 398 709 4 561 
stack 72:    345 601 725 184 678 671 324 
stack 73:    527 186 192 488 542 211 549 
stack 74:    587 162 150 363 188 475 205 
stack 75:    615 234 359 217 61 394 169 
stack 76:    343 19 230 126 293 508 58 
stack 77:    570 90 116 432 482 32 302 
stack 78:    313 369 434 414 323 531 388 
stack 79:    407 695 512 177 141 416 552 
stack 80:    190 1 638 640 233 268 522 
stack 81:    167 734 80 136 171 536 413 
stack 82:    443 582 357 236 718 563 529 
stack 83:    648 389 558 206 98 607 183 
stack 84:    290 579 476 636 374 566 351 
stack 85:    70 81 466 66 10 400 40 
stack 86:    52 298 207 191 49 25 295 
stack 87:    195 737 439 574 63 687 631 
stack 88:    583 403 672 641 103 265 68 
stack 89:    165 78 189 556 650 517 560 
stack 90:    65 342 568 362 420 628 270 
stack 91:    714 739 486 723 694 221 12 
stack 92:    382 278 747 427 696 274 494 
stack 93:    67 312 446 95 693 520 535 
stack 94:    645 391 240 589 605 304 497 
stack 95:    334 258 212 215 500 673 524 
stack 96:    684 481 175 16 27 533 491 
stack 97:    115 727 468 275 442 581 130 
stack 98:    92 31 193 97 47 459 243 
stack 99:    333 209 277 60 618 683 410 
stack 100:    131 463 745 381 598 513 34 
stack 101:    606 525 139 8 257 14 675 
stack 102:    292 22 509 530 717 713 300 
stack 103:    748 569 178 158 430 419 111 
stack 104:    722 143 404 254 255 13 690 
stack 105:    160 401 597 711 11 461 663 
stack 106:    465 256 149 730 
stack 107:    545 84 501 
stack 108:    
stack 109:    
stack 110:    72 
stack 111:    
stack 112:    
stack 113:    
stack 114:    
stack 115:    
stack 116:    
stack 117:    
stack 118:    
stack 119:    
stack 120:    
stack 121:    
stack 122:    
stack 123:    
stack 124:    
stack 125:    
stack 126:    
stack 127:    
stack 128:    
stack 129:    
