lower bound for relaxed s_ij: 692252.08

#####################################################

solved with: SP.mip_formulations.BinPackingFormulation
time limit: 3600.0 s
time to solve: 2535,79 s
objective value: 692264.28

stacks (top to bottom):
stack 0:    0 
stack 1:    1 
stack 2:    2 
stack 3:    3 379 
stack 4:    
stack 5:    380 
stack 6:    6 
stack 7:    7 
stack 8:    8 
stack 9:    383 
stack 10:    386 10 
stack 11:    
stack 12:    
stack 13:    294 75 388 
stack 14:    705 517 482 389 239 500 427 
stack 15:    676 608 536 337 15 630 210 
stack 16:    356 114 135 346 131 235 641 
stack 17:    17 654 392 643 709 619 514 
stack 18:    51 394 122 601 292 215 715 
stack 19:    260 182 79 198 662 664 119 
stack 20:    147 225 118 252 645 441 121 
stack 21:    396 154 698 659 150 145 80 
stack 22:    339 710 22 209 594 296 275 
stack 23:    166 668 91 507 95 581 329 
stack 24:    27 276 129 58 618 24 170 
stack 25:    110 176 231 246 457 250 25 
stack 26:    402 26 286 248 173 655 224 
stack 27:    139 29 113 237 186 311 274 
stack 28:    243 525 609 736 731 543 287 
stack 29:    205 404 602 285 106 222 332 
stack 30:    116 448 142 158 175 68 266 
stack 31:    370 340 302 579 97 449 37 
stack 32:    74 720 217 149 32 498 251 
stack 33:    542 574 462 325 259 188 126 
stack 34:    565 640 490 348 254 34 270 
stack 35:    516 692 739 537 712 364 563 
stack 36:    548 560 515 452 297 108 353 
stack 37:    480 656 653 323 218 229 314 
stack 38:    604 657 473 414 444 663 477 
stack 39:    82 40 316 460 625 571 567 
stack 40:    708 628 586 523 704 464 326 
stack 41:    717 41 612 493 262 592 489 
stack 42:    699 479 734 469 686 247 726 
stack 43:    290 233 86 730 471 76 742 
stack 44:    355 300 44 614 174 684 476 
stack 45:    104 632 70 197 501 65 89 
stack 46:    593 624 432 421 189 639 151 
stack 47:    697 162 59 422 238 193 99 
stack 48:    77 702 701 613 423 696 78 
stack 49:    66 707 123 724 687 424 216 
stack 50:    551 738 716 50 557 69 172 
stack 51:    443 426 125 102 208 213 132 
stack 52:    732 63 177 160 234 293 749 
stack 53:    610 582 428 534 361 315 92 
stack 54:    272 73 549 729 587 54 429 
stack 55:    55 347 652 184 288 358 284 
stack 56:    667 658 374 242 636 495 283 
stack 57:    688 255 744 341 289 228 661 
stack 58:    351 481 357 212 680 488 159 
stack 59:    72 522 258 203 156 670 301 
stack 60:    620 273 127 64 60 569 735 
stack 61:    265 458 685 268 187 124 747 
stack 62:    714 438 245 437 572 362 282 
stack 63:    200 674 96 503 483 598 140 
stack 64:    644 743 152 615 588 466 721 
stack 65:    375 
stack 66:    376 
stack 67:    377 
stack 68:    378 
stack 69:    4 
stack 70:    5 
stack 71:    381 
stack 72:    382 
stack 73:    384 
stack 74:    9 
stack 75:    385 
stack 76:    11 
stack 77:    387 12 
stack 78:    405 20 623 629 456 454 13 
stack 79:    14 183 144 546 526 146 390 
stack 80:    694 345 143 310 98 440 312 
stack 81:    391 52 271 16 317 559 513 
stack 82:    153 518 333 651 497 491 393 
stack 83:    689 675 496 627 18 635 646 
stack 84:    372 195 168 19 706 666 354 
stack 85:    395 230 605 568 328 722 547 
stack 86:    363 21 138 336 279 167 171 
stack 87:    741 485 431 397 484 703 281 
stack 88:    23 398 206 492 90 264 263 
stack 89:    399 192 502 521 180 535 257 
stack 90:    682 400 487 103 530 573 191 
stack 91:    740 611 165 163 459 330 401 
stack 92:    622 679 28 538 220 133 540 
stack 93:    84 578 554 553 226 223 403 
stack 94:    373 112 241 673 214 508 580 
stack 95:    269 531 447 117 157 451 30 
stack 96:    199 527 617 256 178 31 406 
stack 97:    407 621 591 596 185 555 71 
stack 98:    719 408 649 267 120 107 33 
stack 99:    207 335 616 105 529 631 409 
stack 100:    35 748 344 278 196 410 227 
stack 101:    650 36 681 313 468 352 411 
stack 102:    412 320 634 434 342 465 533 
stack 103:    327 318 253 556 38 43 413 
stack 104:    561 349 647 472 577 39 128 
stack 105:    671 727 541 455 367 669 415 
stack 106:    494 728 589 148 606 416 417 
stack 107:    295 638 519 303 359 305 42 
stack 108:    575 711 637 418 511 733 461 
stack 109:    324 130 419 690 307 678 677 
stack 110:    194 691 46 45 249 81 420 
stack 111:    510 660 562 48 277 524 343 
stack 112:    137 93 600 368 100 291 47 
stack 113:    713 164 725 544 201 700 723 
stack 114:    319 746 87 633 505 49 590 
stack 115:    360 512 425 532 179 331 322 
stack 116:    115 499 695 334 306 550 475 
stack 117:    371 595 338 584 366 566 450 
stack 118:    101 463 539 528 244 365 53 
stack 119:    219 109 509 439 558 261 585 
stack 120:    486 211 204 321 136 430 552 
stack 121:    474 599 648 446 181 240 56 
stack 122:    221 442 236 478 672 57 520 
stack 123:    545 308 564 506 433 85 683 
stack 124:    190 161 299 88 745 134 435 
stack 125:    436 642 576 693 155 169 445 
stack 126:    737 504 67 298 61 111 280 
stack 127:    718 597 369 583 141 62 83 
stack 128:    665 232 467 626 350 304 309 
stack 129:    607 570 453 603 470 94 202 

#####################################################

solved with: SP.constructive_heuristics.GeneralHeuristic
time limit: 3600.0 s
time to solve: 0,00 s
objective value: 752818.36

stacks (top to bottom):
stack 0:    532 509 150 121 365 501 484 
stack 1:    91 618 572 362 359 155 283 
stack 2:    622 589 60 569 567 124 677 
stack 3:    719 708 404 481 357 259 461 
stack 4:    746 546 549 636 235 277 417 
stack 5:    748 602 256 85 581 615 169 
stack 6:    335 553 399 519 617 451 13 
stack 7:    267 633 437 61 693 328 68 
stack 8:    130 143 613 255 483 381 552 
stack 9:    319 738 614 441 103 167 42 
stack 10:    486 561 600 656 346 559 263 
stack 11:    153 551 642 54 215 514 406 
stack 12:    233 62 134 329 341 612 744 
stack 13:    405 565 290 306 550 126 488 
stack 14:    1 560 202 304 189 452 663 
stack 15:    55 503 9 696 301 454 25 
stack 16:    139 349 149 544 234 251 563 
stack 17:    14 607 194 691 480 163 430 
stack 18:    682 168 692 72 348 574 358 
stack 19:    253 161 370 157 634 646 598 
stack 20:    570 734 728 716 498 293 33 
stack 21:    436 740 624 123 530 424 274 
stack 22:    269 536 21 225 577 459 540 
stack 23:    105 676 246 468 222 5 213 
stack 24:    556 671 644 184 434 322 275 
stack 25:    183 19 75 394 487 715 703 
stack 26:    697 510 12 330 331 625 173 
stack 27:    23 164 632 548 497 287 281 
stack 28:    718 554 308 396 106 731 188 
stack 29:    110 176 77 200 38 212 6 
stack 30:    114 82 616 144 710 111 416 
stack 31:    147 621 142 698 229 305 661 
stack 32:    426 347 226 727 313 171 723 
stack 33:    714 107 673 197 81 296 307 
stack 34:    127 241 637 376 568 239 742 
stack 35:    355 195 51 712 478 43 315 
stack 36:    356 199 432 371 645 282 172 
stack 37:    485 658 458 50 390 422 238 
stack 38:    219 373 657 745 334 579 493 
stack 39:    345 702 701 457 366 513 420 
stack 40:    73 294 428 595 409 639 460 
stack 41:    17 531 278 367 433 672 709 
stack 42:    474 324 402 64 220 94 247 
stack 43:    116 138 627 564 681 662 224 
stack 44:    327 112 113 40 321 384 92 
stack 45:    231 392 541 670 419 57 262 
stack 46:    699 479 412 725 8 209 90 
stack 47:    638 190 299 97 721 76 240 
stack 48:    494 265 148 286 187 378 465 
stack 49:    647 578 414 285 98 643 450 
stack 50:    705 93 620 720 611 158 151 
stack 51:    35 363 604 668 350 343 520 
stack 52:    20 360 431 732 63 467 53 
stack 53:    221 333 52 537 596 352 31 
stack 54:    386 605 49 398 418 659 690 
stack 55:    44 129 22 70 34 476 210 
stack 56:    717 527 310 182 462 178 730 
stack 57:    211 583 271 203 302 156 30 
stack 58:    667 230 41 276 505 584 664 
stack 59:    387 504 27 118 214 648 683 
stack 60:    4 499 340 674 566 411 735 
stack 61:    115 707 534 292 89 427 592 
stack 62:    395 591 260 466 413 99 280 
stack 63:    741 425 245 651 473 629 680 
stack 64:    273 374 133 557 39 660 316 
stack 65:    146 87 323 587 500 78 555 
stack 66:    529 631 448 403 186 706 429 
stack 67:    205 102 96 502 446 180 193 
stack 68:    74 339 179 320 24 558 401 
stack 69:    713 300 244 198 192 590 128 
stack 70:    100 204 652 389 669 588 266 
stack 71:    109 208 609 695 284 733 181 
stack 72:    372 512 423 15 729 511 175 
stack 73:    66 603 160 268 515 32 686 
stack 74:    166 217 582 131 562 533 71 
stack 75:    125 490 456 684 65 342 353 
stack 76:    517 2 438 10 136 641 655 
stack 77:    88 152 385 594 700 489 56 
stack 78:    575 272 599 45 29 309 678 
stack 79:    337 84 361 491 248 393 571 
stack 80:    689 298 196 254 303 279 573 
stack 81:    0 336 464 250 141 397 543 
stack 82:    101 525 325 736 471 159 449 
stack 83:    593 104 232 28 177 470 59 
stack 84:    447 377 36 95 18 354 216 
stack 85:    46 711 26 16 380 415 619 
stack 86:    318 545 79 586 326 170 535 
stack 87:    242 526 120 626 69 477 108 
stack 88:    407 507 542 601 201 528 270 
stack 89:    154 236 439 523 704 291 83 
stack 90:    608 654 653 576 317 311 314 
stack 91:    453 665 538 375 508 580 747 
stack 92:    737 135 442 67 518 344 547 
stack 93:    610 11 472 58 338 444 435 
stack 94:    694 443 243 650 162 297 445 
stack 95:    640 252 522 630 312 145 227 
stack 96:    295 351 506 743 635 86 191 
stack 97:    649 463 383 218 261 140 264 
stack 98:    408 496 368 482 440 379 722 
stack 99:    207 117 400 258 666 80 521 
stack 100:    137 7 469 685 749 585 726 
stack 101:    679 165 122 495 539 206 388 
stack 102:    675 623 369 174 724 237 492 
stack 103:    516 688 223 628 364 119 
stack 104:    391 3 185 228 47 289 37 
stack 105:    597 739 455 382 288 132 257 
stack 106:    249 421 524 
stack 107:    475 332 
stack 108:    410 
stack 109:    606 48 
stack 110:    687 
stack 111:    
stack 112:    
stack 113:    
stack 114:    
stack 115:    
stack 116:    
stack 117:    
stack 118:    
stack 119:    
stack 120:    
stack 121:    
stack 122:    
stack 123:    
stack 124:    
stack 125:    
stack 126:    
stack 127:    
stack 128:    
stack 129:    
