lower bound for relaxed s_ij: 692236.34

#####################################################

solved with: SP.mip_formulations.BinPackingFormulation
time limit: 3600.0 s
time to solve: 1828,82 s
objective value: 692247.28

stacks (top to bottom):
stack 0:    
stack 1:    1 376 
stack 2:    2 
stack 3:    
stack 4:    380 
stack 5:    5 
stack 6:    6 
stack 7:    7 
stack 8:    383 
stack 9:    
stack 10:    385 
stack 11:    
stack 12:    12 
stack 13:    594 481 22 
stack 14:    747 44 708 460 390 725 63 
stack 15:    482 549 619 161 160 722 15 
stack 16:    550 427 74 260 521 589 552 
stack 17:    392 157 359 622 497 446 574 
stack 18:    703 707 717 635 263 515 612 
stack 19:    709 334 571 605 232 46 191 
stack 20:    367 329 70 68 32 240 209 
stack 21:    219 350 396 370 504 465 248 
stack 22:    640 303 223 270 210 292 91 
stack 23:    652 498 130 556 293 656 600 
stack 24:    748 455 399 469 95 133 106 
stack 25:    141 214 457 251 510 400 372 
stack 26:    737 244 171 673 476 104 85 
stack 27:    357 249 560 365 185 468 27 
stack 28:    488 637 47 145 743 120 28 
stack 29:    29 184 304 700 229 172 475 
stack 30:    666 459 437 369 158 356 405 
stack 31:    318 96 208 139 124 606 281 
stack 32:    749 285 62 121 517 305 54 
stack 33:    289 512 466 601 567 300 182 
stack 34:    557 441 138 487 536 449 129 
stack 35:    551 578 665 617 226 207 119 
stack 36:    36 319 156 658 277 166 98 
stack 37:    143 499 346 327 339 745 220 
stack 38:    662 483 243 336 86 584 595 
stack 39:    183 149 479 313 736 514 253 
stack 40:    660 178 580 445 716 491 572 
stack 41:    539 238 41 689 627 352 624 
stack 42:    579 215 331 723 269 590 684 
stack 43:    554 492 553 153 623 659 174 
stack 44:    324 312 513 611 582 140 592 
stack 45:    706 242 321 155 272 135 583 
stack 46:    537 480 661 432 453 255 668 
stack 47:    265 230 113 204 134 282 112 
stack 48:    228 117 451 738 335 167 188 
stack 49:    296 633 237 77 345 67 424 
stack 50:    348 295 495 51 284 181 142 
stack 51:    439 649 588 545 609 268 266 
stack 52:    202 616 462 687 685 337 355 
stack 53:    78 519 317 290 443 501 325 
stack 54:    740 257 66 494 454 570 429 
stack 55:    162 591 250 732 546 544 698 
stack 56:    344 674 702 602 431 435 366 
stack 57:    461 531 608 302 500 727 442 
stack 58:    516 100 688 464 308 58 231 
stack 59:    347 734 530 586 705 473 647 
stack 60:    478 676 542 358 328 206 193 
stack 61:    741 625 203 309 733 436 573 
stack 62:    79 690 675 667 216 196 154 
stack 63:    151 562 221 575 197 614 330 
stack 64:    227 256 692 565 307 254 714 
stack 65:    0 375 
stack 66:    
stack 67:    377 
stack 68:    378 3 
stack 69:    4 379 
stack 70:    381 
stack 71:    
stack 72:    382 
stack 73:    8 
stack 74:    9 384 
stack 75:    10 
stack 76:    386 11 
stack 77:    387 
stack 78:    297 563 13 388 14 69 294 
stack 79:    127 132 389 739 534 225 259 
stack 80:    463 179 474 577 103 525 506 
stack 81:    391 641 636 696 212 316 16 
stack 82:    332 17 18 371 301 280 458 
stack 83:    168 528 742 393 310 410 569 
stack 84:    173 102 19 538 394 682 368 
stack 85:    395 20 450 373 657 663 361 
stack 86:    21 360 511 447 440 710 670 
stack 87:    397 218 111 587 311 597 596 
stack 88:    398 720 23 686 315 472 278 
stack 89:    213 547 629 349 342 24 509 
stack 90:    490 532 314 522 558 75 25 
stack 91:    471 354 275 286 326 401 26 
stack 92:    648 122 604 234 646 402 744 
stack 93:    655 715 123 118 233 211 403 
stack 94:    404 163 520 189 374 448 452 
stack 95:    30 89 505 90 406 341 340 
stack 96:    287 496 274 148 105 31 407 
stack 97:    201 88 323 33 618 65 288 
stack 98:    555 507 180 718 524 408 34 
stack 99:    409 279 64 621 541 299 518 
stack 100:    150 128 486 456 598 35 679 
stack 101:    638 493 169 701 576 411 412 
stack 102:    527 261 607 677 205 48 37 
stack 103:    414 413 298 283 144 523 38 
stack 104:    697 137 159 126 415 192 39 
stack 105:    728 40 477 634 489 80 125 
stack 106:    653 681 713 639 502 271 416 
stack 107:    99 94 669 699 417 176 42 
stack 108:    43 195 426 175 190 93 418 
stack 109:    419 664 561 724 628 101 691 
stack 110:    45 444 420 364 306 333 566 
stack 111:    222 543 322 485 421 730 729 
stack 112:    467 438 422 581 526 654 726 
stack 113:    353 423 610 731 680 262 548 
stack 114:    235 645 672 49 338 695 252 
stack 115:    146 650 613 82 425 529 50 
stack 116:    585 533 351 508 362 428 267 
stack 117:    626 615 56 131 164 52 71 
stack 118:    568 109 224 273 177 187 53 
stack 119:    719 363 711 599 503 693 593 
stack 120:    55 746 735 110 430 236 651 
stack 121:    186 631 241 170 115 239 712 
stack 122:    107 116 81 76 72 694 57 
stack 123:    200 433 198 165 136 276 83 
stack 124:    434 630 470 247 92 84 59 
stack 125:    108 704 343 97 60 291 678 
stack 126:    540 559 671 61 258 484 620 
stack 127:    721 535 152 320 73 632 564 
stack 128:    642 603 245 683 217 264 199 
stack 129:    644 194 246 643 147 114 87 

#####################################################

solved with: SP.constructive_heuristics.GeneralHeuristic
time limit: 3600.0 s
time to solve: 0,00 s
objective value: 750351.94

stacks (top to bottom):
stack 0:    666 279 485 410 364 745 375 
stack 1:    99 555 398 540 427 582 207 
stack 2:    357 328 170 147 269 590 182 
stack 3:    471 641 492 321 360 373 24 
stack 4:    498 97 619 18 597 69 552 
stack 5:    354 645 562 303 301 264 199 
stack 6:    594 381 218 672 593 1 15 
stack 7:    660 426 429 383 689 657 112 
stack 8:    615 559 486 155 598 446 176 
stack 9:    79 118 522 58 609 220 34 
stack 10:    348 143 29 504 730 236 431 
stack 11:    298 625 32 733 292 722 705 
stack 12:    228 482 591 575 732 26 573 
stack 13:    563 113 407 680 300 12 712 
stack 14:    213 56 81 327 189 72 193 
stack 15:    297 720 256 320 140 620 617 
stack 16:    441 542 215 468 545 355 394 
stack 17:    102 286 169 618 725 606 418 
stack 18:    151 707 459 423 158 433 457 
stack 19:    397 127 553 569 80 518 379 
stack 20:    230 557 335 331 428 284 16 
stack 21:    741 203 463 474 190 319 172 
stack 22:    513 701 565 416 452 22 231 
stack 23:    507 211 654 74 610 248 525 
stack 24:    7 549 491 611 484 120 481 
stack 25:    490 748 314 487 157 339 453 
stack 26:    44 531 343 437 47 77 90 
stack 27:    100 171 629 651 262 125 63 
stack 28:    318 387 671 587 635 191 330 
stack 29:    126 255 259 470 317 574 612 
stack 30:    709 636 650 237 716 633 166 
stack 31:    326 11 187 600 726 3 106 
stack 32:    109 568 344 358 308 595 50 
stack 33:    585 496 421 4 558 306 405 
stack 34:    488 652 637 613 693 28 538 
stack 35:    607 675 696 349 440 345 694 
stack 36:    444 21 96 65 713 411 229 
stack 37:    715 396 257 736 711 225 337 
stack 38:    202 519 526 604 209 304 510 
stack 39:    478 128 5 116 561 678 659 
stack 40:    324 17 136 710 458 596 340 
stack 41:    638 353 539 323 19 683 119 
stack 42:    516 275 232 577 529 129 658 
stack 43:    123 75 114 584 731 267 142 
stack 44:    655 224 667 164 135 586 646 
stack 45:    222 351 742 365 567 38 647 
stack 46:    642 195 438 603 6 341 226 
stack 47:    350 706 369 311 14 197 497 
stack 48:    194 204 723 174 59 729 288 
stack 49:    740 404 66 605 546 506 39 
stack 50:    721 219 62 110 52 530 417 
stack 51:    527 329 724 556 338 67 679 
stack 52:    88 535 40 462 378 356 87 
stack 53:    391 571 370 601 51 449 299 
stack 54:    708 312 36 73 524 700 624 
stack 55:    173 287 430 673 686 521 57 
stack 56:    728 313 390 502 91 154 252 
stack 57:    532 395 0 687 599 412 515 
stack 58:    117 576 281 415 589 714 133 
stack 59:    662 322 206 702 31 495 239 
stack 60:    332 547 466 434 456 177 282 
stack 61:    533 347 105 242 185 489 614 
stack 62:    214 212 588 377 210 92 84 
stack 63:    409 688 131 737 359 695 71 
stack 64:    270 180 422 238 258 401 402 
stack 65:    168 439 543 246 8 403 268 
stack 66:    183 296 33 263 627 572 93 
stack 67:    747 414 699 550 616 250 305 
stack 68:    392 454 476 447 35 400 663 
stack 69:    626 10 451 644 241 115 684 
stack 70:    499 649 336 103 691 670 368 
stack 71:    152 208 139 46 544 727 280 
stack 72:    70 223 9 122 221 86 520 
stack 73:    162 419 145 517 371 271 95 
stack 74:    201 227 639 408 592 361 253 
stack 75:    528 82 746 436 443 266 475 
stack 76:    302 121 494 60 76 104 352 
stack 77:    249 386 621 2 283 192 385 
stack 78:    94 493 178 245 564 473 682 
stack 79:    461 111 425 739 54 276 698 
stack 80:    186 676 150 244 477 661 333 
stack 81:    61 89 179 445 570 23 42 
stack 82:    141 669 648 399 406 161 37 
stack 83:    20 148 560 664 581 144 25 
stack 84:    295 631 316 424 98 501 188 
stack 85:    45 719 479 198 505 380 85 
stack 86:    483 690 342 450 49 272 53 
stack 87:    551 393 243 48 643 472 325 
stack 88:    274 13 107 541 163 240 511 
stack 89:    55 467 363 692 307 251 372 
stack 90:    653 159 124 309 514 156 548 
stack 91:    64 382 554 388 291 628 374 
stack 92:    640 261 734 420 153 536 167 
stack 93:    455 413 697 30 108 735 718 
stack 94:    43 285 132 608 233 293 294 
stack 95:    367 149 460 175 217 254 376 
stack 96:    310 602 181 27 744 509 277 
stack 97:    137 717 704 260 315 622 448 
stack 98:    578 677 634 362 234 196 432 
stack 99:    334 130 41 500 580 665 630 
stack 100:    265 78 464 480 216 205 523 
stack 101:    703 512 681 160 743 83 469 
stack 102:    289 749 273 184 656 442 583 
stack 103:    579 200 685 247 465 384 668 
stack 104:    235 146 537 389 534 101 290 
stack 105:    138 508 566 278 435 
stack 106:    674 346 134 
stack 107:    68 165 503 366 
stack 108:    738 
stack 109:    623 
stack 110:    
stack 111:    632 
stack 112:    
stack 113:    
stack 114:    
stack 115:    
stack 116:    
stack 117:    
stack 118:    
stack 119:    
stack 120:    
stack 121:    
stack 122:    
stack 123:    
stack 124:    
stack 125:    
stack 126:    
stack 127:    
stack 128:    
stack 129:    
