lower bound for relaxed s_ij: 692243.58

#####################################################

solved with: SP.mip_formulations.BinPackingFormulation
time limit: 3600.0 s
time to solve: 1742,70 s
objective value: 692246.02

stacks (top to bottom):
stack 0:    
stack 1:    0 
stack 2:    2 
stack 3:    378 
stack 4:    
stack 5:    5 
stack 6:    381 
stack 7:    
stack 8:    8 383 
stack 9:    
stack 10:    
stack 11:    
stack 12:    12 
stack 13:    572 504 
stack 14:    14 703 548 137 292 389 156 
stack 15:    667 350 328 344 205 117 451 
stack 16:    105 624 123 281 360 264 481 
stack 17:    192 651 626 497 452 118 310 
stack 18:    129 20 464 341 87 353 250 
stack 19:    19 719 635 578 447 405 354 
stack 20:    440 690 286 300 162 543 710 
stack 21:    679 248 247 86 215 222 396 
stack 22:    709 616 694 371 485 203 22 
stack 23:    251 398 740 307 278 509 23 
stack 24:    24 724 183 110 296 571 374 
stack 25:    550 364 194 120 232 473 25 
stack 26:    343 220 362 554 524 367 553 
stack 27:    27 529 170 621 231 213 259 
stack 28:    500 513 233 270 477 98 403 
stack 29:    674 649 480 330 163 625 575 
stack 30:    242 195 349 288 588 282 240 
stack 31:    109 187 279 160 31 549 289 
stack 32:    463 496 116 177 346 727 457 
stack 33:    209 408 179 76 688 673 315 
stack 34:    409 212 634 592 172 567 671 
stack 35:    35 597 322 540 593 245 701 
stack 36:    319 482 326 623 521 373 564 
stack 37:    237 729 97 111 268 173 37 
stack 38:    574 465 317 368 696 646 141 
stack 39:    414 684 327 125 700 336 101 
stack 40:    484 539 605 742 145 519 542 
stack 41:    41 158 273 104 587 499 138 
stack 42:    347 249 181 654 417 197 311 
stack 43:    661 357 726 580 546 147 418 
stack 44:    712 566 352 745 94 683 577 
stack 45:    636 645 632 622 614 666 725 
stack 46:    552 74 422 617 601 304 448 
stack 47:    692 148 606 655 47 66 718 
stack 48:    114 507 63 370 274 738 239 
stack 49:    695 686 238 164 693 685 85 
stack 50:    704 67 224 70 425 146 438 
stack 51:    178 670 628 717 498 682 199 
stack 52:    721 308 559 72 562 664 663 
stack 53:    555 155 180 511 541 131 576 
stack 54:    275 291 71 54 139 698 126 
stack 55:    176 494 149 68 244 132 579 
stack 56:    56 91 202 159 133 638 609 
stack 57:    65 458 306 255 108 495 157 
stack 58:    369 687 60 604 582 226 630 
stack 59:    211 333 603 254 313 493 271 
stack 60:    629 515 136 152 84 325 253 
stack 61:    263 581 82 107 80 557 89 
stack 62:    335 723 266 223 267 154 510 
stack 63:    619 699 662 747 83 276 277 
stack 64:    103 702 207 657 618 75 668 
stack 65:    375 
stack 66:    376 1 
stack 67:    377 
stack 68:    3 
stack 69:    4 379 
stack 70:    380 
stack 71:    6 
stack 72:    7 382 
stack 73:    
stack 74:    9 384 
stack 75:    385 10 
stack 76:    386 11 387 
stack 77:    13 
stack 78:    208 731 689 230 520 388 64 
stack 79:    545 530 528 633 501 469 324 
stack 80:    390 15 503 569 505 312 363 
stack 81:    122 69 442 283 216 391 16 
stack 82:    392 474 17 585 466 95 90 
stack 83:    393 200 18 206 394 287 261 
stack 84:    395 260 171 730 644 100 472 
stack 85:    610 489 479 124 591 241 144 
stack 86:    470 713 189 21 359 127 79 
stack 87:    323 665 533 198 397 514 290 
stack 88:    627 456 441 468 339 201 272 
stack 89:    708 258 607 602 445 706 399 
stack 90:    523 284 669 257 88 401 400 
stack 91:    174 332 430 26 453 492 135 
stack 92:    193 214 191 402 648 460 113 
stack 93:    372 518 28 165 77 561 143 
stack 94:    29 404 210 204 185 150 356 
stack 95:    508 681 534 316 532 221 30 
stack 96:    294 406 182 142 407 734 744 
stack 97:    196 705 595 318 502 293 32 
stack 98:    643 594 33 340 228 631 741 
stack 99:    637 516 565 527 714 678 34 
stack 100:    640 348 190 410 612 715 590 
stack 101:    411 36 537 106 558 563 449 
stack 102:    329 660 615 536 355 608 412 
stack 103:    269 677 168 134 44 413 38 
stack 104:    739 586 512 39 711 733 102 
stack 105:    736 462 218 525 40 415 589 
stack 106:    416 483 334 491 556 675 647 
stack 107:    42 659 716 93 691 119 246 
stack 108:    476 43 749 535 236 130 81 
stack 109:    301 419 652 560 358 599 229 
stack 110:    551 478 420 722 707 488 45 
stack 111:    46 697 735 639 728 421 265 
stack 112:    184 99 455 188 78 366 73 
stack 113:    642 737 672 656 423 620 48 
stack 114:    424 49 720 280 121 459 96 
stack 115:    314 92 570 50 526 345 169 
stack 116:    426 295 51 544 243 303 331 
stack 117:    427 428 475 52 467 443 439 
stack 118:    653 112 584 490 53 167 680 
stack 119:    175 446 429 166 748 573 262 
stack 120:    55 252 365 305 153 297 361 
stack 121:    256 151 186 434 676 234 431 
stack 122:    432 596 302 140 57 337 517 
stack 123:    487 522 217 58 641 433 454 
stack 124:    321 59 613 450 342 309 227 
stack 125:    338 600 320 128 435 225 743 
stack 126:    61 351 568 531 444 436 471 
stack 127:    62 219 611 437 298 506 161 
stack 128:    658 486 746 598 650 299 538 
stack 129:    583 285 235 732 547 461 115 

#####################################################

solved with: SP.constructive_heuristics.GeneralHeuristic
time limit: 3600.0 s
time to solve: 0,00 s
objective value: 752212.34

stacks (top to bottom):
stack 0:    2 49 669 158 217 78 96 
stack 1:    470 600 233 464 505 245 81 
stack 2:    555 659 357 703 526 413 115 
stack 3:    574 721 63 564 241 609 141 
stack 4:    522 724 450 635 170 493 664 
stack 5:    645 343 26 453 318 162 502 
stack 6:    653 533 330 625 749 418 590 
stack 7:    508 187 43 559 231 459 213 
stack 8:    283 275 352 320 446 77 89 
stack 9:    545 643 627 468 167 126 685 
stack 10:    61 656 689 429 576 517 287 
stack 11:    642 603 623 4 313 691 100 
stack 12:    178 377 180 221 324 422 425 
stack 13:    640 445 177 37 439 267 471 
stack 14:    335 583 614 438 506 113 102 
stack 15:    13 595 737 430 355 101 510 
stack 16:    462 452 72 542 239 277 107 
stack 17:    739 220 54 652 140 353 748 
stack 18:    251 260 518 596 302 423 363 
stack 19:    321 667 628 59 232 466 504 
stack 20:    440 7 420 228 254 240 250 
stack 21:    237 105 216 345 87 579 84 
stack 22:    42 719 15 366 389 85 361 
stack 23:    323 195 409 94 346 591 589 
stack 24:    3 417 541 204 327 165 449 
stack 25:    190 342 673 255 303 32 557 
stack 26:    284 532 720 197 543 25 354 
stack 27:    69 328 511 50 732 266 601 
stack 28:    709 193 258 610 317 119 575 
stack 29:    713 419 305 153 587 127 290 
stack 30:    428 155 288 717 185 700 236 
stack 31:    674 484 326 12 159 648 144 
stack 32:    390 406 633 498 436 359 48 
stack 33:    62 528 334 410 6 222 710 
stack 34:    690 699 397 678 697 544 339 
stack 35:    681 301 539 746 116 31 370 
stack 36:    729 615 712 618 75 106 675 
stack 37:    88 74 686 572 91 202 378 
stack 38:    616 20 70 613 598 238 451 
stack 39:    665 194 707 252 525 688 433 
stack 40:    24 256 483 461 622 336 431 
stack 41:    636 174 103 207 391 491 156 
stack 42:    36 580 501 123 281 460 514 
stack 43:    122 149 242 219 291 546 124 
stack 44:    218 605 488 40 472 262 454 
stack 45:    369 490 309 76 519 157 315 
stack 46:    29 92 128 513 125 715 457 
stack 47:    160 687 476 581 191 604 646 
stack 48:    151 5 364 695 51 388 384 
stack 49:    523 486 55 626 696 325 421 
stack 50:    530 442 594 474 276 560 201 
stack 51:    692 702 298 385 307 223 1 
stack 52:    414 570 536 147 171 205 588 
stack 53:    319 247 86 602 93 617 304 
stack 54:    208 97 244 337 206 680 405 
stack 55:    168 0 183 186 585 593 23 
stack 56:    512 515 136 173 730 394 599 
stack 57:    424 677 694 129 22 524 448 
stack 58:    427 348 347 606 285 547 399 
stack 59:    496 408 365 299 246 718 331 
stack 60:    192 279 214 507 82 538 562 
stack 61:    371 482 65 146 682 243 477 
stack 62:    662 17 340 145 578 358 373 
stack 63:    148 21 714 655 469 434 356 
stack 64:    351 372 411 569 639 272 725 
stack 65:    565 407 612 740 734 135 743 
stack 66:    294 182 111 711 150 540 38 
stack 67:    14 398 435 230 644 447 79 
stack 68:    263 189 112 473 368 631 108 
stack 69:    582 529 402 499 495 400 293 
stack 70:    551 137 742 296 701 154 311 
stack 71:    527 649 684 163 30 668 396 
stack 72:    52 322 166 64 270 735 549 
stack 73:    619 566 480 723 608 278 34 
stack 74:    349 467 18 567 360 741 66 
stack 75:    314 531 83 164 641 693 738 
stack 76:    386 11 722 573 571 130 90 
stack 77:    196 534 203 295 683 45 265 
stack 78:    516 731 268 503 225 16 647 
stack 79:    350 478 58 344 520 117 312 
stack 80:    432 550 362 300 706 10 733 
stack 81:    736 99 227 444 271 663 80 
stack 82:    35 67 114 60 56 118 229 
stack 83:    679 332 586 198 175 139 259 
stack 84:    109 607 273 443 412 744 535 
stack 85:    393 500 745 286 676 253 630 
stack 86:    19 181 41 212 632 492 375 
stack 87:    463 584 8 382 650 133 73 
stack 88:    416 39 554 169 553 561 727 
stack 89:    269 211 426 308 179 226 379 
stack 90:    704 747 548 465 292 199 621 
stack 91:    131 71 624 282 152 95 143 
stack 92:    176 68 485 592 280 47 556 
stack 93:    142 597 341 234 415 138 297 
stack 94:    670 316 215 521 306 383 261 
stack 95:    329 395 235 657 367 481 403 
stack 96:    489 441 33 387 289 638 374 
stack 97:    338 705 200 672 537 563 161 
stack 98:    248 224 132 28 57 121 728 
stack 99:    404 660 654 46 210 437 509 
stack 100:    487 333 120 455 104 188 577 
stack 101:    629 44 479 172 620 98 381 
stack 102:    376 134 552 716 634 698 
stack 103:    184 658 456 458 53 264 671 
stack 104:    392 475 708 9 568 110 
stack 105:    651 27 209 497 274 310 
stack 106:    380 
stack 107:    249 257 401 726 666 558 
stack 108:    611 
stack 109:    637 
stack 110:    661 
stack 111:    494 
stack 112:    
stack 113:    
stack 114:    
stack 115:    
stack 116:    
stack 117:    
stack 118:    
stack 119:    
stack 120:    
stack 121:    
stack 122:    
stack 123:    
stack 124:    
stack 125:    
stack 126:    
stack 127:    
stack 128:    
stack 129:    
