lower bound for relaxed s_ij: 310029.8

#####################################################

solved with: SP.mip_formulations.BinPackingFormulation
time limit: 3600.0 s
time to solve: 605,61 s
objective value: 310037.12

stacks (top to bottom):
stack 0:    
stack 1:    1 
stack 2:    2 
stack 3:    252 
stack 4:    
stack 5:    255 
stack 6:    6 256 
stack 7:    
stack 8:    9 
stack 9:    493 69 315 369 113 
stack 10:    93 305 183 68 260 106 296 
stack 11:    323 433 185 146 447 311 137 
stack 12:    247 72 237 319 201 367 230 
stack 13:    481 204 44 396 169 25 360 
stack 14:    412 102 381 326 370 444 90 
stack 15:    131 368 98 441 195 181 171 
stack 16:    266 167 16 126 242 249 218 
stack 17:    176 87 57 316 225 141 109 
stack 18:    52 304 343 162 172 128 19 
stack 19:    46 21 445 346 64 221 40 
stack 20:    335 248 228 100 373 287 364 
stack 21:    375 354 329 233 165 450 114 
stack 22:    157 497 67 457 387 208 156 
stack 23:    147 125 295 71 439 432 361 
stack 24:    212 108 24 298 214 467 453 
stack 25:    454 365 200 413 383 244 495 
stack 26:    366 393 301 166 395 26 388 
stack 27:    352 115 65 348 190 145 95 
stack 28:    54 416 281 399 278 451 110 
stack 29:    279 424 437 422 411 425 410 
stack 30:    222 107 30 134 81 479 423 
stack 31:    220 60 292 55 325 219 94 
stack 32:    135 482 297 234 498 487 59 
stack 33:    47 408 86 380 144 73 76 
stack 34:    127 210 284 485 306 398 466 
stack 35:    239 62 496 419 241 240 385 
stack 36:    400 99 49 456 42 332 154 
stack 37:    492 152 384 294 82 130 418 
stack 38:    202 307 45 232 142 38 389 
stack 39:    448 372 133 83 53 483 405 
stack 40:    92 192 96 489 78 347 463 
stack 41:    41 211 355 58 103 374 198 
stack 42:    494 455 118 191 216 105 184 
stack 43:    197 88 486 462 338 471 362 
stack 44:    250 
stack 45:    0 251 
stack 46:    
stack 47:    3 253 
stack 48:    254 4 
stack 49:    5 
stack 50:    7 
stack 51:    257 
stack 52:    258 8 
stack 53:    116 229 464 345 259 226 170 
stack 54:    264 261 10 330 443 177 371 
stack 55:    11 148 465 376 428 299 173 
stack 56:    382 314 85 246 12 317 262 
stack 57:    473 175 13 227 136 391 263 
stack 58:    14 265 318 386 377 468 461 
stack 59:    161 290 199 89 337 178 15 
stack 60:    243 61 18 84 339 344 436 
stack 61:    17 403 267 321 438 196 349 
stack 62:    268 129 217 164 421 363 356 
stack 63:    80 440 269 477 187 379 327 
stack 64:    293 20 155 271 270 215 119 
stack 65:    431 351 460 302 132 474 312 
stack 66:    111 272 43 322 22 469 392 
stack 67:    409 124 23 150 151 273 231 
stack 68:    475 331 274 407 300 488 417 
stack 69:    97 123 277 158 188 275 186 
stack 70:    414 206 276 194 205 174 140 
stack 71:    149 402 168 224 75 27 353 
stack 72:    429 406 430 336 51 426 28 
stack 73:    70 350 390 182 29 63 50 
stack 74:    359 280 77 499 446 341 333 
stack 75:    340 207 153 238 235 139 31 
stack 76:    449 66 32 112 282 404 79 
stack 77:    470 442 33 163 159 342 283 
stack 78:    160 458 34 308 378 397 104 
stack 79:    35 324 117 209 120 401 285 
stack 80:    478 452 476 286 36 434 309 
stack 81:    121 213 303 179 37 357 480 
stack 82:    288 313 180 143 193 203 91 
stack 83:    289 435 459 138 56 48 39 
stack 84:    328 427 245 472 420 415 490 
stack 85:    236 358 223 122 74 291 334 
stack 86:    484 320 101 310 189 491 394 

#####################################################

solved with: SP.mip_formulations.ThreeIndexFormulation
Problem not solved.

#####################################################

solved with: SP.constructive_heuristics.GeneralHeuristic
time limit: 3600.0 s
time to solve: 0,00 s
objective value: 335424.6

stacks (top to bottom):
stack 0:    84 237 49 451 296 177 474 
stack 1:    222 160 481 47 152 168 404 
stack 2:    229 234 137 338 457 426 387 
stack 3:    212 21 346 345 259 81 59 
stack 4:    400 87 344 98 138 29 156 
stack 5:    153 290 274 384 385 255 394 
stack 6:    66 304 408 278 144 244 286 
stack 7:    44 176 390 264 120 179 22 
stack 8:    99 281 284 106 330 334 230 
stack 9:    347 43 428 316 38 28 487 
stack 10:    124 369 10 447 482 275 309 
stack 11:    197 41 182 368 431 103 469 
stack 12:    3 34 71 35 60 383 477 
stack 13:    7 199 403 310 82 418 499 
stack 14:    185 291 485 32 364 463 300 
stack 15:    83 102 496 260 370 332 94 
stack 16:    258 30 256 436 109 26 186 
stack 17:    116 293 440 299 460 422 142 
stack 18:    204 406 489 439 252 297 140 
stack 19:    0 238 294 193 401 90 215 
stack 20:    393 315 246 261 262 112 386 
stack 21:    233 133 240 326 324 110 371 
stack 22:    350 227 459 467 495 379 490 
stack 23:    412 494 492 53 39 172 285 
stack 24:    12 25 319 476 367 15 480 
stack 25:    314 454 200 420 191 452 292 
stack 26:    429 146 181 217 269 164 312 
stack 27:    6 305 52 210 419 1 95 
stack 28:    254 70 11 45 361 398 466 
stack 29:    414 20 276 437 411 498 425 
stack 30:    473 449 228 380 415 130 162 
stack 31:    14 265 335 122 23 287 178 
stack 32:    46 108 64 221 410 198 479 
stack 33:    107 123 497 158 211 359 280 
stack 34:    61 301 289 129 441 232 389 
stack 35:    328 125 435 57 8 216 488 
stack 36:    236 189 483 27 184 360 327 
stack 37:    92 183 207 313 348 128 205 
stack 38:    135 67 486 132 356 405 362 
stack 39:    475 354 139 378 438 91 349 
stack 40:    433 202 195 424 351 395 58 
stack 41:    17 323 85 131 365 399 357 
stack 42:    56 136 465 363 282 219 417 
stack 43:    33 456 318 37 224 104 119 
stack 44:    448 484 101 190 491 257 434 
stack 45:    121 266 223 331 214 114 154 
stack 46:    251 239 213 166 430 242 249 
stack 47:    409 13 24 307 167 209 36 
stack 48:    175 372 86 89 169 443 263 
stack 49:    127 445 277 225 273 76 392 
stack 50:    93 68 62 96 113 453 19 
stack 51:    180 165 343 31 63 341 423 
stack 52:    149 321 196 75 250 2 374 
stack 53:    97 317 163 478 311 270 105 
stack 54:    80 188 464 77 134 5 333 
stack 55:    366 339 303 141 355 322 461 
stack 56:    382 458 298 472 201 194 50 
stack 57:    220 375 4 320 235 143 397 
stack 58:    288 268 111 342 218 283 40 
stack 59:    340 470 352 396 55 421 208 
stack 60:    18 243 159 432 206 271 79 
stack 61:    147 442 192 329 308 450 306 
stack 62:    247 16 126 48 151 187 231 
stack 63:    161 72 51 337 203 253 174 
stack 64:    279 376 272 462 170 9 446 
stack 65:    54 248 358 241 117 118 407 
stack 66:    88 157 171 302 388 226 
stack 67:    69 115 413 73 391 377 173 
stack 68:    455 100 381 427 373 42 468 
stack 69:    416 65 402 145 353 471 
stack 70:    493 295 336 78 148 444 325 
stack 71:    245 150 155 
stack 72:    74 
stack 73:    
stack 74:    
stack 75:    267 
stack 76:    
stack 77:    
stack 78:    
stack 79:    
stack 80:    
stack 81:    
stack 82:    
stack 83:    
stack 84:    
stack 85:    
stack 86:    
