lower bound for relaxed s_ij: 310032.32

#####################################################

solved with: SP.mip_formulations.BinPackingFormulation
time limit: 3600.0 s
time to solve: 512,18 s
objective value: 310034.76

stacks (top to bottom):
stack 0:    250 
stack 1:    251 
stack 2:    252 2 
stack 3:    3 4 
stack 4:    5 
stack 5:    
stack 6:    6 
stack 7:    257 
stack 8:    8 
stack 9:    73 474 369 334 40 198 
stack 10:    46 11 224 196 183 231 260 
stack 11:    296 304 338 463 64 478 345 
stack 12:    12 49 429 193 487 347 438 
stack 13:    318 44 352 455 201 104 440 
stack 14:    430 72 319 248 396 247 41 
stack 15:    206 434 213 91 132 96 265 
stack 16:    402 266 365 239 444 208 236 
stack 17:    470 442 86 145 267 61 51 
stack 18:    494 343 320 108 354 349 56 
stack 19:    475 111 225 207 22 150 226 
stack 20:    140 87 377 171 109 81 223 
stack 21:    453 299 227 127 466 379 399 
stack 22:    203 406 420 42 496 154 71 
stack 23:    451 443 314 375 350 408 112 
stack 24:    457 152 380 202 228 212 274 
stack 25:    415 37 186 153 76 115 114 
stack 26:    410 322 302 327 276 241 120 
stack 27:    425 298 284 287 215 316 315 
stack 28:    372 278 486 454 156 465 324 
stack 29:    423 364 355 393 386 29 381 
stack 30:    464 480 459 458 70 122 445 
stack 31:    481 450 80 348 312 177 125 
stack 32:    439 116 88 282 142 435 57 
stack 33:    234 94 163 68 187 185 358 
stack 34:    424 421 476 303 395 192 166 
stack 35:    356 195 218 310 403 368 35 
stack 36:    147 103 102 138 336 321 317 
stack 37:    54 389 149 232 169 83 121 
stack 38:    205 344 288 388 90 50 432 
stack 39:    126 472 139 383 39 178 332 
stack 40:    361 493 130 47 144 244 172 
stack 41:    191 159 65 311 485 194 488 
stack 42:    184 340 346 137 99 293 328 
stack 43:    180 74 437 499 449 490 397 
stack 44:    0 
stack 45:    1 
stack 46:    
stack 47:    253 
stack 48:    254 
stack 49:    255 
stack 50:    256 
stack 51:    7 
stack 52:    258 
stack 53:    220 123 9 259 200 413 290 
stack 54:    10 59 216 209 164 471 275 
stack 55:    237 97 182 261 357 131 331 
stack 56:    221 477 262 117 404 460 495 
stack 57:    337 173 77 13 263 242 467 
stack 58:    400 301 264 307 146 271 14 
stack 59:    55 48 370 105 168 15 98 
stack 60:    243 129 294 134 441 407 16 
stack 61:    484 323 351 306 197 297 17 
stack 62:    469 268 409 204 190 119 18 
stack 63:    148 19 427 414 113 405 269 
stack 64:    270 43 161 292 106 20 384 
stack 65:    371 362 335 295 21 461 82 
stack 66:    272 78 436 353 462 58 418 
stack 67:    422 374 401 483 452 23 273 
stack 68:    24 411 391 363 341 473 342 
stack 69:    378 367 398 25 385 498 199 
stack 70:    26 446 416 158 489 67 63 
stack 71:    45 211 300 124 277 118 27 
stack 72:    28 390 366 230 387 167 309 
stack 73:    279 75 214 189 60 497 428 
stack 74:    280 210 219 181 135 30 376 
stack 75:    151 141 240 412 249 31 281 
stack 76:    100 491 165 85 66 93 32 
stack 77:    188 229 33 175 92 283 176 
stack 78:    339 157 34 479 431 136 53 
stack 79:    107 160 155 133 128 325 285 
stack 80:    36 286 382 360 143 62 245 
stack 81:    246 394 359 313 433 110 179 
stack 82:    333 305 38 373 308 217 492 
stack 83:    419 289 417 326 235 89 468 
stack 84:    448 69 329 392 233 482 238 
stack 85:    162 170 291 222 84 426 95 
stack 86:    52 101 79 456 447 330 174 

#####################################################

solved with: SP.mip_formulations.ThreeIndexFormulation
Problem not solved.

#####################################################

solved with: SP.constructive_heuristics.GeneralHeuristic
time limit: 3600.0 s
time to solve: 0,00 s
objective value: 336939.6

stacks (top to bottom):
stack 0:    439 364 396 76 407 56 321 
stack 1:    46 469 425 402 313 222 426 
stack 2:    448 47 499 262 194 303 445 
stack 3:    151 69 162 366 189 208 226 
stack 4:    493 107 292 99 118 316 429 
stack 5:    188 322 78 173 207 242 50 
stack 6:    24 59 359 455 80 49 154 
stack 7:    318 380 25 399 274 218 51 
stack 8:    423 163 414 308 113 473 397 
stack 9:    450 276 201 431 146 257 435 
stack 10:    410 52 263 131 283 67 388 
stack 11:    340 171 264 96 197 23 265 
stack 12:    10 393 401 377 476 285 488 
stack 13:    11 314 389 149 122 408 35 
stack 14:    355 129 124 433 392 179 98 
stack 15:    374 220 344 135 315 282 142 
stack 16:    9 464 277 34 62 89 172 
stack 17:    253 75 472 240 379 212 428 
stack 18:    7 304 159 334 202 446 110 
stack 19:    361 148 420 144 255 57 5 
stack 20:    400 323 186 290 478 487 405 
stack 21:    337 268 216 66 104 93 467 
stack 22:    36 87 351 360 109 341 235 
stack 23:    301 6 481 466 84 482 438 
stack 24:    234 224 272 165 254 260 384 
stack 25:    231 72 229 153 444 63 325 
stack 26:    406 305 37 480 81 83 358 
stack 27:    86 183 409 85 369 39 317 
stack 28:    225 29 20 395 15 82 53 
stack 29:    73 367 141 195 174 199 95 
stack 30:    286 191 43 65 484 185 121 
stack 31:    339 55 266 137 411 40 178 
stack 32:    3 352 204 295 287 105 497 
stack 33:    494 300 327 319 293 166 336 
stack 34:    213 211 394 60 454 120 332 
stack 35:    289 147 102 451 443 424 326 
stack 36:    371 48 64 0 143 297 169 
stack 37:    94 19 259 346 12 391 354 
stack 38:    470 270 157 132 459 306 496 
stack 39:    123 108 239 331 2 209 495 
stack 40:    126 127 383 291 249 498 71 
stack 41:    280 152 491 77 248 30 471 
stack 42:    26 434 28 456 219 233 440 
stack 43:    299 44 390 486 156 1 460 
stack 44:    378 214 465 271 236 281 368 
stack 45:    134 338 458 32 90 345 461 
stack 46:    145 419 180 417 130 267 468 
stack 47:    372 45 362 311 343 489 176 
stack 48:    415 140 106 386 155 133 342 
stack 49:    246 430 33 116 119 190 412 
stack 50:    453 416 228 181 357 198 150 
stack 51:    100 170 398 18 387 58 432 
stack 52:    210 101 353 13 298 312 441 
stack 53:    103 54 375 232 192 41 112 
stack 54:    111 91 463 160 452 117 27 
stack 55:    196 97 250 251 365 244 350 
stack 56:    279 462 261 330 158 328 14 
stack 57:    442 203 74 437 138 490 17 
stack 58:    205 182 335 175 177 347 381 
stack 59:    422 421 42 288 427 275 418 
stack 60:    294 320 373 70 187 16 310 
stack 61:    474 302 88 92 21 413 114 
stack 62:    356 139 230 329 167 241 309 
stack 63:    296 161 256 22 348 217 223 
stack 64:    457 436 278 385 324 238 269 
stack 65:    184 485 4 247 258 193 492 
stack 66:    68 243 215 125 479 404 61 
stack 67:    477 252 38 370 8 349 245 
stack 68:    475 333 284 227 200 168 136 
stack 69:    221 237 382 483 31 403 
stack 70:    128 
stack 71:    449 
stack 72:    79 447 115 376 273 
stack 73:    206 307 164 
stack 74:    363 
stack 75:    
stack 76:    
stack 77:    
stack 78:    
stack 79:    
stack 80:    
stack 81:    
stack 82:    
stack 83:    
stack 84:    
stack 85:    
stack 86:    
