lower bound for relaxed s_ij: 310006.74

#####################################################

solved with: SP.mip_formulations.BinPackingFormulation
time limit: 3600.0 s
time to solve: 401,76 s
objective value: 310016.5

stacks (top to bottom):
stack 0:    
stack 1:    251 
stack 2:    252 
stack 3:    3 
stack 4:    
stack 5:    
stack 6:    256 
stack 7:    257 
stack 8:    259 
stack 9:    407 492 324 262 119 
stack 10:    482 368 301 260 74 195 463 
stack 11:    261 450 247 110 488 248 331 
stack 12:    469 300 51 396 303 137 179 
stack 13:    468 318 147 263 171 234 138 
stack 14:    14 467 374 200 319 50 291 
stack 15:    460 449 333 156 472 356 456 
stack 16:    389 62 499 205 17 16 244 
stack 17:    267 91 465 309 357 292 216 
stack 18:    344 189 348 233 475 304 24 
stack 19:    494 486 237 249 246 232 19 
stack 20:    491 305 188 270 182 84 219 
stack 21:    410 141 102 412 243 207 146 
stack 22:    320 161 272 419 41 430 315 
stack 23:    149 434 358 103 363 118 273 
stack 24:    388 142 427 274 367 155 113 
stack 25:    201 242 173 160 107 143 25 
stack 26:    73 64 236 459 276 190 136 
stack 27:    314 328 401 123 404 478 48 
stack 28:    28 408 369 230 193 423 343 
stack 29:    471 409 298 355 392 383 390 
stack 30:    30 464 428 150 431 452 382 
stack 31:    210 415 127 422 85 31 222 
stack 32:    457 56 495 172 476 481 299 
stack 33:    53 83 335 306 326 339 493 
stack 34:    100 284 229 129 116 34 144 
stack 35:    285 436 316 153 379 36 57 
stack 36:    43 92 360 286 80 366 154 
stack 37:    125 89 398 489 112 400 421 
stack 38:    490 76 183 130 311 163 329 
stack 39:    375 231 220 87 126 405 297 
stack 40:    93 44 391 308 338 312 218 
stack 41:    332 458 346 133 176 131 88 
stack 42:    470 132 330 442 165 157 461 
stack 43:    78 49 191 340 105 334 197 
stack 44:    0 250 
stack 45:    1 
stack 46:    2 
stack 47:    253 
stack 48:    254 4 
stack 49:    5 255 
stack 50:    6 
stack 51:    7 
stack 52:    8 258 
stack 53:    365 9 497 426 75 317 72 
stack 54:    451 414 399 394 385 10 54 
stack 55:    271 11 124 214 59 208 337 
stack 56:    82 387 352 12 462 354 65 
stack 57:    164 411 402 184 477 322 13 
stack 58:    211 264 81 68 429 265 221 
stack 59:    114 187 296 15 145 55 217 
stack 60:    266 168 167 61 295 140 380 
stack 61:    96 353 268 204 198 45 175 
stack 62:    162 437 18 288 101 185 275 
stack 63:    479 115 416 413 327 117 269 
stack 64:    47 381 293 238 213 111 20 
stack 65:    441 417 108 420 323 310 21 
stack 66:    152 166 22 347 134 454 445 
stack 67:    307 350 203 386 23 496 94 
stack 68:    71 480 443 212 98 181 223 
stack 69:    487 122 186 345 228 342 424 
stack 70:    26 370 432 349 52 395 109 
stack 71:    372 447 378 321 27 277 67 
stack 72:    63 376 466 139 278 209 341 
stack 73:    29 498 484 453 279 69 362 
stack 74:    280 418 199 106 425 194 159 
stack 75:    359 281 403 32 371 192 215 
stack 76:    202 196 174 33 435 60 282 
stack 77:    151 283 66 241 227 294 170 
stack 78:    325 397 135 177 39 373 440 
stack 79:    121 444 302 35 448 158 104 
stack 80:    120 393 226 224 180 95 433 
stack 81:    287 336 128 99 70 485 37 
stack 82:    225 439 38 455 438 473 169 
stack 83:    361 90 97 79 406 289 86 
stack 84:    474 46 483 313 364 40 290 
stack 85:    384 351 178 239 58 42 235 
stack 86:    240 206 446 377 148 77 245 

#####################################################

solved with: SP.mip_formulations.ThreeIndexFormulation
Problem not solved.

#####################################################

solved with: SP.constructive_heuristics.GeneralHeuristic
time limit: 3600.0 s
time to solve: 0,00 s
objective value: 336975.96

stacks (top to bottom):
stack 0:    62 416 396 98 226 105 217 
stack 1:    93 29 477 464 426 297 380 
stack 2:    394 312 260 305 199 429 295 
stack 3:    213 196 108 323 257 174 478 
stack 4:    372 141 190 12 277 154 461 
stack 5:    427 78 0 335 22 326 421 
stack 6:    49 386 85 278 137 455 21 
stack 7:    28 414 184 437 418 363 354 
stack 8:    287 408 18 425 109 329 34 
stack 9:    8 365 370 466 168 286 269 
stack 10:    201 285 361 272 221 140 181 
stack 11:    401 126 146 448 65 347 331 
stack 12:    178 355 432 52 31 208 215 
stack 13:    417 407 314 241 270 324 442 
stack 14:    451 147 316 443 321 45 299 
stack 15:    26 280 498 207 400 290 337 
stack 16:    218 346 133 491 236 395 497 
stack 17:    253 156 259 102 130 465 430 
stack 18:    71 350 120 446 7 377 404 
stack 19:    388 376 240 393 274 463 317 
stack 20:    162 187 73 353 189 74 371 
stack 21:    100 457 369 116 273 390 219 
stack 22:    152 307 149 340 362 496 445 
stack 23:    264 495 76 68 188 475 157 
stack 24:    391 70 476 228 54 254 216 
stack 25:    237 122 231 410 220 212 310 
stack 26:    300 256 480 87 38 462 180 
stack 27:    298 344 349 276 419 345 40 
stack 28:    469 160 428 13 84 88 67 
stack 29:    381 489 249 153 112 224 23 
stack 30:    44 333 128 172 58 143 101 
stack 31:    203 420 123 440 292 319 134 
stack 32:    325 267 11 328 281 309 304 
stack 33:    239 301 1 20 431 185 366 
stack 34:    474 64 118 183 233 59 488 
stack 35:    161 206 77 169 179 197 48 
stack 36:    53 422 6 373 263 37 86 
stack 37:    232 348 467 41 364 138 424 
stack 38:    271 56 81 39 322 452 223 
stack 39:    436 460 413 387 499 289 60 
stack 40:    142 166 306 252 291 175 282 
stack 41:    470 132 288 383 262 57 80 
stack 42:    441 258 268 91 10 357 182 
stack 43:    114 242 127 99 336 61 159 
stack 44:    472 251 33 104 435 222 454 
stack 45:    449 458 368 313 198 163 423 
stack 46:    332 135 177 176 379 255 456 
stack 47:    246 279 318 139 406 113 144 
stack 48:    63 494 360 485 124 194 119 
stack 49:    164 397 193 129 150 341 433 
stack 50:    111 92 487 374 315 95 367 
stack 51:    89 210 173 482 327 483 25 
stack 52:    415 453 205 171 493 334 155 
stack 53:    411 338 186 247 36 50 55 
stack 54:    115 191 148 35 296 473 245 
stack 55:    389 97 82 484 403 243 438 
stack 56:    359 14 121 444 302 15 145 
stack 57:    284 9 392 294 330 19 382 
stack 58:    96 261 409 30 227 214 311 
stack 59:    202 238 358 51 450 192 342 
stack 60:    293 434 375 378 265 170 165 
stack 61:    384 66 385 167 2 24 250 
stack 62:    211 225 103 352 412 339 94 
stack 63:    490 229 492 75 72 275 4 
stack 64:    486 439 447 110 459 27 209 
stack 65:    479 468 117 106 200 131 234 
stack 66:    151 266 402 3 42 235 343 
stack 67:    399 90 32 158 16 303 195 
stack 68:    308 351 471 46 481 204 244 
stack 69:    125 43 398 356 79 248 136 
stack 70:    320 47 83 5 
stack 71:    69 17 
stack 72:    283 107 
stack 73:    230 
stack 74:    
stack 75:    
stack 76:    405 
stack 77:    
stack 78:    
stack 79:    
stack 80:    
stack 81:    
stack 82:    
stack 83:    
stack 84:    
stack 85:    
stack 86:    
