lower bound for relaxed s_ij: 310011.62

#####################################################

solved with: SP.mip_formulations.BinPackingFormulation
time limit: 3600.0 s
time to solve: 408,94 s
objective value: 310014.06

stacks (top to bottom):
stack 0:    
stack 1:    
stack 2:    2 
stack 3:    
stack 4:    4 
stack 5:    5 
stack 6:    
stack 7:    257 
stack 8:    
stack 9:    319 404 259 47 463 9 
stack 10:    201 315 408 181 101 158 480 
stack 11:    30 162 72 140 199 54 189 
stack 12:    445 295 215 281 263 348 262 
stack 13:    334 485 165 83 168 186 458 
stack 14:    264 423 324 71 15 345 455 
stack 15:    320 249 344 68 45 265 326 
stack 16:    166 396 232 302 97 90 266 
stack 17:    489 432 335 301 471 492 415 
stack 18:    270 352 229 132 494 400 129 
stack 19:    205 292 78 61 311 20 378 
stack 20:    437 156 410 109 157 123 383 
stack 21:    142 115 86 170 116 63 80 
stack 22:    272 208 82 233 368 374 246 
stack 23:    387 369 364 214 51 486 235 
stack 24:    467 359 336 413 416 388 465 
stack 25:    495 392 475 226 227 407 144 
stack 26:    375 327 442 360 377 328 309 
stack 27:    306 358 329 312 444 382 27 
stack 28:    151 293 139 347 294 402 454 
stack 29:    154 422 134 476 340 29 220 
stack 30:    343 177 92 84 438 112 354 
stack 31:    459 96 481 472 446 441 439 
stack 32:    176 171 70 318 87 218 167 
stack 33:    464 417 169 355 56 185 103 
stack 34:    316 119 76 308 137 149 384 
stack 35:    405 187 122 148 42 497 361 
stack 36:    245 141 350 421 305 48 91 
stack 37:    461 114 160 236 108 49 487 
stack 38:    342 197 443 159 427 299 163 
stack 39:    242 196 66 499 339 321 55 
stack 40:    207 385 238 127 117 426 398 
stack 41:    325 440 107 209 106 146 135 
stack 42:    447 372 212 204 307 380 310 
stack 43:    406 53 371 74 373 161 43 
stack 44:    250 0 
stack 45:    1 251 
stack 46:    252 
stack 47:    253 3 
stack 48:    254 
stack 49:    255 
stack 50:    6 
stack 51:    7 256 
stack 52:    8 258 
stack 53:    493 44 353 298 192 124 73 
stack 54:    10 403 58 260 65 466 419 
stack 55:    362 11 206 414 261 175 77 
stack 56:    239 304 12 216 351 174 278 
stack 57:    240 173 94 81 267 13 125 
stack 58:    469 291 269 113 332 200 14 
stack 59:    138 474 296 456 198 448 430 
stack 60:    370 460 425 247 50 16 451 
stack 61:    237 182 391 17 95 183 333 
stack 62:    418 18 268 100 367 143 120 
stack 63:    19 379 79 224 203 322 150 
stack 64:    393 62 21 297 231 121 26 
stack 65:    271 457 130 194 341 152 356 
stack 66:    99 313 22 452 363 431 230 
stack 67:    93 190 64 496 420 23 273 
stack 68:    217 314 180 473 191 274 24 
stack 69:    303 133 479 241 381 275 25 
stack 70:    277 131 60 147 386 276 222 
stack 71:    482 470 128 105 136 409 248 
stack 72:    453 179 213 35 153 89 28 
stack 73:    279 436 389 67 111 468 462 
stack 74:    280 102 88 202 337 85 449 
stack 75:    31 488 397 228 69 395 243 
stack 76:    283 32 195 282 39 429 346 
stack 77:    317 33 428 323 184 365 498 
stack 78:    483 284 193 357 244 338 34 
stack 79:    285 145 484 36 376 411 435 
stack 80:    366 172 98 126 286 234 434 
stack 81:    331 57 37 433 399 390 287 
stack 82:    223 401 491 424 288 221 38 
stack 83:    289 330 477 188 219 225 155 
stack 84:    40 349 178 211 118 290 75 
stack 85:    41 490 210 59 46 478 300 
stack 86:    394 164 110 104 52 412 450 

#####################################################

solved with: SP.mip_formulations.ThreeIndexFormulation
time limit: 3600.0 s
time to solve: 4082,39 s (time limit exceeded)
objective value: 329542.22 (not optimal)

stacks (top to bottom):
stack 0:    166 102 88 40 31 2 0 
stack 1:    483 461 331 239 8 1 
stack 2:    201 179 99 30 18 6 3 
stack 3:    418 316 242 93 10 7 
stack 4:    205 11 4 
stack 5:    44 35 22 21 17 12 5 
stack 6:    176 114 70 19 13 9 
stack 7:    97 90 60 32 23 16 14 
stack 8:    94 78 61 41 20 15 
stack 9:    131 119 71 45 33 29 24 
stack 10:    154 141 133 68 39 37 26 
stack 11:    362 240 215 57 36 25 
stack 12:    81 72 63 42 38 27 
stack 13:    207 190 182 62 48 43 34 
stack 14:    232 213 64 51 50 28 
stack 15:    115 98 86 67 49 46 
stack 16:    96 82 76 73 54 47 
stack 17:    406 370 53 52 
stack 18:    217 147 137 89 58 55 
stack 19:    122 109 100 92 84 59 
stack 20:    292 277 250 196 66 56 
stack 21:    145 142 134 126 107 83 65 
stack 22:    445 280 171 151 69 
stack 23:    314 306 264 202 193 85 77 
stack 24:    237 164 127 117 104 74 
stack 25:    172 156 138 124 113 105 80 
stack 26:    173 162 132 118 87 75 
stack 27:    165 149 106 101 91 79 
stack 28:    464 342 254 238 110 95 
stack 29:    180 178 140 130 123 121 103 
stack 30:    317 177 170 128 108 
stack 31:    223 210 192 187 139 116 112 
stack 32:    195 191 148 143 136 111 
stack 33:    272 245 206 167 144 120 
stack 34:    364 325 253 208 188 153 129 
stack 35:    175 174 158 155 146 135 125 
stack 36:    247 214 169 161 157 150 
stack 37:    263 249 233 219 184 181 152 
stack 38:    281 279 267 261 200 168 159 
stack 39:    349 343 270 228 204 160 
stack 40:    221 216 209 199 189 163 
stack 41:    283 268 241 222 194 183 
stack 42:    291 285 265 259 225 198 185 
stack 43:    352 337 284 212 211 203 
stack 44:    304 303 295 293 282 269 186 
stack 45:    313 302 296 274 256 197 
stack 46:    334 324 298 271 229 226 218 
stack 47:    294 290 244 236 227 224 220 
stack 48:    288 286 260 252 251 234 230 
stack 49:    393 387 385 369 289 255 235 
stack 50:    453 366 335 330 266 231 
stack 51:    320 319 315 275 258 248 243 
stack 52:    391 375 350 327 301 297 257 
stack 53:    348 311 308 305 287 278 
stack 54:    396 394 386 371 360 276 246 
stack 55:    353 347 340 318 312 262 
stack 56:    469 437 422 392 344 339 309 
stack 57:    423 358 336 326 321 273 
stack 58:    447 405 397 307 299 
stack 59:    372 359 357 346 310 300 
stack 60:    460 425 420 401 377 373 328 
stack 61:    459 432 404 403 323 322 
stack 62:    493 490 485 484 410 329 
stack 63:    479 473 414 408 368 332 
stack 64:    472 421 412 345 341 333 
stack 65:    446 441 438 424 365 351 338 
stack 66:    440 428 374 363 361 354 
stack 67:    467 456 448 399 376 356 
stack 68:    442 417 355 
stack 69:    488 476 475 429 381 367 
stack 70:    474 457 433 413 384 379 
stack 71:    482 470 402 390 388 383 378 
stack 72:    449 436 409 407 382 380 
stack 73:    389 
stack 74:    454 444 395 
stack 75:    496 489 481 477 426 398 
stack 76:    471 452 411 
stack 77:    495 491 458 416 400 
stack 78:    492 486 480 430 419 415 
stack 79:    487 466 462 434 431 427 
stack 80:    450 439 435 
stack 81:    499 443 
stack 82:    498 494 455 
stack 83:    465 463 
stack 84:    451 
stack 85:    497 478 468 
stack 86:    

#####################################################

solved with: SP.constructive_heuristics.GeneralHeuristic
time limit: 3600.0 s
time to solve: 0,00 s
objective value: 335963.94

stacks (top to bottom):
stack 0:    319 495 115 98 124 475 236 
stack 1:    213 375 330 424 209 149 321 
stack 2:    358 184 255 155 379 455 415 
stack 3:    445 151 202 286 79 458 430 
stack 4:    170 294 367 13 400 468 163 
stack 5:    166 31 228 160 69 80 462 
stack 6:    238 104 499 52 56 183 383 
stack 7:    78 481 214 51 351 384 5 
stack 8:    53 110 117 266 426 257 194 
stack 9:    131 61 485 269 211 37 143 
stack 10:    316 394 335 233 297 231 152 
stack 11:    493 281 446 448 260 486 338 
stack 12:    447 372 352 193 63 91 135 
stack 13:    171 212 204 275 409 407 465 
stack 14:    141 191 187 100 340 65 47 
stack 15:    418 41 348 474 140 106 399 
stack 16:    331 90 134 359 118 112 159 
stack 17:    207 232 369 425 350 404 345 
stack 18:    8 17 22 472 200 326 43 
stack 19:    317 145 268 86 414 429 77 
stack 20:    11 410 241 181 376 278 466 
stack 21:    396 324 39 116 381 454 262 
stack 22:    253 254 164 74 197 157 273 
stack 23:    483 99 188 50 403 174 189 
stack 24:    223 334 473 16 168 234 230 
stack 25:    362 343 470 128 227 419 361 
stack 26:    242 464 371 328 339 443 34 
stack 27:    10 62 489 308 408 175 287 
stack 28:    57 302 180 263 210 122 130 
stack 29:    283 344 293 83 491 158 27 
stack 30:    280 156 138 132 144 125 463 
stack 31:    190 459 82 89 309 15 55 
stack 32:    176 314 306 337 310 382 299 
stack 33:    119 298 33 109 456 452 129 
stack 34:    240 327 12 477 438 38 487 
stack 35:    2 329 347 389 478 300 380 
stack 36:    277 303 391 332 413 186 431 
stack 37:    217 320 249 323 251 121 103 
stack 38:    461 250 420 276 386 95 246 
stack 39:    206 423 178 368 336 494 416 
stack 40:    488 177 397 108 0 146 150 
stack 41:    182 208 441 261 219 365 29 
stack 42:    245 60 154 94 353 285 248 
stack 43:    1 239 97 392 318 436 220 
stack 44:    437 264 40 85 42 498 390 
stack 45:    406 147 96 296 58 216 73 
stack 46:    453 385 496 274 471 123 341 
stack 47:    30 304 417 66 20 256 222 
stack 48:    102 366 192 484 165 374 388 
stack 49:    313 18 6 113 229 357 290 
stack 50:    179 325 21 76 23 450 26 
stack 51:    93 289 7 14 433 411 378 
stack 52:    270 482 136 46 258 49 444 
stack 53:    32 81 72 476 139 439 235 
stack 54:    205 360 412 355 161 398 322 
stack 55:    405 84 225 199 54 434 435 
stack 56:    349 70 24 252 363 203 224 
stack 57:    295 133 422 467 226 148 218 
stack 58:    432 311 247 126 101 288 198 
stack 59:    237 195 45 490 315 92 4 
stack 60:    114 284 402 312 111 243 9 
stack 61:    19 105 480 356 333 
stack 62:    88 44 215 35 442 169 28 
stack 63:    201 460 393 401 265 305 259 
stack 64:    71 172 153 421 377 373 427 
stack 65:    291 36 479 267 48 107 354 
stack 66:    370 64 301 3 440 221 492 
stack 67:    342 127 196 
stack 68:    292 162 87 346 75 167 395 
stack 69:    449 307 120 
stack 70:    387 428 457 185 451 
stack 71:    469 272 173 142 25 67 
stack 72:    279 282 271 59 244 497 
stack 73:    68 
stack 74:    137 
stack 75:    364 
stack 76:    
stack 77:    
stack 78:    
stack 79:    
stack 80:    
stack 81:    
stack 82:    
stack 83:    
stack 84:    
stack 85:    
stack 86:    
