lower bound for relaxed s_ij: 310014.06

#####################################################

solved with: SP.mip_formulations.BinPackingFormulation
time limit: 3600.0 s
time to solve: 1045,54 s
objective value: 310020.12

stacks (top to bottom):
stack 0:    
stack 1:    
stack 2:    
stack 3:    253 
stack 4:    254 
stack 5:    
stack 6:    6 
stack 7:    
stack 8:    258 
stack 9:    248 179 78 9 151 68 
stack 10:    10 141 475 331 314 349 83 
stack 11:    191 54 142 498 285 239 381 
stack 12:    382 176 212 193 140 469 12 
stack 13:    109 241 479 183 182 495 18 
stack 14:    199 111 390 267 317 264 243 
stack 15:    473 306 233 265 326 353 348 
stack 16:    266 139 85 408 34 25 477 
stack 17:    396 398 295 234 208 282 238 
stack 18:    268 394 427 163 499 180 41 
stack 19:    374 310 422 89 323 324 19 
stack 20:    312 275 347 309 246 368 96 
stack 21:    321 451 59 38 388 486 328 
stack 22:    272 329 53 129 425 57 360 
stack 23:    95 421 273 337 161 223 410 
stack 24:    143 187 441 417 132 440 206 
stack 25:    155 443 46 419 450 116 69 
stack 26:    497 412 43 340 424 342 488 
stack 27:    436 406 236 218 162 30 110 
stack 28:    88 28 126 461 308 130 42 
stack 29:    352 361 332 195 384 121 77 
stack 30:    494 471 418 207 62 474 66 
stack 31:    188 327 201 93 159 480 369 
stack 32:    56 134 65 172 197 339 372 
stack 33:    227 114 429 60 344 458 464 
stack 34:    91 385 377 115 79 481 175 
stack 35:    164 35 137 345 127 405 338 
stack 36:    235 222 200 358 476 160 462 
stack 37:    45 334 165 81 190 145 393 
stack 38:    63 375 153 71 70 245 185 
stack 39:    301 133 58 112 103 97 44 
stack 40:    210 48 341 113 108 107 67 
stack 41:    413 378 291 311 457 47 228 
stack 42:    240 430 292 373 452 459 357 
stack 43:    355 166 122 325 216 138 435 
stack 44:    250 0 
stack 45:    251 1 
stack 46:    2 
stack 47:    3 252 
stack 48:    4 
stack 49:    5 255 
stack 50:    256 
stack 51:    257 8 7 
stack 52:    
stack 53:    483 259 105 189 174 303 26 
stack 54:    260 104 203 124 401 215 448 
stack 55:    383 11 261 131 478 73 72 
stack 56:    262 263 225 423 213 125 315 
stack 57:    13 487 49 229 411 244 313 
stack 58:    181 14 447 426 420 221 456 
stack 59:    404 119 472 15 449 230 194 
stack 60:    460 158 192 247 16 75 489 
stack 61:    55 296 170 150 168 298 17 
stack 62:    453 399 428 178 335 205 184 
stack 63:    269 167 157 231 20 336 434 
stack 64:    136 380 270 446 354 304 148 
stack 65:    438 305 147 409 271 21 211 
stack 66:    214 196 402 102 432 22 496 
stack 67:    491 364 94 186 149 146 23 
stack 68:    274 454 465 24 463 485 466 
stack 69:    387 376 356 371 302 359 346 
stack 70:    277 276 224 403 316 226 333 
stack 71:    493 177 415 297 445 76 27 
stack 72:    278 320 482 467 433 365 74 
stack 73:    389 82 490 299 400 279 29 
stack 74:    217 209 87 280 52 171 470 
stack 75:    281 120 392 202 128 363 31 
stack 76:    367 407 242 249 32 169 135 
stack 77:    283 50 64 86 80 33 61 
stack 78:    293 284 237 98 144 106 416 
stack 79:    437 330 343 370 123 117 84 
stack 80:    204 36 90 395 286 154 442 
stack 81:    287 118 232 152 37 51 397 
stack 82:    439 414 366 391 379 288 99 
stack 83:    294 322 351 173 39 484 289 
stack 84:    198 362 156 386 290 40 431 
stack 85:    350 319 92 307 219 220 444 
stack 86:    468 318 300 101 492 100 455 

#####################################################

solved with: SP.mip_formulations.ThreeIndexFormulation
time limit: 3600.0 s
time to solve: 4139,19 s (time limit exceeded)
objective value: 331945.84 (not optimal)

stacks (top to bottom):
stack 0:    164 55 10 4 2 1 
stack 1:    473 383 109 11 8 3 0 
stack 2:    293 281 176 95 36 5 
stack 3:    155 136 63 48 9 6 
stack 4:    104 94 91 46 39 14 7 
stack 5:    214 199 196 82 56 13 12 
stack 6:    235 210 191 147 141 54 15 
stack 7:    90 78 65 50 49 20 17 
stack 8:    177 143 120 43 35 23 18 
stack 9:    111 58 45 32 31 16 
stack 10:    88 84 28 25 22 21 19 
stack 11:    257 240 222 200 59 38 24 
stack 12:    105 92 64 60 33 26 
stack 13:    142 140 87 44 37 29 
stack 14:    248 241 133 119 76 52 27 
stack 15:    118 116 98 85 53 34 30 
stack 16:    198 188 114 102 80 79 40 
stack 17:    128 127 112 97 62 47 41 
stack 18:    103 89 83 73 51 42 
stack 19:    382 269 253 134 115 86 57 
stack 20:    167 158 101 93 67 61 
stack 21:    261 251 242 166 71 69 
stack 22:    124 106 96 77 72 66 
stack 23:    268 259 227 159 126 100 74 
stack 24:    149 132 122 81 70 68 
stack 25:    186 179 178 137 131 99 75 
stack 26:    277 204 201 123 117 113 107 
stack 27:    193 183 173 157 150 139 108 
stack 28:    181 170 156 129 121 110 
stack 29:    260 212 209 203 152 130 
stack 30:    321 312 262 187 146 144 135 
stack 31:    364 352 278 153 138 125 
stack 32:    202 195 165 161 151 145 
stack 33:    236 233 224 217 182 162 148 
stack 34:    483 438 284 237 232 231 168 
stack 35:    263 249 246 239 207 172 154 
stack 36:    274 271 267 192 174 160 
stack 37:    254 250 225 216 213 171 
stack 38:    276 258 221 220 205 163 
stack 39:    294 291 219 218 184 180 169 
stack 40:    266 265 264 215 197 189 175 
stack 41:    272 270 234 223 190 185 
stack 42:    301 292 275 273 208 194 
stack 43:    350 287 279 247 229 211 206 
stack 44:    378 305 283 255 243 228 
stack 45:    361 332 295 285 256 244 230 
stack 46:    374 366 297 288 280 238 
stack 47:    376 356 320 319 299 296 226 
stack 48:    406 399 387 322 306 286 252 
stack 49:    402 389 330 329 307 282 245 
stack 50:    367 347 340 334 311 309 289 
stack 51:    421 327 302 298 290 
stack 52:    437 343 318 300 
stack 53:    436 404 396 392 380 310 303 
stack 54:    351 341 335 316 308 304 
stack 55:    413 412 398 373 363 317 313 
stack 56:    428 419 390 385 331 325 315 
stack 57:    491 453 443 409 377 345 314 
stack 58:    370 362 344 333 324 
stack 59:    493 355 337 328 
stack 60:    400 394 371 349 339 323 
stack 61:    422 418 417 395 384 354 338 
stack 62:    452 441 440 401 368 336 326 
stack 63:    497 451 414 375 358 342 
stack 64:    427 426 425 420 386 360 353 
stack 65:    439 433 429 403 359 348 
stack 66:    460 432 408 369 365 346 
stack 67:    454 407 388 357 
stack 68:    465 463 445 391 372 
stack 69:    415 379 
stack 70:    490 479 475 467 447 411 397 
stack 71:    430 424 423 381 
stack 72:    487 482 459 405 
stack 73:    498 450 446 435 416 
stack 74:    471 457 449 442 431 410 393 
stack 75:    469 444 
stack 76:    472 448 
stack 77:    468 456 455 
stack 78:    481 477 474 458 434 
stack 79:    480 461 
stack 80:    486 485 484 476 470 464 462 
stack 81:    494 478 
stack 82:    495 466 
stack 83:    488 
stack 84:    492 
stack 85:    489 
stack 86:    499 496 

#####################################################

solved with: SP.constructive_heuristics.GeneralHeuristic
time limit: 3600.0 s
time to solve: 0,00 s
objective value: 335339.76

stacks (top to bottom):
stack 0:    10 320 279 433 130 333 461 
stack 1:    491 439 454 472 76 337 23 
stack 2:    473 217 150 21 26 477 313 
stack 3:    293 55 268 198 370 468 353 
stack 4:    497 321 375 161 216 190 416 
stack 5:    241 251 395 44 229 12 381 
stack 6:    149 385 299 341 264 31 339 
stack 7:    179 231 85 482 429 226 228 
stack 8:    355 297 366 289 223 171 185 
stack 9:    248 453 396 407 166 99 315 
stack 10:    376 331 363 112 215 346 135 
stack 11:    257 275 292 494 195 103 360 
stack 12:    269 164 201 432 159 30 206 
stack 13:    284 105 116 371 427 115 218 
stack 14:    274 120 465 391 52 7 69 
stack 15:    438 141 212 417 172 286 359 
stack 16:    109 278 404 358 71 388 245 
stack 17:    272 479 475 377 86 258 348 
stack 18:    483 5 118 62 446 435 496 
stack 19:    253 276 498 285 265 459 75 
stack 20:    374 133 58 418 144 336 244 
stack 21:    204 291 13 192 469 447 420 
stack 22:    383 312 380 15 122 448 68 
stack 23:    36 87 400 183 140 156 408 
stack 24:    158 60 362 411 73 474 397 
stack 25:    227 93 28 84 6 386 148 
stack 26:    91 111 322 319 49 47 410 
stack 27:    56 300 290 57 455 61 66 
stack 28:    222 240 35 43 208 424 342 
stack 29:    443 147 48 186 373 81 151 
stack 30:    196 460 102 79 205 1 323 
stack 31:    281 176 134 437 330 492 211 
stack 32:    413 351 457 106 0 303 489 
stack 33:    428 181 403 107 40 180 458 
stack 34:    119 309 132 89 250 325 145 
stack 35:    340 146 471 270 288 488 282 
stack 36:    451 414 38 486 423 393 462 
stack 37:    306 152 329 53 219 113 456 
stack 38:    104 224 124 452 174 189 51 
stack 39:    421 237 327 114 318 101 17 
stack 40:    177 3 45 295 97 154 19 
stack 41:    199 406 378 335 307 20 464 
stack 42:    54 283 236 178 298 316 33 
stack 43:    382 361 332 78 108 162 169 
stack 44:    367 262 311 401 37 238 372 
stack 45:    95 82 259 167 302 129 121 
stack 46:    343 88 117 100 308 365 434 
stack 47:    260 415 59 213 357 470 18 
stack 48:    46 430 422 246 405 230 252 
stack 49:    419 9 267 314 354 243 444 
stack 50:    294 392 187 128 398 280 29 
stack 51:    277 487 296 2 184 442 72 
stack 52:    493 379 485 476 466 160 41 
stack 53:    136 191 14 170 80 338 83 
stack 54:    350 390 203 239 254 27 42 
stack 55:    305 173 92 98 255 326 110 
stack 56:    63 352 220 425 22 77 499 
stack 57:    214 4 266 209 409 163 480 
stack 58:    210 8 347 202 32 138 125 
stack 59:    287 126 324 304 194 74 175 
stack 60:    389 356 90 39 225 197 368 
stack 61:    412 94 168 467 25 221 67 
stack 62:    11 155 364 399 273 249 127 
stack 63:    402 157 139 232 481 34 96 
stack 64:    235 301 242 234 334 207 165 
stack 65:    193 387 65 450 64 394 256 
stack 66:    310 263 317 440 384 449 431 
stack 67:    123 344 369 
stack 68:    436 143 24 463 445 328 70 
stack 69:    490 271 182 349 495 478 
stack 70:    142 233 137 345 131 16 247 
stack 71:    200 153 484 
stack 72:    188 426 
stack 73:    50 
stack 74:    261 441 
stack 75:    
stack 76:    
stack 77:    
stack 78:    
stack 79:    
stack 80:    
stack 81:    
stack 82:    
stack 83:    
stack 84:    
stack 85:    
stack 86:    
