lower bound for relaxed s_ij: 310027.44

#####################################################

solved with: SP.mip_formulations.BinPackingFormulation
time limit: 3600.0 s
time to solve: 580,27 s
objective value: 310042.0

stacks (top to bottom):
stack 0:    0 
stack 1:    1 
stack 2:    2 
stack 3:    253 
stack 4:    254 
stack 5:    5 
stack 6:    6 
stack 7:    
stack 8:    258 
stack 9:    190 315 475 437 9 128 
stack 10:    332 340 10 172 249 301 67 
stack 11:    370 125 336 214 365 228 426 
stack 12:    155 449 293 179 189 75 222 
stack 13:    51 362 420 311 239 287 263 
stack 14:    264 387 140 310 186 438 338 
stack 15:    314 21 265 245 231 182 160 
stack 16:    344 131 184 100 391 309 16 
stack 17:    374 205 158 22 218 313 99 
stack 18:    333 211 223 57 268 88 170 
stack 19:    269 489 146 430 199 425 413 
stack 20:    388 329 153 46 343 305 348 
stack 21:    234 142 466 342 49 434 96 
stack 22:    439 345 445 369 84 294 279 
stack 23:    381 149 481 457 367 487 349 
stack 24:    463 433 417 331 319 357 24 
stack 25:    392 354 136 444 167 498 103 
stack 26:    402 112 404 394 171 26 132 
stack 27:    334 115 382 399 327 64 454 
stack 28:    474 363 292 464 148 477 490 
stack 29:    456 447 436 427 470 87 476 
stack 30:    443 485 221 472 284 55 496 
stack 31:    35 441 95 197 134 450 243 
stack 32:    462 451 226 484 187 460 66 
stack 33:    113 236 178 422 47 200 176 
stack 34:    378 238 376 300 98 161 97 
stack 35:    285 74 418 298 210 393 135 
stack 36:    81 385 398 356 396 120 395 
stack 37:    411 389 414 106 323 383 196 
stack 38:    288 165 296 384 201 185 163 
stack 39:    194 111 408 73 209 109 40 
stack 40:    299 339 353 141 90 364 290 
stack 41:    144 220 419 213 195 102 41 
stack 42:    122 403 341 499 156 150 72 
stack 43:    435 61 79 488 86 68 401 
stack 44:    250 
stack 45:    251 
stack 46:    3 
stack 47:    252 
stack 48:    4 
stack 49:    
stack 50:    255 256 
stack 51:    7 
stack 52:    8 257 
stack 53:    486 259 241 77 78 227 295 
stack 54:    260 23 248 244 85 473 242 
stack 55:    204 12 181 133 129 261 11 
stack 56:    233 124 330 89 335 262 468 
stack 57:    320 366 303 13 121 312 276 
stack 58:    52 105 206 322 151 497 14 
stack 59:    15 219 207 126 453 203 346 
stack 60:    266 224 192 471 492 458 143 
stack 61:    76 407 380 101 267 118 17 
stack 62:    479 19 424 410 157 18 347 
stack 63:    412 104 139 117 270 400 48 
stack 64:    355 377 123 409 65 138 20 
stack 65:    217 53 152 271 180 337 193 
stack 66:    360 127 272 316 25 350 94 
stack 67:    423 478 482 82 208 273 321 
stack 68:    431 297 390 325 274 494 308 
stack 69:    358 429 198 371 406 119 275 
stack 70:    328 247 452 183 232 92 230 
stack 71:    27 491 277 174 386 159 317 
stack 72:    278 373 379 235 326 169 28 
stack 73:    480 91 29 147 432 83 455 
stack 74:    59 368 280 281 30 428 110 
stack 75:    215 372 212 62 50 31 465 
stack 76:    416 173 58 282 34 38 32 
stack 77:    33 283 168 56 45 164 188 
stack 78:    225 306 421 63 467 397 43 
stack 79:    483 44 42 130 318 71 54 
stack 80:    36 162 145 286 351 229 37 
stack 81:    175 114 459 359 108 137 415 
stack 82:    469 352 375 107 246 154 60 
stack 83:    240 495 307 70 39 289 69 
stack 84:    442 191 216 177 361 202 166 
stack 85:    493 440 291 461 448 304 80 
stack 86:    116 93 237 446 324 405 302 

#####################################################

solved with: SP.mip_formulations.ThreeIndexFormulation
Problem not solved.

#####################################################

solved with: SP.constructive_heuristics.GeneralHeuristic
time limit: 3600.0 s
time to solve: 0,00 s
objective value: 336230.58

stacks (top to bottom):
stack 0:    51 168 456 104 118 135 24 
stack 1:    81 56 7 399 86 103 338 
stack 2:    91 136 425 318 309 20 67 
stack 3:    76 6 57 208 409 284 251 
stack 4:    306 260 268 448 200 242 473 
stack 5:    469 380 123 107 239 453 354 
stack 6:    122 190 201 127 472 160 72 
stack 7:    381 212 23 310 88 17 94 
stack 8:    491 362 116 322 8 401 18 
stack 9:    36 165 21 420 90 187 163 
stack 10:    269 217 474 300 382 167 119 
stack 11:    10 58 377 199 427 180 46 
stack 12:    340 125 229 466 222 454 476 
stack 13:    205 429 447 22 298 237 164 
stack 14:    264 153 475 419 65 143 25 
stack 15:    333 131 223 181 484 137 85 
stack 16:    355 431 296 5 280 400 69 
stack 17:    436 412 93 241 214 202 317 
stack 18:    101 398 297 192 129 9 335 
stack 19:    2 339 462 418 45 216 395 
stack 20:    493 388 328 457 387 461 397 
stack 21:    198 134 197 311 227 349 275 
stack 22:    245 78 323 445 301 406 244 
stack 23:    370 288 1 371 361 432 182 
stack 24:    59 416 144 255 270 405 3 
stack 25:    435 307 166 261 321 494 110 
stack 26:    440 247 421 47 63 248 193 
stack 27:    439 106 369 141 228 150 364 
stack 28:    162 376 356 464 207 87 265 
stack 29:    113 183 178 96 496 279 230 
stack 30:    319 282 390 38 42 0 41 
stack 31:    433 126 98 342 235 169 391 
stack 32:    173 471 149 404 246 97 428 
stack 33:    224 19 485 367 221 185 102 
stack 34:    283 366 451 77 100 295 343 
stack 35:    236 114 422 108 290 196 71 
stack 36:    479 13 219 115 324 188 48 
stack 37:    385 70 488 117 393 147 11 
stack 38:    293 449 424 434 305 253 54 
stack 39:    184 481 195 209 140 304 413 
stack 40:    259 124 375 499 156 252 426 
stack 41:    238 121 345 274 257 99 186 
stack 42:    463 4 394 171 73 138 109 
stack 43:    142 27 105 211 478 437 272 
stack 44:    480 179 384 213 262 60 128 
stack 45:    35 151 226 64 120 68 308 
stack 46:    360 34 249 365 444 159 66 
stack 47:    389 161 177 446 498 243 40 
stack 48:    411 89 383 386 477 487 256 
stack 49:    278 175 250 232 176 459 43 
stack 50:    225 443 452 62 80 154 170 
stack 51:    358 285 486 111 408 55 258 
stack 52:    15 403 341 148 379 271 14 
stack 53:    368 303 423 266 220 31 348 
stack 54:    363 378 189 430 497 203 28 
stack 55:    254 374 75 441 84 460 294 
stack 56:    240 191 210 267 157 347 468 
stack 57:    332 234 372 291 50 465 467 
stack 58:    52 442 79 39 139 396 273 
stack 59:    61 495 29 327 346 289 302 
stack 60:    299 155 392 357 329 450 287 
stack 61:    33 215 331 483 44 313 276 
stack 62:    233 12 325 353 312 16 415 
stack 63:    292 286 53 146 152 37 174 
stack 64:    344 402 315 482 359 132 490 
stack 65:    352 414 351 336 95 470 316 
stack 66:    204 489 218 373 337 410 455 
stack 67:    314 133 330 112 82 326 458 
stack 68:    320 194 281 492 30 32 26 
stack 69:    92 
stack 70:    407 417 206 172 231 263 438 
stack 71:    145 277 49 130 83 
stack 72:    74 350 
stack 73:    158 
stack 74:    334 
stack 75:    
stack 76:    
stack 77:    
stack 78:    
stack 79:    
stack 80:    
stack 81:    
stack 82:    
stack 83:    
stack 84:    
stack 85:    
stack 86:    
