lower bound for relaxed s_ij: 310011.62

#####################################################

solved with: SP.mip_formulations.BinPackingFormulation
time limit: 3600.0 s
time to solve: 932,31 s
objective value: 310021.38

stacks (top to bottom):
stack 0:    0 
stack 1:    
stack 2:    2 
stack 3:    
stack 4:    254 
stack 5:    255 
stack 6:    6 
stack 7:    257 
stack 8:    8 
stack 9:    259 153 138 398 18 214 
stack 10:    442 336 431 490 413 186 219 
stack 11:    189 168 11 233 238 267 230 
stack 12:    109 182 163 446 107 249 81 
stack 13:    427 340 97 241 13 352 220 
stack 14:    351 323 265 223 86 217 239 
stack 15:    306 484 456 328 401 116 315 
stack 16:    327 148 418 406 322 324 316 
stack 17:    213 494 200 459 379 75 17 
stack 18:    188 122 491 118 461 93 321 
stack 19:    226 349 384 157 61 343 285 
stack 20:    294 71 278 112 412 400 103 
stack 21:    21 441 426 115 450 204 184 
stack 22:    475 124 310 399 137 64 90 
stack 23:    297 273 179 151 454 452 305 
stack 24:    99 301 307 119 453 405 274 
stack 25:    275 299 309 94 492 363 84 
stack 26:    337 331 382 476 388 333 26 
stack 27:    63 320 319 428 242 474 408 
stack 28:    470 392 443 284 389 280 102 
stack 29:    448 240 197 96 447 415 224 
stack 30:    183 373 314 30 433 422 139 
stack 31:    131 235 437 145 304 169 167 
stack 32:    191 134 436 451 468 172 83 
stack 33:    478 455 473 444 218 135 152 
stack 34:    206 215 100 76 397 339 488 
stack 35:    353 344 296 123 136 330 85 
stack 36:    495 132 58 173 482 87 161 
stack 37:    499 356 69 298 105 469 37 
stack 38:    53 232 334 325 59 180 365 
stack 39:    432 289 50 225 140 46 369 
stack 40:    166 458 88 164 56 127 44 
stack 41:    361 91 414 410 498 402 291 
stack 42:    423 60 420 457 236 120 62 
stack 43:    126 57 345 181 227 149 362 
stack 44:    251 250 
stack 45:    1 
stack 46:    252 
stack 47:    3 253 
stack 48:    4 
stack 49:    5 
stack 50:    256 
stack 51:    7 
stack 52:    258 
stack 53:    383 146 460 9 479 302 440 
stack 54:    10 261 380 73 260 193 48 
stack 55:    467 430 332 486 12 101 22 
stack 56:    190 248 391 147 471 72 262 
stack 57:    263 342 51 212 185 114 228 
stack 58:    14 264 98 54 207 171 66 
stack 59:    394 341 55 209 158 462 15 
stack 60:    175 89 266 201 108 162 16 
stack 61:    409 485 202 70 438 370 42 
stack 62:    375 195 477 312 45 268 390 
stack 63:    113 19 354 329 221 377 269 
stack 64:    270 20 347 198 434 156 396 
stack 65:    77 395 49 335 155 368 271 
stack 66:    489 374 311 272 165 381 47 
stack 67:    106 439 23 357 295 245 208 
stack 68:    24 92 111 417 216 366 318 
stack 69:    25 445 419 378 247 78 463 
stack 70:    387 276 176 65 292 243 128 
stack 71:    246 27 203 133 416 481 277 
stack 72:    317 177 150 144 483 237 28 
stack 73:    279 435 104 493 385 364 29 
stack 74:    355 497 487 429 346 372 371 
stack 75:    411 407 31 386 376 282 281 
stack 76:    141 41 480 326 79 32 496 
stack 77:    68 283 472 404 125 33 154 
stack 78:    34 449 358 143 43 67 360 
stack 79:    229 142 367 187 170 121 35 
stack 80:    159 80 205 36 192 393 286 
stack 81:    82 288 174 231 129 287 348 
stack 82:    74 52 403 359 130 338 38 
stack 83:    244 39 178 465 160 293 199 
stack 84:    196 210 464 40 466 425 290 
stack 85:    313 234 424 110 421 350 222 
stack 86:    308 194 211 300 117 95 303 

#####################################################

solved with: SP.mip_formulations.ThreeIndexFormulation
Problem not solved.

#####################################################

solved with: SP.constructive_heuristics.GeneralHeuristic
time limit: 3600.0 s
time to solve: 0,00 s
objective value: 337060.8

stacks (top to bottom):
stack 0:    106 183 470 426 115 280 216 
stack 1:    3 356 74 380 480 6 46 
stack 2:    331 442 310 30 435 35 408 
stack 3:    487 498 462 420 104 330 56 
stack 4:    259 418 446 481 447 249 169 
stack 5:    367 70 121 143 397 293 295 
stack 6:    344 240 289 65 130 212 17 
stack 7:    194 425 342 61 490 422 371 
stack 8:    297 45 242 135 218 42 451 
stack 9:    25 211 424 300 369 54 316 
stack 10:    337 347 437 485 93 245 172 
stack 11:    275 477 341 471 72 260 348 
stack 12:    41 376 264 472 87 44 139 
stack 13:    288 141 110 12 161 207 219 
stack 14:    77 53 361 336 444 152 377 
stack 15:    355 229 431 256 236 224 400 
stack 16:    55 210 416 173 403 283 199 
stack 17:    146 394 484 456 266 252 85 
stack 18:    195 306 407 203 108 225 324 
stack 19:    340 353 495 386 138 102 151 
stack 20:    455 187 122 325 414 388 370 
stack 21:    170 60 453 474 78 253 167 
stack 22:    21 160 145 43 302 412 338 
stack 23:    82 465 209 96 322 116 360 
stack 24:    278 346 157 404 421 262 222 
stack 25:    191 299 345 329 428 385 468 
stack 26:    20 150 174 8 483 476 438 
stack 27:    168 7 464 284 466 368 111 
stack 28:    206 327 460 402 362 364 269 
stack 29:    19 91 268 94 217 29 318 
stack 30:    448 215 482 13 287 127 282 
stack 31:    349 332 271 192 343 204 228 
stack 32:    196 63 2 202 406 164 304 
stack 33:    126 317 223 247 243 81 305 
stack 34:    234 40 241 88 76 381 413 
stack 35:    14 279 395 494 274 339 154 
stack 36:    175 489 148 335 69 179 303 
stack 37:    89 250 163 51 469 193 22 
stack 38:    307 410 434 358 129 352 220 
stack 39:    308 1 285 101 62 281 66 
stack 40:    311 387 176 36 450 120 254 
stack 41:    373 112 296 272 372 398 98 
stack 42:    409 57 399 333 492 84 16 
stack 43:    248 251 473 59 379 4 221 
stack 44:    351 158 123 100 257 79 277 
stack 45:    246 39 475 235 118 491 365 
stack 46:    301 124 319 231 64 137 238 
stack 47:    190 142 27 298 75 18 186 
stack 48:    467 24 313 263 92 486 286 
stack 49:    439 226 374 392 443 350 83 
stack 50:    427 34 49 294 132 165 415 
stack 51:    270 383 334 5 449 291 149 
stack 52:    182 499 497 461 493 26 440 
stack 53:    189 261 237 459 436 290 32 
stack 54:    323 177 181 309 265 86 496 
stack 55:    178 205 155 50 328 201 117 
stack 56:    188 119 479 15 67 103 38 
stack 57:    423 97 31 255 134 180 214 
stack 58:    80 432 52 11 114 393 48 
stack 59:    131 113 382 445 197 417 452 
stack 60:    166 276 430 273 184 171 267 
stack 61:    312 9 133 239 321 47 366 
stack 62:    391 458 326 125 389 258 233 
stack 63:    375 198 156 405 457 315 28 
stack 64:    10 232 320 227 419 292 463 
stack 65:    109 314 147 384 359 488 230 
stack 66:    99 244 71 73 23 95 454 
stack 67:    159 200 0 136 162 357 208 
stack 68:    68 441 153 37 
stack 69:    478 144 378 390 363 90 128 
stack 70:    411 213 354 396 
stack 71:    58 429 105 140 33 
stack 72:    185 
stack 73:    401 107 
stack 74:    433 
stack 75:    
stack 76:    
stack 77:    
stack 78:    
stack 79:    
stack 80:    
stack 81:    
stack 82:    
stack 83:    
stack 84:    
stack 85:    
stack 86:    
