lower bound for relaxed s_ij: 310020.12

#####################################################

solved with: SP.mip_formulations.BinPackingFormulation
time limit: 3600.0 s
time to solve: 474,07 s
objective value: 310020.12

stacks (top to bottom):
stack 0:    
stack 1:    
stack 2:    252 
stack 3:    
stack 4:    
stack 5:    5 
stack 6:    
stack 7:    
stack 8:    258 8 
stack 9:    471 372 109 199 301 73 
stack 10:    409 43 341 119 241 392 112 
stack 11:    261 367 156 120 151 56 441 
stack 12:    137 384 143 339 214 396 477 
stack 13:    44 126 497 475 305 197 13 
stack 14:    218 149 227 14 47 459 296 
stack 15:    236 481 201 493 86 400 173 
stack 16:    102 368 228 280 266 190 180 
stack 17:    492 373 100 192 389 195 206 
stack 18:    140 375 240 122 225 89 18 
stack 19:    300 146 164 129 117 121 437 
stack 20:    198 127 385 498 223 59 20 
stack 21:    345 144 314 104 303 456 233 
stack 22:    317 213 445 207 381 331 204 
stack 23:    23 438 139 489 430 325 226 
stack 24:    24 397 378 188 123 83 29 
stack 25:    147 347 340 145 377 141 411 
stack 26:    333 391 383 238 221 424 358 
stack 27:    329 452 365 390 323 444 27 
stack 28:    484 479 88 418 420 429 425 
stack 29:    359 71 451 124 95 472 446 
stack 30:    98 470 160 371 335 58 125 
stack 31:    31 395 318 306 52 370 352 
stack 32:    45 344 494 488 469 351 94 
stack 33:    196 57 114 342 210 283 401 
stack 34:    399 234 60 387 455 474 183 
stack 35:    285 416 476 175 133 35 427 
stack 36:    337 302 294 453 203 62 96 
stack 37:    217 202 155 70 309 205 174 
stack 38:    403 310 499 182 407 432 299 
stack 39:    330 289 184 414 355 321 298 
stack 40:    473 75 454 398 179 374 353 
stack 41:    439 450 162 291 356 487 157 
stack 42:    81 295 349 110 406 209 230 
stack 43:    386 170 361 136 224 447 405 
stack 44:    0 250 
stack 45:    1 251 
stack 46:    2 
stack 47:    253 3 
stack 48:    254 
stack 49:    4 255 
stack 50:    256 6 
stack 51:    257 
stack 52:    7 
stack 53:    415 259 9 308 346 275 105 
stack 54:    82 319 99 260 152 232 10 
stack 55:    68 97 243 154 247 11 482 
stack 56:    101 404 211 448 262 440 12 
stack 57:    78 263 64 53 326 231 191 
stack 58:    402 74 189 72 167 15 264 
stack 59:    265 16 364 304 185 148 50 
stack 60:    267 478 316 245 219 84 138 
stack 61:    17 177 394 158 171 67 90 
stack 62:    463 268 242 172 495 486 111 
stack 63:    159 269 19 200 153 312 246 
stack 64:    132 79 292 222 193 116 270 
stack 65:    272 21 166 134 208 142 271 
stack 66:    237 388 165 244 431 212 22 
stack 67:    442 417 118 443 467 229 273 
stack 68:    434 61 46 216 363 433 274 
stack 69:    25 357 276 332 194 366 235 
stack 70:    181 163 249 26 93 379 161 
stack 71:    220 277 380 215 113 108 28 
stack 72:    422 360 106 412 278 187 436 
stack 73:    279 490 48 313 85 423 92 
stack 74:    468 131 65 30 248 458 311 
stack 75:    464 328 281 336 87 49 42 
stack 76:    460 449 369 32 282 322 324 
stack 77:    33 483 426 350 135 480 348 
stack 78:    485 307 178 315 408 284 34 
stack 79:    130 334 421 286 419 491 354 
stack 80:    466 36 51 128 66 69 107 
stack 81:    410 297 287 37 376 362 76 
stack 82:    288 38 103 428 435 461 150 
stack 83:    239 465 55 39 115 169 176 
stack 84:    290 320 293 91 41 496 40 
stack 85:    54 63 186 393 338 462 168 
stack 86:    413 327 457 80 382 77 343 

#####################################################

solved with: SP.mip_formulations.ThreeIndexFormulation
Problem not solved.

#####################################################

solved with: SP.constructive_heuristics.GeneralHeuristic
time limit: 3600.0 s
time to solve: 0,00 s
objective value: 337818.3

stacks (top to bottom):
stack 0:    340 394 475 322 103 366 246 
stack 1:    277 314 342 70 200 40 441 
stack 2:    385 295 75 469 67 453 42 
stack 3:    402 278 30 431 458 173 94 
stack 4:    163 334 199 85 287 395 291 
stack 5:    240 184 245 355 135 22 364 
stack 6:    307 297 154 91 281 202 379 
stack 7:    464 63 313 207 35 331 190 
stack 8:    359 399 408 339 451 381 233 
stack 9:    247 117 367 59 171 20 491 
stack 10:    99 357 16 383 221 428 157 
stack 11:    289 45 388 51 84 121 480 
stack 12:    463 17 368 104 382 77 312 
stack 13:    449 369 41 390 155 396 29 
stack 14:    25 82 152 234 472 401 191 
stack 15:    65 43 361 377 270 34 138 
stack 16:    341 243 421 160 58 87 168 
stack 17:    237 164 488 179 39 195 273 
stack 18:    347 129 484 309 169 50 348 
stack 19:    285 407 186 118 6 153 161 
stack 20:    330 100 217 137 456 444 125 
stack 21:    72 454 211 251 66 325 311 
stack 22:    98 423 123 420 203 76 235 
stack 23:    181 44 119 276 257 148 13 
stack 24:    360 159 249 371 7 303 352 
stack 25:    14 225 136 141 436 353 437 
stack 26:    272 189 481 134 55 115 378 
stack 27:    170 89 5 316 400 212 495 
stack 28:    102 32 241 445 175 433 326 
stack 29:    288 144 213 31 210 188 306 
stack 30:    253 46 471 201 398 162 430 
stack 31:    452 283 376 417 256 90 264 
stack 32:    372 86 414 53 351 356 474 
stack 33:    328 320 23 269 206 69 108 
stack 34:    499 232 95 455 266 274 362 
stack 35:    220 254 80 124 393 462 443 
stack 36:    149 109 178 0 216 301 215 
stack 37:    81 337 450 493 497 465 205 
stack 38:    439 466 310 208 478 298 111 
stack 39:    415 315 476 194 440 96 482 
stack 40:    127 300 333 177 391 52 418 
stack 41:    140 192 432 323 419 49 461 
stack 42:    345 261 4 293 496 271 230 
stack 43:    33 267 219 248 11 447 304 
stack 44:    146 239 265 110 305 318 397 
stack 45:    21 182 387 93 133 343 229 
stack 46:    329 365 24 268 242 27 197 
stack 47:    106 260 38 139 332 262 358 
stack 48:    196 457 284 294 435 231 10 
stack 49:    409 434 218 130 292 492 467 
stack 50:    485 97 373 446 73 427 354 
stack 51:    422 473 198 227 193 411 252 
stack 52:    126 363 255 389 15 83 226 
stack 53:    468 74 36 483 479 349 156 
stack 54:    327 57 228 442 112 176 183 
stack 55:    68 132 9 404 302 120 56 
stack 56:    319 460 282 128 374 185 459 
stack 57:    317 71 416 26 214 92 204 
stack 58:    413 490 275 37 105 174 370 
stack 59:    290 48 384 167 324 477 62 
stack 60:    147 145 344 8 406 321 489 
stack 61:    131 279 222 470 238 250 486 
stack 62:    386 165 47 3 224 116 180 
stack 63:    78 54 350 142 223 88 405 
stack 64:    410 263 60 1 151 107 28 
stack 65:    122 498 426 424 487 150 172 
stack 66:    79 101 308 286 114 338 296 
stack 67:    61 258 19 143 335 336 12 
stack 68:    259 375 166 494 158 429 425 
stack 69:    236 403 64 346 392 113 
stack 70:    280 380 299 
stack 71:    187 412 244 18 209 
stack 72:    448 438 
stack 73:    
stack 74:    2 
stack 75:    
stack 76:    
stack 77:    
stack 78:    
stack 79:    
stack 80:    
stack 81:    
stack 82:    
stack 83:    
stack 84:    
stack 85:    
stack 86:    
