lower bound for relaxed s_ij: 310018.94

#####################################################

solved with: SP.mip_formulations.BinPackingFormulation
time limit: 3600.0 s
time to solve: 556,97 s
objective value: 310023.82

stacks (top to bottom):
stack 0:    
stack 1:    1 
stack 2:    2 
stack 3:    253 
stack 4:    254 
stack 5:    255 
stack 6:    6 256 
stack 7:    
stack 8:    258 
stack 9:    233 144 21 79 9 260 
stack 10:    196 284 10 58 57 405 363 
stack 11:    39 160 437 400 444 393 111 
stack 12:    153 304 477 486 446 55 442 
stack 13:    494 351 345 104 26 239 463 
stack 14:    491 378 361 240 339 190 183 
stack 15:    265 109 419 335 309 401 189 
stack 16:    323 225 384 71 484 427 414 
stack 17:    117 17 70 87 64 134 84 
stack 18:    475 464 410 151 352 337 208 
stack 19:    413 218 107 165 74 85 195 
stack 20:    231 141 412 375 81 438 59 
stack 21:    465 407 374 342 43 293 292 
stack 22:    441 106 496 439 459 197 174 
stack 23:    317 324 202 274 23 215 94 
stack 24:    371 409 228 155 421 369 93 
stack 25:    359 56 172 334 178 458 69 
stack 26:    379 466 343 297 78 76 276 
stack 27:    426 311 436 310 406 199 27 
stack 28:    474 456 467 440 91 83 470 
stack 29:    383 142 222 382 417 115 114 
stack 30:    346 301 30 394 60 62 46 
stack 31:    398 482 214 80 471 451 302 
stack 32:    460 480 234 455 44 478 449 
stack 33:    47 216 198 122 145 453 41 
stack 34:    203 489 299 312 217 77 365 
stack 35:    479 490 473 388 149 45 285 
stack 36:    294 164 157 173 454 61 135 
stack 37:    249 353 244 140 319 385 325 
stack 38:    232 175 391 171 63 377 457 
stack 39:    120 186 176 121 402 305 431 
stack 40:    330 246 242 119 188 130 50 
stack 41:    163 185 181 201 338 123 154 
stack 42:    137 237 213 102 48 156 350 
stack 43:    355 392 364 487 387 220 472 
stack 44:    0 250 
stack 45:    251 
stack 46:    252 
stack 47:    3 
stack 48:    4 
stack 49:    5 
stack 50:    257 
stack 51:    7 
stack 52:    8 
stack 53:    235 75 380 99 386 259 397 
stack 54:    289 321 362 445 128 236 210 
stack 55:    349 205 428 318 261 11 316 
stack 56:    12 177 376 138 65 262 132 
stack 57:    263 13 226 90 192 368 200 
stack 58:    497 326 313 14 264 432 327 
stack 59:    51 429 86 492 450 209 15 
stack 60:    266 16 469 113 96 358 143 
stack 61:    179 267 53 248 336 101 139 
stack 62:    161 268 18 360 229 230 333 
stack 63:    224 129 19 103 291 483 269 
stack 64:    270 20 238 212 493 340 191 
stack 65:    271 433 227 396 243 159 370 
stack 66:    356 148 272 22 296 223 300 
stack 67:    273 221 182 49 52 331 126 
stack 68:    24 495 100 372 424 415 488 
stack 69:    25 476 108 277 206 42 275 
stack 70:    395 169 344 97 332 124 481 
stack 71:    82 147 67 116 66 468 28 
stack 72:    408 278 320 425 347 306 194 
stack 73:    29 447 422 389 279 307 354 
stack 74:    280 348 219 118 443 416 290 
stack 75:    162 381 308 180 152 281 31 
stack 76:    282 131 98 32 207 136 241 
stack 77:    92 125 315 33 283 150 430 
stack 78:    418 404 329 298 34 295 357 
stack 79:    322 35 166 367 170 127 110 
stack 80:    286 204 247 112 36 341 314 
stack 81:    167 399 168 89 499 37 287 
stack 82:    303 72 288 461 328 88 38 
stack 83:    452 373 184 390 105 485 73 
stack 84:    420 40 462 146 133 434 245 
stack 85:    423 403 193 411 211 95 68 
stack 86:    498 158 448 54 187 366 435 

#####################################################

solved with: SP.mip_formulations.ThreeIndexFormulation
Problem not solved.

#####################################################

solved with: SP.constructive_heuristics.GeneralHeuristic
time limit: 3600.0 s
time to solve: 0,01 s
objective value: 334903.44

stacks (top to bottom):
stack 0:    142 378 80 65 115 110 143 
stack 1:    476 90 6 207 300 94 365 
stack 2:    86 288 184 280 477 118 197 
stack 3:    404 475 186 436 158 166 130 
stack 4:    8 35 206 285 42 134 28 
stack 5:    72 282 213 427 68 183 488 
stack 6:    25 108 363 5 159 260 93 
stack 7:    274 219 462 217 52 314 357 
stack 8:    497 418 176 402 91 281 397 
stack 9:    289 0 411 451 114 101 449 
stack 10:    395 171 315 220 291 396 331 
stack 11:    474 323 71 342 74 88 190 
stack 12:    169 109 199 27 295 307 241 
stack 13:    168 193 373 99 390 146 292 
stack 14:    21 490 58 424 102 32 73 
stack 15:    473 17 152 465 64 139 276 
stack 16:    161 482 454 61 485 417 290 
stack 17:    117 359 34 406 255 472 481 
stack 18:    428 268 133 478 457 126 46 
stack 19:    356 450 75 10 368 238 210 
stack 20:    452 202 408 384 165 296 223 
stack 21:    495 422 54 339 11 401 446 
stack 22:    403 67 407 112 41 22 174 
stack 23:    263 98 381 257 248 278 2 
stack 24:    426 310 343 121 335 78 60 
stack 25:    317 164 111 23 336 463 430 
stack 26:    179 480 216 140 382 319 350 
stack 27:    24 313 16 178 299 443 341 
stack 28:    79 489 172 409 33 212 354 
stack 29:    47 471 43 215 239 327 195 
stack 30:    92 326 14 104 470 221 31 
stack 31:    261 304 180 147 361 254 154 
stack 32:    205 324 234 273 358 486 236 
stack 33:    464 410 372 419 209 309 432 
stack 34:    162 380 70 461 468 434 320 
stack 35:    198 222 106 150 200 38 385 
stack 36:    246 392 298 119 124 256 340 
stack 37:    144 345 346 160 214 367 170 
stack 38:    383 1 175 203 125 405 62 
stack 39:    349 148 145 453 328 458 435 
stack 40:    303 491 332 447 499 50 493 
stack 41:    318 131 240 376 484 293 85 
stack 42:    167 224 399 157 249 353 439 
stack 43:    420 400 138 40 360 4 316 
stack 44:    429 498 97 431 136 128 442 
stack 45:    322 242 487 15 230 275 269 
stack 46:    39 301 305 83 182 201 416 
stack 47:    351 233 494 469 36 386 445 
stack 48:    294 266 286 218 455 189 77 
stack 49:    51 120 379 226 297 228 369 
stack 50:    173 348 444 393 252 69 191 
stack 51:    271 398 321 177 413 437 26 
stack 52:    460 225 122 244 194 347 325 
stack 53:    265 456 18 253 105 135 258 
stack 54:    362 129 155 243 279 187 366 
stack 55:    137 56 100 163 237 76 333 
stack 56:    89 267 250 308 96 374 156 
stack 57:    19 141 389 48 262 3 370 
stack 58:    311 330 467 264 59 229 123 
stack 59:    329 479 185 20 421 37 259 
stack 60:    355 391 364 227 188 377 287 
stack 61:    196 232 153 272 44 66 251 
stack 62:    13 388 204 113 211 425 302 
stack 63:    371 29 53 438 181 312 338 
stack 64:    151 466 387 394 483 
stack 65:    57 440 103 277 231 334 283 
stack 66:    82 208 415 192 9 375 49 
stack 67:    433 
stack 68:    12 423 247 107 245 459 84 
stack 69:    492 344 30 45 412 127 132 
stack 70:    284 235 352 149 81 55 95 
stack 71:    63 
stack 72:    7 270 116 87 306 
stack 73:    441 496 
stack 74:    448 
stack 75:    337 414 
stack 76:    
stack 77:    
stack 78:    
stack 79:    
stack 80:    
stack 81:    
stack 82:    
stack 83:    
stack 84:    
stack 85:    
stack 86:    
