lower bound for relaxed s_ij: 310009.18

#####################################################

solved with: SP.mip_formulations.BinPackingFormulation
time limit: 3600.0 s
time to solve: 519,45 s
objective value: 310020.12

stacks (top to bottom):
stack 0:    0 
stack 1:    
stack 2:    
stack 3:    
stack 4:    4 
stack 5:    255 
stack 6:    
stack 7:    
stack 8:    
stack 9:    494 397 208 21 61 55 271 
stack 10:    10 497 319 155 93 318 90 
stack 11:    130 249 65 399 100 371 451 
stack 12:    217 104 439 243 194 189 12 
stack 13:    471 459 140 317 211 178 85 
stack 14:    412 89 45 14 332 419 81 
stack 15:    224 265 204 385 350 200 225 
stack 16:    136 188 177 165 440 345 492 
stack 17:    267 192 415 235 241 214 83 
stack 18:    18 402 149 361 131 229 312 
stack 19:    477 19 201 205 176 242 388 
stack 20:    233 142 186 72 54 475 174 
stack 21:    102 29 374 365 403 463 342 
stack 22:    426 460 99 203 80 73 369 
stack 23:    330 23 376 367 421 455 273 
stack 24:    489 400 274 335 195 294 24 
stack 25:    432 94 375 143 467 405 275 
stack 26:    210 40 433 392 311 404 334 
stack 27:    198 170 333 173 390 228 219 
stack 28:    410 470 485 449 496 491 499 
stack 29:    389 444 493 472 331 423 483 
stack 30:    442 366 144 322 117 53 147 
stack 31:    49 323 480 282 58 240 56 
stack 32:    481 68 479 464 34 128 321 
stack 33:    123 465 339 146 314 158 43 
stack 34:    180 434 230 152 39 237 168 
stack 35:    420 435 129 337 302 108 287 
stack 36:    59 36 234 166 118 236 42 
stack 37:    305 495 396 196 113 458 429 
stack 38:    356 239 448 427 38 71 238 
stack 39:    207 126 490 353 164 74 159 
stack 40:    199 340 307 244 91 304 137 
stack 41:    446 41 231 110 51 190 151 
stack 42:    46 383 212 78 67 232 395 
stack 43:    424 315 86 484 409 245 474 
stack 44:    250 
stack 45:    251 1 
stack 46:    2 252 
stack 47:    3 253 
stack 48:    254 
stack 49:    5 
stack 50:    257 256 6 
stack 51:    7 
stack 52:    8 
stack 53:    357 258 66 112 324 9 259 
stack 54:    301 348 220 355 260 486 82 
stack 55:    387 372 261 98 127 379 11 
stack 56:    347 139 354 288 169 92 262 
stack 57:    222 349 264 263 13 299 84 
stack 58:    377 191 300 107 197 295 266 
stack 59:    15 407 380 79 153 95 101 
stack 60:    115 184 445 360 425 193 16 
stack 61:    145 179 248 466 364 17 162 
stack 62:    268 359 150 134 114 482 226 
stack 63:    202 105 269 428 223 414 346 
stack 64:    20 462 75 133 394 270 185 
stack 65:    213 77 316 103 60 341 161 
stack 66:    351 393 386 272 22 320 438 
stack 67:    215 141 418 163 454 453 156 
stack 68:    450 436 378 370 363 461 218 
stack 69:    296 329 187 25 443 362 31 
stack 70:    408 431 336 276 121 47 26 
stack 71:    277 106 293 313 27 28 70 
stack 72:    278 309 50 478 171 401 109 
stack 73:    57 96 216 469 422 416 279 
stack 74:    280 338 69 384 116 344 30 
stack 75:    32 310 88 281 413 148 430 
stack 76:    135 154 381 227 160 457 247 
stack 77:    48 33 111 52 283 209 175 
stack 78:    62 456 452 284 441 398 172 
stack 79:    303 285 181 297 246 286 35 
stack 80:    44 325 298 308 437 138 76 
stack 81:    358 417 157 37 122 487 132 
stack 82:    447 120 221 406 306 119 391 
stack 83:    473 327 289 124 343 206 97 
stack 84:    382 290 64 368 328 326 468 
stack 85:    476 291 63 498 292 87 352 
stack 86:    167 373 183 125 488 411 182 

#####################################################

solved with: SP.mip_formulations.ThreeIndexFormulation
Problem not solved.

#####################################################

solved with: SP.constructive_heuristics.GeneralHeuristic
time limit: 3600.0 s
time to solve: 0,01 s
objective value: 336751.74

stacks (top to bottom):
stack 0:    94 61 262 122 174 324 42 
stack 1:    102 115 141 316 171 226 30 
stack 2:    400 216 5 313 360 60 394 
stack 3:    305 281 365 403 413 70 84 
stack 4:    387 327 481 177 67 469 26 
stack 5:    7 149 212 188 426 381 340 
stack 6:    249 207 142 33 428 154 128 
stack 7:    300 157 485 126 205 185 430 
stack 8:    20 274 353 292 87 0 156 
stack 9:    464 380 231 100 245 58 37 
stack 10:    135 383 165 78 479 318 97 
stack 11:    139 72 354 110 436 405 241 
stack 12:    105 351 21 397 392 200 175 
stack 13:    198 49 77 187 284 163 17 
stack 14:    377 257 358 302 417 93 151 
stack 15:    113 92 418 448 155 158 342 
stack 16:    446 34 235 55 467 404 1 
stack 17:    127 434 336 121 332 47 283 
stack 18:    435 86 208 192 152 101 304 
stack 19:    329 475 364 56 369 388 236 
stack 20:    145 144 173 268 488 109 43 
stack 21:    130 285 407 282 176 73 259 
stack 22:    215 40 153 363 422 279 223 
stack 23:    63 349 38 195 319 454 401 
stack 24:    233 376 480 244 95 247 225 
stack 25:    393 19 66 112 472 252 287 
stack 26:    450 431 345 227 52 419 429 
stack 27:    199 230 379 11 443 492 81 
stack 28:    261 186 194 264 108 341 132 
stack 29:    402 317 306 197 206 253 483 
stack 30:    44 123 280 427 449 80 334 
stack 31:    410 333 339 146 458 172 463 
stack 32:    386 347 13 490 445 193 117 
stack 33:    64 370 378 406 433 71 299 
stack 34:    372 23 348 181 120 65 260 
stack 35:    18 310 322 254 478 219 411 
stack 36:    32 213 465 425 50 352 16 
stack 37:    473 62 325 191 309 308 35 
stack 38:    220 290 368 375 326 295 275 
stack 39:    15 291 357 288 263 395 468 
stack 40:    330 3 389 211 391 455 321 
stack 41:    255 59 399 118 416 190 91 
stack 42:    243 169 266 116 90 9 218 
stack 43:    382 293 459 83 160 31 482 
stack 44:    180 250 258 133 161 359 24 
stack 45:    267 476 272 311 69 242 150 
stack 46:    442 179 289 484 178 461 438 
stack 47:    46 269 39 307 12 362 344 
stack 48:    170 396 196 125 28 53 182 
stack 49:    140 107 466 493 437 499 294 
stack 50:    48 355 41 221 79 214 232 
stack 51:    265 456 361 444 497 240 251 
stack 52:    432 4 297 25 384 423 138 
stack 53:    202 167 477 10 356 314 398 
stack 54:    277 412 301 96 6 491 147 
stack 55:    89 278 298 409 189 312 457 
stack 56:    57 8 315 460 166 385 350 
stack 57:    104 439 103 343 331 22 271 
stack 58:    111 201 246 119 371 159 76 
stack 59:    239 184 229 338 486 286 238 
stack 60:    222 296 45 256 54 270 228 
stack 61:    420 470 183 335 74 162 209 
stack 62:    471 106 248 234 421 237 168 
stack 63:    303 136 14 36 328 204 346 
stack 64:    98 424 68 276 440 320 273 
stack 65:    210 99 51 203 451 134 414 
stack 66:    366 452 462 75 27 2 82 
stack 67:    494 337 323 124 498 453 148 
stack 68:    224 373 495 29 88 374 
stack 69:    408 367 85 137 
stack 70:    447 489 487 114 
stack 71:    217 129 415 474 
stack 72:    131 441 
stack 73:    496 164 390 
stack 74:    143 
stack 75:    
stack 76:    
stack 77:    
stack 78:    
stack 79:    
stack 80:    
stack 81:    
stack 82:    
stack 83:    
stack 84:    
stack 85:    
stack 86:    
