lower bound for relaxed s_ij: 310015.24

#####################################################

solved with: SP.mip_formulations.BinPackingFormulation
time limit: 3600.0 s
time to solve: 849,22 s
objective value: 310022.56

stacks (top to bottom):
stack 0:    
stack 1:    252 251 
stack 2:    
stack 3:    253 
stack 4:    
stack 5:    
stack 6:    6 
stack 7:    
stack 8:    258 
stack 9:    384 259 420 338 162 226 
stack 10:    62 70 260 339 354 217 61 
stack 11:    183 66 453 476 386 297 118 
stack 12:    142 112 465 414 356 186 238 
stack 13:    419 385 102 241 89 204 313 
stack 14:    85 449 264 233 63 140 373 
stack 15:    378 335 126 115 178 169 155 
stack 16:    434 75 381 212 266 243 122 
stack 17:    221 397 179 92 171 150 119 
stack 18:    123 86 478 58 194 428 132 
stack 19:    469 94 460 375 202 325 156 
stack 20:    270 200 105 237 483 135 96 
stack 21:    467 228 395 40 106 424 310 
stack 22:    215 358 182 382 131 272 22 
stack 23:    304 201 69 167 412 333 47 
stack 24:    406 458 37 143 24 198 49 
stack 25:    87 199 305 44 439 227 25 
stack 26:    390 26 312 224 342 293 59 
stack 27:    408 425 343 477 435 387 57 
stack 28:    279 148 320 113 184 175 488 
stack 29:    29 195 479 391 247 229 111 
stack 30:    454 73 314 191 319 446 466 
stack 31:    470 355 370 379 81 60 144 
stack 32:    461 133 364 299 440 485 120 
stack 33:    492 164 322 418 367 124 377 
stack 34:    34 91 125 348 193 117 103 
stack 35:    410 56 421 74 417 72 65 
stack 36:    36 246 214 494 219 83 79 
stack 37:    68 426 309 437 116 394 365 
stack 38:    38 288 463 64 231 495 52 
stack 39:    289 475 222 416 149 101 127 
stack 40:    388 341 409 369 323 482 208 
stack 41:    472 216 413 366 444 291 372 
stack 42:    51 114 499 168 141 480 316 
stack 43:    220 402 371 392 462 165 203 
stack 44:    0 250 
stack 45:    1 
stack 46:    2 
stack 47:    3 
stack 48:    254 
stack 49:    255 4 5 
stack 50:    256 
stack 51:    257 7 
stack 52:    8 
stack 53:    330 82 303 9 442 431 393 
stack 54:    10 152 374 190 42 121 447 
stack 55:    166 484 90 11 376 261 163 
stack 56:    210 464 147 189 12 455 262 
stack 57:    468 13 15 351 349 285 263 
stack 58:    306 362 180 411 328 206 14 
stack 59:    236 99 95 400 211 88 265 
stack 60:    146 16 154 498 298 218 267 
stack 61:    181 17 18 93 170 353 268 
stack 62:    244 404 245 107 491 207 269 
stack 63:    295 19 296 357 249 234 360 
stack 64:    240 352 327 20 53 490 401 
stack 65:    21 489 336 321 271 451 248 
stack 66:    407 363 225 157 452 332 192 
stack 67:    329 158 97 23 273 487 54 
stack 68:    398 474 46 415 324 457 274 
stack 69:    275 344 443 213 430 223 185 
stack 70:    276 173 441 277 399 345 108 
stack 71:    28 27 104 43 48 230 239 
stack 72:    383 380 161 473 389 278 45 
stack 73:    445 422 172 350 292 67 110 
stack 74:    317 280 337 30 177 346 347 
stack 75:    315 290 31 486 235 130 281 
stack 76:    368 403 80 76 32 128 282 
stack 77:    340 294 160 283 151 33 438 
stack 78:    396 307 429 326 284 302 145 
stack 79:    301 205 456 405 308 35 286 
stack 80:    174 137 84 159 334 197 71 
stack 81:    209 497 496 139 188 287 493 
stack 82:    55 242 318 432 359 176 153 
stack 83:    98 361 39 50 481 129 427 
stack 84:    450 459 187 77 448 136 78 
stack 85:    433 41 134 331 109 300 138 
stack 86:    471 311 196 436 100 423 232 

#####################################################

solved with: SP.mip_formulations.ThreeIndexFormulation
Problem not solved.

#####################################################

solved with: SP.constructive_heuristics.GeneralHeuristic
time limit: 3600.0 s
time to solve: 0,00 s
objective value: 338509.14

stacks (top to bottom):
stack 0:    19 454 260 147 439 190 120 
stack 1:    95 489 349 177 285 377 372 
stack 2:    146 220 241 326 235 379 119 
stack 3:    183 380 403 367 65 325 122 
stack 4:    329 408 18 337 443 197 427 
stack 5:    419 68 66 21 498 101 394 
stack 6:    306 107 464 53 130 293 155 
stack 7:    37 43 420 178 116 156 268 
stack 8:    362 99 246 476 490 7 96 
stack 9:    94 39 283 76 6 162 448 
stack 10:    458 474 24 478 255 35 287 
stack 11:    97 368 114 444 83 229 208 
stack 12:    270 463 207 225 48 401 230 
stack 13:    123 425 209 374 227 308 354 
stack 14:    492 276 375 417 418 430 347 
stack 15:    257 102 104 115 465 234 59 
stack 16:    385 358 397 100 189 452 192 
stack 17:    133 402 299 491 350 440 455 
stack 18:    384 341 340 28 172 196 157 
stack 19:    327 412 343 345 278 258 223 
stack 20:    75 334 134 272 128 266 316 
stack 21:    469 309 494 141 477 213 424 
stack 22:    166 450 85 280 58 140 169 
stack 23:    36 91 219 176 127 238 310 
stack 24:    371 364 67 218 267 25 175 
stack 25:    406 137 51 74 124 72 52 
stack 26:    410 252 151 33 131 291 286 
stack 27:    317 352 467 180 40 206 274 
stack 28:    388 167 321 129 391 109 480 
stack 29:    315 92 89 370 271 277 342 
stack 30:    16 475 459 407 26 148 357 
stack 31:    27 296 301 77 405 12 78 
stack 32:    396 20 149 265 171 121 14 
stack 33:    2 381 250 32 57 346 256 
stack 34:    164 294 382 4 232 108 61 
stack 35:    181 38 31 46 312 320 248 
stack 36:    398 404 112 319 431 194 81 
stack 37:    87 453 303 389 93 79 45 
stack 38:    158 13 355 311 456 300 282 
stack 39:    289 173 214 188 479 254 466 
stack 40:    55 462 64 482 231 485 150 
stack 41:    400 211 395 11 9 313 5 
stack 42:    17 445 290 86 44 253 239 
stack 43:    390 298 200 269 224 118 262 
stack 44:    330 222 426 449 416 297 428 
stack 45:    422 210 154 441 195 359 365 
stack 46:    275 56 344 41 202 487 54 
stack 47:    15 366 125 499 170 446 493 
stack 48:    215 62 179 233 399 226 163 
stack 49:    304 245 73 305 264 415 110 
stack 50:    240 472 98 386 212 331 247 
stack 51:    409 369 378 191 411 438 136 
stack 52:    295 0 473 106 30 263 373 
stack 53:    434 10 160 152 432 393 138 
stack 54:    470 292 363 165 324 457 184 
stack 55:    244 471 486 126 328 302 360 
stack 56:    82 216 442 42 273 488 495 
stack 57:    383 143 284 205 3 193 145 
stack 58:    461 279 288 203 237 113 135 
stack 59:    84 421 387 435 168 353 185 
stack 60:    142 259 23 335 414 249 49 
stack 61:    242 182 187 496 80 60 243 
stack 62:    433 70 90 228 88 261 132 
stack 63:    34 307 69 336 318 351 451 
stack 64:    468 429 63 204 423 356 117 
stack 65:    221 392 105 281 447 483 
stack 66:    497 139 413 348 437 481 103 
stack 67:    174 159 322 251 153 111 22 
stack 68:    484 323 338 339 198 186 144 
stack 69:    199 236 201 361 333 47 71 
stack 70:    314 436 1 376 332 
stack 71:    460 29 8 
stack 72:    161 50 217 
stack 73:    
stack 74:    
stack 75:    
stack 76:    
stack 77:    
stack 78:    
stack 79:    
stack 80:    
stack 81:    
stack 82:    
stack 83:    
stack 84:    
stack 85:    
stack 86:    
