lower bound for relaxed s_ij: 310017.68

#####################################################

solved with: SP.mip_formulations.BinPackingFormulation
time limit: 3600.0 s
time to solve: 511,60 s
objective value: 310020.12

stacks (top to bottom):
stack 0:    
stack 1:    
stack 2:    
stack 3:    
stack 4:    
stack 5:    5 
stack 6:    6 
stack 7:    7 
stack 8:    258 
stack 9:    330 263 47 469 72 304 
stack 10:    234 200 434 299 10 443 191 
stack 11:    444 366 264 203 85 357 353 
stack 12:    331 431 337 442 99 425 46 
stack 13:    456 243 187 82 55 338 45 
stack 14:    430 182 65 468 111 467 397 
stack 15:    499 217 202 161 211 232 206 
stack 16:    16 178 171 137 328 291 148 
stack 17:    114 113 372 101 120 95 194 
stack 18:    269 131 210 173 160 204 167 
stack 19:    199 237 426 164 176 478 68 
stack 20:    452 400 196 20 151 132 423 
stack 21:    364 327 475 489 441 317 484 
stack 22:    272 156 451 424 143 432 320 
stack 23:    298 172 358 184 42 401 413 
stack 24:    376 274 119 296 219 71 162 
stack 25:    275 297 159 323 335 293 60 
stack 26:    343 459 249 326 209 349 340 
stack 27:    494 321 149 92 477 318 347 
stack 28:    465 402 448 278 384 496 153 
stack 29:    410 472 79 446 309 421 314 
stack 30:    133 122 245 192 381 53 371 
stack 31:    483 115 98 438 416 490 457 
stack 32:    485 129 380 454 473 445 59 
stack 33:    108 461 135 466 105 312 106 
stack 34:    284 163 121 100 374 49 88 
stack 35:    76 78 492 75 409 35 140 
stack 36:    170 154 495 329 80 90 145 
stack 37:    319 190 180 493 332 61 227 
stack 38:    215 179 38 398 301 235 460 
stack 39:    377 429 239 212 303 39 396 
stack 40:    351 420 290 292 44 228 214 
stack 41:    188 174 41 450 362 412 356 
stack 42:    405 96 476 352 223 166 94 
stack 43:    342 387 341 386 177 458 488 
stack 44:    1 250 0 
stack 45:    251 
stack 46:    252 2 
stack 47:    3 
stack 48:    254 253 4 
stack 49:    255 
stack 50:    256 
stack 51:    257 
stack 52:    8 
stack 53:    147 295 289 37 9 259 260 
stack 54:    144 222 344 236 226 246 26 
stack 55:    77 383 261 186 491 141 11 
stack 56:    262 433 12 89 268 169 146 
stack 57:    453 305 414 360 242 66 13 
stack 58:    58 14 221 134 56 48 155 
stack 59:    265 15 482 407 308 283 336 
stack 60:    406 110 225 266 447 125 197 
stack 61:    17 463 198 126 67 183 267 
stack 62:    310 233 165 93 435 118 18 
stack 63:    325 195 104 142 241 86 19 
stack 64:    497 370 389 311 270 271 471 
stack 65:    395 229 378 365 21 411 130 
stack 66:    427 22 220 382 307 436 91 
stack 67:    157 273 23 64 54 367 43 
stack 68:    24 369 107 355 346 498 87 
stack 69:    361 339 345 322 393 25 479 
stack 70:    373 189 276 277 193 480 375 
stack 71:    449 313 428 470 27 306 138 
stack 72:    316 185 51 422 175 73 28 
stack 73:    29 279 417 224 218 74 300 
stack 74:    123 280 392 487 391 348 30 
stack 75:    404 399 294 281 31 379 32 
stack 76:    282 69 213 205 33 139 103 
stack 77:    418 403 158 57 419 354 216 
stack 78:    34 97 248 150 285 52 168 
stack 79:    231 350 102 201 70 240 62 
stack 80:    464 208 286 368 109 36 84 
stack 81:    455 415 334 63 359 288 287 
stack 82:    486 481 181 152 50 385 81 
stack 83:    394 83 437 333 128 440 244 
stack 84:    247 124 439 302 207 363 40 
stack 85:    116 127 315 136 230 324 117 
stack 86:    474 388 408 238 112 462 390 

#####################################################

solved with: SP.mip_formulations.ThreeIndexFormulation
Problem not solved.

#####################################################

solved with: SP.constructive_heuristics.GeneralHeuristic
time limit: 3600.0 s
time to solve: 0,00 s
objective value: 335927.58

stacks (top to bottom):
stack 0:    280 321 463 242 426 224 268 
stack 1:    188 319 387 333 125 424 349 
stack 2:    116 450 233 454 134 99 478 
stack 3:    483 298 294 255 136 175 413 
stack 4:    322 222 290 279 477 192 347 
stack 5:    158 444 487 223 460 207 328 
stack 6:    437 209 304 458 193 471 81 
stack 7:    180 493 102 219 301 220 440 
stack 8:    257 24 159 198 4 82 218 
stack 9:    406 76 157 485 376 270 488 
stack 10:    284 234 119 38 307 439 46 
stack 11:    474 16 286 335 293 479 194 
stack 12:    441 186 446 295 372 42 21 
stack 13:    108 63 400 55 33 106 306 
stack 14:    256 491 37 126 382 397 401 
stack 15:    395 185 358 247 13 435 197 
stack 16:    262 332 433 237 20 141 363 
stack 17:    282 427 431 341 296 432 216 
stack 18:    383 258 429 283 386 271 19 
stack 19:    405 297 236 329 409 25 60 
stack 20:    147 430 352 195 149 124 416 
stack 21:    464 373 403 228 213 62 52 
stack 22:    449 388 419 204 379 235 84 
stack 23:    133 170 127 315 438 230 371 
stack 24:    51 178 391 183 412 28 146 
stack 25:    461 215 252 44 495 385 153 
stack 26:    311 179 466 359 65 74 436 
stack 27:    355 445 346 340 128 155 167 
stack 28:    265 272 27 354 442 69 417 
stack 29:    370 365 165 348 462 140 26 
stack 30:    343 310 261 345 53 259 246 
stack 31:    248 334 89 240 357 54 86 
stack 32:    83 0 389 251 374 244 49 
stack 33:    250 231 100 326 177 375 227 
stack 34:    115 104 273 142 443 90 103 
stack 35:    17 418 57 71 353 11 169 
stack 36:    497 313 208 368 238 484 324 
stack 37:    275 470 292 309 468 384 425 
stack 38:    254 410 499 217 420 160 59 
stack 39:    123 210 274 415 221 473 143 
stack 40:    29 476 226 392 171 109 91 
stack 41:    414 22 201 191 30 490 138 
stack 42:    190 407 181 469 447 496 367 
stack 43:    402 492 114 161 318 118 95 
stack 44:    110 121 225 239 61 72 320 
stack 45:    189 75 344 467 396 302 40 
stack 46:    455 6 337 287 164 176 130 
stack 47:    7 96 78 202 66 67 166 
stack 48:    394 77 408 422 112 390 260 
stack 49:    172 362 9 36 381 120 73 
stack 50:    456 156 152 107 50 132 68 
stack 51:    229 489 79 8 113 285 148 
stack 52:    1 452 150 39 303 203 338 
stack 53:    459 330 263 480 32 423 411 
stack 54:    199 131 58 331 266 369 45 
stack 55:    361 34 472 276 232 299 206 
stack 56:    339 12 187 196 288 434 70 
stack 57:    465 80 314 35 94 356 267 
stack 58:    428 135 393 323 205 312 88 
stack 59:    316 399 211 93 253 48 5 
stack 60:    163 129 97 212 173 56 168 
stack 61:    249 342 269 243 200 64 2 
stack 62:    41 305 475 366 325 111 162 
stack 63:    327 494 3 23 281 101 137 
stack 64:    351 98 404 264 245 421 18 
stack 65:    481 482 451 336 43 300 457 
stack 66:    453 486 47 308 87 117 
stack 67:    15 350 278 277 105 214 241 
stack 68:    364 378 154 92 289 291 145 
stack 69:    174 380 448 317 151 85 139 
stack 70:    14 182 10 498 
stack 71:    398 
stack 72:    377 
stack 73:    360 31 
stack 74:    
stack 75:    122 
stack 76:    144 
stack 77:    
stack 78:    184 
stack 79:    
stack 80:    
stack 81:    
stack 82:    
stack 83:    
stack 84:    
stack 85:    
stack 86:    
