lower bound for relaxed s_ij: 310014.06

#####################################################

solved with: SP.mip_formulations.BinPackingFormulation
time limit: 3600.0 s
time to solve: 702,07 s
objective value: 310022.56

stacks (top to bottom):
stack 0:    0 
stack 1:    1 
stack 2:    
stack 3:    3 
stack 4:    
stack 5:    5 
stack 6:    6 
stack 7:    
stack 8:    
stack 9:    52 213 327 88 371 59 
stack 10:    93 242 169 406 196 69 153 
stack 11:    469 109 147 311 205 180 428 
stack 12:    363 149 157 399 343 167 81 
stack 13:    101 292 248 181 203 128 188 
stack 14:    488 106 438 154 358 357 14 
stack 15:    174 15 345 361 73 83 495 
stack 16:    229 267 202 192 389 148 16 
stack 17:    466 191 458 212 483 78 17 
stack 18:    175 97 114 75 19 135 335 
stack 19:    454 444 401 378 315 112 151 
stack 20:    270 152 385 415 91 395 240 
stack 21:    489 199 34 22 86 486 21 
stack 22:    299 207 446 218 450 347 177 
stack 23:    23 441 57 377 227 442 142 
stack 24:    411 364 359 346 387 392 158 
stack 25:    301 484 435 323 201 156 168 
stack 26:    497 461 443 228 26 333 332 
stack 27:    170 462 376 316 468 303 27 
stack 28:    487 414 353 313 61 183 28 
stack 29:    460 492 340 29 494 85 490 
stack 30:    470 496 480 326 184 63 498 
stack 31:    477 471 391 71 423 379 362 
stack 32:    413 32 134 432 224 421 209 
stack 33:    283 144 131 237 206 289 64 
stack 34:    380 45 116 334 220 67 214 
stack 35:    305 365 166 164 56 89 143 
stack 36:    138 349 43 119 481 195 223 
stack 37:    99 368 407 126 37 145 172 
stack 38:    474 336 104 100 231 234 369 
stack 39:    107 459 388 120 51 233 189 
stack 40:    110 425 310 111 338 160 449 
stack 41:    230 291 356 238 452 348 121 
stack 42:    396 382 304 232 429 245 351 
stack 43:    129 309 68 95 472 344 179 
stack 44:    250 
stack 45:    252 
stack 46:    251 2 
stack 47:    253 
stack 48:    254 4 
stack 49:    255 
stack 50:    256 
stack 51:    257 7 
stack 52:    8 258 
stack 53:    259 420 386 298 296 92 9 
stack 54:    293 307 260 322 276 10 294 
stack 55:    243 11 98 13 171 261 448 
stack 56:    12 226 58 262 163 297 127 
stack 57:    375 329 320 475 125 263 225 
stack 58:    55 360 370 103 141 264 339 
stack 59:    244 397 398 265 161 372 219 
stack 60:    266 137 162 485 54 155 42 
stack 61:    204 440 211 74 439 123 286 
stack 62:    268 325 18 136 198 426 124 
stack 63:    239 467 350 269 132 216 173 
stack 64:    108 102 25 159 210 87 20 
stack 65:    271 403 330 79 493 146 62 
stack 66:    455 200 417 366 272 341 324 
stack 67:    24 130 187 273 400 197 118 
stack 68:    115 342 70 491 402 434 274 
stack 69:    96 247 312 390 337 275 150 
stack 70:    436 447 221 76 408 457 48 
stack 71:    410 473 464 437 422 416 277 
stack 72:    394 278 431 419 236 367 374 
stack 73:    478 77 424 279 319 235 215 
stack 74:    280 321 412 418 373 49 30 
stack 75:    31 281 476 451 405 300 393 
stack 76:    282 409 404 384 65 82 354 
stack 77:    217 456 72 94 33 295 222 
stack 78:    60 90 284 47 117 445 308 
stack 79:    246 381 285 35 314 140 433 
stack 80:    249 139 105 53 36 453 306 
stack 81:    46 194 287 185 186 41 499 
stack 82:    38 66 208 328 318 352 288 
stack 83:    182 44 39 80 165 427 482 
stack 84:    463 290 317 84 331 113 40 
stack 85:    465 190 479 355 50 133 122 
stack 86:    193 430 383 302 241 178 176 

#####################################################

solved with: SP.mip_formulations.ThreeIndexFormulation
Problem not solved.

#####################################################

solved with: SP.constructive_heuristics.GeneralHeuristic
time limit: 3600.0 s
time to solve: 0,00 s
objective value: 336236.64

stacks (top to bottom):
stack 0:    489 55 239 266 77 446 219 
stack 1:    460 24 473 312 29 272 63 
stack 2:    375 411 313 362 338 334 490 
stack 3:    46 407 105 352 47 358 351 
stack 4:    455 497 53 33 434 136 449 
stack 5:    471 226 256 148 163 146 427 
stack 6:    267 34 242 224 384 252 371 
stack 7:    403 84 169 405 81 4 172 
stack 8:    291 418 337 196 332 482 27 
stack 9:    138 463 241 168 82 124 59 
stack 10:    229 99 398 275 48 347 433 
stack 11:    391 378 61 120 152 311 485 
stack 12:    282 270 185 287 133 231 223 
stack 13:    251 401 381 132 250 65 277 
stack 14:    396 370 141 137 295 21 42 
stack 15:    12 280 194 469 284 162 49 
stack 16:    230 5 430 402 62 261 214 
stack 17:    349 134 264 385 0 339 395 
stack 18:    199 414 157 325 372 205 374 
stack 19:    309 249 8 273 437 431 220 
stack 20:    368 114 271 318 326 495 155 
stack 21:    182 212 103 443 171 234 392 
stack 22:    488 238 184 419 135 30 324 
stack 23:    382 95 188 288 240 369 215 
stack 24:    301 310 350 44 98 297 333 
stack 25:    380 115 342 79 37 426 145 
stack 26:    38 420 389 359 265 343 143 
stack 27:    246 379 399 210 100 331 306 
stack 28:    475 192 32 366 74 176 123 
stack 29:    243 43 1 15 87 69 9 
stack 30:    360 129 472 279 245 177 64 
stack 31:    293 281 144 109 76 357 67 
stack 32:    68 478 179 367 263 150 393 
stack 33:    292 390 75 476 216 17 296 
stack 34:    474 248 181 228 483 452 289 
stack 35:    107 200 477 190 262 173 276 
stack 36:    244 496 255 412 35 227 442 
stack 37:    259 440 456 80 165 51 127 
stack 38:    470 166 131 206 408 197 83 
stack 39:    466 487 438 365 278 92 117 
stack 40:    71 39 285 50 18 198 308 
stack 41:    174 435 290 257 25 16 258 
stack 42:    363 461 345 480 36 294 498 
stack 43:    413 441 377 330 85 494 415 
stack 44:    207 128 221 253 161 213 406 
stack 45:    336 459 11 45 486 94 121 
stack 46:    217 156 491 86 183 72 2 
stack 47:    202 458 31 139 355 26 499 
stack 48:    97 260 462 376 41 73 457 
stack 49:    66 305 423 57 13 167 7 
stack 50:    110 383 302 126 286 28 493 
stack 51:    111 269 159 327 195 341 189 
stack 52:    96 247 299 268 424 453 40 
stack 53:    386 154 321 6 364 203 416 
stack 54:    320 409 307 52 208 187 328 
stack 55:    193 211 178 274 448 348 153 
stack 56:    93 164 298 147 481 315 10 
stack 57:    170 149 425 108 323 421 222 
stack 58:    60 340 451 116 322 88 233 
stack 59:    125 479 113 89 54 303 20 
stack 60:    106 283 78 236 118 14 319 
stack 61:    484 175 23 346 464 180 445 
stack 62:    394 447 142 209 354 158 140 
stack 63:    191 492 404 353 314 112 122 
stack 64:    467 232 304 361 400 186 225 
stack 65:    450 344 429 235 
stack 66:    101 436 388 417 317 432 428 
stack 67:    397 410 130 19 422 387 373 
stack 68:    329 90 356 316 468 151 
stack 69:    3 204 70 201 439 
stack 70:    454 102 58 465 160 300 91 
stack 71:    218 
stack 72:    56 237 335 
stack 73:    104 254 
stack 74:    444 
stack 75:    22 
stack 76:    
stack 77:    
stack 78:    119 
stack 79:    
stack 80:    
stack 81:    
stack 82:    
stack 83:    
stack 84:    
stack 85:    
stack 86:    
