lower bound for relaxed s_ij: 310037.12

#####################################################

solved with: SP.mip_formulations.BinPackingFormulation
time limit: 3600.0 s
time to solve: 519,18 s
objective value: 310037.12

stacks (top to bottom):
stack 0:    
stack 1:    1 251 
stack 2:    250 
stack 3:    
stack 4:    4 
stack 5:    5 
stack 6:    
stack 7:    
stack 8:    8 
stack 9:    383 119 189 111 490 192 
stack 10:    372 330 229 76 87 217 179 
stack 11:    11 95 341 364 242 169 145 
stack 12:    367 90 427 468 12 394 227 
stack 13:    15 131 459 405 125 141 205 
stack 14:    433 146 462 243 14 130 43 
stack 15:    323 494 265 391 398 345 176 
stack 16:    89 320 415 314 267 150 266 
stack 17:    161 235 154 73 60 215 47 
stack 18:    486 97 412 359 268 66 342 
stack 19:    334 116 226 196 171 418 19 
stack 20:    167 153 303 156 463 222 338 
stack 21:    354 271 382 214 403 378 352 
stack 22:    377 487 144 384 361 231 122 
stack 23:    423 299 325 31 291 457 105 
stack 24:    421 302 475 199 392 129 120 
stack 25:    232 25 402 400 275 324 108 
stack 26:    71 478 184 104 489 187 74 
stack 27:    277 353 135 485 430 84 304 
stack 28:    385 331 234 479 357 432 197 
stack 29:    300 279 318 455 447 188 56 
stack 30:    228 149 30 165 207 46 168 
stack 31:    157 240 417 395 327 186 344 
stack 32:    49 465 365 474 473 282 476 
stack 33:    360 283 148 72 138 88 127 
stack 34:    481 436 114 115 321 307 52 
stack 35:    351 386 35 401 147 170 55 
stack 36:    428 155 173 164 390 416 288 
stack 37:    200 467 317 496 107 442 64 
stack 38:    343 380 63 38 190 371 213 
stack 39:    337 451 363 238 142 103 233 
stack 40:    445 236 407 82 346 174 290 
stack 41:    211 396 340 175 172 58 336 
stack 42:    315 223 326 219 195 368 151 
stack 43:    379 92 356 414 296 362 86 
stack 44:    0 
stack 45:    
stack 46:    2 
stack 47:    3 254 253 252 
stack 48:    
stack 49:    255 
stack 50:    256 6 
stack 51:    257 7 
stack 52:    258 
stack 53:    393 264 259 136 91 117 9 
stack 54:    456 452 448 260 10 24 204 
stack 55:    471 106 440 370 312 261 263 
stack 56:    140 112 449 420 262 339 109 
stack 57:    216 166 381 310 48 406 13 
stack 58:    374 446 68 484 438 69 389 
stack 59:    470 41 124 16 70 426 350 
stack 60:    311 306 248 477 102 322 237 
stack 61:    54 198 437 57 50 94 17 
stack 62:    18 208 413 499 203 139 118 
stack 63:    269 358 23 335 220 366 409 
stack 64:    270 20 273 460 59 450 177 
stack 65:    244 159 387 349 316 206 21 
stack 66:    137 399 373 305 272 293 22 
stack 67:    443 404 369 225 202 411 193 
stack 68:    295 98 464 439 113 274 287 
stack 69:    461 276 191 313 224 221 239 
stack 70:    301 408 328 309 123 26 292 
stack 71:    410 491 454 27 480 441 469 
stack 72:    245 181 278 397 294 78 28 
stack 73:    212 332 348 209 29 65 101 
stack 74:    194 453 424 44 488 497 280 
stack 75:    281 158 429 134 128 152 81 
stack 76:    458 419 79 32 355 284 45 
stack 77:    51 435 133 493 230 482 33 
stack 78:    126 34 201 67 422 143 132 
stack 79:    247 375 425 388 285 163 249 
stack 80:    75 80 483 286 241 210 36 
stack 81:    83 85 77 62 37 53 93 
stack 82:    246 99 61 178 110 182 492 
stack 83:    495 42 39 289 218 347 498 
stack 84:    333 162 472 40 298 121 185 
stack 85:    308 297 100 319 183 444 431 
stack 86:    96 376 180 434 160 466 329 

#####################################################

solved with: SP.mip_formulations.ThreeIndexFormulation
Problem not solved.

#####################################################

solved with: SP.constructive_heuristics.GeneralHeuristic
time limit: 3600.0 s
time to solve: 0,00 s
objective value: 335879.1

stacks (top to bottom):
stack 0:    385 443 272 226 183 17 252 
stack 1:    245 126 166 420 449 321 222 
stack 2:    439 71 82 150 88 118 73 
stack 3:    458 356 401 147 438 204 182 
stack 4:    295 451 316 491 351 346 152 
stack 5:    99 395 327 22 237 292 411 
stack 6:    373 49 421 276 479 203 280 
stack 7:    96 246 194 309 123 16 191 
stack 8:    270 133 472 482 231 251 43 
stack 9:    140 119 445 238 305 425 394 
stack 10:    208 1 0 340 262 69 336 
stack 11:    470 379 97 459 323 298 249 
stack 12:    25 412 282 268 364 169 127 
stack 13:    232 228 446 153 386 35 488 
stack 14:    75 308 42 362 170 437 108 
stack 15:    363 116 303 418 130 391 93 
stack 16:    167 481 325 107 44 217 485 
stack 17:    11 413 326 279 59 105 492 
stack 18:    51 113 103 129 353 224 498 
stack 19:    189 39 27 225 285 341 403 
stack 20:    136 160 186 257 432 342 215 
stack 21:    244 209 294 366 345 28 253 
stack 22:    20 281 407 267 416 258 409 
stack 23:    461 206 436 396 55 368 151 
stack 24:    181 493 164 26 347 463 239 
stack 25:    18 165 402 219 78 227 176 
stack 26:    372 423 302 158 61 469 187 
stack 27:    283 114 374 278 310 171 430 
stack 28:    15 112 375 453 201 205 329 
stack 29:    300 58 265 33 13 109 338 
stack 30:    157 240 417 102 135 178 56 
stack 31:    137 408 319 202 38 389 74 
stack 32:    89 131 415 380 70 290 455 
stack 33:    410 83 23 424 67 143 398 
stack 34:    124 435 79 406 68 31 355 
stack 35:    85 161 5 87 289 213 117 
stack 36:    486 211 46 207 457 185 9 
stack 37:    477 331 80 196 214 480 132 
stack 38:    448 236 427 307 50 291 121 
stack 39:    393 343 328 478 233 255 287 
stack 40:    149 390 10 24 145 339 350 
stack 41:    259 277 489 21 110 442 47 
stack 42:    456 334 358 6 163 37 431 
stack 43:    299 495 349 367 173 86 397 
stack 44:    269 273 487 388 218 357 266 
stack 45:    301 234 365 63 496 138 242 
stack 46:    248 4 317 254 293 499 192 
stack 47:    306 370 146 452 77 250 361 
stack 48:    106 312 260 125 384 484 122 
stack 49:    3 95 115 172 426 179 177 
stack 50:    41 30 494 318 422 197 447 
stack 51:    360 467 199 220 286 473 210 
stack 52:    98 383 200 155 483 221 7 
stack 53:    419 381 314 144 175 450 81 
stack 54:    454 462 48 62 444 352 284 
stack 55:    464 434 261 392 120 66 36 
stack 56:    91 180 376 104 441 193 344 
stack 57:    330 382 54 359 460 12 52 
stack 58:    404 465 72 174 60 288 324 
stack 59:    337 247 322 64 188 304 263 
stack 60:    264 440 148 271 313 466 84 
stack 61:    320 216 229 141 111 134 45 
stack 62:    333 414 332 296 195 275 497 
stack 63:    471 90 2 474 154 156 101 
stack 64:    315 223 230 198 29 94 19 
stack 65:    354 8 235 429 190 371 490 
stack 66:    311 297 433 428 243 468 57 
stack 67:    162 76 14 378 128 476 168 
stack 68:    377 92 212 40 
stack 69:    256 159 399 369 335 139 
stack 70:    142 387 32 65 
stack 71:    100 475 241 
stack 72:    348 
stack 73:    400 
stack 74:    184 
stack 75:    405 53 
stack 76:    274 
stack 77:    34 
stack 78:    
stack 79:    
stack 80:    
stack 81:    
stack 82:    
stack 83:    
stack 84:    
stack 85:    
stack 86:    
