lower bound for relaxed s_ij: 310037.12

#####################################################

solved with: SP.mip_formulations.BinPackingFormulation
time limit: 3600.0 s
time to solve: 614,93 s
objective value: 310039.56

stacks (top to bottom):
stack 0:    
stack 1:    251 
stack 2:    2 
stack 3:    253 
stack 4:    4 254 
stack 5:    
stack 6:    255 
stack 7:    
stack 8:    8 
stack 9:    298 241 135 259 475 470 
stack 10:    260 448 386 159 356 441 188 
stack 11:    353 324 242 261 390 158 392 
stack 12:    454 109 350 380 75 476 262 
stack 13:    496 148 103 153 97 263 74 
stack 14:    387 497 444 332 146 237 226 
stack 15:    265 430 382 465 428 314 342 
stack 16:    99 170 312 191 85 88 169 
stack 17:    376 225 224 54 344 72 317 
stack 18:    354 385 227 164 86 434 268 
stack 19:    269 172 27 133 364 416 152 
stack 20:    55 325 239 449 142 104 270 
stack 21:    452 459 78 306 167 190 232 
stack 22:    22 302 485 195 294 93 309 
stack 23:    381 23 436 455 321 374 346 
stack 24:    292 179 198 137 440 379 297 
stack 25:    401 282 233 407 211 235 389 
stack 26:    276 446 139 71 26 311 168 
stack 27:    457 63 486 495 308 69 362 
stack 28:    83 45 494 144 491 339 176 
stack 29:    98 458 424 418 443 228 323 
stack 30:    280 484 464 328 197 113 126 
stack 31:    394 420 349 212 203 166 41 
stack 32:    413 360 487 490 129 326 70 
stack 33:    412 47 165 116 100 65 48 
stack 34:    91 160 94 111 205 156 107 
stack 35:    435 136 296 154 352 417 43 
stack 36:    147 131 348 238 192 206 84 
stack 37:    249 127 155 182 178 46 230 
stack 38:    288 499 246 234 173 204 368 
stack 39:    177 222 87 341 61 421 371 
stack 40:    92 66 207 73 68 336 134 
stack 41:    489 460 141 193 132 120 128 
stack 42:    453 200 196 185 180 498 76 
stack 43:    393 373 438 375 411 405 125 
stack 44:    250 0 
stack 45:    1 
stack 46:    252 
stack 47:    3 
stack 48:    5 
stack 49:    
stack 50:    256 257 6 
stack 51:    258 7 
stack 52:    
stack 53:    9 462 331 406 400 10 44 
stack 54:    471 357 469 403 322 335 377 
stack 55:    343 318 329 11 174 245 115 
stack 56:    367 12 163 432 358 492 338 
stack 57:    13 300 77 50 219 81 264 
stack 58:    14 171 248 229 307 427 52 
stack 59:    291 15 481 16 299 217 42 
stack 60:    463 402 355 474 266 221 17 
stack 61:    404 479 189 467 447 214 267 
stack 62:    333 378 423 18 112 397 388 
stack 63:    161 236 89 19 123 488 391 
stack 64:    64 366 186 157 20 49 90 
stack 65:    473 271 117 21 209 162 119 
stack 66:    433 184 272 383 102 59 151 
stack 67:    408 466 138 472 445 370 273 
stack 68:    274 24 130 118 330 25 181 
stack 69:    414 275 313 303 340 347 334 
stack 70:    247 240 35 218 345 277 231 
stack 71:    468 425 315 461 415 426 410 
stack 72:    278 143 28 216 53 482 95 
stack 73:    57 279 369 80 456 493 29 
stack 74:    223 108 409 281 30 60 478 
stack 75:    31 351 301 124 105 327 210 
stack 76:    32 67 437 79 62 442 243 
stack 77:    33 450 96 58 283 451 359 
stack 78:    483 316 140 284 101 34 419 
stack 79:    295 422 395 304 320 285 244 
stack 80:    286 199 36 480 183 175 439 
stack 81:    396 429 399 37 51 208 287 
stack 82:    202 150 363 114 38 215 319 
stack 83:    305 293 110 39 149 82 289 
stack 84:    145 213 56 220 361 290 40 
stack 85:    431 337 121 384 477 201 372 
stack 86:    187 106 398 194 122 310 365 

#####################################################

solved with: SP.mip_formulations.ThreeIndexFormulation
Problem not solved.

#####################################################

solved with: SP.constructive_heuristics.GeneralHeuristic
time limit: 3600.0 s
time to solve: 0,00 s
objective value: 335345.82

stacks (top to bottom):
stack 0:    32 141 193 376 309 244 44 
stack 1:    295 446 11 129 403 93 72 
stack 2:    14 109 459 170 491 128 261 
stack 3:    354 351 154 212 255 209 134 
stack 4:    433 55 50 239 116 389 60 
stack 5:    9 355 495 350 143 470 372 
stack 6:    202 360 469 172 490 81 266 
stack 7:    276 280 5 456 415 344 59 
stack 8:    103 36 80 466 112 273 317 
stack 9:    325 337 375 477 178 257 119 
stack 10:    463 219 26 8 326 115 390 
stack 11:    409 142 484 475 65 290 231 
stack 12:    284 400 58 190 102 283 168 
stack 13:    223 222 448 138 68 167 371 
stack 14:    288 423 207 205 426 1 40 
stack 15:    401 453 196 440 405 130 217 
stack 16:    71 165 357 384 365 451 397 
stack 17:    140 97 358 432 75 455 488 
stack 18:    292 77 135 210 416 335 107 
stack 19:    171 318 406 0 87 173 48 
stack 20:    422 320 187 424 294 465 62 
stack 21:    82 88 192 203 34 299 206 
stack 22:    286 324 127 200 498 194 221 
stack 23:    177 275 199 61 156 84 95 
stack 24:    108 111 18 28 370 356 232 
stack 25:    31 241 444 220 368 442 377 
stack 26:    304 249 438 235 25 17 42 
stack 27:    153 4 447 458 281 20 314 
stack 28:    298 157 248 149 159 253 359 
stack 29:    271 333 265 408 306 345 392 
stack 30:    353 39 452 240 308 174 226 
stack 31:    420 94 120 427 245 74 6 
stack 32:    431 27 51 213 67 70 450 
stack 33:    412 393 449 164 303 332 310 
stack 34:    489 404 305 64 331 369 410 
stack 35:    147 224 362 29 439 342 346 
stack 36:    471 282 198 398 201 230 7 
stack 37:    343 497 30 464 197 183 41 
stack 38:    496 479 233 487 234 123 243 
stack 39:    83 186 315 85 238 493 419 
stack 40:    2 218 461 69 472 169 421 
stack 41:    148 396 256 189 35 485 492 
stack 42:    136 418 150 399 114 211 152 
stack 43:    435 260 236 78 204 480 441 
stack 44:    258 76 122 319 118 251 188 
stack 45:    184 387 214 327 246 268 182 
stack 46:    110 92 227 208 313 146 340 
stack 47:    457 402 323 155 361 158 43 
stack 48:    381 378 132 380 339 216 482 
stack 49:    291 414 91 16 21 53 417 
stack 50:    274 47 373 285 228 215 125 
stack 51:    413 300 429 37 363 259 434 
stack 52:    22 250 12 229 386 73 445 
stack 53:    99 145 366 301 242 430 476 
stack 54:    316 278 307 237 264 311 52 
stack 55:    139 467 86 252 328 322 428 
stack 56:    57 494 144 348 312 23 176 
stack 57:    296 483 161 160 225 352 162 
stack 58:    98 121 180 100 267 270 181 
stack 59:    425 124 247 24 382 338 321 
stack 60:    462 454 279 499 38 106 56 
stack 61:    15 341 101 3 336 388 90 
stack 62:    13 33 486 191 437 383 330 
stack 63:    473 272 263 329 104 46 478 
stack 64:    460 89 302 195 54 436 151 
stack 65:    131 349 481 117 10 347 297 
stack 66:    179 185 254 137 287 379 126 
stack 67:    269 19 79 163 96 49 374 
stack 68:    468 395 385 289 277 391 262 
stack 69:    293 63 407 133 175 166 
stack 70:    45 66 474 105 364 113 
stack 71:    394 
stack 72:    443 411 334 
stack 73:    
stack 74:    367 
stack 75:    
stack 76:    
stack 77:    
stack 78:    
stack 79:    
stack 80:    
stack 81:    
stack 82:    
stack 83:    
stack 84:    
stack 85:    
stack 86:    
