lower bound for relaxed s_ij: 310009.18

#####################################################

solved with: SP.mip_formulations.BinPackingFormulation
time limit: 3600.0 s
time to solve: 953,46 s
objective value: 310014.06

stacks (top to bottom):
stack 0:    
stack 1:    
stack 2:    252 
stack 3:    253 
stack 4:    
stack 5:    
stack 6:    6 
stack 7:    7 
stack 8:    
stack 9:    226 415 67 259 237 198 
stack 10:    292 99 481 172 218 45 353 
stack 11:    162 147 84 356 60 109 311 
stack 12:    494 424 418 12 383 77 293 
stack 13:    249 148 58 153 399 405 13 
stack 14:    90 120 397 232 334 184 163 
stack 15:    466 161 155 478 302 98 453 
stack 16:    305 394 233 225 191 328 236 
stack 17:    220 83 437 222 219 395 102 
stack 18:    53 42 488 364 362 268 18 
stack 19:    139 474 444 452 20 228 223 
stack 20:    316 300 462 168 439 363 151 
stack 21:    101 201 271 230 189 176 122 
stack 22:    339 76 82 208 272 298 178 
stack 23:    412 369 39 403 125 273 427 
stack 24:    434 408 227 425 407 187 185 
stack 25:    294 275 97 477 25 373 342 
stack 26:    368 224 331 229 323 341 167 
stack 27:    333 337 343 349 347 338 80 
stack 28:    419 497 463 482 329 306 145 
stack 29:    467 247 377 279 450 345 57 
stack 30:    440 492 391 433 330 388 280 
stack 31:    459 103 479 126 398 231 389 
stack 32:    93 131 44 385 358 141 335 
stack 33:    235 426 327 216 34 498 496 
stack 34:    297 396 213 173 143 116 214 
stack 35:    303 386 295 193 107 35 431 
stack 36:    51 468 68 436 65 196 480 
stack 37:    470 81 387 469 194 49 142 
stack 38:    89 188 114 379 322 332 432 
stack 39:    203 152 181 133 171 435 92 
stack 40:    416 414 50 471 491 202 455 
stack 41:    119 307 348 296 183 367 350 
stack 42:    417 186 46 429 100 211 52 
stack 43:    64 321 472 381 165 136 132 
stack 44:    250 0 
stack 45:    251 1 
stack 46:    3 2 
stack 47:    
stack 48:    254 4 
stack 49:    255 5 
stack 50:    256 
stack 51:    257 
stack 52:    8 258 
stack 53:    154 205 61 410 241 192 9 
stack 54:    10 361 260 456 43 66 71 
stack 55:    344 393 11 199 180 400 261 
stack 56:    320 85 248 234 473 460 262 
stack 57:    14 74 301 242 486 263 392 
stack 58:    372 264 15 113 88 108 134 
stack 59:    266 169 340 207 73 63 265 
stack 60:    443 16 32 402 493 413 446 
stack 61:    17 267 442 485 310 401 30 
stack 62:    158 352 129 366 118 209 159 
stack 63:    138 19 269 123 448 326 308 
stack 64:    21 287 221 210 95 270 111 
stack 65:    96 380 360 137 406 190 317 
stack 66:    378 55 336 318 22 304 313 
stack 67:    117 445 390 240 56 490 23 
stack 68:    464 24 458 476 274 489 212 
stack 69:    487 465 175 309 484 371 314 
stack 70:    215 62 135 75 26 27 276 
stack 71:    430 351 166 495 357 47 277 
stack 72:    149 278 441 177 28 312 182 
stack 73:    29 206 91 355 150 72 423 
stack 74:    86 324 421 382 422 197 420 
stack 75:    105 374 160 140 244 281 31 
stack 76:    299 164 87 282 112 195 170 
stack 77:    79 461 354 404 409 283 33 
stack 78:    411 217 94 365 146 284 128 
stack 79:    447 238 69 104 144 285 243 
stack 80:    483 290 454 157 359 286 36 
stack 81:    315 121 499 54 457 451 37 
stack 82:    370 110 70 246 179 288 38 
stack 83:    124 239 156 289 384 78 319 
stack 84:    438 200 325 204 375 40 115 
stack 85:    41 130 449 291 245 127 428 
stack 86:    376 48 346 475 106 174 59 

#####################################################

solved with: SP.mip_formulations.ThreeIndexFormulation
Problem not solved.

#####################################################

solved with: SP.constructive_heuristics.GeneralHeuristic
time limit: 3600.0 s
time to solve: 0,00 s
objective value: 335727.6

stacks (top to bottom):
stack 0:    369 474 460 422 173 49 142 
stack 1:    487 81 148 499 274 342 489 
stack 2:    3 124 464 137 231 262 286 
stack 3:    473 168 67 381 388 177 496 
stack 4:    21 364 133 497 219 214 312 
stack 5:    251 47 348 153 116 174 431 
stack 6:    316 138 69 436 283 389 441 
stack 7:    372 135 29 76 358 311 353 
stack 8:    200 50 466 129 256 273 349 
stack 9:    333 486 340 102 176 36 28 
stack 10:    344 175 189 109 43 383 427 
stack 11:    287 269 254 437 179 25 66 
stack 12:    89 161 325 27 279 52 420 
stack 13:    53 351 447 260 495 213 56 
stack 14:    51 295 117 291 484 18 395 
stack 15:    215 156 289 165 106 13 71 
stack 16:    465 139 300 246 302 150 134 
stack 17:    149 292 301 91 194 314 111 
stack 18:    240 479 387 123 59 80 392 
stack 19:    68 20 84 263 241 136 122 
stack 20:    208 462 337 184 225 493 77 
stack 21:    227 115 476 453 0 261 92 
stack 22:    17 461 481 396 259 456 326 
stack 23:    62 403 24 70 181 72 450 
stack 24:    14 166 103 113 145 284 38 
stack 25:    443 61 204 458 356 407 323 
stack 26:    414 352 218 192 268 405 2 
stack 27:    393 11 32 296 363 151 491 
stack 28:    440 307 391 143 127 313 182 
stack 29:    75 162 228 237 332 288 498 
stack 30:    320 96 318 6 398 480 319 
stack 31:    186 346 60 9 229 425 141 
stack 32:    257 445 304 88 196 306 446 
stack 33:    55 294 42 278 359 126 322 
stack 34:    470 220 83 451 423 401 335 
stack 35:    114 205 424 334 171 394 365 
stack 36:    82 418 121 233 223 250 146 
stack 37:    438 249 258 64 199 37 341 
stack 38:    8 339 327 385 211 63 276 
stack 39:    459 374 160 281 35 108 45 
stack 40:    239 376 235 310 178 78 455 
stack 41:    95 397 7 421 329 457 328 
stack 42:    79 361 41 238 382 482 170 
stack 43:    39 107 494 321 375 402 5 
stack 44:    378 226 255 452 172 207 224 
stack 45:    275 449 362 409 15 360 252 
stack 46:    26 305 94 315 366 317 30 
stack 47:    416 467 201 272 209 280 432 
stack 48:    303 299 154 195 202 373 57 
stack 49:    412 130 488 463 471 277 253 
stack 50:    86 267 309 271 410 435 400 
stack 51:    101 434 475 331 185 298 34 
stack 52:    386 290 157 104 23 128 293 
stack 53:    99 354 454 19 264 65 490 
stack 54:    417 16 112 118 144 198 163 
stack 55:    430 390 336 244 469 428 448 
stack 56:    48 44 100 429 426 384 159 
stack 57:    10 216 187 243 236 285 265 
stack 58:    483 1 119 433 58 97 222 
stack 59:    87 266 242 248 297 379 338 
stack 60:    468 444 206 282 245 190 98 
stack 61:    46 40 54 399 347 308 31 
stack 62:    125 411 155 343 472 230 413 
stack 63:    85 74 147 183 380 355 345 
stack 64:    164 110 203 324 367 439 12 
stack 65:    120 158 234 442 485 132 4 
stack 66:    210 492 330 191 180 350 33 
stack 67:    419 232 221 152 406 371 478 
stack 68:    93 368 131 415 477 167 212 
stack 69:    370 140 270 22 
stack 70:    105 357 
stack 71:    90 404 217 73 
stack 72:    188 193 169 
stack 73:    
stack 74:    247 377 408 
stack 75:    
stack 76:    
stack 77:    
stack 78:    197 
stack 79:    
stack 80:    
stack 81:    
stack 82:    
stack 83:    
stack 84:    
stack 85:    
stack 86:    
