lower bound for relaxed s_ij: 310032.24

#####################################################

solved with: SP.mip_formulations.BinPackingFormulation
time limit: 3600.0 s
time to solve: 449,12 s
objective value: 310034.68

stacks (top to bottom):
stack 0:    
stack 1:    250 
stack 2:    
stack 3:    3 
stack 4:    4 
stack 5:    5 
stack 6:    
stack 7:    258 
stack 8:    
stack 9:    82 95 362 176 241 259 
stack 10:    437 237 211 260 409 163 295 
stack 11:    117 179 11 411 101 104 79 
stack 12:    155 124 432 71 78 81 12 
stack 13:    146 353 87 59 13 172 396 
stack 14:    310 53 42 39 14 167 356 
stack 15:    484 383 15 399 462 334 326 
stack 16:    445 390 158 73 339 286 486 
stack 17:    70 223 407 197 429 242 267 
stack 18:    363 238 270 221 191 268 186 
stack 19:    199 201 86 322 69 350 333 
stack 20:    345 140 473 113 226 122 389 
stack 21:    75 23 493 93 442 202 110 
stack 22:    436 424 405 22 300 338 103 
stack 23:    192 114 402 369 249 292 273 
stack 24:    378 463 60 193 387 189 401 
stack 25:    178 403 296 340 320 397 275 
stack 26:    294 379 374 382 182 364 332 
stack 27:    315 205 206 421 288 27 475 
stack 28:    417 248 408 228 438 28 317 
stack 29:    476 149 306 461 220 125 487 
stack 30:    30 200 412 62 147 168 459 
stack 31:    448 31 370 365 94 74 137 
stack 32:    35 314 45 355 184 468 151 
stack 33:    485 80 33 298 144 204 175 
stack 34:    246 232 196 159 145 376 212 
stack 35:    482 49 483 341 227 233 44 
stack 36:    368 377 133 458 413 367 469 
stack 37:    460 287 431 105 143 180 88 
stack 38:    203 185 496 106 235 406 214 
stack 39:    361 430 89 489 319 108 225 
stack 40:    471 131 57 119 328 157 135 
stack 41:    494 450 50 304 153 492 90 
stack 42:    139 130 360 415 344 166 92 
stack 43:    218 422 470 419 222 398 115 
stack 44:    0 
stack 45:    252 251 1 
stack 46:    2 
stack 47:    253 
stack 48:    254 
stack 49:    255 
stack 50:    6 
stack 51:    256 257 7 
stack 52:    8 
stack 53:    61 9 391 171 358 109 301 
stack 54:    479 154 118 10 309 229 162 
stack 55:    261 55 297 195 464 239 224 
stack 56:    466 262 126 51 490 343 455 
stack 57:    234 410 188 441 271 263 141 
stack 58:    264 181 478 313 164 384 337 
stack 59:    129 265 84 245 215 52 85 
stack 60:    348 217 266 453 47 46 16 
stack 61:    56 64 443 318 327 183 17 
stack 62:    48 18 269 388 97 277 380 
stack 63:    169 425 434 207 346 231 19 
stack 64:    302 174 20 236 457 393 354 
stack 65:    134 111 404 472 99 58 21 
stack 66:    351 352 76 272 366 138 136 
stack 67:    435 454 66 244 177 336 65 
stack 68:    72 24 274 480 216 210 165 
stack 69:    194 25 420 359 209 449 112 
stack 70:    213 323 121 357 331 276 26 
stack 71:    342 148 142 400 160 488 329 
stack 72:    243 428 325 347 278 392 100 
stack 73:    452 395 77 446 423 279 29 
stack 74:    316 305 230 481 293 123 280 
stack 75:    281 373 324 491 43 116 321 
stack 76:    63 83 32 161 67 190 282 
stack 77:    451 499 495 283 247 467 284 
stack 78:    381 208 311 173 349 416 34 
stack 79:    385 330 285 156 372 68 439 
stack 80:    394 456 98 335 150 54 36 
stack 81:    37 418 426 128 465 447 170 
stack 82:    96 427 440 477 132 312 38 
stack 83:    198 386 371 102 375 289 187 
stack 84:    290 40 307 152 433 127 91 
stack 85:    444 240 291 107 120 41 498 
stack 86:    308 303 299 414 497 474 219 

#####################################################

solved with: SP.mip_formulations.ThreeIndexFormulation
Problem not solved.

#####################################################

solved with: SP.constructive_heuristics.GeneralHeuristic
time limit: 3600.0 s
time to solve: 0,00 s
objective value: 335376.12

stacks (top to bottom):
stack 0:    129 25 300 28 209 12 284 
stack 1:    248 408 205 288 260 259 486 
stack 2:    394 481 483 51 339 480 94 
stack 3:    281 24 133 371 318 235 152 
stack 4:    253 458 341 289 490 239 406 
stack 5:    287 206 278 449 165 168 392 
stack 6:    155 84 23 215 465 103 459 
stack 7:    35 427 441 22 140 113 58 
stack 8:    279 352 230 477 353 286 276 
stack 9:    368 325 496 176 269 222 143 
stack 10:    243 484 48 10 144 244 267 
stack 11:    3 174 86 404 183 326 19 
stack 12:    96 5 119 396 99 393 100 
stack 13:    30 52 447 359 170 125 17 
stack 14:    178 379 245 81 257 332 85 
stack 15:    432 381 320 132 142 400 275 
stack 16:    77 32 454 161 145 14 193 
stack 17:    258 446 377 250 231 195 26 
stack 18:    479 228 297 31 462 358 389 
stack 19:    494 466 316 149 123 467 0 
stack 20:    435 33 291 156 181 204 110 
stack 21:    444 101 55 390 252 251 282 
stack 22:    61 217 76 20 497 29 384 
stack 23:    192 314 57 36 219 44 16 
stack 24:    213 194 492 147 329 356 7 
stack 25:    50 169 386 335 185 171 41 
stack 26:    63 126 223 402 330 105 141 
stack 27:    188 153 122 268 416 8 277 
stack 28:    485 15 93 331 187 256 321 
stack 29:    117 290 434 474 43 464 229 
stack 30:    456 346 106 69 387 241 163 
stack 31:    45 323 274 355 167 472 280 
stack 32:    363 240 445 102 107 365 65 
stack 33:    134 299 80 18 489 337 225 
stack 34:    9 424 2 491 440 473 182 
stack 35:    130 238 54 73 226 158 468 
stack 36:    437 302 360 293 255 180 317 
stack 37:    83 375 201 109 409 242 319 
stack 38:    211 246 207 443 159 68 295 
stack 39:    124 6 357 191 469 488 112 
stack 40:    499 64 270 227 349 433 309 
stack 41:    450 218 430 199 370 189 116 
stack 42:    234 294 410 114 345 374 128 
stack 43:    98 62 136 236 135 151 88 
stack 44:    415 60 249 463 429 398 498 
stack 45:    265 78 328 312 224 313 475 
stack 46:    305 373 59 216 343 38 202 
stack 47:    56 82 413 150 347 453 157 
stack 48:    452 422 322 327 419 372 333 
stack 49:    395 460 428 411 272 420 1 
stack 50:    310 334 173 87 91 478 212 
stack 51:    232 431 298 177 4 175 380 
stack 52:    351 348 131 121 412 47 46 
stack 53:    403 418 382 461 487 21 90 
stack 54:    154 70 11 40 470 285 263 
stack 55:    37 71 221 210 74 27 233 
stack 56:    237 405 383 198 262 184 172 
stack 57:    423 271 391 197 166 388 164 
stack 58:    303 385 118 66 92 401 439 
stack 59:    361 203 42 369 407 442 376 
stack 60:    261 75 208 148 493 367 457 
stack 61:    417 72 49 304 266 104 137 
stack 62:    451 95 179 283 362 97 115 
stack 63:    471 476 426 338 220 366 354 
stack 64:    378 146 120 307 350 336 162 
stack 65:    296 324 340 13 247 301 455 
stack 66:    308 342 160 186 34 127 214 
stack 67:    315 306 414 311 254 190 397 
stack 68:    139 425 438 399 53 292 273 
stack 69:    448 111 344 39 495 67 89 
stack 70:    196 79 
stack 71:    421 264 108 
stack 72:    200 364 138 
stack 73:    436 482 
stack 74:    
stack 75:    
stack 76:    
stack 77:    
stack 78:    
stack 79:    
stack 80:    
stack 81:    
stack 82:    
stack 83:    
stack 84:    
stack 85:    
stack 86:    
