lower bound for relaxed s_ij: 310015.24

#####################################################

solved with: SP.mip_formulations.BinPackingFormulation
time limit: 3600.0 s
time to solve: 1003,59 s
objective value: 310022.56

stacks (top to bottom):
stack 0:    
stack 1:    1 
stack 2:    
stack 3:    
stack 4:    254 
stack 5:    255 
stack 6:    
stack 7:    7 
stack 8:    8 
stack 9:    259 211 449 203 172 375 
stack 10:    386 321 67 94 260 85 486 
stack 11:    261 330 236 181 131 389 369 
stack 12:    354 109 429 387 383 151 12 
stack 13:    385 263 123 217 200 400 353 
stack 14:    264 284 314 142 141 358 424 
stack 15:    402 87 456 368 190 132 265 
stack 16:    17 204 175 216 199 229 187 
stack 17:    452 36 242 42 445 208 163 
stack 18:    160 134 312 439 350 269 137 
stack 19:    487 377 148 405 426 44 220 
stack 20:    298 467 373 223 121 451 81 
stack 21:    443 82 80 361 21 195 153 
stack 22:    379 301 247 306 288 173 72 
stack 23:    420 23 122 178 378 273 458 
stack 24:    309 474 140 496 444 278 128 
stack 25:    399 157 316 100 52 352 414 
stack 26:    26 93 423 372 333 317 430 
stack 27:    388 419 407 416 296 433 408 
stack 28:    438 453 318 65 491 329 326 
stack 29:    29 427 180 404 346 327 300 
stack 30:    466 374 76 221 191 322 299 
stack 31:    478 144 338 194 294 481 155 
stack 32:    492 391 207 79 315 362 108 
stack 33:    184 482 411 192 74 46 351 
stack 34:    165 75 417 249 125 409 73 
stack 35:    213 129 57 297 469 86 169 
stack 36:    485 147 95 69 185 189 170 
stack 37:    497 418 135 348 193 176 37 
stack 38:    138 68 432 347 58 393 206 
stack 39:    39 133 112 412 289 114 53 
stack 40:    174 304 60 468 196 244 47 
stack 41:    483 311 473 461 233 91 41 
stack 42:    490 214 394 365 202 295 149 
stack 43:    425 359 71 471 84 313 102 
stack 44:    250 
stack 45:    0 251 
stack 46:    252 2 
stack 47:    253 
stack 48:    4 3 
stack 49:    5 
stack 50:    6 256 
stack 51:    257 
stack 52:    258 
stack 53:    360 9 51 331 110 197 59 
stack 54:    225 356 70 10 397 484 83 
stack 55:    168 470 241 55 401 11 105 
stack 56:    262 494 218 226 335 464 127 
stack 57:    363 355 64 489 43 13 152 
stack 58:    14 328 198 90 45 441 210 
stack 59:    266 325 145 227 177 150 15 
stack 60:    78 371 161 117 16 179 156 
stack 61:    370 396 340 154 344 267 18 
stack 62:    231 106 268 166 245 475 437 
stack 63:    119 434 107 367 99 307 19 
stack 64:    270 32 20 271 332 212 34 
stack 65:    303 446 118 272 162 66 339 
stack 66:    136 54 435 431 455 22 98 
stack 67:    232 186 334 442 239 357 277 
stack 68:    308 146 310 440 274 24 345 
stack 69:    292 476 376 275 25 246 479 
stack 70:    276 447 237 462 290 291 209 
stack 71:    343 92 498 382 460 27 111 
stack 72:    104 384 182 398 28 477 493 
stack 73:    454 349 31 323 77 130 279 
stack 74:    280 364 302 48 96 406 30 
stack 75:    88 248 413 366 410 281 124 
stack 76:    113 392 380 159 282 390 342 
stack 77:    33 450 305 283 56 319 293 
stack 78:    499 459 403 171 126 243 158 
stack 79:    457 224 35 320 488 436 285 
stack 80:    480 115 286 336 50 337 143 
stack 81:    103 120 240 116 422 415 287 
stack 82:    164 395 222 61 89 38 463 
stack 83:    234 324 230 63 228 101 139 
stack 84:    40 472 215 97 238 205 235 
stack 85:    448 201 341 421 381 219 49 
stack 86:    188 62 183 495 465 428 167 

#####################################################

solved with: SP.mip_formulations.ThreeIndexFormulation
Problem not solved.

#####################################################

solved with: SP.constructive_heuristics.GeneralHeuristic
time limit: 3600.0 s
time to solve: 0,00 s
objective value: 334739.82

stacks (top to bottom):
stack 0:    26 447 103 134 253 195 345 
stack 1:    119 20 242 272 247 45 288 
stack 2:    418 88 35 491 131 110 322 
stack 3:    23 492 68 380 261 1 347 
stack 4:    478 363 378 462 84 282 91 
stack 5:    0 54 130 227 64 200 8 
stack 6:    168 470 449 343 193 273 414 
stack 7:    160 280 294 221 209 362 155 
stack 8:    311 33 405 313 461 290 236 
stack 9:    309 448 303 381 440 409 72 
stack 10:    266 473 79 27 389 163 206 
stack 11:    459 407 185 356 132 251 441 
stack 12:    371 216 316 199 260 375 19 
stack 13:    344 87 36 434 4 401 177 
stack 14:    466 129 211 264 171 126 353 
stack 15:    379 286 304 377 307 306 15 
stack 16:    184 467 159 281 330 274 143 
stack 17:    308 474 75 423 367 208 151 
stack 18:    77 425 321 476 218 3 37 
stack 19:    231 48 422 166 291 181 319 
stack 20:    480 71 301 116 335 24 327 
stack 21:    146 452 5 365 202 445 433 
stack 22:    109 359 271 183 198 296 265 
stack 23:    133 248 203 224 52 415 329 
stack 24:    490 214 147 403 255 400 408 
stack 25:    399 275 178 21 479 451 53 
stack 26:    454 241 232 162 90 477 13 
stack 27:    483 58 432 108 287 139 167 
stack 28:    174 412 215 233 172 43 189 
stack 29:    188 435 489 86 173 149 285 
stack 30:    354 370 55 263 70 297 156 
stack 31:    361 450 96 12 44 464 228 
stack 32:    39 411 471 60 426 114 351 
stack 33:    497 164 334 63 246 277 245 
stack 34:    76 74 468 317 310 125 436 
stack 35:    117 395 312 252 65 235 326 
stack 36:    154 67 230 238 22 127 481 
stack 37:    420 292 136 69 187 488 486 
stack 38:    31 104 141 57 217 128 30 
stack 39:    32 368 333 42 196 205 484 
stack 40:    237 120 487 161 324 222 38 
stack 41:    298 80 283 41 212 101 152 
stack 42:    402 186 6 444 150 300 475 
stack 43:    374 338 157 391 438 453 51 
stack 44:    213 115 234 192 328 28 223 
stack 45:    17 392 9 463 293 299 59 
stack 46:    396 482 175 387 465 239 369 
stack 47:    62 431 372 66 249 98 197 
stack 48:    204 148 100 180 413 244 220 
stack 49:    360 499 142 123 243 416 424 
stack 50:    106 349 7 99 295 339 105 
stack 51:    78 82 138 268 191 342 34 
stack 52:    270 472 289 404 498 81 179 
stack 53:    140 496 385 419 397 2 83 
stack 54:    144 323 341 46 394 137 393 
stack 55:    457 135 11 107 348 493 170 
stack 56:    165 14 92 318 315 269 16 
stack 57:    364 439 382 124 89 337 153 
stack 58:    207 226 428 332 176 430 437 
stack 59:    485 314 279 254 469 169 458 
stack 60:    259 386 262 250 376 494 18 
stack 61:    340 93 456 398 229 50 111 
stack 62:    201 388 182 325 219 190 49 
stack 63:    429 336 102 410 305 352 406 
stack 64:    113 194 97 455 373 346 258 
stack 65:    443 118 122 112 240 61 390 
stack 66:    284 267 158 358 
stack 67:    225 384 442 278 47 121 357 
stack 68:    276 40 427 366 73 256 210 
stack 69:    257 446 355 94 25 350 460 
stack 70:    95 10 
stack 71:    495 417 320 85 331 
stack 72:    302 56 
stack 73:    421 
stack 74:    29 383 
stack 75:    
stack 76:    145 
stack 77:    
stack 78:    
stack 79:    
stack 80:    
stack 81:    
stack 82:    
stack 83:    
stack 84:    
stack 85:    
stack 86:    
