lower bound for relaxed s_ij: 310018.94

#####################################################

solved with: SP.mip_formulations.BinPackingFormulation
time limit: 3600.0 s
time to solve: 483,10 s
objective value: 310029.88

stacks (top to bottom):
stack 0:    0 250 
stack 1:    
stack 2:    251 
stack 3:    3 
stack 4:    254 
stack 5:    255 
stack 6:    
stack 7:    257 
stack 8:    8 
stack 9:    469 375 195 9 173 398 
stack 10:    364 264 196 377 356 59 10 
stack 11:    185 492 369 439 215 330 261 
stack 12:    54 12 341 39 424 229 350 
stack 13:    447 161 102 263 397 231 87 
stack 14:    219 65 175 413 445 14 177 
stack 15:    462 109 209 193 451 334 346 
stack 16:    266 348 61 189 131 458 429 
stack 17:    430 221 436 145 271 267 367 
stack 18:    405 57 390 127 217 135 268 
stack 19:    412 234 129 146 37 409 269 
stack 20:    239 270 230 226 160 310 142 
stack 21:    311 467 475 411 355 247 21 
stack 22:    272 294 296 112 340 316 304 
stack 23:    381 312 420 202 248 464 323 
stack 24:    331 172 470 401 157 437 148 
stack 25:    370 223 386 379 365 220 275 
stack 26:    418 419 363 353 76 303 203 
stack 27:    490 479 476 128 67 428 422 
stack 28:    28 378 126 107 88 385 326 
stack 29:    484 315 123 376 443 77 444 
stack 30:    374 194 73 280 165 32 212 
stack 31:    457 432 481 62 461 450 459 
stack 32:    474 84 163 95 49 487 389 
stack 33:    283 383 64 111 85 115 70 
stack 34:    34 104 465 94 210 48 93 
stack 35:    207 478 238 358 345 190 227 
stack 36:    55 332 360 393 351 224 317 
stack 37:    344 287 434 388 162 373 75 
stack 38:    225 66 41 394 42 56 448 
stack 39:    456 218 335 181 68 337 441 
stack 40:    336 426 121 205 103 105 50 
stack 41:    391 313 496 408 460 92 305 
stack 42:    187 240 404 158 156 245 120 
stack 43:    79 328 183 125 472 371 402 
stack 44:    
stack 45:    1 2 
stack 46:    252 
stack 47:    253 
stack 48:    4 
stack 49:    5 
stack 50:    6 256 
stack 51:    7 
stack 52:    258 
stack 53:    354 186 259 78 63 343 11 
stack 54:    213 188 108 44 132 124 260 
stack 55:    167 17 338 151 71 149 249 
stack 56:    74 69 214 318 262 174 110 
stack 57:    114 228 101 406 46 13 178 
stack 58:    98 86 431 279 80 265 243 
stack 59:    206 192 100 15 164 483 400 
stack 60:    16 169 298 291 144 293 171 
stack 61:    159 53 184 182 435 427 45 
stack 62:    18 485 410 179 216 498 320 
stack 63:    19 384 494 285 241 106 90 
stack 64:    139 134 299 168 244 20 421 
stack 65:    297 463 453 438 96 197 491 
stack 66:    468 347 302 198 180 352 22 
stack 67:    452 314 449 138 446 273 23 
stack 68:    51 274 43 24 137 143 237 
stack 69:    349 433 324 339 25 499 366 
stack 70:    395 387 26 276 199 392 99 
stack 71:    277 27 455 471 440 82 153 
stack 72:    396 454 235 321 278 117 113 
stack 73:    47 425 329 322 29 333 200 
stack 74:    488 480 417 362 489 30 130 
stack 75:    152 211 72 116 281 416 31 
stack 76:    232 97 122 204 282 236 119 
stack 77:    342 301 133 493 359 33 83 
stack 78:    442 155 170 407 284 58 233 
stack 79:    242 201 154 35 482 477 222 
stack 80:    380 466 414 325 423 36 286 
stack 81:    208 147 473 166 136 300 141 
stack 82:    403 306 150 319 246 38 288 
stack 83:    118 191 140 292 289 327 308 
stack 84:    399 91 40 368 290 497 357 
stack 85:    89 295 382 486 176 372 361 
stack 86:    415 309 60 495 307 81 52 

#####################################################

solved with: SP.mip_formulations.ThreeIndexFormulation
Problem not solved.

#####################################################

solved with: SP.constructive_heuristics.GeneralHeuristic
time limit: 3600.0 s
time to solve: 0,00 s
objective value: 336569.94

stacks (top to bottom):
stack 0:    447 74 369 475 72 162 361 
stack 1:    436 160 40 82 135 269 119 
stack 2:    185 152 126 284 345 128 409 
stack 3:    274 7 281 419 350 249 113 
stack 4:    395 474 65 244 193 443 275 
stack 5:    175 5 388 453 327 464 31 
stack 6:    481 241 37 125 427 450 435 
stack 7:    488 15 231 33 262 448 204 
stack 8:    364 396 381 102 201 250 90 
stack 9:    12 412 208 307 394 117 243 
stack 10:    454 235 127 124 410 482 368 
stack 11:    467 295 194 289 176 367 346 
stack 12:    354 199 407 67 440 385 99 
stack 13:    439 246 263 342 210 422 236 
stack 14:    161 387 457 157 62 148 256 
stack 15:    266 276 254 493 222 149 459 
stack 16:    159 57 272 123 248 189 233 
stack 17:    150 319 138 462 330 323 32 
stack 18:    19 98 479 473 226 371 282 
stack 19:    186 417 296 423 255 485 8 
stack 20:    336 251 486 111 334 460 389 
stack 21:    311 469 470 324 78 408 428 
stack 22:    116 168 84 229 316 320 130 
stack 23:    219 18 363 261 441 357 288 
stack 24:    430 1 433 431 489 58 106 
stack 25:    79 155 13 182 217 50 343 
stack 26:    51 341 420 163 353 444 115 
stack 27:    167 181 415 68 406 170 421 
stack 28:    452 411 214 234 100 321 142 
stack 29:    492 198 315 4 3 76 308 
stack 30:    103 14 438 177 197 75 120 
stack 31:    306 60 169 480 259 6 402 
stack 32:    28 228 318 24 179 59 398 
stack 33:    205 391 292 224 393 351 429 
stack 34:    213 54 399 238 471 52 260 
stack 35:    365 9 220 258 404 377 49 
stack 36:    55 302 301 61 383 73 496 
stack 37:    69 101 86 358 21 137 340 
stack 38:    490 94 271 273 95 174 245 
stack 39:    375 347 297 240 29 424 400 
stack 40:    349 191 158 85 96 165 305 
stack 41:    206 26 362 41 397 151 392 
stack 42:    309 390 81 80 293 487 497 
stack 43:    484 121 344 287 140 451 22 
stack 44:    426 232 209 360 416 56 45 
stack 45:    247 188 17 66 27 267 458 
stack 46:    380 53 91 184 466 43 25 
stack 47:    207 478 401 328 88 326 11 
stack 48:    47 386 314 425 376 38 237 
stack 49:    218 335 432 183 46 164 483 
stack 50:    108 352 64 313 173 372 110 
stack 51:    223 242 283 414 359 356 203 
stack 52:    211 379 339 44 42 216 153 
stack 53:    89 413 418 20 30 290 498 
stack 54:    239 270 215 463 322 348 77 
stack 55:    134 192 476 495 279 472 337 
stack 56:    139 195 16 34 461 146 143 
stack 57:    187 35 133 109 333 253 10 
stack 58:    456 230 144 48 300 156 83 
stack 59:    374 97 122 63 366 92 171 
stack 60:    172 0 446 332 257 434 373 
stack 61:    370 118 252 280 36 87 491 
stack 62:    114 355 329 299 180 449 70 
stack 63:    331 405 147 107 455 285 23 
stack 64:    129 298 291 325 132 268 227 
stack 65:    154 264 39 310 71 477 499 
stack 66:    382 445 317 105 212 
stack 67:    221 312 465 112 265 196 303 
stack 68:    442 378 437 384 178 304 
stack 69:    2 136 145 278 141 286 200 
stack 70:    403 277 225 166 494 190 
stack 71:    468 294 338 131 
stack 72:    202 
stack 73:    104 
stack 74:    
stack 75:    93 
stack 76:    
stack 77:    
stack 78:    
stack 79:    
stack 80:    
stack 81:    
stack 82:    
stack 83:    
stack 84:    
stack 85:    
stack 86:    
