lower bound for relaxed s_ij: 310023.82

#####################################################

solved with: SP.mip_formulations.BinPackingFormulation
time limit: 3600.0 s
time to solve: 632,74 s
objective value: 310035.94

stacks (top to bottom):
stack 0:    250 
stack 1:    1 
stack 2:    2 
stack 3:    
stack 4:    4 
stack 5:    5 
stack 6:    6 
stack 7:    7 
stack 8:    
stack 9:    472 72 455 259 77 170 232 
stack 10:    412 386 233 84 328 292 10 
stack 11:    393 333 400 261 490 145 334 
stack 12:    242 429 409 209 79 78 131 
stack 13:    140 231 186 174 117 135 210 
stack 14:    136 475 362 96 146 327 59 
stack 15:    63 53 488 247 171 265 127 
stack 16:    392 212 17 113 479 181 80 
stack 17:    144 432 301 240 226 473 415 
stack 18:    94 160 450 19 477 396 370 
stack 19:    217 269 302 397 309 239 318 
stack 20:    159 99 484 270 54 150 20 
stack 21:    407 237 21 452 198 134 60 
stack 22:    199 22 200 133 56 382 426 
stack 23:    23 440 406 379 330 298 273 
stack 24:    274 441 312 316 482 44 404 
stack 25:    275 75 336 116 321 130 148 
stack 26:    360 189 95 224 448 383 493 
stack 27:    474 284 368 394 422 431 27 
stack 28:    346 329 339 403 348 165 375 
stack 29:    29 460 372 229 154 457 98 
stack 30:    470 337 280 190 55 351 155 
stack 31:    33 453 211 115 332 81 398 
stack 32:    187 138 492 326 169 172 282 
stack 33:    104 197 103 320 202 193 128 
stack 34:    307 64 310 109 246 111 230 
stack 35:    366 91 324 402 494 66 35 
stack 36:    498 151 294 343 106 61 183 
stack 37:    420 50 196 162 68 287 427 
stack 38:    377 182 288 295 124 62 344 
stack 39:    418 244 487 238 203 289 178 
stack 40:    83 385 355 89 168 110 40 
stack 41:    304 430 90 489 399 179 149 
stack 42:    311 357 466 222 49 163 93 
stack 43:    184 120 365 342 107 221 389 
stack 44:    0 
stack 45:    251 
stack 46:    
stack 47:    253 3 252 
stack 48:    
stack 49:    255 254 
stack 50:    256 
stack 51:    257 
stack 52:    8 
stack 53:    258 387 73 9 464 433 123 
stack 54:    260 176 245 153 444 350 317 
stack 55:    305 314 476 408 208 57 11 
stack 56:    384 417 13 262 12 367 445 
stack 57:    263 70 437 92 485 74 469 
stack 58:    264 303 228 188 371 14 300 
stack 59:    381 15 16 341 459 388 391 
stack 60:    266 443 353 374 395 439 141 
stack 61:    347 166 236 267 297 142 428 
stack 62:    268 345 18 447 424 175 340 
stack 63:    435 194 114 191 423 405 192 
stack 64:    401 47 369 204 499 291 102 
stack 65:    271 458 97 461 167 125 48 
stack 66:    414 410 227 143 272 480 119 
stack 67:    411 434 376 218 462 235 358 
stack 68:    356 164 471 24 156 112 495 
stack 69:    34 38 25 86 121 364 249 
stack 70:    26 276 421 331 101 425 451 
stack 71:    118 338 205 277 82 416 213 
stack 72:    28 456 325 278 322 308 69 
stack 73:    279 486 478 354 129 201 152 
stack 74:    223 30 436 206 31 100 43 
stack 75:    352 313 491 463 281 85 42 
stack 76:    390 41 496 126 52 216 32 
stack 77:    299 177 283 215 173 51 413 
stack 78:    419 296 58 214 483 220 76 
stack 79:    363 241 46 108 180 359 285 
stack 80:    315 36 286 234 468 122 465 
stack 81:    88 185 147 323 293 71 37 
stack 82:    243 442 219 158 454 306 248 
stack 83:    438 39 335 137 467 349 225 
stack 84:    45 378 481 290 361 195 446 
stack 85:    157 497 319 207 65 449 105 
stack 86:    373 161 132 87 67 380 139 

#####################################################

solved with: SP.mip_formulations.ThreeIndexFormulation
Problem not solved.

#####################################################

solved with: SP.constructive_heuristics.GeneralHeuristic
time limit: 3600.0 s
time to solve: 0,00 s
objective value: 336266.94

stacks (top to bottom):
stack 0:    166 484 323 73 31 100 153 
stack 1:    212 177 66 179 389 282 85 
stack 2:    381 258 195 207 497 108 398 
stack 3:    28 474 284 390 72 87 380 
stack 4:    33 64 419 422 423 297 27 
stack 5:    34 203 115 394 57 56 12 
stack 6:    435 463 283 298 427 59 318 
stack 7:    184 299 17 295 225 230 285 
stack 8:    244 63 496 447 369 431 416 
stack 9:    205 324 333 0 206 197 302 
stack 10:    4 372 55 425 480 201 102 
stack 11:    429 186 471 326 46 20 173 
stack 12:    182 120 157 256 415 134 370 
stack 13:    189 199 376 22 477 433 454 
stack 14:    159 88 36 139 382 110 452 
stack 15:    270 410 9 156 255 74 321 
stack 16:    274 162 277 303 146 105 254 
stack 17:    392 266 260 165 221 239 330 
stack 18:    338 147 279 227 145 399 180 
stack 19:    236 259 234 421 158 122 449 
stack 20:    118 481 261 459 181 202 359 
stack 21:    151 408 226 2 204 43 44 
stack 22:    345 475 84 96 402 71 135 
stack 23:    70 491 365 339 342 281 42 
stack 24:    385 343 129 220 340 493 98 
stack 25:    311 420 218 200 175 457 60 
stack 26:    356 472 30 54 301 490 446 
stack 27:    185 276 386 328 172 103 198 
stack 28:    104 90 150 374 112 388 317 
stack 29:    377 137 403 485 5 320 495 
stack 30:    140 77 114 209 354 222 192 
stack 31:    401 387 47 25 187 89 69 
stack 32:    315 164 432 293 24 272 1 
stack 33:    263 307 190 67 462 483 32 
stack 34:    58 310 19 68 246 111 127 
stack 35:    414 15 269 6 467 215 375 
stack 36:    99 264 174 8 125 249 40 
stack 37:    412 417 132 456 11 214 439 
stack 38:    253 292 488 400 176 469 62 
stack 39:    406 92 391 499 245 93 155 
stack 40:    238 224 216 405 116 306 248 
stack 41:    438 288 346 437 124 379 404 
stack 42:    362 169 341 349 494 395 48 
stack 43:    294 337 355 106 325 168 426 
stack 44:    366 16 450 424 448 78 334 
stack 45:    314 368 52 267 357 228 351 
stack 46:    29 94 196 194 219 76 148 
stack 47:    289 241 80 128 35 193 119 
stack 48:    460 95 434 257 455 235 152 
stack 49:    91 430 492 247 113 213 232 
stack 50:    418 211 79 265 428 149 210 
stack 51:    384 242 409 466 468 336 367 
stack 52:    498 160 50 154 461 364 308 
stack 53:    363 275 489 479 21 141 445 
stack 54:    352 329 335 440 37 482 413 
stack 55:    411 208 271 126 167 61 473 
stack 56:    38 144 478 250 170 142 51 
stack 57:    487 138 18 441 117 371 163 
stack 58:    268 233 53 290 143 319 443 
stack 59:    313 407 393 243 13 358 183 
stack 60:    470 373 97 322 291 350 344 
stack 61:    23 3 229 133 278 178 451 
stack 62:    251 464 75 10 287 81 131 
stack 63:    217 39 107 397 316 252 444 
stack 64:    453 41 109 101 262 49 442 
stack 65:    223 231 121 123 396 14 465 
stack 66:    305 237 348 309 300 
stack 67:    347 360 296 286 191 240 82 
stack 68:    26 378 331 86 486 327 130 
stack 69:    304 7 136 83 161 
stack 70:    45 476 458 
stack 71:    361 312 436 353 65 383 
stack 72:    171 
stack 73:    332 
stack 74:    280 
stack 75:    273 
stack 76:    
stack 77:    
stack 78:    188 
stack 79:    
stack 80:    
stack 81:    
stack 82:    
stack 83:    
stack 84:    
stack 85:    
stack 86:    
