lower bound for relaxed s_ij: 1228853.28

#####################################################

solved with: SP.mip_formulations.BinPackingFormulation
time limit: 3600.0 s
time to solve: 3661,71 s (time limit exceeded)
objective value: 1242766.29 (not optimal)

stacks (top to bottom):
stack 0:    9 7 0 1 
stack 1:    16 3 503 
stack 2:    15 500 27 2 994 11 501 
stack 3:    10 502 12 17 523 
stack 4:    34 935 31 22 26 267 4 
stack 5:    290 13 346 21 504 508 505 
stack 6:    371 465 520 
stack 7:    515 6 524 436 214 293 305 
stack 8:    447 507 533 517 444 506 509 
stack 9:    846 513 206 168 918 824 720 
stack 10:    512 74 740 676 800 522 762 
stack 11:    521 684 199 238 365 185 41 
stack 12:    746 511 8 650 948 599 270 
stack 13:    33 247 499 242 145 56 766 
stack 14:    184 19 217 527 322 316 101 
stack 15:    923 514 178 381 24 636 412 
stack 16:    892 781 727 240 802 414 254 
stack 17:    350 161 534 526 317 373 510 
stack 18:    786 72 658 668 611 420 222 
stack 19:    525 45 193 494 483 113 96 
stack 20:    390 163 37 467 369 554 307 
stack 21:    698 710 709 538 735 496 121 
stack 22:    23 225 882 902 753 703 485 
stack 23:    35 239 484 448 453 875 706 
stack 24:    865 355 867 116 701 299 896 
stack 25:    192 856 689 411 107 617 530 
stack 26:    50 815 885 54 28 734 20 
stack 27:    492 197 832 537 82 965 547 
stack 28:    319 549 318 643 286 208 298 
stack 29:    696 529 528 53 890 231 660 
stack 30:    785 604 415 39 472 38 29 
stack 31:    332 997 306 495 456 36 
stack 32:    986 955 667 666 581 969 196 
stack 33:    378 575 645 191 70 106 836 
stack 34:    621 873 300 613 980 944 212 
stack 35:    136 93 854 179 550 535 491 
stack 36:    280 820 849 655 887 162 48 
stack 37:    704 647 419 559 970 834 119 
stack 38:    818 540 94 646 282 109 302 
stack 39:    556 470 876 862 842 433 251 
stack 40:    774 860 291 177 721 410 466 
stack 41:    408 200 224 63 442 341 476 
stack 42:    463 903 374 59 165 757 462 
stack 43:    271 680 907 566 477 229 426 
stack 44:    614 697 531 866 972 544 932 
stack 45:    653 160 872 725 567 626 891 
stack 46:    731 869 764 454 989 243 571 
stack 47:    637 311 639 264 912 124 405 
stack 48:    464 674 661 198 974 784 44 
stack 49:    618 268 795 634 825 829 669 
stack 50:    259 936 587 223 915 806 188 
stack 51:    396 422 55 898 539 561 705 
stack 52:    148 43 366 348 714 638 602 
stack 53:    158 387 691 370 990 460 773 
stack 54:    363 122 120 169 141 964 947 
stack 55:    682 327 741 651 42 878 839 
stack 56:    724 173 95 421 77 232 886 
stack 57:    943 592 434 723 100 220 398 
stack 58:    336 690 416 323 52 147 558 
stack 59:    339 532 88 86 793 749 677 
stack 60:    712 828 737 352 273 916 211 
stack 61:    296 65 770 76 959 57 68 
stack 62:    450 840 482 906 927 642 671 
stack 63:    933 941 911 900 443 377 673 
stack 64:    438 572 219 563 715 417 717 
stack 65:    798 562 75 844 803 64 925 
stack 66:    738 982 104 256 440 580 314 
stack 67:    597 269 759 628 841 126 324 
stack 68:    627 102 783 641 32 973 258 
stack 69:    330 46 202 576 979 819 262 
stack 70:    194 620 937 993 983 275 910 
stack 71:    593 277 713 406 718 633 209 
stack 72:    565 768 265 736 333 190 226 
stack 73:    151 186 445 855 353 787 901 
stack 74:    159 754 437 216 694 213 201 
stack 75:    149 112 761 801 615 155 81 
stack 76:    402 652 117 78 888 61 810 
stack 77:    138 654 607 325 756 395 310 
stack 78:    237 481 439 930 728 451 218 
stack 79:    129 895 183 950 473 861 347 
stack 80:    683 822 672 958 368 245 441 
stack 81:    404 920 253 926 608 279 789 
stack 82:    248 105 320 114 393 449 140 
stack 83:    616 952 386 90 274 91 73 
stack 84:    362 166 343 123 313 708 375 
stack 85:    582 998 987 946 154 905 596 
stack 86:    578 729 
stack 87:    812 573 
stack 88:    
stack 89:    
stack 90:    5 
stack 91:    
stack 92:    
stack 93:    938 951 
stack 94:    14 
stack 95:    
stack 96:    
stack 97:    
stack 98:    
stack 99:    
stack 100:    
stack 101:    838 292 133 
stack 102:    805 516 
stack 103:    
stack 104:    518 519 
stack 105:    99 
stack 106:    221 400 685 
stack 107:    
stack 108:    25 
stack 109:    750 934 598 595 589 
stack 110:    132 
stack 111:    92 583 361 
stack 112:    816 452 
stack 113:    131 
stack 114:    407 391 739 489 252 30 
stack 115:    758 659 128 115 649 
stack 116:    629 490 931 807 228 
stack 117:    331 693 349 359 170 397 
stack 118:    961 977 791 111 978 
stack 119:    995 893 670 329 285 
stack 120:    864 479 18 89 
stack 121:    334 852 207 870 644 
stack 122:    877 493 606 850 
stack 123:    536 541 991 358 263 125 
stack 124:    623 962 699 612 847 
stack 125:    204 914 236 871 601 
stack 126:    665 172 569 552 289 40 
stack 127:    788 778 287 780 648 
stack 128:    49 354 142 210 446 60 543 
stack 129:    939 881 461 586 384 577 475 
stack 130:    880 687 418 413 66 84 956 
stack 131:    899 744 144 80 733 879 664 
stack 132:    889 928 471 975 796 909 335 
stack 133:    763 968 379 992 813 250 457 
stack 134:    821 942 546 894 984 545 897 
stack 135:    767 678 392 234 851 804 779 
stack 136:    47 797 137 919 833 574 776 
stack 137:    792 679 913 971 276 557 742 
stack 138:    357 110 603 409 777 312 600 
stack 139:    432 857 700 548 782 625 108 
stack 140:    954 555 423 167 863 826 686 
stack 141:    745 385 996 85 675 747 459 
stack 142:    51 707 487 730 399 143 769 
stack 143:    340 430 326 215 570 338 498 
stack 144:    342 87 388 848 874 640 152 
stack 145:    435 775 281 337 150 542 278 
stack 146:    469 497 157 790 478 205 389 
stack 147:    823 981 904 257 230 301 858 
stack 148:    455 711 960 605 853 799 83 
stack 149:    884 726 811 304 794 830 428 
stack 150:    244 622 564 751 963 401 180 
stack 151:    295 97 632 579 480 372 315 
stack 152:    662 284 260 458 635 609 308 
stack 153:    367 283 988 985 921 765 394 
stack 154:    883 364 246 831 957 908 235 
stack 155:    227 146 594 383 999 929 719 
stack 156:    468 657 351 922 760 755 376 
stack 157:    488 743 868 560 486 619 189 
stack 158:    71 837 631 924 118 309 176 
stack 159:    716 429 288 827 266 427 688 
stack 160:    403 976 425 255 127 182 692 
stack 161:    249 424 195 345 553 328 174 
stack 162:    175 58 551 624 98 859 321 
stack 163:    817 164 344 809 681 474 695 
stack 164:    610 139 568 294 967 203 303 
stack 165:    772 814 748 382 431 153 585 
stack 166:    843 771 940 134 233 732 135 
stack 167:    181 917 591 79 949 663 62 
stack 168:    69 156 360 953 356 272 808 
stack 169:    588 380 702 103 722 656 171 
stack 170:    187 752 241 297 590 584 130 
stack 171:    966 67 261 945 835 630 845 

#####################################################

solved with: SP.constructive_heuristics.GeneralHeuristic
time limit: 3600.0 s
time to solve: 0,00 s
objective value: 1335736.56

stacks (top to bottom):
stack 0:    241 594 297 545 324 950 799 
stack 1:    614 785 19 137 229 590 347 
stack 2:    883 551 569 52 496 61 688 
stack 3:    363 211 337 386 897 270 673 
stack 4:    186 58 575 636 66 885 309 
stack 5:    679 97 700 953 101 356 762 
stack 6:    565 175 846 102 793 442 303 
stack 7:    75 78 936 206 358 399 720 
stack 8:    592 142 129 725 152 642 235 
stack 9:    623 166 606 674 902 232 462 
stack 10:    582 998 822 691 781 128 119 
stack 11:    556 982 837 93 32 641 486 
stack 12:    529 255 116 242 56 900 480 
stack 13:    424 499 57 155 428 722 325 
stack 14:    402 704 154 848 213 124 4 
stack 15:    259 366 192 423 842 596 956 
stack 16:    49 219 917 754 360 985 231 
stack 17:    357 869 481 210 612 252 174 
stack 18:    603 653 287 975 205 113 571 
stack 19:    33 50 553 520 108 218 671 
stack 20:    9 139 683 892 852 34 895 
stack 21:    856 161 665 236 304 833 858 
stack 22:    763 132 392 106 836 706 243 
stack 23:    163 215 140 913 795 775 947 
stack 24:    844 539 216 991 655 832 433 
stack 25:    752 940 436 238 586 28 185 
stack 26:    696 788 256 67 905 133 749 
stack 27:    25 633 718 96 924 485 567 
stack 28:    23 865 748 680 11 789 251 
stack 29:    149 469 449 995 90 272 180 
stack 30:    69 151 435 512 329 595 972 
stack 31:    53 735 926 807 70 701 945 
stack 32:    158 881 667 160 759 412 875 
stack 33:    221 675 359 301 755 733 747 
stack 34:    578 170 994 289 147 509 776 
stack 35:    519 114 760 890 103 125 40 
stack 36:    447 568 120 467 646 208 651 
stack 37:    237 928 777 615 281 916 305 
stack 38:    997 247 354 959 68 721 60 
stack 39:    507 85 288 199 265 109 580 
stack 40:    923 464 437 809 984 59 974 
stack 41:    326 528 620 907 922 624 686 
stack 42:    536 493 17 796 921 930 44 
stack 43:    290 513 771 179 226 951 547 
stack 44:    184 778 978 431 640 321 453 
stack 45:    880 169 362 100 352 989 498 
stack 46:    148 805 524 318 876 131 42 
stack 47:    488 738 339 483 850 405 176 
stack 48:    348 638 323 849 197 912 510 
stack 49:    657 351 268 613 240 150 29 
stack 50:    51 122 429 855 382 250 310 
stack 51:    743 349 516 89 970 756 543 
stack 52:    933 697 74 682 681 925 274 
stack 53:    562 726 709 342 39 440 602 
stack 54:    635 527 141 955 672 145 20 
stack 55:    814 712 24 983 508 908 757 
stack 56:    110 621 770 548 632 874 293 
stack 57:    609 961 146 650 549 563 254 
stack 58:    515 87 702 957 790 389 62 
stack 59:    943 727 177 960 14 375 839 
stack 60:    772 105 698 538 981 532 222 
stack 61:    767 502 470 941 316 245 542 
stack 62:    518 104 393 200 625 456 212 
stack 63:    786 511 523 201 929 126 660 
stack 64:    156 345 282 806 307 278 886 
stack 65:    434 962 699 711 819 649 262 
stack 66:    227 320 0 608 397 475 341 
stack 67:    334 678 18 373 143 835 779 
stack 68:    284 540 421 668 803 505 669 
stack 69:    652 857 364 404 546 182 476 
stack 70:    746 525 35 694 859 459 584 
stack 71:    296 15 246 533 862 302 394 
stack 72:    187 332 764 598 634 495 91 
stack 73:    194 868 812 685 561 742 845 
stack 74:    47 403 987 344 860 773 84 
stack 75:    996 820 416 492 919 80 361 
stack 76:    5 164 952 531 183 576 853 
stack 77:    312 867 622 313 157 825 291 
stack 78:    378 534 604 637 317 482 228 
stack 79:    248 500 444 214 494 165 473 
stack 80:    920 479 714 559 266 705 130 
stack 81:    391 570 54 38 441 607 398 
stack 82:    468 597 65 937 628 663 198 
stack 83:    6 617 504 190 223 971 314 
stack 84:    768 217 168 233 977 501 121 
stack 85:    43 729 292 574 530 577 630 
stack 86:    966 422 79 370 365 417 41 
stack 87:    336 588 27 286 153 374 395 
stack 88:    465 676 780 377 544 979 847 
stack 89:    340 884 939 408 253 906 135 
stack 90:    432 72 758 564 659 115 911 
stack 91:    71 914 684 88 583 732 834 
stack 92:    159 260 8 723 969 980 451 
stack 93:    202 327 808 692 30 861 891 
stack 94:    823 514 946 552 203 863 879 
stack 95:    792 55 631 918 661 643 64 
stack 96:    350 94 645 854 384 999 220 
stack 97:    821 707 338 915 810 48 804 
stack 98:    731 581 381 882 619 901 298 
stack 99:    555 387 648 949 599 472 656 
stack 100:    181 798 7 629 560 826 506 
stack 101:    249 10 774 737 909 800 717 
stack 102:    864 388 452 827 791 491 741 
stack 103:    942 817 111 719 802 601 728 
stack 104:    112 724 693 257 261 769 887 
stack 105:    346 193 333 587 413 188 36 
stack 106:    445 107 658 311 870 209 910 
stack 107:    396 295 610 484 670 410 466 
stack 108:    45 207 26 753 664 267 558 
stack 109:    616 21 172 77 730 550 903 
stack 110:    369 935 448 273 460 503 766 
stack 111:    889 195 99 439 328 626 932 
stack 112:    662 490 411 415 794 418 477 
stack 113:    319 144 86 419 308 967 639 
stack 114:    591 269 178 300 409 579 585 
stack 115:    244 380 751 948 3 368 605 
stack 116:    322 63 703 73 829 554 83 
stack 117:    687 840 815 736 611 191 82 
stack 118:    627 136 13 95 487 871 162 
stack 119:    899 716 986 894 963 522 654 
stack 120:    458 225 713 294 450 264 171 
stack 121:    330 463 16 443 695 734 189 
stack 122:    976 454 31 224 824 263 478 
stack 123:    280 134 787 457 1 426 677 
stack 124:    283 811 526 566 973 427 258 
stack 125:    430 385 438 355 761 893 446 
stack 126:    367 37 383 993 990 401 315 
stack 127:    204 271 744 931 414 535 118 
stack 128:    127 22 353 234 830 765 851 
stack 129:    745 593 618 92 299 715 896 
stack 130:    968 816 690 167 400 904 573 
stack 131:    831 497 343 471 782 801 276 
stack 132:    455 988 138 866 335 872 878 
stack 133:    954 521 818 117 689 173 783 
stack 134:    277 12 239 589 285 958 600 
stack 135:    750 877 123 76 275 927 557 
stack 136:    541 379 898 406 888 965 376 
stack 137:    797 710 2 938 420 813 992 
stack 138:    425 873 666 279 537 
stack 139:    390 371 407 46 489 739 372 
stack 140:    843 572 934 828 474 708 784 
stack 141:    98 461 841 
stack 142:    647 838 230 644 
stack 143:    331 
stack 144:    517 944 
stack 145:    964 306 740 81 
stack 146:    196 
stack 147:    
stack 148:    
stack 149:    
stack 150:    
stack 151:    
stack 152:    
stack 153:    
stack 154:    
stack 155:    
stack 156:    
stack 157:    
stack 158:    
stack 159:    
stack 160:    
stack 161:    
stack 162:    
stack 163:    
stack 164:    
stack 165:    
stack 166:    
stack 167:    
stack 168:    
stack 169:    
stack 170:    
stack 171:    
