solved with: SP.deprecated.TabuSearch
time limit: 3600.0 s
time to solve: 1178,18 s
objective value: 1228880.04

stacks (top to bottom):
stack 0:    
stack 1:    
stack 2:    
stack 3:    
stack 4:    4 504 
stack 5:    505 
stack 6:    6 
stack 7:    7 
stack 8:    
stack 9:    10 
stack 10:    510 
stack 11:    
stack 12:    12 
stack 13:    13 
stack 14:    14 
stack 15:    15 515 
stack 16:    
stack 17:    447 960 533 124 52 22 327 
stack 18:    395 923 438 944 21 771 746 
stack 19:    837 530 833 19 260 760 130 
stack 20:    618 520 795 680 685 376 700 
stack 21:    53 999 389 26 980 619 32 
stack 22:    523 23 29 529 927 522 884 
stack 23:    531 604 955 899 414 381 95 
stack 24:    158 24 267 649 66 672 174 
stack 25:    668 599 311 27 821 535 881 
stack 26:    901 143 358 605 635 42 879 
stack 27:    36 141 959 330 58 759 200 
stack 28:    576 708 285 294 921 674 939 
stack 29:    152 754 665 932 723 30 743 
stack 30:    711 810 292 717 935 471 45 
stack 31:    375 925 440 271 460 962 121 
stack 32:    472 546 126 101 934 937 785 
stack 33:    37 550 534 742 338 365 613 
stack 34:    938 643 236 736 763 319 773 
stack 35:    538 48 76 632 131 797 372 
stack 36:    885 396 661 972 374 636 850 
stack 37:    312 694 71 266 437 629 761 
stack 38:    866 820 578 435 843 87 948 
stack 39:    634 269 331 678 703 199 57 
stack 40:    889 165 135 73 427 189 355 
stack 41:    819 779 132 947 222 246 228 
stack 42:    640 171 457 441 547 805 651 
stack 43:    870 465 72 677 982 548 422 
stack 44:    148 252 436 554 813 570 390 
stack 45:    393 328 70 861 803 455 325 
stack 46:    690 154 380 47 915 407 284 
stack 47:    957 787 862 411 993 340 715 
stack 48:    449 213 451 364 69 150 103 
stack 49:    766 368 106 122 597 139 322 
stack 50:    772 51 497 656 342 64 607 
stack 51:    495 942 753 429 274 725 865 
stack 52:    384 811 964 421 133 78 464 
stack 53:    191 102 196 67 564 116 686 
stack 54:    434 667 243 653 308 485 924 
stack 55:    830 307 882 968 109 627 626 
stack 56:    60 750 794 893 714 428 792 
stack 57:    350 739 749 254 764 362 65 
stack 58:    569 278 212 270 603 979 880 
stack 59:    486 244 117 431 345 180 621 
stack 60:    853 706 628 272 452 62 875 
stack 61:    488 956 491 351 630 788 992 
stack 62:    741 386 231 304 730 211 367 
stack 63:    206 689 424 774 897 232 400 
stack 64:    433 679 762 419 194 914 770 
stack 65:    687 387 996 664 409 388 652 
stack 66:    249 642 123 353 624 88 255 
stack 67:    693 806 321 203 654 164 410 
stack 68:    445 261 218 638 296 478 297 
stack 69:    620 573 398 349 104 208 283 
stack 70:    707 240 329 593 276 974 777 
stack 71:    995 442 702 257 997 107 591 
stack 72:    287 765 931 799 860 864 842 
stack 73:    871 838 448 582 453 416 149 
stack 74:    423 248 907 844 747 998 790 
stack 75:    184 892 192 857 220 127 247 
stack 76:    835 179 600 847 153 926 577 
stack 77:    946 904 313 487 940 383 324 
stack 78:    379 235 84 99 900 176 399 
stack 79:    831 659 936 144 391 343 370 
stack 80:    205 373 377 207 91 733 227 
stack 81:    348 264 262 92 263 829 406 
stack 82:    188 129 163 225 369 175 920 
stack 83:    382 480 849 97 953 589 146 
stack 84:    645 816 484 405 625 856 361 
stack 85:    204 832 647 113 609 401 696 
stack 86:    0 
stack 87:    500 
stack 88:    501 2 502 1 
stack 89:    3 503 
stack 90:    
stack 91:    5 
stack 92:    506 
stack 93:    507 
stack 94:    8 508 
stack 95:    509 
stack 96:    9 
stack 97:    511 11 
stack 98:    512 
stack 99:    513 
stack 100:    
stack 101:    514 
stack 102:    516 16 
stack 103:    105 912 17 517 18 20 439 
stack 104:    462 483 518 633 933 602 525 
stack 105:    676 469 519 346 738 521 655 
stack 106:    33 928 975 151 25 291 818 
stack 107:    34 988 413 543 930 527 874 
stack 108:    553 43 481 540 31 28 828 
stack 109:    532 332 786 524 470 985 536 
stack 110:    35 568 526 544 804 39 705 
stack 111:    363 230 181 555 562 404 268 
stack 112:    542 572 823 185 888 443 778 
stack 113:    846 780 537 675 210 657 987 
stack 114:    49 984 724 751 798 528 869 
stack 115:    697 145 556 950 305 392 300 
stack 116:    796 825 341 895 77 366 456 
stack 117:    839 886 539 809 111 991 159 
stack 118:    356 767 54 976 552 289 68 
stack 119:    259 142 660 115 745 279 38 
stack 120:    258 631 858 216 41 966 430 
stack 121:    444 728 909 834 541 326 639 
stack 122:    757 558 784 303 44 147 221 
stack 123:    83 75 197 951 681 684 584 
stack 124:    735 498 137 917 420 557 415 
stack 125:    922 841 61 494 40 699 63 
stack 126:    872 360 223 90 698 781 161 
stack 127:    108 177 616 467 339 474 559 
stack 128:    752 82 46 994 721 475 836 
stack 129:    709 712 273 720 549 545 275 
stack 130:    963 186 344 727 971 314 566 
stack 131:    166 592 118 224 50 719 648 
stack 132:    561 898 167 565 281 55 729 
stack 133:    59 581 169 913 748 710 140 
stack 134:    466 658 594 943 237 713 986 
stack 135:    791 789 317 958 731 499 918 
stack 136:    827 941 595 459 906 637 239 
stack 137:    551 902 824 408 477 691 670 
stack 138:    461 575 673 970 119 567 136 
stack 139:    446 598 473 688 737 734 496 
stack 140:    945 981 758 172 86 815 315 
stack 141:    916 817 233 168 744 282 851 
stack 142:    110 854 56 929 867 683 432 
stack 143:    202 128 178 563 755 919 965 
stack 144:    490 873 94 295 336 195 182 
stack 145:    848 583 190 476 183 234 397 
stack 146:    740 983 560 74 952 990 718 
stack 147:    641 352 859 701 579 800 385 
stack 148:    574 337 170 316 463 468 896 
stack 149:    335 905 596 704 286 978 826 
stack 150:    299 157 671 100 201 323 81 
stack 151:    226 610 571 347 229 277 769 
stack 152:    173 417 256 402 112 663 293 
stack 153:    977 903 894 155 617 623 93 
stack 154:    241 782 961 98 354 253 669 
stack 155:    193 812 908 814 716 492 807 
stack 156:    801 783 280 156 357 458 646 
stack 157:    80 588 134 911 662 611 585 
stack 158:    318 245 601 732 615 89 682 
stack 159:    608 217 394 606 219 954 333 
stack 160:    454 215 493 138 482 973 425 
stack 161:    863 822 85 250 214 309 301 
stack 162:    883 878 768 840 371 288 808 
stack 163:    162 79 622 612 586 359 378 
stack 164:    614 290 403 590 320 845 876 
stack 165:    302 644 426 969 949 776 891 
stack 166:    802 96 479 120 242 209 580 
stack 167:    265 855 890 868 650 877 160 
stack 168:    692 910 310 793 489 989 722 
stack 169:    587 238 450 418 887 298 726 
stack 170:    125 114 666 852 695 775 756 
stack 171:    334 187 412 967 198 251 306 

#####################################################

solved with: SP.post_optimization_methods.HillClimbing
time limit: 3600.0 s
time to solve: 730,26 s
objective value: 1228907.9

stacks (top to bottom):
stack 0:    
stack 1:    
stack 2:    
stack 3:    
stack 4:    4 504 
stack 5:    505 
stack 6:    6 
stack 7:    7 
stack 8:    
stack 9:    510 
stack 10:    10 
stack 11:    
stack 12:    12 
stack 13:    13 
stack 14:    519 
stack 15:    15 514 
stack 16:    27 
stack 17:    23 517 264 216 785 
stack 18:    520 413 841 494 604 555 548 
stack 19:    244 995 951 20 19 260 41 
stack 20:    334 538 993 54 29 875 464 
stack 21:    835 523 83 546 605 31 430 
stack 22:    36 587 712 106 47 522 557 
stack 23:    530 870 558 185 533 81 527 
stack 24:    158 226 531 267 26 524 536 
stack 25:    532 537 943 543 534 32 38 
stack 26:    693 862 795 552 860 406 725 
stack 27:    201 936 771 698 52 362 284 
stack 28:    707 614 594 40 547 146 109 
stack 29:    105 473 452 281 674 44 291 
stack 30:    730 544 578 545 62 107 485 
stack 31:    204 832 405 647 254 181 738 
stack 32:    49 539 497 599 656 160 343 
stack 33:    694 782 661 560 829 39 882 
stack 34:    942 330 437 549 374 322 57 
stack 35:    901 574 337 58 554 489 792 
stack 36:    569 959 906 685 624 759 68 
stack 37:    735 931 678 937 747 365 282 
stack 38:    108 358 163 42 326 369 297 
stack 39:    335 188 642 989 664 797 808 
stack 40:    676 440 251 203 654 159 880 
stack 41:    711 278 85 898 307 861 940 
stack 42:    964 380 169 266 900 978 891 
stack 43:    118 133 579 691 50 591 761 
stack 44:    445 704 701 967 559 180 700 
stack 45:    125 572 114 984 349 104 627 
stack 46:    830 886 672 448 366 77 397 
stack 47:    553 481 866 157 69 112 719 
stack 48:    668 311 491 234 455 453 836 
stack 49:    816 70 873 625 247 414 149 
stack 50:    618 598 758 923 213 441 294 
stack 51:    356 424 970 590 78 998 603 
stack 52:    779 854 454 56 623 139 743 
stack 53:    252 120 813 570 390 98 918 
stack 54:    184 110 313 615 651 729 663 
stack 55:    981 173 955 237 150 144 619 
stack 56:    308 72 755 367 684 629 686 
stack 57:    837 143 483 79 353 420 333 
stack 58:    957 976 427 828 718 670 227 
stack 59:    193 573 871 576 677 571 301 
stack 60:    772 178 457 220 986 174 688 
stack 61:    129 292 720 564 279 228 63 
stack 62:    249 925 317 780 660 800 865 
stack 63:    938 304 563 919 944 805 346 
stack 64:    486 498 568 271 421 990 499 
stack 65:    248 175 982 176 153 851 773 
stack 66:    154 922 360 768 288 744 613 
stack 67:    610 999 814 381 737 87 985 
stack 68:    988 465 236 319 734 391 881 
stack 69:    102 480 287 928 257 884 896 
stack 70:    205 302 632 910 996 769 239 
stack 71:    442 122 137 210 115 111 920 
stack 72:    766 352 332 650 383 487 877 
stack 73:    690 459 581 276 439 189 136 
stack 74:    488 855 86 803 815 89 475 
stack 75:    916 787 186 961 131 327 669 
stack 76:    165 141 273 727 372 971 314 
stack 77:    423 969 117 242 296 987 790 
stack 78:    386 196 588 368 134 611 200 
stack 79:    162 97 809 857 229 965 584 
stack 80:    889 596 426 983 593 742 140 
stack 81:    791 858 132 290 638 765 974 
stack 82:    802 241 946 840 492 607 696 
stack 83:    495 644 211 612 913 745 88 
stack 84:    793 376 458 321 164 954 646 
stack 85:    243 634 820 994 272 764 422 
stack 86:    0 
stack 87:    500 
stack 88:    501 2 502 1 
stack 89:    3 503 
stack 90:    
stack 91:    5 
stack 92:    506 
stack 93:    507 
stack 94:    8 508 
stack 95:    509 
stack 96:    9 
stack 97:    511 11 
stack 98:    512 
stack 99:    14 513 
stack 100:    
stack 101:    515 
stack 102:    516 16 
stack 103:    446 17 18 354 93 525 879 
stack 104:    312 633 518 911 338 760 22 
stack 105:    958 894 21 208 336 25 407 
stack 106:    606 794 389 708 270 713 521 
stack 107:    34 526 387 947 209 662 471 
stack 108:    259 789 444 806 28 529 637 
stack 109:    328 24 402 30 899 295 528 
stack 110:    35 905 631 595 262 934 263 
stack 111:    447 883 824 37 541 699 432 
stack 112:    741 240 550 540 843 45 939 
stack 113:    59 412 197 233 859 359 703 
stack 114:    348 949 804 695 710 722 253 
stack 115:    542 66 469 956 183 55 91 
stack 116:    33 51 342 825 798 582 300 
stack 117:    844 479 261 436 119 468 293 
stack 118:    462 449 303 128 82 657 683 
stack 119:    556 393 363 853 628 706 746 
stack 120:    80 43 935 477 930 199 95 
stack 121:    740 846 904 732 256 268 535 
stack 122:    653 728 561 786 807 778 655 
stack 123:    258 299 214 207 589 914 361 
stack 124:    908 223 364 890 298 124 639 
stack 125:    575 812 61 309 418 736 887 
stack 126:    490 395 46 723 347 64 781 
stack 127:    177 411 616 74 474 306 621 
stack 128:    622 597 408 71 224 929 826 
stack 129:    839 318 53 917 225 748 845 
stack 130:    783 689 166 218 198 222 705 
stack 131:    73 48 76 767 952 927 415 
stack 132:    752 763 565 438 749 721 726 
stack 133:    977 375 784 90 609 378 715 
stack 134:    872 687 403 126 320 834 567 
stack 135:    641 950 94 788 895 65 456 
stack 136:    912 863 172 450 194 892 275 
stack 137:    551 592 902 915 586 482 580 
stack 138:    305 852 230 341 404 562 770 
stack 139:    819 697 754 739 60 167 195 
stack 140:    206 827 847 232 274 702 775 
stack 141:    620 382 750 460 168 345 924 
stack 142:    145 960 980 867 979 926 818 
stack 143:    329 431 600 429 286 864 496 
stack 144:    848 601 373 269 344 255 370 
stack 145:    643 231 245 941 602 443 121 
stack 146:    152 202 84 331 849 285 478 
stack 147:    379 191 396 885 680 123 566 
stack 148:    774 811 156 617 67 966 116 
stack 149:    148 673 155 810 997 968 399 
stack 150:    135 467 339 357 340 973 410 
stack 151:    640 724 838 796 398 856 425 
stack 152:    419 451 888 246 277 585 470 
stack 153:    675 822 192 893 250 147 869 
stack 154:    96 384 753 972 142 731 400 
stack 155:    433 215 878 932 799 648 842 
stack 156:    608 762 75 212 315 401 626 
stack 157:    692 897 801 310 409 289 682 
stack 158:    679 833 909 850 777 948 577 
stack 159:    235 187 472 817 963 933 756 
stack 160:    484 238 392 630 385 355 652 
stack 161:    171 649 351 751 921 182 821 
stack 162:    179 417 371 868 113 127 221 
stack 163:    907 280 681 716 428 962 130 
stack 164:    466 217 658 190 99 394 151 
stack 165:    645 666 323 476 219 992 103 
stack 166:    265 667 461 945 170 316 388 
stack 167:    583 377 493 324 325 283 161 
stack 168:    665 671 138 714 435 975 463 
stack 169:    709 903 101 92 717 636 991 
stack 170:    350 757 100 823 635 776 876 
stack 171:    434 831 953 659 733 416 874 
