lower bound for relaxed s_ij: 1228856.98

#####################################################

solved with: SP.mip_formulations.BinPackingFormulation
time limit: 3600.0 s
time to solve: 3655,01 s (time limit exceeded)
objective value: 1242790.41 (not optimal)

stacks (top to bottom):
stack 0:    1 0 
stack 1:    7 17 
stack 2:    503 2 354 24 12 504 4 
stack 3:    14 29 516 3 
stack 4:    501 31 25 
stack 5:    18 510 536 789 9 113 455 
stack 6:    506 19 13 15 507 
stack 7:    318 514 20 517 519 508 250 
stack 8:    509 529 527 332 511 392 521 
stack 9:    936 515 34 466 338 10 8 
stack 10:    212 38 93 574 496 397 458 
stack 11:    35 582 531 439 535 616 130 
stack 12:    374 575 522 561 416 45 533 
stack 13:    331 600 537 471 248 221 624 
stack 14:    193 266 631 524 147 625 538 
stack 15:    404 686 33 162 744 569 580 
stack 16:    39 543 407 56 612 321 592 
stack 17:    713 754 725 468 585 523 485 
stack 18:    661 756 310 751 228 260 544 
stack 19:    115 587 732 476 879 528 145 
stack 20:    191 530 863 855 328 46 884 
stack 21:    761 231 163 99 222 688 915 
stack 22:    413 198 957 923 916 816 825 
stack 23:    532 447 492 554 377 182 286 
stack 24:    172 386 77 605 594 590 375 
stack 25:    723 657 297 218 668 747 129 
stack 26:    223 646 801 91 32 27 40 
stack 27:    44 843 897 546 998 21 924 
stack 28:    245 782 771 890 89 309 651 
stack 29:    675 467 762 634 251 175 180 
stack 30:    919 679 911 987 174 155 26 
stack 31:    739 706 821 764 643 181 427 
stack 32:    534 68 448 118 238 293 602 
stack 33:    576 460 199 166 482 995 456 
stack 34:    709 489 618 611 834 772 665 
stack 35:    434 900 871 847 371 122 284 
stack 36:    47 208 748 717 474 336 216 
stack 37:    823 708 132 292 263 98 159 
stack 38:    975 946 776 681 639 463 645 
stack 39:    870 436 333 300 483 82 960 
stack 40:    209 655 457 937 743 200 141 
stack 41:    405 345 488 763 462 573 685 
stack 42:    899 615 406 881 650 726 629 
stack 43:    796 414 184 570 921 443 426 
stack 44:    49 464 69 811 770 70 613 
stack 45:    827 572 922 698 410 812 487 
stack 46:    835 278 849 539 73 954 301 
stack 47:    973 484 289 676 935 265 684 
stack 48:    798 880 844 623 551 307 139 
stack 49:    433 642 337 253 305 545 53 
stack 50:    888 442 599 891 152 999 315 
stack 51:    969 807 557 224 42 157 428 
stack 52:    391 498 101 246 128 817 256 
stack 53:    135 868 401 183 325 255 137 
stack 54:    394 370 727 671 556 548 287 
stack 55:    977 885 176 324 803 662 54 
stack 56:    314 779 499 889 994 430 715 
stack 57:    682 638 215 126 398 327 388 
stack 58:    691 109 437 729 339 486 480 
stack 59:    244 627 621 469 326 601 752 
stack 60:    400 542 66 664 185 804 707 
stack 61:    981 384 138 722 179 933 461 
stack 62:    299 283 60 140 349 702 296 
stack 63:    379 177 119 741 134 710 886 
stack 64:    187 965 596 438 351 559 750 
stack 65:    945 606 910 836 562 704 240 
stack 66:    78 858 832 873 359 861 783 
stack 67:    334 740 108 412 628 229 699 
stack 68:    806 784 635 171 408 962 939 
stack 69:    850 593 963 353 993 983 186 
stack 70:    829 153 941 746 589 971 961 
stack 71:    909 791 678 85 473 940 273 
stack 72:    793 451 920 953 102 979 72 
stack 73:    802 737 268 276 988 952 555 
stack 74:    95 124 898 563 261 792 189 
stack 75:    168 753 282 846 845 271 161 
stack 76:    918 705 477 237 491 859 714 
stack 77:    697 317 785 985 399 116 742 
stack 78:    236 169 964 560 926 424 364 
stack 79:    470 966 373 830 149 117 111 
stack 80:    703 454 450 757 202 151 475 
stack 81:    133 335 393 869 760 206 121 
stack 82:    306 313 951 366 959 773 144 
stack 83:    107 640 819 425 669 385 87 
stack 84:    207 567 64 449 188 928 357 
stack 85:    630 797 654 956 913 719 63 
stack 86:    500 
stack 87:    
stack 88:    502 
stack 89:    893 249 
stack 90:    16 
stack 91:    505 
stack 92:    
stack 93:    
stack 94:    984 
stack 95:    934 
stack 96:    
stack 97:    465 
stack 98:    512 11 
stack 99:    
stack 100:    950 586 197 
stack 101:    513 
stack 102:    
stack 103:    
stack 104:    235 696 495 421 5 518 
stack 105:    165 930 790 598 
stack 106:    520 700 831 663 
stack 107:    818 838 453 
stack 108:    23 
stack 109:    
stack 110:    367 578 786 
stack 111:    852 815 735 730 252 269 
stack 112:    526 525 22 267 842 972 
stack 113:    403 262 
stack 114:    614 687 949 718 
stack 115:    28 996 982 280 203 90 30 
stack 116:    347 194 882 820 285 
stack 117:    978 644 158 597 
stack 118:    6 378 409 711 689 892 
stack 119:    432 100 342 383 
stack 120:    571 895 259 778 210 
stack 121:    955 674 356 
stack 122:    37 226 143 883 541 178 36 
stack 123:    712 540 866 637 579 308 991 
stack 124:    170 51 
stack 125:    851 74 558 257 
stack 126:    43 88 944 
stack 127:    839 875 389 123 721 824 41 
stack 128:    274 917 755 272 774 233 
stack 129:    990 312 652 288 608 243 
stack 130:    833 622 55 
stack 131:    766 65 907 322 701 304 290 
stack 132:    80 780 294 361 350 862 
stack 133:    552 219 648 76 680 980 154 
stack 134:    549 234 340 992 968 173 81 
stack 135:    48 805 497 822 619 591 
stack 136:    958 452 50 120 720 57 
stack 137:    459 667 938 810 254 96 853 
stack 138:    418 902 694 479 67 547 948 
stack 139:    620 429 887 874 947 775 164 
stack 140:    604 758 258 415 769 84 683 
stack 141:    799 355 320 125 381 905 974 
stack 142:    856 387 728 670 275 112 369 
stack 143:    854 848 420 106 877 396 160 
stack 144:    943 402 607 440 192 167 75 
stack 145:    925 809 213 281 577 660 564 
stack 146:    813 997 291 59 566 382 814 
stack 147:    693 857 656 298 841 765 677 
stack 148:    903 346 865 749 62 768 232 
stack 149:    395 989 914 788 565 136 264 
stack 150:    360 341 241 641 777 472 896 
stack 151:    352 311 967 368 344 929 942 
stack 152:    794 986 52 603 653 736 227 
stack 153:    840 738 481 490 826 767 329 
stack 154:    201 71 636 588 411 302 295 
stack 155:    731 220 568 104 445 230 348 
stack 156:    494 795 478 867 912 279 417 
stack 157:    270 692 610 658 365 61 423 
stack 158:    904 195 204 626 617 901 894 
stack 159:    211 908 864 632 146 86 190 
stack 160:    724 931 142 927 390 358 446 
stack 161:    362 609 83 876 781 734 363 
stack 162:    745 131 376 553 906 872 94 
stack 163:    673 878 277 217 932 419 319 
stack 164:    659 435 225 323 837 303 242 
stack 165:    150 666 808 550 103 759 79 
stack 166:    787 441 239 444 976 800 690 
stack 167:    695 633 828 733 196 127 92 
stack 168:    672 205 214 970 584 148 581 
stack 169:    595 372 431 422 58 105 380 
stack 170:    647 583 330 716 110 316 247 
stack 171:    156 493 343 649 860 114 97 

#####################################################

solved with: SP.constructive_heuristics.GeneralHeuristic
time limit: 3600.0 s
time to solve: 0,01 s
objective value: 1328919.07

stacks (top to bottom):
stack 0:    739 119 720 428 178 130 296 
stack 1:    695 784 68 469 292 287 36 
stack 2:    387 761 123 777 132 58 998 
stack 3:    311 330 361 863 57 54 804 
stack 4:    314 60 978 320 340 985 830 
stack 5:    379 109 611 538 145 385 161 
stack 6:    835 223 968 714 790 915 273 
stack 7:    727 33 970 574 801 688 137 
stack 8:    724 659 171 771 746 865 590 
stack 9:    943 135 234 627 467 962 872 
stack 10:    172 235 609 820 952 504 715 
stack 11:    753 997 540 586 131 674 256 
stack 12:    261 642 760 116 461 626 778 
stack 13:    578 957 805 756 637 551 3 
stack 14:    673 914 791 719 859 27 92 
stack 15:    6 107 389 831 497 548 597 
stack 16:    798 568 965 567 511 795 164 
stack 17:    211 236 723 442 514 623 383 
stack 18:    18 193 393 120 987 736 954 
stack 19:    615 921 173 944 190 229 650 
stack 20:    492 657 288 926 86 147 602 
stack 21:    49 522 728 877 462 594 336 
stack 22:    782 298 254 438 146 478 301 
stack 23:    647 150 670 643 407 456 684 
stack 24:    420 561 381 192 519 284 159 
stack 25:    374 341 10 516 139 592 645 
stack 26:    903 571 868 851 654 656 625 
stack 27:    697 195 299 667 209 101 473 
stack 28:    576 572 89 554 631 215 189 
stack 29:    583 35 403 566 365 662 152 
stack 30:    318 163 776 471 644 181 128 
stack 31:    536 44 682 339 113 951 264 
stack 32:    973 938 680 810 531 308 961 
stack 33:    829 850 878 166 2 112 230 
stack 34:    394 225 162 671 721 993 999 
stack 35:    799 638 1 126 884 555 79 
stack 36:    958 50 231 14 558 285 939 
stack 37:    334 355 833 182 280 841 751 
stack 38:    794 740 543 371 503 24 397 
stack 39:    481 47 272 67 547 564 929 
stack 40:    224 477 653 665 769 316 881 
stack 41:    7 666 416 546 167 410 521 
stack 42:    918 276 696 565 651 742 544 
stack 43:    815 893 466 275 553 430 279 
stack 44:    525 245 372 99 920 358 545 
stack 45:    620 827 754 337 582 596 259 
stack 46:    459 785 200 415 323 206 812 
stack 47:    925 404 282 936 703 69 488 
stack 48:    48 713 563 64 12 701 837 
stack 49:    384 888 450 22 686 770 867 
stack 50:    864 108 52 368 300 246 783 
stack 51:    902 633 140 539 601 535 141 
stack 52:    549 395 498 59 376 767 817 
stack 53:    675 241 663 717 605 685 216 
stack 54:    352 908 268 788 306 879 792 
stack 55:    990 88 716 313 85 180 940 
stack 56:    414 541 869 882 937 628 83 
stack 57:    269 106 66 923 307 328 15 
stack 58:    291 196 70 122 349 963 886 
stack 59:    124 510 156 5 443 959 974 
stack 60:    317 604 984 218 321 72 948 
stack 61:    360 441 413 515 910 708 763 
stack 62:    823 454 818 45 483 906 105 
stack 63:    672 996 529 964 744 363 427 
stack 64:    731 249 409 676 836 472 704 
stack 65:    931 71 600 104 432 96 174 
stack 66:    806 244 885 725 803 517 0 
stack 67:    632 326 332 930 399 455 366 
stack 68:    370 170 743 351 343 290 707 
stack 69:    552 648 890 194 843 243 860 
stack 70:    201 197 465 995 240 295 896 
stack 71:    199 435 151 55 188 440 160 
stack 72:    787 839 757 542 260 426 417 
stack 73:    520 630 986 436 855 584 624 
stack 74:    977 433 214 849 31 486 25 
stack 75:    219 402 429 406 32 423 286 
stack 76:    967 17 350 825 61 247 114 
stack 77:    848 621 445 593 774 639 485 
stack 78:    512 362 400 917 29 523 30 
stack 79:    570 62 157 185 579 861 186 
stack 80:    693 587 494 668 891 210 629 
stack 81:    700 950 786 755 980 698 932 
stack 82:    183 560 448 765 411 559 718 
stack 83:    796 816 253 658 325 425 581 
stack 84:    270 945 8 779 356 838 98 
stack 85:    168 405 550 103 233 912 942 
stack 86:    220 706 19 278 747 136 148 
stack 87:    391 187 809 898 655 73 752 
stack 88:    115 909 652 887 678 518 94 
stack 89:    595 408 916 56 768 750 4 
stack 90:    43 941 907 439 992 905 502 
stack 91:    526 614 857 607 681 759 591 
stack 92:    468 603 51 238 934 53 121 
stack 93:    434 294 953 610 533 889 619 
stack 94:    712 852 530 895 232 781 580 
stack 95:    919 946 338 640 711 369 348 
stack 96:    904 142 709 207 935 87 111 
stack 97:    532 266 772 90 612 475 726 
stack 98:    793 856 133 34 748 221 824 
stack 99:    437 457 13 297 364 862 303 
stack 100:    505 23 989 421 16 699 598 
stack 101:    153 213 880 988 913 251 388 
stack 102:    267 847 846 966 419 449 353 
stack 103:    464 811 764 102 622 255 117 
stack 104:    74 636 76 732 257 819 894 
stack 105:    80 875 378 606 955 924 227 
stack 106:    575 900 821 922 845 979 97 
stack 107:    501 401 702 75 508 487 500 
stack 108:    730 202 537 490 692 556 21 
stack 109:    722 844 971 63 81 683 11 
stack 110:    418 451 283 422 396 265 983 
stack 111:    28 635 758 527 110 528 775 
stack 112:    452 618 873 293 271 263 329 
stack 113:    840 198 866 808 208 463 562 
stack 114:    687 165 524 228 876 91 649 
stack 115:    134 333 217 277 496 458 480 
stack 116:    470 975 705 489 431 375 144 
stack 117:    969 239 248 479 499 994 149 
stack 118:    331 184 177 377 424 588 309 
stack 119:    447 802 204 874 729 493 250 
stack 120:    733 506 226 118 834 960 319 
stack 121:    484 386 982 589 646 382 175 
stack 122:    367 780 345 871 444 822 315 
stack 123:    813 78 176 534 491 46 853 
stack 124:    346 289 39 807 324 689 344 
stack 125:    766 347 212 281 858 577 901 
stack 126:    737 262 9 84 956 507 669 
stack 127:    252 599 911 741 842 342 359 
stack 128:    65 42 143 390 392 814 26 
stack 129:    460 335 927 237 125 634 446 
stack 130:    191 762 585 222 453 474 800 
stack 131:    981 274 735 482 976 127 242 
stack 132:    745 138 789 476 305 327 398 
stack 133:    854 179 203 832 677 616 302 
stack 134:    169 613 310 93 660 617 129 
stack 135:    691 312 258 664 734 690 41 
stack 136:    95 828 38 77 322 947 991 
stack 137:    661 641 826 892 155 513 380 
stack 138:    37 899 949 495 608 773 40 
stack 139:    738 679 354 20 82 373 573 
stack 140:    797 412 158 897 710 569 357 
stack 141:    694 
stack 142:    870 557 883 749 100 304 928 
stack 143:    509 972 154 
stack 144:    933 
stack 145:    205 
stack 146:    
stack 147:    
stack 148:    
stack 149:    
stack 150:    
stack 151:    
stack 152:    
stack 153:    
stack 154:    
stack 155:    
stack 156:    
stack 157:    
stack 158:    
stack 159:    
stack 160:    
stack 161:    
stack 162:    
stack 163:    
stack 164:    
stack 165:    
stack 166:    
stack 167:    
stack 168:    
stack 169:    
stack 170:    
stack 171:    
