solved with: SP.deprecated.TabuSearch
time limit: 3600.0 s
time to solve: 1062,50 s
objective value: 1228861.87

stacks (top to bottom):
stack 0:    0 
stack 1:    1 
stack 2:    
stack 3:    3 
stack 4:    504 4 
stack 5:    
stack 6:    6 
stack 7:    
stack 8:    
stack 9:    509 
stack 10:    510 
stack 11:    511 
stack 12:    12 
stack 13:    
stack 14:    
stack 15:    15 
stack 16:    16 
stack 17:    28 705 320 760 970 27 186 
stack 18:    996 964 475 206 363 290 247 
stack 19:    943 529 539 944 461 357 117 
stack 20:    224 655 625 913 25 303 669 
stack 21:    925 806 977 522 294 542 523 
stack 22:    38 298 631 238 524 136 81 
stack 23:    958 686 558 285 574 939 715 
stack 24:    386 182 982 589 646 535 63 
stack 25:    447 802 874 493 164 538 250 
stack 26:    635 477 653 323 769 316 881 
stack 27:    459 753 815 900 99 551 545 
stack 28:    37 576 554 62 985 31 651 
stack 29:    761 730 917 134 741 483 105 
stack 30:    695 42 758 390 392 814 327 
stack 31:    481 47 550 777 272 556 547 
stack 32:    50 854 331 469 588 624 36 
stack 33:    403 35 720 90 332 365 562 
stack 34:    44 536 835 865 665 714 699 
stack 35:    43 898 926 930 952 884 555 
stack 36:    470 489 941 65 599 613 101 
stack 37:    135 66 59 767 962 103 817 
stack 38:    904 687 565 478 742 752 544 
stack 39:    568 258 377 280 297 664 251 
stack 40:    414 492 992 999 72 564 581 
stack 41:    997 666 416 217 56 546 860 
stack 42:    225 167 905 862 129 991 94 
stack 43:    712 893 197 466 708 553 684 
stack 44:    352 793 108 953 246 778 180 
stack 45:    317 451 119 104 922 358 397 
stack 46:    724 52 785 200 559 734 812 
stack 47:    391 703 936 404 69 488 444 
stack 48:    48 636 563 810 880 64 159 
stack 49:    80 738 675 888 579 54 629 
stack 50:    435 809 725 637 803 181 619 
stack 51:    902 432 841 921 601 309 896 
stack 52:    652 587 494 696 86 668 602 
stack 53:    799 393 449 897 57 867 683 
stack 54:    283 202 321 744 876 616 458 
stack 55:    402 330 914 276 88 73 85 
stack 56:    794 234 692 381 192 584 114 
stack 57:    244 209 226 118 934 319 423 
stack 58:    441 413 910 67 763 463 98 
stack 59:    798 143 937 882 869 628 783 
stack 60:    394 604 984 205 218 116 190 
stack 61:    169 782 739 151 764 566 972 
stack 62:    360 875 694 465 606 955 819 
stack 63:    138 887 638 322 110 480 473 
stack 64:    195 990 789 204 788 313 366 
stack 65:    124 109 615 339 156 421 959 
stack 66:    918 859 795 718 790 455 161 
stack 67:    311 71 326 399 175 154 111 
stack 68:    595 667 237 907 987 230 592 
stack 69:    706 851 618 843 598 243 915 
stack 70:    829 870 890 657 743 83 726 
stack 71:    199 490 267 593 440 188 359 
stack 72:    693 437 614 857 415 215 804 
stack 73:    150 679 805 310 644 354 983 
stack 74:    850 153 74 433 214 486 296 
stack 75:    647 219 406 716 678 286 87 
stack 76:    839 274 431 349 91 260 426 
stack 77:    931 796 762 350 658 963 325 
stack 78:    400 405 198 578 816 158 948 
stack 79:    908 223 165 682 949 364 649 
stack 80:    384 347 170 732 351 343 707 
stack 81:    950 786 755 768 980 966 924 
stack 82:    731 299 194 120 344 265 912 
stack 83:    680 342 185 845 308 645 961 
stack 84:    171 177 408 102 422 396 960 
stack 85:    249 409 641 497 139 315 704 
stack 86:    500 
stack 87:    501 
stack 88:    2 502 
stack 89:    503 
stack 90:    5 
stack 91:    505 
stack 92:    506 
stack 93:    7 507 
stack 94:    8 
stack 95:    9 508 
stack 96:    10 
stack 97:    11 
stack 98:    512 513 
stack 99:    13 
stack 100:    14 514 
stack 101:    515 
stack 102:    516 
stack 103:    17 610 825 517 846 259 21 
stack 104:    673 18 379 826 472 521 518 
stack 105:    520 19 77 96 820 519 474 
stack 106:    231 575 345 22 20 24 255 
stack 107:    549 142 60 140 368 496 32 
stack 108:    23 484 711 995 462 759 26 
stack 109:    570 207 603 656 971 476 41 
stack 110:    526 530 866 561 178 137 295 
stack 111:    525 89 534 541 51 528 650 
stack 112:    697 452 771 527 988 617 30 
stack 113:    840 454 49 33 29 976 453 
stack 114:    239 479 248 221 906 430 256 
stack 115:    552 784 187 537 333 293 410 
stack 116:    39 220 807 324 770 689 127 
stack 117:    532 261 648 76 560 531 781 
stack 118:    828 468 863 122 253 569 304 
stack 119:    107 341 34 378 935 533 573 
stack 120:    191 163 467 222 585 55 548 
stack 121:    903 245 213 571 868 837 929 
stack 122:    780 540 871 822 824 233 287 
stack 123:    813 946 491 46 801 853 227 
stack 124:    235 968 947 747 719 979 79 
stack 125:    78 68 858 710 886 210 901 
stack 126:    981 737 262 306 729 956 40 
stack 127:    115 766 722 834 609 232 149 
stack 128:    740 543 371 811 61 830 385 
stack 129:    745 374 241 389 663 685 92 
stack 130:    106 911 670 622 842 45 58 
stack 131:    168 387 885 821 376 838 425 
stack 132:    848 621 445 639 375 417 273 
stack 133:    362 335 927 756 125 419 634 
stack 134:    967 691 193 361 855 93 932 
stack 135:    395 864 429 268 113 84 879 
stack 136:    700 498 471 681 128 872 942 
stack 137:    355 833 266 698 382 751 130 
stack 138:    713 709 162 674 671 721 388 
stack 139:    270 420 450 82 271 284 53 
stack 140:    436 179 212 642 654 677 940 
stack 141:    978 183 412 448 411 439 688 
stack 142:    418 919 557 883 749 100 145 
stack 143:    723 733 600 70 174 373 591 
stack 144:    133 572 281 567 933 891 580 
stack 145:    460 176 754 746 965 369 279 
stack 146:    973 975 372 757 300 916 456 
stack 147:    312 172 844 340 157 626 954 
stack 148:    211 989 873 146 577 147 229 
stack 149:    95 318 776 643 407 597 594 
stack 150:    583 632 438 424 612 160 144 
stack 151:    334 852 464 727 831 994 605 
stack 152:    659 401 457 203 849 750 398 
stack 153:    909 627 797 895 623 427 487 
stack 154:    434 847 728 275 748 590 216 
stack 155:    787 291 818 196 257 75 928 
stack 156:    269 277 923 307 702 792 301 
stack 157:    184 607 254 582 173 305 141 
stack 158:    633 986 289 672 328 662 189 
stack 159:    620 827 611 337 765 596 97 
stack 160:    314 278 772 428 443 951 121 
stack 161:    131 123 338 132 383 302 329 
stack 162:    630 236 370 166 878 112 263 
stack 163:    346 823 353 736 228 701 690 
stack 164:    957 661 442 836 892 155 998 
stack 165:    899 791 495 608 775 264 974 
stack 166:    945 586 482 779 356 889 292 
stack 167:    201 288 485 348 800 242 380 
stack 168:    856 938 832 126 446 861 148 
stack 169:    367 640 676 808 336 240 894 
stack 170:    282 735 208 717 499 774 993 
stack 171:    969 252 920 877 660 152 773 

#####################################################

solved with: SP.post_optimization_methods.HillClimbing
time limit: 3600.0 s
time to solve: 813,26 s
objective value: 1228861.87

stacks (top to bottom):
stack 0:    0 
stack 1:    1 
stack 2:    
stack 3:    3 
stack 4:    504 4 
stack 5:    
stack 6:    6 
stack 7:    
stack 8:    
stack 9:    509 
stack 10:    510 
stack 11:    511 
stack 12:    12 
stack 13:    
stack 14:    
stack 15:    15 
stack 16:    16 
stack 17:    712 17 82 623 101 681 547 
stack 18:    526 95 115 655 20 363 40 
stack 19:    969 754 529 677 535 714 32 
stack 20:    525 23 600 38 926 192 21 
stack 21:    745 540 522 530 593 594 315 
stack 22:    374 341 197 962 553 689 592 
stack 23:    823 282 231 106 59 545 92 
stack 24:    464 922 966 381 624 26 948 
stack 25:    981 460 709 414 782 230 872 
stack 26:    140 226 237 531 424 625 81 
stack 27:    28 527 541 930 528 775 31 
stack 28:    680 589 832 646 582 336 41 
stack 29:    673 219 652 35 174 284 473 
stack 30:    370 142 153 163 585 430 463 
stack 31:    330 587 638 494 86 668 210 
stack 32:    50 49 318 490 445 257 939 
stack 33:    236 973 179 203 947 136 54 
stack 34:    387 39 818 93 658 308 830 
stack 35:    809 919 648 386 390 891 905 
stack 36:    176 261 491 857 46 897 359 
stack 37:    37 635 996 77 280 574 837 
stack 38:    675 454 957 777 671 674 748 
stack 39:    47 465 550 499 759 573 929 
stack 40:    866 805 371 483 75 960 602 
stack 41:    201 761 239 272 995 896 385 
stack 42:    552 899 565 678 650 951 243 
stack 43:    647 138 52 305 178 159 94 
stack 44:    835 266 51 85 881 773 242 
stack 45:    798 632 789 262 577 164 366 
stack 46:    384 595 627 340 415 873 812 
stack 47:    925 703 69 99 488 906 265 
stack 48:    787 850 202 162 721 556 605 
stack 49:    909 109 223 952 487 555 901 
stack 50:    172 737 457 985 956 229 726 
stack 51:    958 171 224 654 865 332 73 
stack 52:    459 621 785 619 639 263 329 
stack 53:    723 554 401 964 569 357 247 
stack 54:    244 667 563 842 645 924 912 
stack 55:    450 345 679 764 987 253 149 
stack 56:    312 437 614 567 846 617 137 
stack 57:    133 847 670 923 134 853 295 
stack 58:    904 691 204 949 421 495 742 
stack 59:    620 124 429 276 156 364 63 
stack 60:    335 890 469 218 200 167 579 
stack 61:    724 434 831 466 763 98 240 
stack 62:    78 770 821 275 369 597 580 
stack 63:    918 209 66 756 634 160 792 
stack 64:    481 249 663 767 456 462 591 
stack 65:    452 314 258 656 820 750 804 
stack 66:    470 856 694 338 910 685 227 
stack 67:    697 902 362 177 776 889 380 
stack 68:    184 213 96 732 215 343 707 
stack 69:    693 212 194 657 254 884 581 
stack 70:    241 676 409 376 955 717 128 
stack 71:    796 965 440 246 152 228 817 
stack 72:    786 188 185 365 701 427 734 
stack 73:    746 607 475 446 121 629 480 
stack 74:    402 716 88 313 752 316 683 
stack 75:    659 799 989 791 406 175 79 
stack 76:    289 435 713 978 353 867 87 
stack 77:    599 267 877 698 410 397 959 
stack 78:    420 274 198 482 976 838 684 
stack 79:    630 317 784 609 84 861 649 
stack 80:    211 888 150 852 876 814 751 
stack 81:    400 269 741 961 302 669 161 
stack 82:    914 696 682 476 190 130 114 
stack 83:    331 291 294 953 158 662 296 
stack 84:    938 288 238 323 665 443 141 
stack 85:    738 405 666 900 103 139 233 
stack 86:    500 
stack 87:    501 
stack 88:    2 502 
stack 89:    503 
stack 90:    5 
stack 91:    505 
stack 92:    506 
stack 93:    7 508 507 
stack 94:    8 
stack 95:    9 
stack 96:    10 
stack 97:    11 
stack 98:    512 513 
stack 99:    13 
stack 100:    14 514 
stack 101:    515 
stack 102:    516 
stack 103:    489 19 517 801 519 259 562 
stack 104:    549 18 887 524 584 260 518 
stack 105:    875 378 131 606 523 892 521 
stack 106:    793 520 22 33 29 112 974 
stack 107:    834 116 719 145 790 25 860 
stack 108:    780 730 537 24 422 533 216 
stack 109:    771 883 760 126 439 478 979 
stack 110:    418 270 300 277 396 321 27 
stack 111:    735 893 586 34 389 479 485 
stack 112:    827 534 151 431 558 548 144 
stack 113:    943 532 298 653 326 988 30 
stack 114:    687 235 165 539 110 783 36 
stack 115:    42 560 982 843 83 628 388 
stack 116:    107 640 444 497 819 474 127 
stack 117:    360 568 411 913 688 303 972 
stack 118:    583 44 536 729 651 538 301 
stack 119:    220 416 122 222 612 97 286 
stack 120:    346 442 70 349 710 825 91 
stack 121:    851 183 322 933 660 53 862 
stack 122:    199 871 542 824 822 774 425 
stack 123:    661 372 917 641 826 453 155 
stack 124:    813 245 361 768 963 736 998 
stack 125:    74 551 45 980 61 845 544 
stack 126:    48 143 64 146 285 319 250 
stack 127:    43 613 307 328 546 932 704 
stack 128:    740 368 725 844 392 461 458 
stack 129:    908 299 543 347 758 984 970 
stack 130:    394 196 354 762 125 58 344 
stack 131:    395 967 403 615 113 874 180 
stack 132:    840 936 56 342 382 423 417 
stack 133:    451 727 166 878 644 55 255 
stack 134:    191 706 408 911 102 916 129 
stack 135:    391 283 68 207 836 132 472 
stack 136:    633 997 757 664 325 290 426 
stack 137:    854 731 686 561 643 994 942 
stack 138:    225 604 937 882 57 781 915 
stack 139:    71 468 62 448 772 765 271 
stack 140:    441 252 815 578 708 105 715 
stack 141:    903 946 65 492 471 920 398 
stack 142:    60 557 182 720 749 879 928 
stack 143:    168 379 733 428 493 608 111 
stack 144:    848 76 571 743 601 795 72 
stack 145:    311 193 205 170 559 859 564 
stack 146:    636 570 588 769 173 399 455 
stack 147:    575 467 755 816 310 803 304 
stack 148:    352 268 339 306 788 699 273 
stack 149:    941 611 337 596 100 886 690 
stack 150:    135 436 728 811 248 711 67 
stack 151:    695 880 438 631 147 992 616 
stack 152:    484 810 433 702 566 744 327 
stack 153:    975 705 333 232 206 778 148 
stack 154:    576 572 868 907 221 383 189 
stack 155:    870 977 214 849 747 598 486 
stack 156:    802 120 281 858 841 626 264 
stack 157:    794 320 603 377 934 718 309 
stack 158:    404 217 622 358 373 293 279 
stack 159:    324 208 292 348 983 256 940 
stack 160:    739 833 797 432 351 496 894 
stack 161:    927 898 89 863 407 610 590 
stack 162:    829 986 806 828 104 672 968 
stack 163:    80 950 367 895 692 350 954 
stack 164:    864 169 766 477 393 855 449 
stack 165:    753 108 722 297 90 186 117 
stack 166:    931 187 807 234 618 637 935 
stack 167:    839 700 413 945 808 356 779 
stack 168:    195 885 119 181 419 251 154 
stack 169:    447 355 412 642 971 921 999 
stack 170:    334 498 123 993 375 800 287 
stack 171:    990 278 118 157 869 944 991 
