lower bound for relaxed s_ij: 1228850.92

#####################################################

solved with: SP.mip_formulations.BinPackingFormulation
time limit: 3600.0 s
time to solve: 3663,83 s (time limit exceeded)
objective value: 1245218.12 (not optimal)

stacks (top to bottom):
stack 0:    9 501 1 
stack 1:    15 8 31 
stack 2:    2 504 500 502 17 4 
stack 3:    440 6 21 13 3 
stack 4:    435 10 18 22 
stack 5:    506 954 508 189 5 503 
stack 6:    12 26 16 14 323 29 34 
stack 7:    997 246 515 24 516 514 53 
stack 8:    513 249 509 368 93 20 73 
stack 9:    959 530 521 519 35 39 11 
stack 10:    551 494 224 858 640 518 629 
stack 11:    512 41 179 510 388 79 72 
stack 12:    68 511 288 601 590 219 200 
stack 13:    90 520 350 256 176 174 19 
stack 14:    275 692 639 532 476 683 210 
stack 15:    328 712 800 568 523 36 177 
stack 16:    316 718 869 140 128 522 855 
stack 17:    681 635 180 538 507 666 406 
stack 18:    689 55 676 652 613 531 221 
stack 19:    549 217 701 559 163 564 721 
stack 20:    607 232 537 27 273 770 285 
stack 21:    850 293 437 834 544 345 260 
stack 22:    157 723 528 556 454 541 709 
stack 23:    670 168 776 205 637 56 37 
stack 24:    856 253 883 533 592 403 817 
stack 25:    908 349 245 338 621 204 149 
stack 26:    223 894 899 756 110 135 764 
stack 27:    918 524 952 525 290 929 38 
stack 28:    439 339 831 822 65 946 291 
stack 29:    526 337 318 989 304 198 202 
stack 30:    109 933 802 930 916 866 208 
stack 31:    662 641 750 359 965 923 449 
stack 32:    734 301 563 599 851 309 833 
stack 33:    144 727 574 486 746 173 289 
stack 34:    905 485 457 446 963 535 470 
stack 35:    814 995 579 69 585 848 348 
stack 36:    279 708 796 438 907 443 818 
stack 37:    724 682 912 909 767 555 545 
stack 38:    294 624 432 373 142 931 645 
stack 39:    47 752 824 787 133 48 477 
stack 40:    356 548 410 351 346 206 547 
stack 41:    95 947 262 250 390 317 819 
stack 42:    777 66 956 612 539 240 642 
stack 43:    315 560 414 602 580 59 271 
stack 44:    644 860 384 313 722 257 171 
stack 45:    456 393 716 786 361 118 433 
stack 46:    917 991 703 964 633 402 780 
stack 47:    195 920 900 419 576 365 960 
stack 48:    546 829 632 671 143 980 428 
stack 49:    944 460 299 731 572 728 660 
stack 50:    330 75 570 543 478 411 181 
stack 51:    896 593 951 399 906 913 686 
stack 52:    885 815 495 335 267 343 199 
stack 53:    938 194 236 329 571 123 483 
stack 54:    99 594 685 809 137 732 161 
stack 55:    392 919 374 890 656 479 387 
stack 56:    586 389 496 305 554 588 261 
stack 57:    762 87 268 988 823 971 89 
stack 58:    355 404 188 741 707 50 62 
stack 59:    557 131 794 227 287 962 42 
stack 60:    897 955 936 775 569 927 704 
stack 61:    884 774 830 534 277 280 81 
stack 62:    852 653 394 320 861 490 926 
stack 63:    207 44 878 674 136 542 130 
stack 64:    713 442 78 312 649 810 258 
stack 65:    790 182 729 842 687 233 215 
stack 66:    793 753 164 423 340 859 749 
stack 67:    426 600 743 166 648 120 895 
stack 68:    886 868 444 196 949 278 999 
stack 69:    872 263 673 784 229 867 773 
stack 70:    83 378 341 283 808 76 379 
stack 71:    974 736 178 611 589 744 398 
stack 72:    395 184 619 558 295 276 266 
stack 73:    162 690 669 889 282 183 115 
stack 74:    92 891 480 875 58 892 74 
stack 75:    154 367 354 675 352 584 57 
stack 76:    160 491 684 420 82 705 112 
stack 77:    795 695 678 745 614 487 377 
stack 78:    94 781 415 791 314 715 846 
stack 79:    626 679 248 333 603 155 132 
stack 80:    942 766 102 751 797 710 608 
stack 81:    139 966 106 407 820 418 302 
stack 82:    844 141 386 717 481 882 804 
stack 83:    286 85 928 789 372 472 186 
stack 84:    471 863 754 760 740 581 838 
stack 85:    151 922 615 452 737 658 755 
stack 86:    0 
stack 87:    
stack 88:    
stack 89:    726 91 565 
stack 90:    981 
stack 91:    505 840 
stack 92:    7 
stack 93:    925 469 465 
stack 94:    
stack 95:    979 
stack 96:    
stack 97:    
stack 98:    987 
stack 99:    903 
stack 100:    941 
stack 101:    940 
stack 102:    197 107 
stack 103:    984 517 
stack 104:    567 498 
stack 105:    765 412 
stack 106:    562 101 125 
stack 107:    798 973 88 
stack 108:    
stack 109:    976 226 
stack 110:    23 450 448 
stack 111:    697 321 
stack 112:    434 436 
stack 113:    527 259 397 837 714 654 
stack 114:    124 725 409 138 134 739 28 
stack 115:    413 887 148 735 332 255 
stack 116:    529 934 835 799 778 113 935 
stack 117:    32 334 165 427 30 
stack 118:    172 146 159 33 77 292 
stack 119:    473 324 998 203 
stack 120:    536 812 25 129 553 540 
stack 121:    192 306 244 657 416 
stack 122:    664 150 610 803 888 298 
stack 123:    116 720 265 185 967 430 650 
stack 124:    779 663 117 898 606 489 
stack 125:    605 114 400 80 757 468 61 
stack 126:    441 847 996 187 463 459 
stack 127:    901 961 801 63 836 
stack 128:    561 876 706 696 103 625 595 
stack 129:    788 422 54 96 336 
stack 130:    864 218 994 86 447 326 
stack 131:    45 970 597 64 119 
stack 132:    385 763 308 492 458 170 
stack 133:    813 915 499 382 222 
stack 134:    362 943 688 911 862 
stack 135:    274 358 634 651 497 950 857 
stack 136:    618 247 464 865 598 
stack 137:    668 401 353 405 49 
stack 138:    104 939 145 213 879 659 209 
stack 139:    46 854 693 396 768 
stack 140:    667 596 643 43 839 
stack 141:    381 591 968 100 811 
stack 142:    482 360 466 375 475 370 
stack 143:    699 805 383 948 238 272 408 
stack 144:    376 849 424 297 230 
stack 145:    71 225 841 700 953 371 680 
stack 146:    771 647 251 158 237 121 300 
stack 147:    932 761 550 646 461 484 169 
stack 148:    391 986 914 193 126 578 825 
stack 149:    269 738 853 70 228 97 828 
stack 150:    747 347 873 982 40 474 153 
stack 151:    270 235 958 821 628 211 190 
stack 152:    792 832 147 910 902 937 296 
stack 153:    421 552 733 617 281 52 325 
stack 154:    582 357 587 575 212 429 307 
stack 155:    807 311 363 369 216 694 983 
stack 156:    769 742 992 243 672 655 234 
stack 157:    344 239 303 782 201 51 990 
stack 158:    152 843 661 957 425 845 893 
stack 159:    220 191 719 431 730 616 881 
stack 160:    488 874 638 759 331 310 242 
stack 161:    254 783 573 880 60 924 319 
stack 162:    972 785 108 252 127 622 417 
stack 163:    453 691 978 609 977 122 871 
stack 164:    870 342 665 175 98 877 566 
stack 165:    445 84 993 327 620 827 322 
stack 166:    604 985 975 826 583 111 284 
stack 167:    631 241 921 772 462 455 698 
stack 168:    904 577 623 364 105 380 758 
stack 169:    467 231 748 366 945 816 702 
stack 170:    806 493 677 214 636 627 167 
stack 171:    156 630 451 969 711 67 264 

#####################################################

solved with: SP.constructive_heuristics.GeneralHeuristic
time limit: 3600.0 s
time to solve: 0,01 s
objective value: 1328816.02

stacks (top to bottom):
stack 0:    574 16 226 756 592 163 130 
stack 1:    92 131 634 754 115 516 710 
stack 2:    529 604 299 164 767 289 926 
stack 3:    872 644 259 961 120 913 465 
stack 4:    160 446 415 982 977 198 155 
stack 5:    241 355 362 422 380 941 204 
stack 6:    192 535 963 309 242 855 208 
stack 7:    781 623 869 470 646 56 112 
stack 8:    549 101 706 103 472 654 517 
stack 9:    852 682 747 736 583 580 962 
stack 10:    727 788 29 475 121 702 838 
stack 11:    104 499 729 764 161 616 686 
stack 12:    372 409 211 36 818 461 983 
stack 13:    274 972 367 609 969 44 314 
stack 14:    558 975 84 720 458 13 174 
stack 15:    734 663 312 652 911 384 879 
stack 16:    667 491 530 536 909 768 859 
stack 17:    75 114 525 295 802 572 867 
stack 18:    184 27 943 809 987 811 201 
stack 19:    41 324 452 400 447 522 895 
stack 20:    551 223 290 25 808 251 980 
stack 21:    456 217 538 696 407 418 264 
stack 22:    807 567 64 455 136 123 704 
stack 23:    537 860 612 541 313 722 655 
stack 24:    954 283 267 468 463 371 82 
stack 25:    944 90 898 731 796 770 74 
stack 26:    524 385 854 692 246 994 89 
stack 27:    294 329 454 556 509 500 374 
stack 28:    600 619 670 701 862 280 820 
stack 29:    391 386 912 146 887 292 490 
stack 30:    269 594 805 496 437 18 177 
stack 31:    605 708 533 6 382 721 30 
stack 32:    356 323 921 60 122 43 237 
stack 33:    792 922 752 685 948 817 687 
stack 34:    966 725 726 560 91 709 581 
stack 35:    546 330 856 243 69 61 234 
stack 36:    894 519 800 7 140 21 443 
stack 37:    789 812 87 763 718 478 5 
stack 38:    228 863 214 183 578 142 531 
stack 39:    793 219 308 369 958 707 971 
stack 40:    505 970 915 951 110 343 595 
stack 41:    681 71 232 908 365 88 42 
stack 42:    2 47 742 639 885 97 650 
stack 43:    156 466 783 569 571 555 728 
stack 44:    928 239 552 305 661 946 51 
stack 45:    426 180 507 93 261 411 931 
stack 46:    512 227 738 401 853 268 988 
stack 47:    678 337 668 347 614 700 169 
stack 48:    896 959 669 448 334 199 715 
stack 49:    632 413 396 518 206 304 749 
stack 50:    45 220 942 748 691 945 910 
stack 51:    55 378 504 15 593 933 143 
stack 52:    421 618 394 249 777 815 429 
stack 53:    138 889 666 683 96 230 81 
stack 54:    488 460 998 253 617 336 642 
stack 55:    526 320 450 840 52 59 348 
stack 56:    873 404 832 851 335 741 35 
stack 57:    301 493 424 673 603 176 842 
stack 58:    939 66 168 956 86 907 833 
stack 59:    85 641 134 95 197 297 0 
stack 60:    360 934 712 762 883 427 170 
stack 61:    467 68 492 105 216 865 479 
stack 62:    392 527 876 739 298 271 881 
stack 63:    577 275 9 159 927 462 924 
stack 64:    724 440 847 827 79 379 319 
stack 65:    918 78 442 579 281 287 588 
stack 66:    806 997 995 502 776 215 890 
stack 67:    141 653 144 591 402 273 772 
stack 68:    328 279 575 511 991 370 34 
stack 69:    771 993 108 822 481 135 773 
stack 70:    482 254 779 444 430 672 547 
stack 71:    270 14 587 113 361 757 622 
stack 72:    451 410 244 54 39 999 484 
stack 73:    870 597 117 520 497 434 845 
stack 74:    864 293 277 257 836 210 72 
stack 75:    194 606 252 733 925 17 238 
stack 76:    145 107 127 436 11 433 387 
stack 77:    713 316 102 900 745 874 953 
stack 78:    607 311 899 590 633 353 839 
stack 79:    844 247 814 419 282 111 744 
stack 80:    631 288 861 276 200 564 937 
stack 81:    195 70 185 399 383 233 857 
stack 82:    395 486 352 416 640 882 428 
stack 83:    231 630 559 823 930 331 49 
stack 84:    905 457 684 891 573 584 285 
stack 85:    286 154 774 677 229 848 302 
stack 86:    794 799 719 570 333 350 866 
stack 87:    586 676 528 589 843 359 118 
stack 88:    179 967 651 798 730 258 608 
stack 89:    582 351 599 128 732 740 544 
stack 90:    172 693 332 671 202 296 892 
stack 91:    850 717 510 532 133 50 190 
stack 92:    716 534 414 397 209 149 780 
stack 93:    795 363 886 339 824 568 819 
stack 94:    157 445 487 354 327 697 474 
stack 95:    596 952 248 841 790 317 171 
stack 96:    699 831 743 797 412 260 711 
stack 97:    218 554 801 284 53 834 300 
stack 98:    235 193 32 657 620 403 760 
stack 99:    12 485 601 364 147 165 476 
stack 100:    381 94 77 929 501 340 816 
stack 101:    207 858 875 307 189 846 272 
stack 102:    23 884 830 175 250 837 565 
stack 103:    389 358 785 611 973 125 167 
stack 104:    151 766 992 166 310 3 398 
stack 105:    393 849 826 265 80 24 984 
stack 106:    480 989 791 266 132 893 990 
stack 107:    974 613 658 610 821 628 406 
stack 108:    124 690 338 489 550 240 67 
stack 109:    624 920 976 978 495 321 449 
stack 110:    191 225 746 735 153 660 758 
stack 111:    561 662 342 901 100 390 19 
stack 112:    263 562 98 65 825 186 645 
stack 113:    318 638 158 621 759 810 22 
stack 114:    761 695 737 63 940 888 325 
stack 115:    914 563 542 38 935 459 181 
stack 116:    938 643 880 674 346 540 255 
stack 117:    344 357 548 224 173 57 48 
stack 118:    471 315 152 213 262 585 425 
stack 119:    626 813 689 245 196 765 656 
stack 120:    557 985 349 368 377 137 782 
stack 121:    897 778 109 543 188 388 923 
stack 122:    829 775 40 119 902 804 408 
stack 123:    751 31 649 278 345 37 417 
stack 124:    453 986 10 665 750 784 950 
stack 125:    236 769 688 576 256 803 957 
stack 126:    932 903 150 919 947 602 539 
stack 127:    46 513 441 615 438 637 405 
stack 128:    376 435 178 968 906 205 469 
stack 129:    498 129 647 341 960 545 222 
stack 130:    917 116 868 723 949 598 477 
stack 131:    753 703 521 375 306 212 58 
stack 132:    835 26 33 148 553 1 503 
stack 133:    162 473 981 979 659 73 221 
stack 134:    83 373 439 76 694 62 828 
stack 135:    494 508 464 182 187 483 698 
stack 136:    664 303 714 566 877 291 28 
stack 137:    506 904 679 420 871 705 
stack 138:    635 423 996 431 787 627 514 
stack 139:    99 432 964 675 786 878 629 
stack 140:    139 126 106 648 20 4 680 
stack 141:    366 515 636 322 916 326 965 
stack 142:    8 755 625 
stack 143:    203 
stack 144:    955 936 
stack 145:    523 
stack 146:    
stack 147:    
stack 148:    
stack 149:    
stack 150:    
stack 151:    
stack 152:    
stack 153:    
stack 154:    
stack 155:    
stack 156:    
stack 157:    
stack 158:    
stack 159:    
stack 160:    
stack 161:    
stack 162:    
stack 163:    
stack 164:    
stack 165:    
stack 166:    
stack 167:    
stack 168:    
stack 169:    
stack 170:    
stack 171:    
