lower bound for relaxed s_ij: 1228849.66

#####################################################

solved with: SP.mip_formulations.BinPackingFormulation
time limit: 3600.0 s
time to solve: 3622,33 s (time limit exceeded)
objective value: 1242722.6 (not optimal)

stacks (top to bottom):
stack 0:    0 500 4 
stack 1:    1 3 15 
stack 2:    5 24 2 20 
stack 3:    502 28 19 
stack 4:    504 510 164 29 7 117 359 
stack 5:    12 13 8 25 21 503 
stack 6:    696 17 436 291 506 967 
stack 7:    475 600 6 813 522 990 162 
stack 8:    680 534 524 517 508 569 509 
stack 9:    507 512 659 82 511 190 294 
stack 10:    121 643 519 88 46 649 395 
stack 11:    444 750 650 530 9 391 10 
stack 12:    496 105 537 535 461 123 349 
stack 13:    862 783 538 623 725 464 733 
stack 14:    288 570 909 761 513 786 18 
stack 15:    432 60 523 358 670 626 127 
stack 16:    900 767 526 818 921 70 515 
stack 17:    224 355 367 528 161 36 490 
stack 18:    531 472 365 200 153 666 210 
stack 19:    665 443 638 129 718 615 16 
stack 20:    31 533 568 74 343 583 727 
stack 21:    307 797 803 590 635 373 34 
stack 22:    539 694 791 688 354 527 185 
stack 23:    952 186 852 52 997 262 222 
stack 24:    545 544 137 700 671 876 327 
stack 25:    804 923 38 866 634 267 22 
stack 26:    898 32 918 905 368 686 892 
stack 27:    955 599 979 949 437 486 30 
stack 28:    242 140 874 339 958 814 759 
stack 29:    981 953 826 562 325 115 939 
stack 30:    669 998 612 601 371 980 815 
stack 31:    128 951 378 353 831 206 193 
stack 32:    143 27 961 459 730 124 248 
stack 33:    499 445 179 136 760 582 276 
stack 34:    788 287 393 225 824 326 116 
stack 35:    406 566 596 62 996 554 989 
stack 36:    807 542 454 586 873 556 279 
stack 37:    463 712 158 184 942 173 107 
stack 38:    547 433 465 664 174 489 681 
stack 39:    764 714 704 565 172 897 823 
stack 40:    132 827 901 887 333 387 33 
stack 41:    369 593 838 837 747 178 99 
stack 42:    834 621 215 711 642 878 609 
stack 43:    410 110 820 546 630 87 45 
stack 44:    553 125 498 98 483 41 662 
stack 45:    799 619 731 657 100 335 292 
stack 46:    986 419 816 182 237 777 676 
stack 47:    960 53 842 564 282 762 244 
stack 48:    802 396 446 270 663 346 549 
stack 49:    912 275 49 471 223 322 352 
stack 50:    904 877 199 987 165 840 577 
stack 51:    411 122 658 487 895 883 941 
stack 52:    571 902 766 896 351 860 555 
stack 53:    780 286 752 289 937 789 150 
stack 54:    148 236 924 572 965 736 126 
stack 55:    602 412 255 800 550 232 254 
stack 56:    318 473 295 290 861 832 782 
stack 57:    819 613 480 48 414 836 774 
stack 58:    858 263 453 956 585 850 865 
stack 59:    757 603 703 430 721 35 907 
stack 60:    810 374 684 259 246 796 884 
stack 61:    678 155 75 166 108 763 794 
stack 62:    247 628 975 221 622 51 756 
stack 63:    389 119 319 982 917 573 131 
stack 64:    692 204 872 710 257 192 385 
stack 65:    674 194 377 492 230 667 316 
stack 66:    673 331 216 959 963 795 227 
stack 67:    781 249 226 706 401 344 73 
stack 68:    741 312 403 713 668 208 779 
stack 69:    243 89 610 296 239 746 458 
stack 70:    771 284 260 114 654 330 854 
stack 71:    790 251 784 429 258 742 345 
stack 72:    745 347 93 864 417 587 805 
stack 73:    614 399 932 520 806 938 390 
stack 74:    188 405 561 973 277 993 754 
stack 75:    584 212 822 72 889 268 76 
stack 76:    183 913 78 181 207 381 336 
stack 77:    930 908 885 266 793 404 734 
stack 78:    595 321 792 196 83 94 96 
stack 79:    720 271 449 755 101 384 478 
stack 80:    661 90 971 855 402 146 375 
stack 81:    84 830 109 299 211 988 69 
stack 82:    264 925 724 732 298 187 631 
stack 83:    656 579 481 97 362 306 209 
stack 84:    591 588 765 749 400 77 580 
stack 85:    91 723 709 356 715 435 234 
stack 86:    
stack 87:    501 
stack 88:    
stack 89:    
stack 90:    
stack 91:    
stack 92:    690 646 376 
stack 93:    505 
stack 94:    
stack 95:    
stack 96:    11 
stack 97:    785 811 
stack 98:    95 740 
stack 99:    397 
stack 100:    514 903 14 
stack 101:    516 
stack 102:    
stack 103:    758 978 
stack 104:    518 655 59 
stack 105:    
stack 106:    195 868 839 
stack 107:    916 
stack 108:    521 748 
stack 109:    
stack 110:    968 776 
stack 111:    525 728 729 213 68 851 705 
stack 112:    933 26 
stack 113:    859 256 906 23 
stack 114:    611 557 970 770 220 
stack 115:    142 71 457 170 130 
stack 116:    228 409 
stack 117:    372 606 687 205 133 42 
stack 118:    964 428 936 915 
stack 119:    366 828 250 426 382 
stack 120:    274 337 154 769 653 
stack 121:    691 360 283 191 160 
stack 122:    379 413 849 141 977 536 
stack 123:    238 985 870 856 474 383 201 
stack 124:    608 775 468 962 39 
stack 125:    44 37 991 440 639 64 341 
stack 126:    787 350 853 118 50 
stack 127:    332 469 677 66 894 144 
stack 128:    543 540 476 881 438 857 245 
stack 129:    47 574 798 541 138 
stack 130:    652 357 217 683 647 434 317 
stack 131:    616 106 620 976 
stack 132:    488 829 324 40 218 
stack 133:    177 145 698 467 637 448 120 
stack 134:    63 43 801 589 149 328 311 
stack 135:    833 863 693 604 701 104 948 
stack 136:    946 910 846 529 323 578 55 
stack 137:    928 551 995 969 598 576 441 
stack 138:    934 843 629 303 61 992 632 
stack 139:    625 151 65 597 477 314 581 
stack 140:    452 927 935 340 269 364 370 
stack 141:    893 334 944 147 735 648 81 
stack 142:    558 309 984 594 641 999 56 
stack 143:    439 272 592 386 313 882 891 
stack 144:    315 966 627 310 253 420 886 
stack 145:    456 388 169 415 175 867 398 
stack 146:    455 342 697 974 203 707 479 
stack 147:    848 575 407 675 485 361 739 
stack 148:    273 605 219 494 624 491 869 
stack 149:    229 618 899 240 950 235 152 
stack 150:    559 231 560 482 189 252 911 
stack 151:    281 672 922 660 135 738 493 
stack 152:    617 920 929 633 567 103 695 
stack 153:    202 926 947 914 778 241 304 
stack 154:    278 214 497 773 708 348 300 
stack 155:    198 821 408 293 462 919 450 
stack 156:    983 102 495 80 552 421 717 
stack 157:    532 305 423 825 943 808 772 
stack 158:    890 167 280 86 644 460 308 
stack 159:    548 301 972 563 484 416 157 
stack 160:    931 994 285 751 607 58 753 
stack 161:    685 424 163 111 809 719 431 
stack 162:    363 159 265 302 768 168 957 
stack 163:    422 392 338 320 197 92 442 
stack 164:    699 879 744 640 113 871 888 
stack 165:    418 954 470 57 139 180 737 
stack 166:    134 176 297 743 171 427 329 
stack 167:    841 112 812 726 394 79 425 
stack 168:    847 233 722 447 945 54 817 
stack 169:    875 716 636 940 679 67 682 
stack 170:    645 85 845 835 380 844 466 
stack 171:    451 651 261 702 689 156 880 

#####################################################

solved with: SP.constructive_heuristics.GeneralHeuristic
time limit: 3600.0 s
time to solve: 0,01 s
objective value: 1331482.45

stacks (top to bottom):
stack 0:    389 283 424 979 197 4 742 
stack 1:    432 497 855 598 118 420 751 
stack 2:    545 199 788 510 386 15 907 
stack 3:    862 567 606 702 296 990 23 
stack 4:    697 744 114 330 41 942 425 
stack 5:    898 544 843 397 825 414 779 
stack 6:    151 86 92 679 493 581 884 
stack 7:    932 929 82 936 174 708 782 
stack 8:    159 247 231 263 799 540 980 
stack 9:    331 665 971 361 969 426 556 
stack 10:    12 272 800 842 66 354 280 
stack 11:    678 256 473 393 824 970 314 
stack 12:    720 920 972 793 546 563 156 
stack 13:    278 728 764 113 626 962 869 
stack 14:    444 925 783 801 963 441 939 
stack 15:    543 752 266 593 537 646 18 
stack 16:    627 787 215 253 88 839 681 
stack 17:    566 368 648 206 660 993 39 
stack 18:    651 415 145 398 376 387 555 
stack 19:    877 859 138 688 353 246 259 
stack 20:    11 419 986 618 323 258 304 
stack 21:    724 531 564 167 987 117 395 
stack 22:    558 309 767 931 429 817 515 
stack 23:    692 829 212 914 83 762 220 
stack 24:    983 406 9 714 147 649 333 
stack 25:    975 470 853 139 205 123 796 
stack 26:    411 78 775 130 640 223 624 
stack 27:    452 43 320 730 160 773 736 
stack 28:    591 169 588 104 80 794 344 
stack 29:    771 236 732 722 285 791 146 
stack 30:    625 288 238 110 889 404 348 
stack 31:    858 53 407 412 594 945 339 
stack 32:    229 900 619 881 857 494 943 
stack 33:    669 433 589 467 489 609 667 
stack 34:    502 710 996 20 527 635 886 
stack 35:    188 514 443 487 182 587 478 
stack 36:    125 956 542 718 25 659 87 
stack 37:    954 38 7 225 725 370 682 
stack 38:    816 307 933 999 131 832 55 
stack 39:    399 276 161 770 201 210 865 
stack 40:    5 691 228 864 482 951 948 
stack 41:    534 240 250 100 19 190 144 
stack 42:    264 102 828 512 328 586 815 
stack 43:    481 533 430 882 909 706 630 
stack 44:    847 507 529 219 850 549 805 
stack 45:    198 638 207 766 193 10 279 
stack 46:    255 134 74 257 317 607 772 
stack 47:    551 271 750 541 905 569 373 
stack 48:    952 369 301 89 289 867 474 
stack 49:    13 136 803 211 813 511 715 
stack 50:    374 261 195 922 557 290 965 
stack 51:    183 275 729 184 895 479 450 
stack 52:    927 741 63 108 221 689 401 
stack 53:    140 405 214 392 454 719 891 
stack 54:    579 202 602 449 170 382 96 
stack 55:    998 355 935 163 21 62 880 
stack 56:    848 75 312 822 947 192 76 
stack 57:    496 852 95 326 79 786 856 
stack 58:    872 40 596 704 153 94 892 
stack 59:    699 576 973 464 135 67 33 
stack 60:    930 455 709 585 992 873 977 
stack 61:    821 559 337 358 670 632 157 
stack 62:    148 109 226 57 838 165 789 
stack 63:    365 623 897 351 442 733 239 
stack 64:    703 701 380 241 887 535 383 
stack 65:    696 961 409 647 637 335 308 
stack 66:    521 372 633 495 743 427 883 
stack 67:    119 98 428 413 509 435 727 
stack 68:    265 981 321 668 639 277 695 
stack 69:    315 65 597 394 175 776 168 
stack 70:    548 690 968 901 3 34 466 
stack 71:    560 574 213 658 974 61 16 
stack 72:    575 27 629 324 200 899 217 
stack 73:    286 539 8 187 657 208 894 
stack 74:    90 17 818 685 189 650 45 
stack 75:    716 532 503 154 550 739 814 
stack 76:    656 984 6 295 837 985 698 
stack 77:    830 408 621 325 604 343 634 
stack 78:    617 129 340 364 103 99 759 
stack 79:    964 472 834 798 871 14 737 
stack 80:    674 251 216 991 561 447 851 
stack 81:    913 807 553 305 336 888 536 
stack 82:    363 488 912 54 101 311 734 
stack 83:    451 890 568 797 350 133 756 
stack 84:    908 475 31 176 731 378 911 
stack 85:    143 0 504 600 860 717 30 
stack 86:    672 310 643 906 341 294 458 
stack 87:    904 410 806 477 77 580 957 
stack 88:    525 37 603 571 2 924 434 
stack 89:    780 804 132 785 726 513 268 
stack 90:    819 396 595 179 72 747 316 
stack 91:    636 284 194 381 329 577 416 
stack 92:    677 121 149 403 866 522 854 
stack 93:    501 757 616 592 313 115 849 
stack 94:    85 926 97 360 111 988 666 
stack 95:    453 422 526 457 303 809 352 
stack 96:    1 826 29 622 583 662 254 
stack 97:    440 959 24 686 391 227 185 
stack 98:    995 233 318 499 693 820 941 
stack 99:    47 655 459 530 795 876 306 
stack 100:    500 547 465 896 141 484 486 
stack 101:    781 684 520 570 827 937 180 
stack 102:    910 155 366 978 298 506 491 
stack 103:    810 628 902 966 918 377 248 
stack 104:    745 562 297 765 385 51 292 
stack 105:    242 916 940 675 508 565 448 
stack 106:    784 712 483 68 438 127 753 
stack 107:    243 84 186 614 845 282 769 
stack 108:    332 611 812 461 768 400 22 
stack 109:    946 166 721 379 35 81 861 
stack 110:    273 790 122 59 612 26 371 
stack 111:    128 538 763 590 664 746 222 
stack 112:    893 874 291 203 245 126 516 
stack 113:    274 523 707 705 654 152 774 
stack 114:    645 91 683 235 356 631 120 
stack 115:    93 269 915 64 234 644 375 
stack 116:    469 249 164 923 528 162 244 
stack 117:    960 362 749 116 46 938 490 
stack 118:    224 841 740 552 738 56 754 
stack 119:    680 723 462 919 178 878 777 
stack 120:    281 112 105 582 642 976 267 
stack 121:    802 32 863 792 367 302 823 
stack 122:    599 338 252 230 671 949 50 
stack 123:    846 994 70 578 384 107 300 
stack 124:    48 778 171 641 36 610 573 
stack 125:    955 260 436 468 615 417 346 
stack 126:    885 334 388 177 52 390 349 
stack 127:    694 319 944 270 327 989 917 
stack 128:    518 879 476 903 431 322 676 
stack 129:    204 287 480 953 196 844 209 
stack 130:    673 613 191 446 605 967 232 
stack 131:    713 554 831 735 460 58 437 
stack 132:    928 463 49 158 218 173 958 
stack 133:    652 60 293 921 485 137 69 
stack 134:    439 875 342 347 601 492 572 
stack 135:    584 833 299 711 748 42 761 
stack 136:    934 418 519 870 421 620 359 
stack 137:    142 181 524 517 150 997 262 
stack 138:    835 124 402 237 836 345 808 
stack 139:    44 608 357 498 423 755 471 
stack 140:    456 868 811 73 
stack 141:    661 71 950 700 172 982 653 
stack 142:    758 505 28 840 
stack 143:    445 106 663 
stack 144:    760 687 
stack 145:    
stack 146:    
stack 147:    
stack 148:    
stack 149:    
stack 150:    
stack 151:    
stack 152:    
stack 153:    
stack 154:    
stack 155:    
stack 156:    
stack 157:    
stack 158:    
stack 159:    
stack 160:    
stack 161:    
stack 162:    
stack 163:    
stack 164:    
stack 165:    
stack 166:    
stack 167:    
stack 168:    
stack 169:    
stack 170:    
stack 171:    
