lower bound for relaxed s_ij: 1228854.54

#####################################################

solved with: SP.mip_formulations.BinPackingFormulation
time limit: 3600.0 s
time to solve: 3655,77 s (time limit exceeded)
objective value: 1240956.69 (not optimal)

stacks (top to bottom):
stack 0:    3 
stack 1:    500 501 0 1 
stack 2:    2 8 
stack 3:    32 14 520 503 463 34 4 
stack 4:    5 22 19 511 504 
stack 5:    811 40 299 17 506 45 
stack 6:    7 514 505 31 512 27 
stack 7:    507 16 24 20 707 6 12 
stack 8:    508 515 204 517 226 529 521 
stack 9:    217 13 23 523 906 896 881 
stack 10:    728 754 130 11 808 39 334 
stack 11:    437 830 509 992 510 290 611 
stack 12:    518 396 751 988 621 613 849 
stack 13:    723 30 659 594 756 444 200 
stack 14:    467 683 376 306 600 556 93 
stack 15:    383 295 424 343 139 335 746 
stack 16:    912 527 840 168 862 397 516 
stack 17:    619 310 235 445 660 690 342 
stack 18:    333 488 522 771 29 241 894 
stack 19:    785 657 62 841 391 772 125 
stack 20:    868 559 355 782 886 747 483 
stack 21:    916 199 937 674 133 943 932 
stack 22:    191 15 848 548 96 847 918 
stack 23:    700 472 528 375 303 713 526 
stack 24:    867 745 182 968 413 895 137 
stack 25:    781 149 766 143 797 531 558 
stack 26:    652 580 91 28 891 925 482 
stack 27:    911 287 270 977 976 554 944 
stack 28:    878 330 456 476 271 907 850 
stack 29:    524 120 709 269 854 545 21 
stack 30:    162 460 542 373 82 83 532 
stack 31:    798 394 575 218 193 110 177 
stack 32:    242 192 389 980 538 535 274 
stack 33:    362 804 795 956 645 710 631 
stack 34:    551 928 534 641 665 372 140 
stack 35:    332 176 351 533 189 574 214 
stack 36:    794 53 680 97 871 418 481 
stack 37:    610 883 157 141 73 897 220 
stack 38:    434 314 967 407 687 92 632 
stack 39:    260 799 796 699 209 131 46 
stack 40:    817 530 244 292 608 212 975 
stack 41:    892 774 247 279 98 284 301 
stack 42:    278 564 555 336 186 153 288 
stack 43:    973 842 233 313 47 44 587 
stack 44:    106 780 450 387 743 286 546 
stack 45:    348 280 190 544 814 426 909 
stack 46:    316 195 363 326 752 339 264 
stack 47:    547 930 820 599 222 173 35 
stack 48:    758 861 420 573 495 236 64 
stack 49:    584 593 281 462 553 57 959 
stack 50:    393 740 319 263 422 614 50 
stack 51:    572 105 428 954 255 455 369 
stack 52:    790 963 85 762 800 112 874 
stack 53:    987 598 664 650 921 655 586 
stack 54:    605 985 417 108 681 321 402 
stack 55:    724 203 995 562 760 81 735 
stack 56:    969 129 175 585 470 885 80 
stack 57:    403 181 114 184 113 154 557 
stack 58:    776 755 668 712 567 152 70 
stack 59:    201 304 733 692 474 194 731 
stack 60:    341 388 764 569 630 677 543 
stack 61:    761 471 410 146 312 882 833 
stack 62:    729 458 71 227 49 860 739 
stack 63:    694 360 750 69 541 308 927 
stack 64:    622 282 670 354 323 966 171 
stack 65:    741 941 876 123 414 829 300 
stack 66:    257 122 775 647 583 955 277 
stack 67:    640 923 625 51 72 117 159 
stack 68:    590 791 777 275 95 498 272 
stack 69:    669 759 390 595 468 793 103 
stack 70:    656 127 216 356 180 688 738 
stack 71:    205 167 246 479 359 266 638 
stack 72:    400 802 667 178 571 254 908 
stack 73:    237 863 490 644 423 643 223 
stack 74:    832 934 855 392 172 675 768 
stack 75:    464 197 408 119 210 240 345 
stack 76:    188 327 902 818 673 591 196 
stack 77:    76 603 328 819 624 99 358 
stack 78:    185 620 837 164 929 904 865 
stack 79:    720 783 448 419 276 56 429 
stack 80:    719 691 230 160 822 676 877 
stack 81:    810 296 250 866 801 324 298 
stack 82:    466 864 338 262 846 900 219 
stack 83:    615 578 824 748 478 431 736 
stack 84:    633 601 708 919 789 662 579 
stack 85:    949 118 395 283 273 926 648 
stack 86:    79 
stack 87:    
stack 88:    
stack 89:    502 
stack 90:    
stack 91:    970 859 732 
stack 92:    
stack 93:    
stack 94:    
stack 95:    9 
stack 96:    
stack 97:    54 931 684 
stack 98:    
stack 99:    513 
stack 100:    
stack 101:    
stack 102:    997 
stack 103:    986 
stack 104:    
stack 105:    519 374 938 349 823 
stack 106:    37 843 
stack 107:    903 10 744 377 
stack 108:    784 
stack 109:    
stack 110:    367 982 623 
stack 111:    834 136 60 525 25 
stack 112:    489 
stack 113:    873 
stack 114:    816 311 132 371 350 946 
stack 115:    642 540 155 705 297 225 974 
stack 116:    294 996 779 61 
stack 117:    66 486 
stack 118:    370 646 386 
stack 119:    251 887 663 231 
stack 120:    991 63 807 998 914 
stack 121:    36 161 626 893 215 845 26 
stack 122:    90 962 232 368 
stack 123:    536 442 765 727 851 170 169 
stack 124:    475 939 337 957 537 993 207 
stack 125:    198 596 706 357 346 
stack 126:    404 268 158 726 788 52 
stack 127:    539 698 148 787 806 465 41 
stack 128:    48 432 685 484 565 577 948 
stack 129:    815 960 773 439 983 627 433 
stack 130:    942 187 952 898 134 101 135 
stack 131:    884 617 576 457 749 412 582 
stack 132:    183 151 427 714 922 888 221 
stack 133:    953 935 913 109 446 924 899 
stack 134:    984 971 435 252 366 33 126 
stack 135:    792 734 166 38 568 315 454 
stack 136:    405 88 672 165 42 612 18 
stack 137:    494 208 179 597 496 213 639 
stack 138:    411 693 406 115 291 637 142 
stack 139:    857 803 920 711 258 825 469 
stack 140:    889 958 552 872 399 384 661 
stack 141:    100 827 589 265 238 778 497 
stack 142:    809 425 990 124 318 838 325 
stack 143:    398 763 550 385 436 767 453 
stack 144:    701 703 933 43 635 347 492 
stack 145:    697 879 307 653 267 421 961 
stack 146:    964 365 416 224 401 737 381 
stack 147:    978 836 549 55 905 473 331 
stack 148:    206 378 890 901 634 438 102 
stack 149:    839 256 821 805 441 84 75 
stack 150:    68 757 561 682 813 77 628 
stack 151:    715 289 725 654 344 229 951 
stack 152:    59 730 563 989 742 477 67 
stack 153:    947 649 234 94 994 309 717 
stack 154:    447 965 658 322 65 671 491 
stack 155:    443 452 150 981 461 248 592 
stack 156:    415 718 293 999 696 950 910 
stack 157:    831 440 852 499 786 604 936 
stack 158:    239 570 979 629 869 259 695 
stack 159:    917 430 253 769 353 249 245 
stack 160:    609 915 853 352 606 716 74 
stack 161:    602 121 870 58 972 704 107 
stack 162:    302 686 828 382 480 87 607 
stack 163:    449 340 459 243 116 144 826 
stack 164:    174 618 320 111 560 211 128 
stack 165:    104 78 856 616 317 361 147 
stack 166:    940 487 812 364 770 689 163 
stack 167:    666 588 379 285 145 753 858 
stack 168:    138 566 844 493 722 202 721 
stack 169:    581 329 702 409 678 636 880 
stack 170:    451 679 228 261 305 875 485 
stack 171:    86 156 945 651 380 835 89 

#####################################################

solved with: SP.constructive_heuristics.GeneralHeuristic
time limit: 3600.0 s
time to solve: 0,01 s
objective value: 1330858.24

stacks (top to bottom):
stack 0:    550 940 994 772 286 948 41 
stack 1:    388 868 945 853 662 318 532 
stack 2:    174 916 806 820 673 274 346 
stack 3:    14 72 146 108 476 902 637 
stack 4:    603 799 387 133 511 75 103 
stack 5:    913 202 377 221 433 880 266 
stack 6:    365 251 851 784 604 687 826 
stack 7:    191 172 165 502 45 93 677 
stack 8:    86 830 588 635 386 960 918 
stack 9:    244 95 77 716 249 358 558 
stack 10:    761 316 203 560 98 689 594 
stack 11:    48 513 920 667 928 29 74 
stack 12:    745 576 887 897 822 248 52 
stack 13:    247 629 760 70 904 599 331 
stack 14:    230 10 828 786 478 431 888 
stack 15:    642 121 740 863 479 207 402 
stack 16:    311 848 212 22 55 26 862 
stack 17:    327 780 811 591 27 39 473 
stack 18:    34 425 132 886 553 579 894 
stack 19:    593 91 252 414 571 152 612 
stack 20:    802 755 105 456 890 139 64 
stack 21:    370 931 684 699 254 543 154 
stack 22:    463 649 197 722 644 150 613 
stack 23:    68 596 424 417 516 220 545 
stack 24:    176 575 232 401 468 929 525 
stack 25:    59 178 314 678 135 631 483 
stack 26:    569 982 458 49 140 486 529 
stack 27:    728 809 100 987 700 307 495 
stack 28:    195 376 313 787 253 231 986 
stack 29:    810 11 765 94 711 397 291 
stack 30:    475 471 335 210 145 298 908 
stack 31:    602 941 794 403 363 378 814 
stack 32:    561 855 501 262 406 676 359 
stack 33:    697 610 85 552 436 65 739 
stack 34:    581 76 958 527 450 211 695 
stack 35:    949 161 876 847 805 554 312 
stack 36:    443 385 683 278 606 737 661 
stack 37:    367 405 732 872 843 833 944 
stack 38:    616 530 785 754 60 634 342 
stack 39:    198 360 160 263 137 896 909 
stack 40:    991 834 841 190 169 382 485 
stack 41:    759 5 261 517 373 955 117 
stack 42:    7 437 28 542 663 779 277 
stack 43:    984 129 442 609 445 988 4 
stack 44:    374 578 56 544 824 921 480 
stack 45:    720 493 434 270 441 768 301 
stack 46:    451 420 639 42 521 587 738 
stack 47:    216 965 983 523 73 954 481 
stack 48:    104 155 792 750 706 901 835 
stack 49:    832 268 562 229 79 209 241 
stack 50:    640 798 831 157 981 838 592 
stack 51:    693 256 873 957 655 418 860 
stack 52:    694 935 503 540 998 214 1 
stack 53:    224 698 484 427 535 877 643 
stack 54:    233 88 31 925 512 163 846 
stack 55:    118 565 315 375 871 849 936 
stack 56:    942 415 295 292 895 875 87 
stack 57:    400 257 879 781 462 813 627 
stack 58:    618 522 107 704 924 61 607 
stack 59:    715 217 783 448 419 577 710 
stack 60:    122 53 355 891 767 353 186 
stack 61:    803 151 973 766 967 323 92 
stack 62:    892 518 963 412 600 453 746 
stack 63:    964 691 234 408 283 898 472 
stack 64:    63 329 317 204 549 773 648 
stack 65:    494 859 672 564 595 469 504 
stack 66:    156 416 559 500 997 818 927 
stack 67:    656 969 396 109 38 660 461 
stack 68:    239 947 547 423 653 975 951 
stack 69:    185 971 296 598 686 632 736 
stack 70:    447 16 149 181 366 455 159 
stack 71:    682 354 430 770 269 793 506 
stack 72:    912 40 71 17 900 131 491 
stack 73:    857 136 96 608 125 747 614 
stack 74:    289 383 647 199 143 996 874 
stack 75:    995 123 505 893 439 538 180 
stack 76:    250 866 339 777 271 905 426 
stack 77:    54 0 819 567 44 37 556 
stack 78:    817 13 714 343 144 573 959 
stack 79:    466 297 170 8 721 713 557 
stack 80:    341 584 651 392 66 194 84 
stack 81:    620 394 356 380 926 384 742 
stack 82:    939 664 952 823 350 345 638 
stack 83:    182 340 243 47 9 177 18 
stack 84:    601 789 489 141 361 850 966 
stack 85:    167 923 15 979 800 858 153 
stack 86:    36 435 514 776 487 336 12 
stack 87:    524 328 179 796 771 147 272 
stack 88:    127 625 206 727 101 621 303 
stack 89:    815 782 33 168 980 347 586 
stack 90:    393 280 440 650 852 541 974 
stack 91:    791 282 915 749 112 555 6 
stack 92:    919 413 775 148 659 259 989 
stack 93:    884 520 705 990 702 337 881 
stack 94:    724 626 646 30 184 227 245 
stack 95:    188 861 842 712 306 531 381 
stack 96:    192 548 428 43 438 510 142 
stack 97:    124 827 537 778 407 240 67 
stack 98:    590 751 338 279 812 368 582 
stack 99:    666 597 24 730 110 688 910 
stack 100:    619 580 968 457 115 976 907 
stack 101:    551 670 692 825 275 961 636 
stack 102:    348 326 883 23 605 58 731 
stack 103:    962 111 937 20 128 829 707 
stack 104:    911 51 410 305 690 972 474 
stack 105:    490 225 422 421 498 325 482 
stack 106:    395 708 617 281 679 2 99 
stack 107:    763 246 864 930 82 399 369 
stack 108:    718 310 287 752 293 985 46 
stack 109:    162 332 215 218 533 753 574 
stack 110:    615 319 134 454 497 308 223 
stack 111:    758 774 668 273 19 171 196 
stack 112:    519 764 970 460 729 344 219 
stack 113:    432 3 114 821 869 81 35 
stack 114:    757 509 357 102 882 113 321 
stack 115:    807 657 801 389 309 914 300 
stack 116:    208 320 709 885 83 906 25 
stack 117:    566 302 276 69 236 993 526 
stack 118:    837 175 762 583 465 334 126 
stack 119:    201 228 459 723 189 611 899 
stack 120:    205 464 856 508 845 999 492 
stack 121:    804 622 956 645 788 173 854 
stack 122:    889 90 404 390 658 299 743 
stack 123:    138 816 187 235 371 680 429 
stack 124:    725 795 488 352 351 470 284 
stack 125:    398 120 623 630 735 288 89 
stack 126:    839 237 304 844 734 409 97 
stack 127:    539 294 641 585 665 222 756 
stack 128:    411 953 903 452 238 267 528 
stack 129:    183 790 193 364 322 200 671 
stack 130:    130 242 978 733 446 119 946 
stack 131:    507 840 285 797 681 226 477 
stack 132:    536 62 878 330 870 290 57 
stack 133:    633 917 158 213 674 628 255 
stack 134:    362 572 836 515 675 748 950 
stack 135:    32 324 166 808 933 379 865 
stack 136:    741 654 563 769 372 696 50 
stack 137:    78 701 719 938 589 568 264 
stack 138:    467 867 449 534 624 444 546 
stack 139:    669 164 652 391 349 744 499 
stack 140:    934 116 992 80 943 21 
stack 141:    106 260 496 932 
stack 142:    333 685 570 258 717 
stack 143:    703 977 
stack 144:    922 
stack 145:    265 
stack 146:    726 
stack 147:    
stack 148:    
stack 149:    
stack 150:    
stack 151:    
stack 152:    
stack 153:    
stack 154:    
stack 155:    
stack 156:    
stack 157:    
stack 158:    
stack 159:    
stack 160:    
stack 161:    
stack 162:    
stack 163:    
stack 164:    
stack 165:    
stack 166:    
stack 167:    
stack 168:    
stack 169:    
stack 170:    
stack 171:    
