solved with: SP.deprecated.TabuSearch
time limit: 3600.0 s
time to solve: 967,74 s
objective value: 1228887.28

stacks (top to bottom):
stack 0:    
stack 1:    502 
stack 2:    501 
stack 3:    503 
stack 4:    
stack 5:    
stack 6:    
stack 7:    
stack 8:    508 8 
stack 9:    
stack 10:    510 
stack 11:    511 
stack 12:    12 
stack 13:    513 514 
stack 14:    
stack 15:    15 
stack 16:    16 516 
stack 17:    407 521 20 208 
stack 18:    207 412 696 157 788 519 678 
stack 19:    832 308 864 434 545 789 25 
stack 20:    45 145 229 575 264 527 536 
stack 21:    703 846 102 173 395 981 175 
stack 22:    741 26 913 281 24 94 720 
stack 23:    36 786 599 57 23 616 77 
stack 24:    332 179 589 341 840 918 263 
stack 25:    692 27 238 143 184 423 38 
stack 26:    626 540 442 51 550 474 273 
stack 27:    534 802 805 541 456 748 354 
stack 28:    868 477 660 91 194 978 859 
stack 29:    940 817 186 478 618 857 59 
stack 30:    348 195 907 681 125 772 80 
stack 31:    679 301 573 283 39 876 214 
stack 32:    946 212 232 842 170 111 43 
stack 33:    743 537 491 705 124 881 687 
stack 34:    81 642 908 657 863 643 897 
stack 35:    987 67 322 242 73 268 538 
stack 36:    53 410 539 218 165 180 289 
stack 37:    925 141 663 549 821 546 213 
stack 38:    321 570 912 411 47 811 794 
stack 39:    661 544 621 648 849 462 920 
stack 40:    41 569 574 429 459 262 825 
stack 41:    901 114 422 562 636 555 977 
stack 42:    88 588 62 952 460 965 774 
stack 43:    944 146 206 979 104 220 548 
stack 44:    554 158 121 314 89 215 851 
stack 45:    824 296 58 132 55 49 319 
stack 46:    891 148 295 855 716 556 436 
stack 47:    674 719 222 347 566 888 813 
stack 48:    360 950 338 468 312 292 929 
stack 49:    92 664 105 257 313 830 482 
stack 50:    487 744 837 829 761 286 966 
stack 51:    632 151 87 414 847 334 405 
stack 52:    330 237 318 578 294 234 835 
stack 53:    700 733 675 311 287 159 845 
stack 54:    493 900 317 838 605 112 399 
stack 55:    150 732 928 899 276 64 353 
stack 56:    972 418 711 869 947 351 676 
stack 57:    248 998 659 299 122 245 898 
stack 58:    892 871 611 492 174 78 955 
stack 59:    342 307 638 973 875 615 568 
stack 60:    86 770 791 389 147 628 583 
stack 61:    447 196 300 990 571 290 746 
stack 62:    995 723 909 767 752 633 862 
stack 63:    356 230 649 646 394 593 594 
stack 64:    136 448 742 781 671 419 443 
stack 65:    960 691 694 190 409 137 968 
stack 66:    366 647 727 85 709 610 152 
stack 67:    138 494 377 634 677 209 71 
stack 68:    373 873 461 225 951 867 223 
stack 69:    688 361 438 765 587 343 154 
stack 70:    323 476 470 325 595 155 590 
stack 71:    371 320 227 831 463 316 598 
stack 72:    336 172 183 365 651 698 848 
stack 73:    656 255 665 282 249 766 439 
stack 74:    269 199 369 591 652 777 160 
stack 75:    211 424 467 685 140 917 624 
stack 76:    133 359 896 265 431 435 182 
stack 77:    404 608 367 446 302 279 585 
stack 78:    579 884 799 707 956 904 452 
stack 79:    99 497 734 181 266 113 854 
stack 80:    910 421 603 762 820 749 205 
stack 81:    226 645 415 349 162 275 221 
stack 82:    171 801 915 823 984 357 380 
stack 83:    768 197 870 401 964 969 921 
stack 84:    445 780 836 241 911 135 345 
stack 85:    597 203 943 926 906 653 119 
stack 86:    500 0 
stack 87:    1 
stack 88:    2 
stack 89:    3 
stack 90:    4 504 
stack 91:    5 505 
stack 92:    6 506 
stack 93:    507 
stack 94:    7 
stack 95:    509 9 
stack 96:    10 
stack 97:    11 
stack 98:    512 
stack 99:    13 
stack 100:    14 
stack 101:    18 515 
stack 102:    518 520 
stack 103:    882 17 28 19 440 517 449 
stack 104:    722 529 44 523 526 650 22 
stack 105:    640 466 760 260 793 522 530 
stack 106:    131 903 84 623 535 706 430 
stack 107:    76 533 31 551 250 21 291 
stack 108:    385 930 495 844 724 33 204 
stack 109:    942 524 738 525 191 433 852 
stack 110:    916 70 416 532 662 542 919 
stack 111:    983 753 472 29 841 168 95 
stack 112:    216 298 923 531 949 69 187 
stack 113:    833 30 46 156 427 938 528 
stack 114:    609 560 267 975 668 639 669 
stack 115:    745 635 56 48 581 98 790 
stack 116:    82 580 883 328 637 613 721 
stack 117:    547 729 473 754 52 118 481 
stack 118:    880 798 35 784 490 630 32 
stack 119:    139 933 413 120 800 778 834 
stack 120:    101 806 878 34 240 271 364 
stack 121:    736 988 810 107 272 991 40 
stack 122:    450 224 346 185 42 278 142 
stack 123:    576 402 75 129 258 985 37 
stack 124:    936 559 61 458 843 567 259 
stack 125:    986 169 604 398 498 236 797 
stack 126:    782 934 557 337 543 699 596 
stack 127:    480 304 670 756 726 252 759 
stack 128:    959 572 210 63 280 388 710 
stack 129:    717 93 807 469 953 74 737 
stack 130:    682 893 693 50 428 231 948 
stack 131:    606 686 963 408 822 362 355 
stack 132:    54 166 690 126 374 954 804 
stack 133:    612 787 872 927 350 228 65 
stack 134:    130 974 564 795 496 335 331 
stack 135:    465 103 655 992 72 856 808 
stack 136:    625 297 115 561 358 976 672 
stack 137:    552 826 553 582 256 895 425 
stack 138:    971 614 622 565 558 945 60 
stack 139:    713 285 392 961 306 586 251 
stack 140:    641 324 117 488 931 188 90 
stack 141:    288 783 370 383 201 816 850 
stack 142:    200 479 654 957 293 619 178 
stack 143:    66 673 763 861 702 750 420 
stack 144:    758 303 97 601 327 725 666 
stack 145:    739 890 980 149 485 177 127 
stack 146:    368 714 116 970 378 712 192 
stack 147:    233 219 941 123 771 627 305 
stack 148:    244 386 339 176 592 563 902 
stack 149:    866 329 333 83 600 384 455 
stack 150:    809 363 344 451 372 779 167 
stack 151:    577 989 254 483 704 217 198 
stack 152:    701 764 747 853 695 935 397 
stack 153:    751 932 689 475 922 457 379 
stack 154:    803 924 453 391 644 310 68 
stack 155:    620 815 432 839 284 631 108 
stack 156:    243 708 261 352 792 828 997 
stack 157:    818 755 858 735 602 812 982 
stack 158:    905 239 246 400 390 773 376 
stack 159:    375 877 235 584 879 718 827 
stack 160:    785 962 999 958 403 796 757 
stack 161:    253 153 444 454 189 819 340 
stack 162:    967 164 937 79 489 382 887 
stack 163:    993 683 684 441 406 814 393 
stack 164:    629 270 202 163 775 417 860 
stack 165:    277 885 109 387 100 274 426 
stack 166:    939 193 889 886 128 617 396 
stack 167:    874 381 134 144 499 309 471 
stack 168:    728 667 740 96 996 247 464 
stack 169:    658 894 315 680 484 326 776 
stack 170:    607 437 731 730 161 769 110 
stack 171:    865 715 486 994 106 697 914 

#####################################################

solved with: SP.post_optimization_methods.HillClimbing
time limit: 3600.0 s
time to solve: 813,61 s
objective value: 1228875.16

stacks (top to bottom):
stack 0:    
stack 1:    1 
stack 2:    501 
stack 3:    503 
stack 4:    
stack 5:    
stack 6:    
stack 7:    
stack 8:    508 8 
stack 9:    
stack 10:    510 
stack 11:    511 
stack 12:    12 
stack 13:    513 514 
stack 14:    
stack 15:    15 
stack 16:    18 
stack 17:    332 529 279 558 778 
stack 18:    723 285 518 297 716 22 38 
stack 19:    41 638 657 613 563 538 21 
stack 20:    54 872 575 20 527 561 159 
stack 21:    169 521 783 44 793 180 80 
stack 22:    692 656 103 24 345 720 292 
stack 23:    523 483 357 23 975 154 160 
stack 24:    901 253 714 979 206 548 312 
stack 25:    87 994 55 29 240 749 152 
stack 26:    45 905 993 744 699 678 845 
stack 27:    150 645 413 617 63 489 804 
stack 28:    798 239 988 531 684 825 852 
stack 29:    88 559 732 537 556 57 669 
stack 30:    972 889 654 545 565 351 772 
stack 31:    916 485 738 278 543 536 598 
stack 32:    146 166 886 690 841 535 379 
stack 33:    740 817 42 546 409 594 430 
stack 34:    76 579 261 733 34 347 439 
stack 35:    983 342 211 437 731 644 326 
stack 36:    868 742 858 51 440 74 888 
stack 37:    764 116 681 992 655 856 59 
stack 38:    981 973 144 128 163 550 953 
stack 39:    476 711 569 56 229 118 481 
stack 40:    540 132 911 270 168 382 583 
stack 41:    219 871 601 947 906 157 120 
stack 42:    577 882 635 660 788 60 178 
stack 43:    363 131 372 352 268 862 498 
stack 44:    373 114 238 909 752 68 452 
stack 45:    92 81 145 572 212 896 403 
stack 46:    184 864 894 416 675 134 449 
stack 47:    324 410 659 927 317 374 662 
stack 48:    753 787 367 338 446 653 231 
stack 49:    880 404 314 50 623 127 455 
stack 50:    883 97 962 215 222 316 251 
stack 51:    865 53 844 949 78 214 340 
stack 52:    751 606 318 497 194 796 236 
stack 53:    269 734 86 867 918 355 978 
stack 54:    940 989 946 616 838 586 710 
stack 55:    987 465 730 62 310 721 702 
stack 56:    336 647 915 823 819 935 895 
stack 57:    133 186 225 276 257 441 881 
stack 58:    323 349 663 302 904 271 399 
stack 59:    241 682 943 442 671 567 272 
stack 60:    560 105 811 294 245 921 137 
stack 61:    986 780 366 487 295 301 223 
stack 62:    892 129 587 573 247 122 147 
stack 63:    195 970 826 282 300 94 776 
stack 64:    375 216 686 661 370 201 791 
stack 65:    360 620 432 75 813 443 217 
stack 66:    447 72 990 104 453 290 750 
stack 67:    422 679 805 164 311 187 397 
stack 68:    877 158 924 322 391 766 423 
stack 69:    743 837 478 266 961 384 968 
stack 70:    580 933 325 293 414 275 71 
stack 71:    739 786 599 840 198 706 205 
stack 72:    846 315 747 718 135 242 725 
stack 73:    385 641 91 306 457 834 628 
stack 74:    574 932 705 264 618 847 331 
stack 75:    625 866 218 341 209 380 919 
stack 76:    578 650 985 283 188 794 860 
stack 77:    418 597 274 636 781 463 221 
stack 78:    480 350 496 931 124 90 590 
stack 79:    658 784 495 126 174 790 777 
stack 80:    700 486 843 914 997 417 797 
stack 81:    424 102 199 806 622 808 110 
stack 82:    960 308 143 368 869 938 161 
stack 83:    899 964 421 917 286 954 388 
stack 84:    640 307 400 458 436 850 851 
stack 85:    277 348 255 941 162 875 748 
stack 86:    0 500 
stack 87:    502 
stack 88:    2 
stack 89:    3 
stack 90:    504 4 
stack 91:    5 505 
stack 92:    6 506 
stack 93:    507 
stack 94:    7 
stack 95:    509 9 
stack 96:    10 
stack 97:    11 
stack 98:    512 
stack 99:    13 
stack 100:    14 
stack 101:    515 
stack 102:    16 516 520 
stack 103:    534 17 19 517 532 334 530 
stack 104:    688 760 570 693 581 528 32 
stack 105:    243 260 254 526 519 624 40 
stack 106:    903 428 202 65 64 522 982 
stack 107:    824 200 26 61 591 551 335 
stack 108:    248 998 304 230 408 672 362 
stack 109:    233 438 524 525 855 820 112 
stack 110:    27 66 141 70 28 377 25 
stack 111:    258 698 426 419 280 396 43 
stack 112:    179 621 648 816 770 462 849 
stack 113:    82 46 30 427 49 789 697 
stack 114:    153 923 722 589 392 643 966 
stack 115:    708 58 203 815 402 155 737 
stack 116:    445 533 31 611 878 541 902 
stack 117:    713 246 704 33 600 313 596 
stack 118:    554 472 35 549 490 98 898 
stack 119:    139 492 564 232 812 353 929 
stack 120:    967 691 67 193 842 474 213 
stack 121:    891 930 547 267 37 991 259 
stack 122:    36 359 539 649 670 542 108 
stack 123:    925 371 369 773 250 605 774 
stack 124:    884 93 288 39 984 976 358 
stack 125:    444 664 799 831 234 610 111 
stack 126:    330 298 544 934 963 557 204 
stack 127:    810 429 329 47 435 273 309 
stack 128:    629 729 829 951 603 406 263 
stack 129:    728 908 969 807 585 398 759 
stack 130:    552 584 571 220 792 952 582 
stack 131:    836 735 499 460 420 142 95 
stack 132:    833 386 100 555 48 999 861 
stack 133:    344 803 907 712 73 763 208 
stack 134:    138 387 226 893 957 553 471 
stack 135:    874 928 395 619 945 456 887 
stack 136:    944 980 870 197 652 89 393 
stack 137:    151 130 227 588 412 680 405 
stack 138:    818 667 996 52 756 77 364 
stack 139:    768 950 365 149 912 958 289 
stack 140:    745 926 863 488 115 602 835 
stack 141:    356 383 83 394 854 593 354 
stack 142:    346 642 694 175 165 464 897 
stack 143:    466 910 491 615 709 977 687 
stack 144:    101 183 685 689 795 69 319 
stack 145:    885 614 562 454 390 627 677 
stack 146:    207 196 494 974 484 719 955 
stack 147:    873 407 461 210 769 630 965 
stack 148:    612 736 470 937 566 305 848 
stack 149:    809 608 339 771 281 592 800 
stack 150:    451 156 779 879 767 746 633 
stack 151:    244 913 434 637 695 676 376 
stack 152:    758 109 802 123 568 119 256 
stack 153:    703 415 121 821 853 634 757 
stack 154:    801 956 727 459 85 857 79 
stack 155:    701 755 595 475 287 170 876 
stack 156:    171 148 224 683 473 185 631 
stack 157:    995 715 117 228 762 822 948 
stack 158:    832 707 814 177 191 343 482 
stack 159:    576 942 477 724 337 920 666 
stack 160:    936 609 782 761 646 182 252 
stack 161:    99 237 604 717 181 726 433 
stack 162:    136 172 361 448 469 830 859 
stack 163:    632 839 754 411 299 668 113 
stack 164:    467 140 96 265 262 431 107 
stack 165:    785 173 303 125 673 468 828 
stack 166:    939 401 176 674 190 775 291 
stack 167:    607 235 479 651 827 425 192 
stack 168:    900 765 959 333 639 284 389 
stack 169:    626 741 328 696 189 84 922 
stack 170:    296 971 450 321 320 381 106 
stack 171:    493 890 378 249 665 167 327 
