solved with: SP.deprecated.TabuSearch
time limit: 3600.0 s
time to solve: 1034,15 s
objective value: 1228847.3

stacks (top to bottom):
stack 0:    0 
stack 1:    
stack 2:    2 
stack 3:    3 
stack 4:    4 
stack 5:    5 
stack 6:    
stack 7:    7 
stack 8:    8 
stack 9:    9 
stack 10:    
stack 11:    511 
stack 12:    12 
stack 13:    513 
stack 14:    
stack 15:    
stack 16:    16 
stack 17:    518 29 356 760 20 517 
stack 18:    872 526 129 28 714 217 519 
stack 19:    26 40 30 488 540 35 618 
stack 20:    357 185 615 223 520 213 870 
stack 21:    543 314 963 697 21 23 682 
stack 22:    102 533 839 45 24 65 392 
stack 23:    387 786 127 95 266 599 933 
stack 24:    77 640 216 579 367 763 646 
stack 25:    158 365 778 755 112 244 813 
stack 26:    845 527 789 894 548 986 292 
stack 27:    759 427 585 493 331 56 403 
stack 28:    857 91 389 592 989 168 191 
stack 29:    37 46 833 929 898 855 578 
stack 30:    950 559 534 904 900 371 547 
stack 31:    132 270 707 443 932 793 63 
stack 32:    573 265 561 32 64 862 751 
stack 33:    407 965 791 928 792 645 460 
stack 34:    36 704 611 41 376 558 541 
stack 35:    666 774 867 429 125 536 494 
stack 36:    766 863 274 285 297 126 667 
stack 37:    417 313 808 549 722 436 170 
stack 38:    107 321 140 203 659 883 686 
stack 39:    250 718 192 637 497 769 812 
stack 40:    325 819 249 284 937 54 910 
stack 41:    844 173 204 959 47 52 326 
stack 42:    733 865 617 454 60 426 315 
stack 43:    641 243 922 684 823 591 874 
stack 44:    478 242 470 754 421 850 976 
stack 45:    486 546 193 422 580 236 425 
stack 46:    473 262 184 439 465 119 372 
stack 47:    747 595 361 437 276 162 570 
stack 48:    131 441 51 598 113 656 302 
stack 49:    964 654 471 384 552 777 746 
stack 50:    650 662 877 340 992 469 234 
stack 51:    890 828 944 352 308 369 571 
stack 52:    593 566 738 337 802 797 296 
stack 53:    555 649 117 67 291 612 463 
stack 54:    264 114 189 979 627 238 188 
stack 55:    317 141 642 762 567 873 288 
stack 56:    446 600 94 563 926 985 875 
stack 57:    71 358 254 320 475 681 590 
stack 58:    835 961 831 377 756 825 860 
stack 59:    653 310 359 880 732 345 163 
stack 60:    92 145 148 415 736 423 903 
stack 61:    116 370 647 775 309 991 562 
stack 62:    942 169 499 636 906 106 110 
stack 63:    240 93 344 480 717 432 949 
stack 64:    785 634 582 287 490 753 167 
stack 65:    303 452 679 333 787 689 279 
stack 66:    678 576 970 742 123 66 957 
stack 67:    911 394 70 151 735 199 492 
stack 68:    905 495 187 89 941 892 693 
stack 69:    241 727 596 885 272 195 86 
stack 70:    172 770 674 854 115 652 201 
stack 71:    435 608 945 447 157 339 720 
stack 72:    632 795 221 83 108 144 577 
stack 73:    438 450 324 180 994 871 997 
stack 74:    207 411 253 671 683 801 977 
stack 75:    329 723 866 690 166 396 246 
stack 76:    346 935 453 85 327 383 767 
stack 77:    969 993 252 198 381 694 729 
stack 78:    442 765 672 909 665 410 616 
stack 79:    750 338 725 709 143 164 779 
stack 80:    691 757 619 605 752 981 295 
stack 81:    301 737 186 974 939 956 587 
stack 82:    635 983 815 891 289 687 923 
stack 83:    921 897 171 771 485 668 996 
stack 84:    300 489 893 353 936 230 908 
stack 85:    623 235 925 826 461 226 120 
stack 86:    500 
stack 87:    501 1 
stack 88:    502 
stack 89:    503 
stack 90:    504 
stack 91:    505 
stack 92:    506 6 
stack 93:    507 
stack 94:    508 
stack 95:    509 
stack 96:    510 10 
stack 97:    11 
stack 98:    512 
stack 99:    13 
stack 100:    14 514 
stack 101:    15 515 
stack 102:    17 516 
stack 103:    100 245 535 19 81 18 728 
stack 104:    43 879 179 130 444 539 142 
stack 105:    947 31 550 260 811 263 521 
stack 106:    975 523 22 222 42 78 574 
stack 107:    938 525 380 174 758 39 522 
stack 108:    524 328 651 178 998 139 568 
stack 109:    999 307 529 553 355 374 731 
stack 110:    569 896 544 44 542 822 818 
stack 111:    532 27 38 305 420 25 670 
stack 112:    990 228 225 364 404 99 101 
stack 113:    530 967 209 528 430 701 852 
stack 114:    948 930 122 604 721 72 215 
stack 115:    565 467 919 982 768 33 294 
stack 116:    781 554 227 531 780 834 397 
stack 117:    698 424 80 34 914 643 887 
stack 118:    350 399 231 902 913 150 136 
stack 119:    962 472 290 362 713 363 538 
stack 120:    868 537 622 660 468 669 103 
stack 121:    311 334 109 161 48 644 49 
stack 122:    664 354 98 673 699 347 629 
stack 123:    373 745 212 462 545 705 484 
stack 124:    59 556 878 924 712 496 638 
stack 125:    53 912 87 154 614 476 943 
stack 126:    764 703 773 335 843 202 602 
stack 127:    820 229 390 482 261 464 710 
stack 128:    147 332 734 75 564 259 920 
stack 129:    980 175 624 776 715 275 882 
stack 130:    821 594 695 434 677 58 739 
stack 131:    388 978 915 901 498 323 84 
stack 132:    620 630 408 218 118 988 790 
stack 133:    57 702 232 50 696 971 708 
stack 134:    584 55 626 876 884 398 799 
stack 135:    807 661 829 724 449 551 62 
stack 136:    413 378 239 440 479 368 375 
stack 137:    68 675 960 319 428 69 840 
stack 138:    749 155 783 817 76 557 796 
stack 139:    730 418 952 97 61 451 916 
stack 140:    907 330 82 589 782 73 621 
stack 141:    248 431 851 224 804 607 583 
stack 142:    810 273 830 349 648 560 393 
stack 143:    483 322 740 888 214 748 278 
stack 144:    995 194 96 800 859 90 256 
stack 145:    610 881 211 220 348 955 391 
stack 146:    688 631 572 79 255 281 858 
stack 147:    726 269 824 233 899 806 459 
stack 148:    137 400 196 219 190 803 416 
stack 149:    700 832 448 628 128 846 121 
stack 150:    134 491 412 575 946 206 336 
stack 151:    848 366 210 716 268 931 205 
stack 152:    951 676 455 847 382 135 176 
stack 153:    816 805 784 316 258 973 772 
stack 154:    402 251 761 864 658 304 165 
stack 155:    105 692 487 958 104 972 306 
stack 156:    788 814 341 159 395 968 841 
stack 157:    849 183 984 809 312 182 940 
stack 158:    477 379 613 208 889 237 74 
stack 159:    405 597 406 293 861 445 886 
stack 160:    138 152 200 124 609 655 153 
stack 161:    318 160 869 927 798 741 386 
stack 162:    401 895 88 466 794 680 111 
stack 163:    146 267 360 987 343 633 711 
stack 164:    181 842 298 581 342 953 458 
stack 165:    657 606 277 156 706 853 409 
stack 166:    280 744 588 856 586 827 271 
stack 167:    456 918 601 663 457 954 149 
stack 168:    639 966 283 299 247 474 351 
stack 169:    257 603 837 286 197 419 133 
stack 170:    685 282 934 625 481 836 838 
stack 171:    719 743 414 917 177 433 385 

#####################################################

solved with: SP.post_optimization_methods.HillClimbing
time limit: 3600.0 s
time to solve: 863,17 s
objective value: 1228847.3

stacks (top to bottom):
stack 0:    0 
stack 1:    
stack 2:    2 
stack 3:    3 
stack 4:    4 
stack 5:    5 
stack 6:    
stack 7:    7 
stack 8:    8 
stack 9:    9 
stack 10:    
stack 11:    511 
stack 12:    12 
stack 13:    513 
stack 14:    
stack 15:    
stack 16:    16 
stack 17:    518 19 30 45 23 517 
stack 18:    978 917 28 782 90 118 521 
stack 19:    40 194 212 760 941 20 673 
stack 20:    534 284 106 552 520 629 681 
stack 21:    524 543 704 925 21 540 669 
stack 22:    31 523 429 25 799 536 686 
stack 23:    388 427 77 471 545 527 336 
stack 24:    872 546 491 529 581 758 481 
stack 25:    26 691 930 87 390 218 423 
stack 26:    141 243 69 54 34 861 444 
stack 27:    948 160 532 443 732 157 882 
stack 28:    636 761 340 877 994 746 62 
stack 29:    530 158 453 778 285 47 902 
stack 30:    921 725 125 462 804 206 457 
stack 31:    211 447 795 109 722 369 739 
stack 32:    96 286 411 358 347 538 86 
stack 33:    406 377 259 976 903 954 162 
stack 34:    155 36 210 461 558 855 818 
stack 35:    759 765 884 104 428 410 802 
stack 36:    37 38 485 939 910 682 195 
stack 37:    700 631 277 833 41 112 627 
stack 38:    653 241 360 900 931 729 149 
stack 39:    565 43 904 179 769 946 58 
stack 40:    456 293 567 579 234 133 351 
stack 41:    844 660 896 563 44 542 578 
stack 42:    964 308 193 415 236 403 574 
stack 43:    805 333 730 599 891 873 996 
stack 44:    733 974 108 383 568 955 49 
stack 45:    132 990 310 626 249 894 711 
stack 46:    257 814 897 152 566 98 705 
stack 47:    868 328 166 289 275 306 326 
stack 48:    138 628 637 151 384 56 153 
stack 49:    980 654 169 298 724 748 201 
stack 50:    820 129 554 432 775 72 65 
stack 51:    116 378 614 52 287 846 972 
stack 52:    969 127 253 185 394 992 425 
stack 53:    262 68 431 207 64 735 638 
stack 54:    970 237 119 721 376 957 813 
stack 55:    417 184 400 128 66 120 460 
stack 56:    573 657 480 642 973 445 583 
stack 57:    632 597 319 433 470 920 577 
stack 58:    489 695 83 959 677 315 790 
stack 59:    59 439 798 164 843 751 667 
stack 60:    975 389 349 831 61 753 215 
stack 61:    951 608 359 879 754 144 111 
stack 62:    774 907 881 221 582 652 796 
stack 63:    247 82 866 742 85 190 728 
stack 64:    446 334 893 717 936 420 279 
stack 65:    283 327 348 604 630 368 687 
stack 66:    832 576 927 189 689 609 292 
stack 67:    235 692 603 770 222 624 392 
stack 68:    585 807 671 362 836 803 883 
stack 69:    905 762 998 479 150 646 852 
stack 70:    486 200 331 113 199 887 256 
stack 71:    325 714 737 780 291 73 971 
stack 72:    950 857 324 811 871 276 110 
stack 73:    146 265 851 787 709 223 712 
stack 74:    483 192 89 354 496 174 386 
stack 75:    639 314 734 935 81 75 161 
stack 76:    330 605 408 979 621 409 355 
stack 77:    641 584 839 888 352 580 216 
stack 78:    819 606 784 412 266 385 165 
stack 79:    821 251 738 339 853 720 458 
stack 80:    743 965 173 482 838 656 142 
stack 81:    623 301 588 203 226 586 271 
stack 82:    726 493 395 756 899 670 616 
stack 83:    749 137 303 467 255 590 246 
stack 84:    477 613 744 208 209 701 294 
stack 85:    300 912 478 890 440 290 612 
stack 86:    500 
stack 87:    501 1 
stack 88:    502 
stack 89:    503 
stack 90:    504 
stack 91:    505 
stack 92:    506 6 
stack 93:    507 
stack 94:    508 
stack 95:    509 
stack 96:    510 10 
stack 97:    11 
stack 98:    512 
stack 99:    13 
stack 100:    14 514 
stack 101:    15 515 
stack 102:    516 17 
stack 103:    260 550 601 989 522 779 519 
stack 104:    387 526 525 22 18 24 63 
stack 105:    402 134 845 650 953 320 699 
stack 106:    495 982 50 549 668 827 60 
stack 107:    57 594 93 424 909 475 39 
stack 108:    698 338 476 434 418 219 886 
stack 109:    370 107 528 430 544 622 791 
stack 110:    329 533 335 143 776 539 644 
stack 111:    131 280 183 929 468 956 188 
stack 112:    788 816 27 270 531 822 885 
stack 113:    666 785 79 281 901 48 710 
stack 114:    154 555 984 312 858 562 33 
stack 115:    438 29 42 436 792 244 547 
stack 116:    55 572 535 634 426 35 238 
stack 117:    435 264 472 32 745 906 553 
stack 118:    569 537 401 707 589 794 464 
stack 119:    559 230 343 752 977 841 823 
stack 120:    442 781 889 74 985 571 541 
stack 121:    350 863 808 198 139 490 913 
stack 122:    961 51 421 981 806 121 892 
stack 123:    945 46 274 204 697 908 115 
stack 124:    53 675 92 880 937 304 618 
stack 125:    122 966 311 396 217 683 67 
stack 126:    452 993 824 740 741 598 587 
stack 127:    556 911 869 322 364 922 492 
stack 128:    450 837 95 148 123 560 167 
stack 129:    947 437 829 168 263 663 375 
stack 130:    702 76 242 196 233 850 374 
stack 131:    318 661 662 864 202 968 548 
stack 132:    105 405 366 365 88 309 923 
stack 133:    817 600 826 611 126 268 926 
stack 134:    269 91 918 180 551 997 191 
stack 135:    865 991 617 454 345 557 940 
stack 136:    357 228 231 771 847 633 693 
stack 137:    676 995 187 80 914 316 870 
stack 138:    102 225 690 498 399 103 272 
stack 139:    942 876 197 665 924 655 296 
stack 140:    473 750 172 175 267 337 648 
stack 141:    685 703 915 250 800 373 658 
stack 142:    773 465 145 789 70 988 393 
stack 143:    835 307 361 341 862 367 708 
stack 144:    747 592 342 777 986 731 933 
stack 145:    810 356 159 736 625 484 84 
stack 146:    830 958 252 224 254 170 570 
stack 147:    248 100 938 561 768 932 949 
stack 148:    828 448 674 130 469 213 943 
stack 149:    786 414 809 379 716 755 135 
stack 150:    177 397 619 801 564 643 288 
stack 151:    380 258 497 422 214 97 874 
stack 152:    317 229 321 928 140 163 645 
stack 153:    764 71 124 419 575 684 459 
stack 154:    344 487 672 878 934 715 278 
stack 155:    273 944 114 615 763 302 916 
stack 156:    719 94 895 455 371 398 323 
stack 157:    962 679 919 718 381 363 382 
stack 158:    595 593 181 99 101 607 602 
stack 159:    635 815 186 466 696 78 772 
stack 160:    220 227 963 297 834 649 812 
stack 161:    413 346 232 239 182 856 659 
stack 162:    859 694 680 261 474 713 494 
stack 163:    678 441 245 404 178 854 463 
stack 164:    407 987 282 840 117 295 797 
stack 165:    688 766 783 849 647 299 706 
stack 166:    999 313 723 727 620 488 860 
stack 167:    240 610 499 842 640 449 416 
stack 168:    848 967 332 983 757 898 372 
stack 169:    664 147 353 767 825 952 176 
stack 170:    867 960 156 596 875 205 793 
stack 171:    305 651 171 391 136 451 591 
