solved with: SP.deprecated.TabuSearch
time limit: 3600.0 s
time to solve: 1014,23 s
objective value: 1228854.54

stacks (top to bottom):
stack 0:    500 
stack 1:    
stack 2:    
stack 3:    503 
stack 4:    4 
stack 5:    
stack 6:    
stack 7:    7 
stack 8:    508 
stack 9:    
stack 10:    
stack 11:    
stack 12:    512 
stack 13:    13 
stack 14:    14 
stack 15:    15 
stack 16:    
stack 17:    767 23 41 43 189 29 517 
stack 18:    592 188 479 78 540 331 669 
stack 19:    521 410 19 760 333 520 766 
stack 20:    940 665 308 160 253 240 57 
stack 21:    45 471 420 210 163 526 804 
stack 22:    786 316 113 780 768 355 801 
stack 23:    543 218 164 426 545 737 706 
stack 24:    824 26 524 856 595 542 640 
stack 25:    536 680 544 205 755 690 428 
stack 26:    193 955 895 527 33 416 28 
stack 27:    481 417 718 338 608 740 839 
stack 28:    872 212 67 402 284 861 89 
stack 29:    791 254 30 141 151 51 414 
stack 30:    277 499 404 35 673 37 195 
stack 31:    214 583 341 58 566 963 401 
stack 32:    330 269 268 881 663 539 463 
stack 33:    229 773 50 562 750 552 915 
stack 34:    572 42 576 986 40 75 598 
stack 35:    730 221 257 967 790 390 594 
stack 36:    178 802 307 911 988 215 219 
stack 37:    541 746 848 161 551 830 300 
stack 38:    44 492 602 947 762 989 809 
stack 39:    232 944 152 619 710 567 166 
stack 40:    546 681 448 715 971 162 564 
stack 41:    752 837 494 658 783 119 643 
stack 42:    295 697 421 785 131 363 349 
stack 43:    259 281 648 951 702 376 792 
stack 44:    303 556 687 860 322 49 452 
stack 45:    106 557 969 852 550 418 159 
stack 46:    959 956 87 743 394 200 207 
stack 47:    236 387 841 561 211 190 185 
stack 48:    424 618 373 797 932 467 941 
stack 49:    863 255 179 129 867 627 105 
stack 50:    101 910 613 945 814 965 352 
stack 51:    650 91 412 992 982 77 789 
stack 52:    877 388 578 581 263 122 485 
stack 53:    936 779 325 167 914 175 558 
stack 54:    876 460 725 716 925 353 679 
stack 55:    111 72 103 294 929 993 961 
stack 56:    850 614 831 262 310 409 615 
stack 57:    980 320 158 283 258 858 883 
stack 58:    771 711 356 983 739 121 346 
stack 59:    698 422 345 803 623 994 127 
stack 60:    819 808 273 684 400 937 593 
stack 61:    480 703 301 365 695 65 805 
stack 62:    853 79 651 249 916 436 147 
stack 63:    451 379 629 772 970 73 128 
stack 64:    606 76 314 749 137 81 896 
stack 65:    484 939 183 573 208 187 456 
stack 66:    367 97 225 667 312 419 125 
stack 67:    729 328 386 927 191 169 372 
stack 68:    938 723 610 997 487 305 296 
stack 69:    438 893 100 88 586 585 834 
stack 70:    239 604 437 488 704 498 153 
stack 71:    919 92 171 748 324 476 440 
stack 72:    926 800 454 975 899 641 699 
stack 73:    173 958 817 642 145 587 313 
stack 74:    272 873 228 736 775 497 340 
stack 75:    204 368 645 319 875 778 180 
stack 76:    366 688 823 712 82 891 250 
stack 77:    741 199 874 90 813 769 304 
stack 78:    327 359 470 745 114 845 920 
stack 79:    453 224 427 707 782 705 599 
stack 80:    321 974 413 378 807 950 653 
stack 81:    905 625 844 461 655 278 683 
stack 82:    274 696 155 344 633 757 135 
stack 83:    403 226 136 458 348 450 227 
stack 84:    692 457 206 293 607 827 124 
stack 85:    617 462 756 840 597 818 266 
stack 86:    0 
stack 87:    1 501 
stack 88:    2 502 
stack 89:    3 
stack 90:    504 
stack 91:    505 5 
stack 92:    506 
stack 93:    6 507 
stack 94:    509 8 
stack 95:    9 
stack 96:    10 
stack 97:    11 510 511 
stack 98:    12 
stack 99:    513 
stack 100:    514 
stack 101:    515 
stack 102:    16 516 
stack 103:    518 534 523 20 17 519 18 
stack 104:    529 260 36 685 563 887 396 
stack 105:    24 22 27 882 383 522 495 
stack 106:    311 21 533 34 866 279 25 
stack 107:    923 855 315 242 46 415 196 
stack 108:    880 391 549 117 532 423 309 
stack 109:    444 317 38 525 380 430 726 
stack 110:    411 568 528 174 435 389 693 
stack 111:    694 248 337 624 80 722 126 
stack 112:    351 209 47 220 530 231 973 
stack 113:    678 186 788 879 107 115 815 
stack 114:    816 265 991 318 395 360 31 
stack 115:    713 531 39 538 32 777 626 
stack 116:    181 354 292 53 288 477 949 
stack 117:    447 890 553 222 793 574 957 
stack 118:    930 794 157 491 99 902 535 
stack 119:    984 201 241 987 832 637 659 
stack 120:    744 94 165 631 686 66 64 
stack 121:    776 931 603 238 733 732 149 
stack 122:    565 234 55 442 555 935 960 
stack 123:    709 123 63 140 537 638 548 
stack 124:    61 798 62 48 392 244 109 
stack 125:    954 901 676 591 671 286 102 
stack 126:    580 842 133 759 868 751 621 
stack 127:    299 998 547 275 662 575 990 
stack 128:    251 758 913 979 660 475 276 
stack 129:    54 731 559 69 912 554 493 
stack 130:    350 334 74 370 52 714 977 
stack 131:    674 968 747 374 282 677 795 
stack 132:    717 198 371 628 894 996 646 
stack 133:    770 216 605 921 784 708 144 
stack 134:    459 148 859 886 490 953 95 
stack 135:    60 560 261 897 865 857 473 
stack 136:    382 446 590 647 405 326 449 
stack 137:    59 433 375 132 849 202 336 
stack 138:    357 285 946 672 290 56 429 
stack 139:    172 110 482 577 329 719 632 
stack 140:    620 922 270 742 68 820 116 
stack 141:    682 138 981 796 928 434 230 
stack 142:    689 721 933 869 888 142 342 
stack 143:    571 176 469 70 71 616 237 
stack 144:    570 408 291 675 846 826 907 
stack 145:    213 83 948 197 98 670 985 
stack 146:    634 811 584 192 878 924 432 
stack 147:    486 339 787 271 661 836 143 
stack 148:    781 399 235 962 177 806 496 
stack 149:    738 909 108 362 847 622 297 
stack 150:    130 579 483 406 898 233 118 
stack 151:    306 654 289 764 829 96 964 
stack 152:    361 700 267 472 812 439 639 
stack 153:    154 903 134 194 280 455 862 
stack 154:    377 884 466 588 833 443 569 
stack 155:    465 601 892 582 589 821 691 
stack 156:    611 906 851 728 468 393 754 
stack 157:    828 246 918 612 407 156 972 
stack 158:    753 431 995 649 287 139 596 
stack 159:    243 384 245 256 84 478 664 
stack 160:    904 999 146 252 774 298 203 
stack 161:    838 364 170 636 765 217 889 
stack 162:    474 381 825 761 943 397 652 
stack 163:    104 223 720 735 323 727 854 
stack 164:    843 335 835 489 120 398 182 
stack 165:    630 425 609 150 822 934 966 
stack 166:    810 885 168 701 112 734 942 
stack 167:    464 656 302 763 952 900 657 
stack 168:    976 600 332 445 917 93 644 
stack 169:    635 358 871 668 369 264 870 
stack 170:    978 724 347 247 441 86 385 
stack 171:    908 184 85 666 343 864 799 

#####################################################

solved with: SP.post_optimization_methods.HillClimbing
time limit: 3600.0 s
time to solve: 726,96 s
objective value: 1228854.54

stacks (top to bottom):
stack 0:    500 
stack 1:    
stack 2:    
stack 3:    503 
stack 4:    4 
stack 5:    
stack 6:    
stack 7:    7 
stack 8:    508 
stack 9:    
stack 10:    
stack 11:    
stack 12:    512 
stack 13:    13 
stack 14:    14 
stack 15:    15 
stack 16:    
stack 17:    22 730 260 37 782 32 20 
stack 18:    682 104 571 226 331 56 766 
stack 19:    753 354 540 555 812 290 276 
stack 20:    92 408 21 30 308 522 527 
stack 21:    521 235 23 848 134 29 25 
stack 22:    45 528 831 390 39 289 240 
stack 23:    471 546 850 100 610 646 985 
stack 24:    24 327 746 525 524 595 655 
stack 25:    176 53 301 288 477 949 180 
stack 26:    529 108 368 622 879 40 539 
stack 27:    306 148 885 533 49 33 497 
stack 28:    165 246 559 547 929 183 961 
stack 29:    184 459 48 856 549 112 972 
stack 30:    955 324 544 384 970 690 439 
stack 31:    741 606 901 87 989 142 31 
stack 32:    583 171 823 642 297 545 861 
stack 33:    239 42 538 167 702 561 737 
stack 34:    717 748 55 480 256 415 473 
stack 35:    186 886 347 996 441 107 127 
stack 36:    628 917 536 808 591 90 145 
stack 37:    379 550 833 485 443 349 754 
stack 38:    451 570 556 265 400 192 279 
stack 39:    678 694 267 322 594 338 114 
stack 40:    828 853 946 779 91 542 834 
stack 41:    138 936 897 943 231 793 751 
stack 42:    251 334 359 874 315 740 73 
stack 43:    259 543 285 562 907 564 589 
stack 44:    212 893 884 774 452 827 149 
stack 45:    270 88 836 584 551 363 854 
stack 46:    560 624 197 739 131 305 805 
stack 47:    60 316 158 282 360 428 65 
stack 48:    411 425 173 85 54 133 554 
stack 49:    791 243 491 387 253 552 621 
stack 50:    474 317 388 729 707 373 162 
stack 51:    877 665 931 335 769 569 166 
stack 52:    277 613 553 716 612 402 169 
stack 53:    61 314 687 99 932 567 139 
stack 54:    926 872 291 209 718 210 927 
stack 55:    457 254 638 482 608 233 706 
stack 56:    446 413 97 273 878 577 902 
stack 57:    980 601 136 935 348 450 342 
stack 58:    698 68 623 994 593 128 558 
stack 59:    337 249 916 765 643 640 147 
stack 60:    689 141 374 641 982 900 414 
stack 61:    438 224 661 409 284 705 599 
stack 62:    786 79 788 755 857 401 652 
stack 63:    465 984 72 362 262 777 125 
stack 64:    909 790 339 667 250 710 207 
stack 65:    838 181 975 78 70 803 203 
stack 66:    579 752 367 300 81 244 336 
stack 67:    908 307 421 726 122 722 649 
stack 68:    800 261 403 899 422 245 845 
stack 69:    453 424 389 864 323 419 432 
stack 70:    709 944 578 745 588 152 607 
stack 71:    876 204 847 654 345 489 616 
stack 72:    781 614 216 688 636 407 156 
stack 73:    492 651 448 467 997 924 664 
stack 74:    481 923 704 697 200 914 487 
stack 75:    724 866 151 356 395 598 397 
stack 76:    696 787 840 344 633 757 881 
stack 77:    228 194 462 811 163 436 135 
stack 78:    364 375 756 965 219 818 278 
stack 79:    692 905 979 685 263 423 889 
stack 80:    771 674 406 906 442 671 768 
stack 81:    738 381 832 882 894 293 736 
stack 82:    320 922 629 797 202 96 463 
stack 83:    130 236 871 841 333 785 230 
stack 84:    630 795 677 238 742 991 86 
stack 85:    767 802 962 494 161 735 313 
stack 86:    0 
stack 87:    1 501 
stack 88:    2 502 
stack 89:    3 
stack 90:    504 
stack 91:    6 505 5 
stack 92:    506 
stack 93:    507 
stack 94:    509 8 
stack 95:    9 
stack 96:    10 
stack 97:    11 510 511 
stack 98:    12 
stack 99:    513 
stack 100:    514 
stack 101:    515 
stack 102:    16 516 
stack 103:    518 520 760 17 519 517 18 
stack 104:    213 19 271 310 764 352 574 
stack 105:    63 38 530 523 160 691 669 
stack 106:    26 50 343 898 369 986 429 
stack 107:    44 179 609 725 867 105 95 
stack 108:    272 531 154 880 631 990 532 
stack 109:    341 34 860 680 733 835 84 
stack 110:    658 427 46 526 264 937 535 
stack 111:    933 27 466 268 476 804 28 
stack 112:    321 499 945 910 814 189 187 
stack 113:    675 220 911 749 534 813 449 
stack 114:    798 843 794 332 773 64 217 
stack 115:    94 330 618 36 59 891 405 
stack 116:    201 712 430 684 394 346 57 
stack 117:    174 232 660 470 817 619 286 
stack 118:    248 164 772 113 440 153 304 
stack 119:    178 731 222 822 275 386 708 
stack 120:    464 912 783 918 66 957 102 
stack 121:    930 890 35 673 925 43 119 
stack 122:    303 146 206 895 383 116 626 
stack 123:    417 123 140 537 806 548 51 
stack 124:    361 956 404 998 714 575 573 
stack 125:    842 150 759 41 328 868 208 
stack 126:    959 269 541 928 225 563 495 
stack 127:    958 420 198 780 585 711 298 
stack 128:    721 981 129 590 195 977 942 
stack 129:    431 851 398 355 587 118 211 
stack 130:    938 620 967 433 132 849 144 
stack 131:    399 863 378 155 410 52 862 
stack 132:    484 974 437 807 82 170 653 
stack 133:    572 229 969 47 988 498 312 
stack 134:    274 557 486 241 668 858 385 
stack 135:    576 701 670 778 478 883 185 
stack 136:    382 605 758 62 921 784 683 
stack 137:    617 103 329 887 973 657 309 
stack 138:    188 454 978 58 728 258 699 
stack 139:    281 600 948 358 992 719 89 
stack 140:    172 302 703 365 458 227 416 
stack 141:    947 370 80 93 743 663 109 
stack 142:    904 350 852 205 750 775 393 
stack 143:    611 483 968 865 695 920 372 
stack 144:    391 568 74 837 723 581 647 
stack 145:    199 844 455 870 993 896 340 
stack 146:    954 919 435 67 295 242 582 
stack 147:    444 83 763 75 121 296 196 
stack 148:    592 869 645 126 143 496 964 
stack 149:    565 824 892 566 809 960 115 
stack 150:    223 98 859 490 124 953 727 
stack 151:    903 76 720 159 376 820 287 
stack 152:    157 672 715 888 319 762 839 
stack 153:    604 257 434 280 597 829 801 
stack 154:    111 351 69 662 934 175 915 
stack 155:    816 700 761 586 71 952 789 
stack 156:    939 580 493 392 456 632 815 
stack 157:    656 819 234 747 469 292 963 
stack 158:    681 810 168 247 182 821 190 
stack 159:    625 366 488 177 693 971 215 
stack 160:    447 106 999 676 472 318 396 
stack 161:    101 744 634 299 686 426 266 
stack 162:    214 377 110 193 77 120 468 
stack 163:    357 311 412 825 325 603 283 
stack 164:    479 776 650 445 371 875 995 
stack 165:    976 218 602 137 418 830 644 
stack 166:    713 770 648 380 326 792 237 
stack 167:    221 796 666 252 826 983 596 
stack 168:    255 460 353 627 679 966 941 
stack 169:    987 846 637 191 615 659 639 
stack 170:    873 913 294 117 799 461 734 
stack 171:    940 635 951 855 475 950 732 
