solved with: SP.deprecated.TabuSearch
time limit: 3600.0 s
time to solve: 1696,63 s
objective value: 1228861.86

stacks (top to bottom):
stack 0:    
stack 1:    1 
stack 2:    2 
stack 3:    503 
stack 4:    4 
stack 5:    
stack 6:    506 
stack 7:    507 6 
stack 8:    
stack 9:    9 
stack 10:    
stack 11:    511 11 
stack 12:    
stack 13:    
stack 14:    
stack 15:    515 
stack 16:    16 
stack 17:    321 760 517 850 759 409 806 
stack 18:    537 677 19 520 809 530 111 
stack 19:    260 21 521 912 360 553 242 
stack 20:    451 892 708 43 733 48 405 
stack 21:    261 98 473 186 36 584 33 
stack 22:    447 85 91 917 279 779 230 
stack 23:    867 238 491 26 439 524 66 
stack 24:    943 700 974 421 601 600 985 
stack 25:    153 562 883 154 703 914 155 
stack 26:    192 685 922 549 902 80 223 
stack 27:    707 586 274 547 528 51 416 
stack 28:    575 962 172 338 845 294 996 
stack 29:    533 29 689 179 267 32 748 
stack 30:    402 818 498 149 45 963 366 
stack 31:    181 455 634 950 657 429 988 
stack 32:    671 920 377 989 235 541 52 
stack 33:    535 277 270 296 216 866 896 
stack 34:    724 608 306 433 540 781 577 
stack 35:    956 778 167 544 823 39 225 
stack 36:    38 617 687 42 340 803 289 
stack 37:    824 854 979 384 786 142 572 
stack 38:    63 538 859 819 327 916 236 
stack 39:    573 349 574 665 622 70 208 
stack 40:    460 880 542 718 40 259 699 
stack 41:    163 621 905 108 210 195 483 
stack 42:    50 458 753 132 767 46 545 
stack 43:    550 60 987 954 97 752 317 
stack 44:    341 692 877 400 560 762 900 
stack 45:    337 662 150 314 487 158 738 
stack 46:    217 450 909 308 383 89 365 
stack 47:    840 973 62 226 58 946 981 
stack 48:    394 926 427 127 808 879 176 
stack 49:    395 765 481 825 299 556 100 
stack 50:    161 558 890 352 115 336 739 
stack 51:    680 747 571 424 364 678 878 
stack 52:    853 650 411 986 625 774 343 
stack 53:    720 323 437 304 428 434 96 
stack 54:    117 925 488 729 79 570 72 
stack 55:    705 75 648 807 697 616 103 
stack 56:    795 998 140 329 353 889 592 
stack 57:    938 302 171 860 583 180 283 
stack 58:    110 381 139 959 106 101 414 
stack 59:    652 477 64 970 826 404 307 
stack 60:    937 811 619 333 130 782 423 
stack 61:    794 182 484 303 763 246 792 
stack 62:    162 910 855 980 727 87 618 
stack 63:    569 104 322 830 777 590 568 
stack 64:    603 975 653 667 984 863 944 
stack 65:    849 369 595 828 952 627 660 
stack 66:    955 772 371 344 310 410 489 
stack 67:    73 448 827 131 766 717 237 
stack 68:    145 585 86 398 666 401 873 
stack 69:    397 444 193 581 815 295 698 
stack 70:    977 413 604 602 359 269 623 
stack 71:    647 292 459 83 137 756 449 
stack 72:    858 417 250 432 291 285 493 
stack 73:    934 390 347 737 354 885 368 
stack 74:    694 121 215 219 651 742 494 
stack 75:    419 392 88 382 275 224 251 
stack 76:    851 342 814 300 964 897 482 
stack 77:    743 992 852 173 761 638 206 
stack 78:    203 470 490 626 843 773 126 
stack 79:    966 276 214 326 714 378 663 
stack 80:    906 614 770 725 876 721 248 
stack 81:    441 816 941 204 848 438 256 
stack 82:    746 492 211 144 376 227 407 
stack 83:    443 290 942 631 479 200 141 
stack 84:    243 670 695 241 820 976 422 
stack 85:    995 319 109 435 641 675 791 
stack 86:    500 
stack 87:    0 501 
stack 88:    
stack 89:    502 3 
stack 90:    504 
stack 91:    5 505 
stack 92:    
stack 93:    7 
stack 94:    508 8 
stack 95:    509 
stack 96:    510 10 
stack 97:    
stack 98:    12 512 
stack 99:    513 13 
stack 100:    514 14 
stack 101:    15 
stack 102:    516 
stack 103:    518 233 25 17 527 679 430 
stack 104:    23 532 18 49 170 28 41 
stack 105:    661 159 529 519 758 456 24 
stack 106:    247 356 57 20 44 53 555 
stack 107:    22 361 593 65 639 865 668 
stack 108:    750 875 557 526 554 522 870 
stack 109:    523 606 669 548 637 636 525 
stack 110:    330 61 466 367 829 810 847 
stack 111:    789 857 930 27 30 389 254 
stack 112:    531 301 567 138 114 35 55 
stack 113:    993 379 918 293 31 882 148 
stack 114:    143 958 868 272 799 751 318 
stack 115:    282 730 244 817 281 465 34 
stack 116:    536 95 485 911 596 561 969 
stack 117:    387 446 546 723 539 945 47 
stack 118:    461 168 784 475 534 893 874 
stack 119:    711 741 785 624 209 74 552 
stack 120:    754 696 563 189 564 257 783 
stack 121:    787 175 436 201 315 632 37 
stack 122:    936 939 320 802 838 559 598 
stack 123:    478 968 375 884 901 947 681 
stack 124:    298 59 832 997 56 128 467 
stack 125:    587 801 543 804 864 701 135 
stack 126:    610 798 764 68 118 923 415 
stack 127:    229 107 440 431 693 960 913 
stack 128:    886 805 331 268 674 888 157 
stack 129:    305 133 240 271 71 265 452 
stack 130:    113 280 363 790 702 124 565 
stack 131:    712 497 715 656 915 218 971 
stack 132:    324 499 278 659 793 629 658 
stack 133:    263 468 374 309 76 231 862 
stack 134:    649 120 929 831 339 872 177 
stack 135:    196 284 734 551 94 129 457 
stack 136:    620 895 316 788 312 464 978 
stack 137:    69 480 160 594 908 999 54 
stack 138:    927 628 580 228 645 822 775 
stack 139:    194 953 264 642 836 67 749 
stack 140:    134 122 933 476 165 462 156 
stack 141:    691 164 399 722 972 198 412 
stack 142:    706 771 983 566 350 928 373 
stack 143:    949 388 732 78 287 591 258 
stack 144:    931 234 841 856 655 178 994 
stack 145:    425 797 112 690 780 736 232 
stack 146:    328 676 332 990 904 335 630 
stack 147:    719 442 611 266 454 579 362 
stack 148:    245 90 84 755 643 239 205 
stack 149:    869 821 166 486 833 951 190 
stack 150:    471 887 728 77 151 174 147 
stack 151:    965 81 726 948 445 355 380 
stack 152:    119 924 576 255 654 745 385 
stack 153:    961 93 839 796 812 861 704 
stack 154:    185 472 578 184 844 105 881 
stack 155:    921 646 589 835 116 597 682 
stack 156:    609 672 220 688 197 907 403 
stack 157:    345 894 834 846 898 940 418 
stack 158:    393 391 871 605 633 932 919 
stack 159:    740 957 469 102 664 731 370 
stack 160:    599 313 146 125 982 615 311 
stack 161:    351 348 357 735 683 813 221 
stack 162:    188 82 396 776 800 207 372 
stack 163:    673 588 123 495 991 199 582 
stack 164:    612 686 842 684 496 769 426 
stack 165:    453 325 346 358 837 903 297 
stack 166:    213 420 408 716 187 463 406 
stack 167:    891 386 607 136 169 288 899 
stack 168:    273 202 710 99 92 757 152 
stack 169:    935 249 183 744 286 262 644 
stack 170:    474 334 252 222 212 613 253 
stack 171:    635 967 191 709 640 713 768 

#####################################################

solved with: SP.post_optimization_methods.HillClimbing
time limit: 3600.0 s
time to solve: 1203,21 s
objective value: 1228861.86

stacks (top to bottom):
stack 0:    
stack 1:    1 
stack 2:    2 
stack 3:    503 
stack 4:    4 
stack 5:    
stack 6:    506 
stack 7:    507 6 
stack 8:    
stack 9:    9 
stack 10:    
stack 11:    511 11 
stack 12:    
stack 13:    
stack 14:    
stack 15:    515 
stack 16:    16 
stack 17:    906 943 517 797 876 18 630 
stack 18:    867 520 809 40 825 678 307 
stack 19:    760 21 521 796 743 932 46 
stack 20:    608 241 398 491 481 843 37 
stack 21:    712 320 390 594 947 555 494 
stack 22:    811 420 27 945 527 545 682 
stack 23:    585 765 356 26 773 893 236 
stack 24:    537 547 541 200 872 24 256 
stack 25:    957 853 244 25 662 544 549 
stack 26:    62 109 528 85 526 554 41 
stack 27:    970 776 540 359 959 643 783 
stack 28:    468 136 711 218 866 901 72 
stack 29:    29 998 709 566 51 800 577 
stack 30:    700 930 446 272 560 905 156 
stack 31:    188 649 583 757 777 534 385 
stack 32:    842 617 69 799 909 253 597 
stack 33:    614 607 274 975 339 890 230 
stack 34:    927 635 571 202 424 168 86 
stack 35:    229 61 408 828 963 996 422 
stack 36:    375 214 309 212 952 258 262 
stack 37:    384 546 673 250 759 990 900 
stack 38:    849 550 871 173 803 862 426 
stack 39:    113 298 120 67 785 485 792 
stack 40:    955 474 987 839 664 129 195 
stack 41:    612 740 391 60 42 187 415 
stack 42:    145 611 821 562 220 663 52 
stack 43:    161 684 543 758 56 43 632 
stack 44:    956 931 593 235 622 713 406 
stack 45:    263 435 58 77 114 884 158 
stack 46:    458 442 388 794 94 708 733 
stack 47:    586 883 925 227 84 718 355 
stack 48:    492 215 750 91 856 717 815 
stack 49:    995 705 455 176 239 100 311 
stack 50:    858 920 191 729 941 848 762 
stack 51:    342 805 964 674 940 353 412 
stack 52:    851 886 499 160 714 693 873 
stack 53:    213 798 436 425 219 636 986 
stack 54:    747 569 672 648 703 710 299 
stack 55:    217 417 972 889 463 919 847 
stack 56:    575 203 564 983 951 568 343 
stack 57:    680 144 823 991 115 225 366 
stack 58:    196 369 102 888 210 80 752 
stack 59:    273 755 275 224 96 615 739 
stack 60:    121 153 725 992 318 565 483 
stack 61:    63 249 255 879 207 698 101 
stack 62:    685 732 135 310 288 410 206 
stack 63:    772 801 894 665 835 908 232 
stack 64:    966 938 816 837 476 462 111 
stack 65:    691 268 440 159 904 87 768 
stack 66:    334 222 892 897 340 76 751 
stack 67:    419 824 578 974 118 97 738 
stack 68:    280 264 95 335 885 487 579 
stack 69:    838 409 688 817 982 170 681 
stack 70:    387 345 132 744 438 629 223 
stack 71:    324 857 374 78 400 146 899 
stack 72:    719 134 252 332 451 124 370 
stack 73:    686 804 650 736 651 749 152 
stack 74:    968 715 469 687 731 329 627 
stack 75:    395 98 381 624 978 598 870 
stack 76:    937 730 840 133 786 482 775 
stack 77:    977 292 82 433 131 769 907 
stack 78:    599 677 689 980 174 362 644 
stack 79:    143 107 454 479 285 190 414 
stack 80:    305 647 291 352 667 373 248 
stack 81:    330 877 284 716 296 354 405 
stack 82:    587 323 184 226 657 449 193 
stack 83:    245 182 997 690 969 774 177 
stack 84:    827 671 836 916 616 623 269 
stack 85:    325 973 138 350 467 141 165 
stack 86:    500 
stack 87:    0 501 
stack 88:    
stack 89:    502 3 
stack 90:    504 
stack 91:    5 505 
stack 92:    
stack 93:    7 
stack 94:    508 8 
stack 95:    509 
stack 96:    510 10 
stack 97:    
stack 98:    12 512 
stack 99:    513 13 
stack 100:    514 14 
stack 101:    15 
stack 102:    516 
stack 103:    518 551 553 17 592 810 66 
stack 104:    260 164 548 19 28 779 251 
stack 105:    22 119 175 443 519 529 522 
stack 106:    377 313 631 570 20 456 524 
stack 107:    23 918 536 167 49 525 944 
stack 108:    694 523 819 322 44 279 48 
stack 109:    397 532 31 495 530 128 33 
stack 110:    535 965 605 367 539 806 489 
stack 111:    891 558 466 734 572 829 47 
stack 112:    967 319 413 65 333 845 556 
stack 113:    277 859 30 363 735 112 660 
stack 114:    50 533 953 486 855 542 32 
stack 115:    122 832 271 79 434 781 103 
stack 116:    531 386 609 477 473 204 54 
stack 117:    696 441 619 841 338 933 295 
stack 118:    563 903 267 634 99 35 36 
stack 119:    726 216 445 347 105 552 430 
stack 120:    189 314 130 984 39 34 699 
stack 121:    38 646 675 209 74 822 259 
stack 122:    787 538 448 979 676 595 198 
stack 123:    194 746 344 290 557 928 981 
stack 124:    478 302 633 767 812 149 231 
stack 125:    795 361 59 830 655 658 999 
stack 126:    880 293 172 437 637 327 427 
stack 127:    692 192 621 389 600 601 286 
stack 128:    574 337 659 960 123 281 315 
stack 129:    394 64 606 914 654 668 221 
stack 130:    936 471 589 638 457 493 365 
stack 131:    321 921 185 922 591 761 45 
stack 132:    573 724 641 763 807 748 988 
stack 133:    924 211 326 723 898 68 902 
stack 134:    707 351 472 459 137 745 881 
stack 135:    393 270 603 371 142 242 954 
stack 136:    706 490 626 401 416 237 439 
stack 137:    57 917 727 53 976 55 147 
stack 138:    460 814 300 233 683 70 265 
stack 139:    328 567 875 316 421 639 704 
stack 140:    802 854 915 852 559 923 865 
stack 141:    243 261 247 788 831 283 584 
stack 142:    402 771 929 306 645 407 368 
stack 143:    282 88 382 238 561 429 336 
stack 144:    73 910 576 484 444 404 380 
stack 145:    379 154 348 346 358 179 89 
stack 146:    962 75 820 666 186 71 199 
stack 147:    695 844 127 208 896 294 863 
stack 148:    935 754 110 580 784 475 126 
stack 149:    993 181 846 496 378 582 155 
stack 150:    240 104 376 926 183 721 317 
stack 151:    349 399 117 860 604 756 971 
stack 152:    610 392 778 728 169 488 428 
stack 153:    341 480 163 834 850 653 452 
stack 154:    628 396 470 139 403 782 618 
stack 155:    301 669 304 411 737 297 994 
stack 156:    331 789 431 790 432 742 874 
stack 157:    868 818 764 383 780 197 465 
stack 158:    447 833 228 92 808 766 178 
stack 159:    162 166 942 989 464 581 205 
stack 160:    453 450 303 950 625 826 116 
stack 161:    949 276 939 81 497 912 418 
stack 162:    620 958 722 287 108 985 148 
stack 163:    770 498 308 180 702 254 913 
stack 164:    312 83 257 946 151 791 372 
stack 165:    869 961 93 360 201 613 157 
stack 166:    652 895 934 701 125 793 882 
stack 167:    670 461 234 364 590 246 878 
stack 168:    661 656 948 278 266 861 679 
stack 169:    90 140 720 911 596 697 602 
stack 170:    753 864 357 640 588 150 813 
stack 171:    887 741 642 171 106 423 289 
