lower bound for relaxed s_ij: 1228877.6

#####################################################

solved with: SP.mip_formulations.BinPackingFormulation
time limit: 3600.0 s
time to solve: 3682,20 s (time limit exceeded)
objective value: 1243807.31 (not optimal)

stacks (top to bottom):
stack 0:    3 
stack 1:    22 0 2 
stack 2:    501 502 400 552 122 6 504 
stack 3:    4 13 506 16 
stack 4:    511 520 513 25 17 
stack 5:    27 20 8 10 7 15 12 
stack 6:    21 516 507 120 147 43 35 
stack 7:    14 34 512 632 515 519 
stack 8:    943 508 701 495 518 818 652 
stack 9:    11 324 268 141 528 895 510 
stack 10:    125 30 287 302 533 335 531 
stack 11:    475 236 532 503 162 170 525 
stack 12:    760 101 758 767 387 275 517 
stack 13:    304 633 291 317 718 161 311 
stack 14:    222 739 481 647 736 252 217 
stack 15:    514 944 346 574 288 535 221 
stack 16:    358 521 450 298 619 554 18 
stack 17:    684 795 668 805 706 165 641 
stack 18:    929 47 935 365 546 498 772 
stack 19:    215 825 352 91 858 377 37 
stack 20:    187 371 793 558 557 80 104 
stack 21:    378 409 523 885 604 578 861 
stack 22:    708 33 290 77 185 437 534 
stack 23:    814 938 930 936 105 524 169 
stack 24:    667 643 443 338 381 182 710 
stack 25:    529 522 980 808 415 99 
stack 26:    695 628 830 478 798 454 527 
stack 27:    109 231 584 139 399 42 553 
stack 28:    539 897 844 914 549 429 343 
stack 29:    931 98 208 661 436 186 490 
stack 30:    283 380 455 810 846 792 768 
stack 31:    883 867 289 173 119 413 26 
stack 32:    629 204 497 756 230 747 538 
stack 33:    164 541 241 679 603 613 64 
stack 34:    308 244 28 957 494 963 45 
stack 35:    783 145 705 586 271 873 31 
stack 36:    327 731 991 397 863 427 216 
stack 37:    496 84 463 680 129 616 107 
stack 38:    423 376 556 859 375 958 316 
stack 39:    872 799 674 440 181 174 78 
stack 40:    785 560 151 973 159 716 482 
stack 41:    461 969 600 587 932 177 41 
stack 42:    321 184 313 469 49 820 869 
stack 43:    233 175 776 172 40 566 543 
stack 44:    884 428 44 111 140 102 75 
stack 45:    412 310 920 63 865 388 299 
stack 46:    263 404 908 886 860 414 150 
stack 47:    480 118 285 334 933 876 319 
stack 48:    847 433 220 460 279 999 654 
stack 49:    986 602 879 838 871 364 704 
stack 50:    998 127 851 803 83 69 913 
stack 51:    775 301 467 888 741 951 199 
stack 52:    386 946 420 582 369 178 248 
stack 53:    52 693 626 39 829 62 448 
stack 54:    353 890 314 95 915 446 392 
stack 55:    595 426 598 722 669 877 191 
stack 56:    58 163 489 984 660 330 128 
stack 57:    623 926 196 65 682 464 925 
stack 58:    228 79 393 350 66 407 110 
stack 59:    753 391 544 160 981 909 743 
stack 60:    627 990 755 954 721 683 100 
stack 61:    934 348 784 385 113 322 403 
stack 62:    852 781 813 826 733 466 919 
stack 63:    989 340 899 978 779 276 136 
stack 64:    444 874 580 555 430 202 787 
stack 65:    213 117 591 257 332 635 190 
stack 66:    418 149 777 55 737 72 70 
stack 67:    280 499 993 800 724 212 997 
stack 68:    631 88 138 48 675 382 664 
stack 69:    258 442 581 50 942 835 189 
stack 70:    267 90 259 811 742 349 441 
stack 71:    840 819 849 142 732 941 416 
stack 72:    923 612 729 435 133 857 326 
stack 73:    832 438 618 575 374 144 569 
stack 74:    824 864 312 82 74 146 344 
stack 75:    622 417 794 85 804 336 655 
stack 76:    782 86 282 878 193 717 130 
stack 77:    171 922 833 634 812 666 735 
stack 78:    970 477 232 572 850 585 406 
stack 79:    848 167 789 630 354 564 154 
stack 80:    589 157 902 576 458 620 367 
stack 81:    992 81 256 68 671 456 405 
stack 82:    638 928 320 264 389 201 180 
stack 83:    896 483 143 296 988 121 642 
stack 84:    691 239 599 648 383 836 92 
stack 85:    251 398 950 51 639 797 89 
stack 86:    500 
stack 87:    1 
stack 88:    
stack 89:    
stack 90:    
stack 91:    5 
stack 92:    862 686 155 
stack 93:    
stack 94:    855 
stack 95:    
stack 96:    982 505 
stack 97:    
stack 98:    
stack 99:    
stack 100:    979 
stack 101:    
stack 102:    996 61 927 921 
stack 103:    905 817 
stack 104:    19 
stack 105:    948 
stack 106:    975 
stack 107:    773 240 
stack 108:    123 474 188 
stack 109:    361 
stack 110:    
stack 111:    306 183 827 195 315 
stack 112:    226 625 479 235 545 
stack 113:    964 24 868 152 
stack 114:    197 985 802 422 831 410 974 
stack 115:    687 158 325 29 
stack 116:    881 962 472 459 347 530 
stack 117:    636 960 892 214 719 114 
stack 118:    901 245 738 32 
stack 119:    192 676 614 911 473 592 
stack 120:    345 947 526 887 607 656 
stack 121:    786 924 968 194 605 
stack 122:    689 536 610 116 918 690 465 
stack 123:    300 977 906 337 269 594 445 
stack 124:    672 218 571 
stack 125:    266 670 971 108 540 
stack 126:    757 937 23 509 38 
stack 127:    815 168 893 673 206 198 
stack 128:    880 889 685 788 537 583 
stack 129:    646 856 333 567 611 727 
stack 130:    373 270 250 898 730 277 
stack 131:    765 124 402 559 698 247 
stack 132:    816 396 209 870 223 965 
stack 133:    774 362 342 678 617 780 845 
stack 134:    637 106 894 665 714 547 491 
stack 135:    900 76 351 224 791 46 
stack 136:    401 854 166 762 548 452 
stack 137:    550 579 841 246 53 
stack 138:    457 485 274 916 837 694 227 
stack 139:    424 740 606 132 842 36 903 
stack 140:    205 769 723 249 93 368 720 
stack 141:    56 624 542 834 912 476 839 
stack 142:    728 219 754 425 356 360 596 
stack 143:    995 262 712 453 390 176 853 
stack 144:    468 278 725 703 577 57 955 
stack 145:    242 700 573 411 910 225 284 
stack 146:    363 60 621 255 650 94 372 
stack 147:    939 449 408 238 807 696 952 
stack 148:    487 200 486 395 439 419 211 
stack 149:    59 750 763 229 562 357 563 
stack 150:    823 295 597 561 207 243 688 
stack 151:    681 210 697 318 254 488 658 
stack 152:    565 659 329 131 593 292 273 
stack 153:    328 293 709 711 707 662 822 
stack 154:    821 370 73 253 751 640 828 
stack 155:    882 766 615 96 434 309 904 
stack 156:    651 644 305 949 331 601 421 
stack 157:    866 945 761 307 677 71 447 
stack 158:    796 734 126 148 806 752 657 
stack 159:    260 87 570 770 907 355 759 
stack 160:    323 961 359 551 492 588 983 
stack 161:    809 462 713 790 234 972 692 
stack 162:    265 484 649 967 366 135 286 
stack 163:    987 715 749 303 843 746 568 
stack 164:    432 471 115 744 994 953 645 
stack 165:    976 764 726 9 341 801 237 
stack 166:    112 771 379 54 745 394 137 
stack 167:    891 493 431 384 339 653 608 
stack 168:    97 470 294 297 702 153 917 
stack 169:    609 179 451 959 134 956 663 
stack 170:    748 103 590 156 203 778 272 
stack 171:    875 281 261 67 940 966 699 

#####################################################

solved with: SP.constructive_heuristics.GeneralHeuristic
time limit: 3600.0 s
time to solve: 0,01 s
objective value: 1329803.82

stacks (top to bottom):
stack 0:    784 307 266 274 322 690 608 
stack 1:    681 228 931 290 889 963 216 
stack 2:    260 461 412 729 346 490 104 
stack 3:    960 892 552 542 935 912 382 
stack 4:    891 197 526 63 72 535 41 
stack 5:    480 920 513 25 807 895 199 
stack 6:    424 964 774 298 886 717 130 
stack 7:    989 324 959 607 223 16 876 
stack 8:    875 33 362 669 570 742 278 
stack 9:    386 47 687 763 588 640 140 
stack 10:    125 160 901 794 485 846 988 
stack 11:    824 76 214 78 560 111 951 
stack 12:    929 450 877 248 46 377 92 
stack 13:    265 700 50 366 648 962 326 
stack 14:    565 754 707 354 428 546 601 
stack 15:    995 638 878 292 696 388 913 
stack 16:    499 295 429 898 842 727 15 
stack 17:    348 451 905 827 96 472 26 
stack 18:    782 728 402 849 413 982 733 
stack 19:    595 98 612 558 468 737 1 
stack 20:    11 514 994 720 427 12 31 
stack 21:    764 141 395 419 128 271 416 
stack 22:    899 267 303 208 745 397 80 
stack 23:    289 709 393 165 967 225 642 
stack 24:    986 183 458 713 596 74 941 
stack 25:    852 674 157 855 312 915 828 
stack 26:    840 987 785 789 902 498 654 
stack 27:    930 105 755 580 57 153 956 
stack 28:    802 637 51 773 176 237 652 
stack 29:    758 613 364 762 107 459 7 
stack 30:    629 30 255 383 20 441 335 
stack 31:    766 795 314 624 407 234 699 
stack 32:    597 175 625 831 997 71 714 
stack 33:    270 943 879 844 767 604 788 
stack 34:    398 487 4 492 646 559 662 
stack 35:    470 184 723 449 793 817 230 
stack 36:    800 726 724 69 211 873 808 
stack 37:    671 520 166 549 120 701 430 
stack 38:    97 814 541 659 556 528 779 
stack 39:    60 226 746 656 655 89 543 
stack 40:    173 442 978 182 70 822 466 
stack 41:    771 833 731 64 826 999 510 
stack 42:    631 884 921 949 571 135 538 
stack 43:    167 27 358 411 603 421 747 
stack 44:    796 494 250 437 586 683 387 
stack 45:    651 644 220 3 252 736 309 
stack 46:    163 477 244 238 673 405 904 
stack 47:    210 511 590 336 719 247 406 
stack 48:    934 679 55 894 202 35 585 
stack 49:    809 373 68 28 131 537 531 
stack 50:    848 864 576 400 617 465 657 
stack 51:    164 539 426 641 616 448 339 
stack 52:    396 341 38 355 705 850 415 
stack 53:    241 938 977 495 829 703 190 
stack 54:    712 722 751 67 454 136 102 
stack 55:    293 65 374 730 843 147 572 
stack 56:    765 781 462 474 650 694 316 
stack 57:    59 88 6 279 841 845 154 
stack 58:    996 73 706 431 357 347 137 
stack 59:    14 340 630 473 972 973 504 
stack 60:    222 743 611 940 853 933 534 
stack 61:    200 584 115 914 557 710 201 
stack 62:    52 693 769 695 865 479 235 
stack 63:    423 187 830 209 91 944 524 
stack 64:    799 327 909 634 351 384 284 
stack 65:    636 927 356 218 195 525 732 
stack 66:    691 551 188 224 191 966 517 
stack 67:    301 760 521 420 333 569 519 
stack 68:    923 389 343 885 677 464 100 
stack 69:    179 215 947 686 917 330 861 
stack 70:    90 481 352 264 578 645 180 
stack 71:    976 937 783 172 818 974 99 
stack 72:    370 872 503 711 177 839 635 
stack 73:    81 775 126 661 297 954 447 
stack 74:    84 832 281 666 581 910 269 
stack 75:    457 680 508 575 285 317 553 
stack 76:    305 698 48 315 497 653 692 
stack 77:    628 300 329 838 422 801 45 
stack 78:    280 106 145 506 5 563 372 
stack 79:    236 174 261 536 968 859 837 
stack 80:    475 294 685 134 787 10 965 
stack 81:    258 256 408 471 548 858 286 
stack 82:    117 231 985 862 660 155 688 
stack 83:    171 618 39 409 957 249 349 
stack 84:    589 85 812 254 54 893 53 
stack 85:    678 598 969 798 854 835 227 
stack 86:    353 95 229 591 434 257 435 
stack 87:    883 740 365 151 414 482 716 
stack 88:    757 523 144 361 725 533 273 
stack 89:    739 819 433 181 460 813 276 
stack 90:    496 512 958 791 469 150 658 
stack 91:    621 77 507 436 43 547 299 
stack 92:    345 928 320 770 953 663 759 
stack 93:    668 573 981 82 246 121 778 
stack 94:    323 21 139 561 221 319 955 
stack 95:    948 667 856 194 554 792 337 
stack 96:    748 761 113 118 942 991 189 
stack 97:    213 522 529 149 196 446 952 
stack 98:    321 262 851 825 133 567 206 
stack 99:    961 219 379 156 592 217 110 
stack 100:    823 268 874 108 702 738 288 
stack 101:    866 501 438 192 633 555 152 
stack 102:    103 478 493 516 49 193 17 
stack 103:    123 484 908 296 42 903 820 
stack 104:    882 970 417 697 911 476 146 
stack 105:    363 109 385 207 439 272 29 
stack 106:    602 815 304 811 132 334 37 
stack 107:    847 239 34 804 350 834 515 
stack 108:    550 371 186 62 13 332 857 
stack 109:    992 463 734 282 587 772 983 
stack 110:    58 283 950 744 907 394 869 
stack 111:    749 308 455 897 682 410 491 
stack 112:    684 881 318 860 452 562 756 
stack 113:    61 124 532 162 360 768 75 
stack 114:    251 500 622 890 649 505 664 
stack 115:    896 810 287 443 168 325 594 
stack 116:    233 984 486 797 868 568 19 
stack 117:    786 900 579 122 790 392 32 
stack 118:    993 639 509 975 721 169 311 
stack 119:    867 112 643 432 670 932 344 
stack 120:    609 708 22 600 741 704 368 
stack 121:    750 404 66 888 916 8 488 
stack 122:    359 672 632 338 619 0 367 
stack 123:    998 627 342 887 665 518 275 
stack 124:    502 425 114 116 170 564 620 
stack 125:    753 623 378 86 24 936 94 
stack 126:    816 444 87 489 240 243 566 
stack 127:    626 805 614 676 647 178 918 
stack 128:    143 467 615 277 2 863 40 
stack 129:    418 924 245 331 138 780 159 
stack 130:    380 880 906 291 259 752 540 
stack 131:    544 689 101 990 593 971 83 
stack 132:    945 926 127 803 129 93 390 
stack 133:    715 56 119 204 203 198 530 
stack 134:    306 158 440 375 806 871 925 
stack 135:    79 376 979 253 313 302 445 
stack 136:    939 391 232 9 453 161 545 
stack 137:    328 242 821 263 606 605 527 
stack 138:    310 401 148 582 675 836 919 
stack 139:    23 399 776 212 718 735 
stack 140:    205 777 456 36 870 574 403 
stack 141:    185 381 18 583 
stack 142:    922 599 142 44 610 
stack 143:    483 946 369 
stack 144:    577 
stack 145:    980 
stack 146:    
stack 147:    
stack 148:    
stack 149:    
stack 150:    
stack 151:    
stack 152:    
stack 153:    
stack 154:    
stack 155:    
stack 156:    
stack 157:    
stack 158:    
stack 159:    
stack 160:    
stack 161:    
stack 162:    
stack 163:    
stack 164:    
stack 165:    
stack 166:    
stack 167:    
stack 168:    
stack 169:    
stack 170:    
stack 171:    
