solved with: SP.deprecated.TabuSearch
time limit: 3600.0 s
time to solve: 1216,25 s
objective value: 1228866.74

stacks (top to bottom):
stack 0:    500 
stack 1:    
stack 2:    2 502 
stack 3:    3 
stack 4:    
stack 5:    4 
stack 6:    506 
stack 7:    7 
stack 8:    508 
stack 9:    509 
stack 10:    10 
stack 11:    
stack 12:    12 
stack 13:    13 
stack 14:    14 
stack 15:    
stack 16:    16 518 
stack 17:    524 494 44 48 28 517 
stack 18:    94 90 27 32 987 20 201 
stack 19:    594 358 997 658 21 128 522 
stack 20:    596 172 632 540 38 721 202 
stack 21:    538 527 696 407 837 348 186 
stack 22:    162 525 420 60 902 833 846 
stack 23:    903 368 541 550 261 655 418 
stack 24:    529 954 897 620 322 403 82 
stack 25:    549 389 216 883 649 888 37 
stack 26:    366 567 295 335 31 823 428 
stack 27:    488 534 430 801 281 374 892 
stack 28:    337 349 537 528 862 174 67 
stack 29:    146 33 887 276 490 346 121 
stack 30:    102 615 797 583 602 531 264 
stack 31:    708 351 306 422 533 930 319 
stack 32:    975 731 743 707 637 215 317 
stack 33:    45 792 723 752 214 338 611 
stack 34:    356 75 323 122 43 555 237 
stack 35:    546 920 225 790 800 321 680 
stack 36:    466 894 109 423 568 50 39 
stack 37:    270 401 979 606 925 282 238 
stack 38:    558 863 992 183 578 142 931 
stack 39:    247 738 151 751 88 52 465 
stack 40:    263 769 563 265 613 137 155 
stack 41:    789 561 694 443 278 56 298 
stack 42:    184 47 851 759 427 177 406 
stack 43:    557 46 543 657 388 476 603 
stack 44:    870 928 239 552 737 661 946 
stack 45:    286 144 360 624 292 880 878 
stack 46:    844 232 464 984 251 483 704 
stack 47:    491 347 70 614 377 211 650 
stack 48:    195 604 320 432 869 54 957 
stack 49:    493 424 915 445 312 994 564 
stack 50:    586 631 691 945 693 58 749 
stack 51:    393 126 106 648 787 345 645 
stack 52:    318 607 311 590 113 353 140 
stack 53:    618 362 55 963 206 768 181 
stack 54:    460 579 690 822 252 63 818 
stack 55:    372 104 814 559 470 916 161 
stack 56:    385 719 873 799 832 741 819 
stack 57:    219 283 182 802 599 730 208 
stack 58:    269 854 952 978 267 572 923 
stack 59:    932 635 95 197 297 580 913 
stack 60:    316 762 763 402 273 845 190 
stack 61:    375 492 463 636 371 764 291 
stack 62:    643 396 77 839 728 715 304 
stack 63:    386 440 369 827 79 379 210 
stack 64:    662 145 205 973 754 949 73 
stack 65:    235 150 409 134 627 310 803 
stack 66:    771 761 972 911 448 76 990 
stack 67:    905 748 692 671 340 189 300 
stack 68:    180 644 287 962 965 581 838 
stack 69:    381 147 309 89 732 622 890 
stack 70:    626 254 779 998 951 798 672 
stack 71:    220 746 703 976 246 80 449 
stack 72:    938 908 367 612 384 843 722 
stack 73:    354 352 333 592 343 683 598 
stack 74:    168 676 956 958 153 74 895 
stack 75:    774 993 245 383 729 221 167 
stack 76:    241 679 753 639 847 871 289 
stack 77:    829 223 630 700 988 907 828 
stack 78:    896 334 199 842 941 461 81 
stack 79:    747 364 268 188 165 817 198 
stack 80:    421 922 933 815 969 255 937 
stack 81:    344 807 826 633 256 926 608 
stack 82:    852 290 812 991 370 307 132 
stack 83:    681 699 193 685 589 412 477 
stack 84:    391 453 750 784 436 950 325 
stack 85:    853 324 452 185 898 120 709 
stack 86:    0 
stack 87:    501 1 
stack 88:    
stack 89:    503 
stack 90:    504 
stack 91:    505 5 
stack 92:    6 
stack 93:    507 
stack 94:    8 
stack 95:    9 
stack 96:    510 
stack 97:    511 11 
stack 98:    512 
stack 99:    
stack 100:    513 514 
stack 101:    15 515 
stack 102:    516 
stack 103:    520 554 967 17 18 760 72 
stack 104:    944 355 519 36 411 260 19 
stack 105:    23 41 521 24 532 170 999 
stack 106:    918 526 551 192 25 22 780 
stack 107:    591 249 497 331 523 628 686 
stack 108:    917 974 473 995 253 127 855 
stack 109:    131 231 328 718 647 977 859 
stack 110:    727 26 574 480 989 429 660 
stack 111:    577 446 573 332 553 222 547 
stack 112:    966 914 152 98 65 848 539 
stack 113:    575 623 638 158 996 296 30 
stack 114:    884 670 796 535 545 710 234 
stack 115:    724 530 29 64 34 455 542 
stack 116:    378 785 757 438 59 417 169 
stack 117:    124 471 315 101 213 879 425 
stack 118:    236 943 196 243 35 804 302 
stack 119:    92 912 413 415 858 148 462 
stack 120:    217 435 178 968 42 820 51 
stack 121:    482 275 159 927 735 980 758 
stack 122:    536 781 909 775 40 910 258 
stack 123:    78 906 634 93 115 565 825 
stack 124:    227 964 786 874 697 163 135 
stack 125:    864 293 262 250 739 257 836 
stack 126:    456 734 830 259 919 414 472 
stack 127:    695 299 597 765 313 544 656 
stack 128:    619 689 87 570 97 687 233 
stack 129:    582 114 129 458 53 479 336 
stack 130:    668 777 399 478 953 49 171 
stack 131:    653 499 556 454 755 585 625 
stack 132:    562 229 303 706 714 566 877 
stack 133:    548 224 875 173 767 674 57 
stack 134:    191 394 487 831 866 62 112 
stack 135:    587 341 308 133 940 971 61 
stack 136:    71 274 116 218 666 651 96 
stack 137:    850 677 342 776 242 204 118 
stack 138:    742 84 66 468 810 621 595 
stack 139:    373 593 419 744 111 437 390 
stack 140:    154 720 663 108 669 130 698 
stack 141:    849 138 947 359 782 149 387 
stack 142:    664 725 175 665 901 560 277 
stack 143:    85 451 921 936 955 929 136 
stack 144:    970 157 868 809 284 326 230 
stack 145:    99 813 203 736 576 948 474 
stack 146:    986 939 701 496 961 654 433 
stack 147:    788 279 498 899 405 834 740 
stack 148:    160 457 684 891 584 285 272 
stack 149:    330 678 442 441 652 889 588 
stack 150:    139 68 841 212 885 772 143 
stack 151:    376 301 673 305 733 176 983 
stack 152:    688 610 365 69 617 398 642 
stack 153:    156 605 783 569 475 982 571 
stack 154:    641 397 107 240 469 616 711 
stack 155:    467 600 745 400 924 935 459 
stack 156:    942 248 288 791 861 200 314 
stack 157:    793 357 485 226 601 821 816 
stack 158:    835 712 756 244 495 431 408 
stack 159:    713 717 675 361 380 481 646 
stack 160:    886 228 327 166 450 489 840 
stack 161:    395 900 805 125 659 867 857 
stack 162:    410 207 778 404 808 865 484 
stack 163:    682 795 164 350 110 266 893 
stack 164:    294 329 981 444 434 100 209 
stack 165:    194 486 934 416 640 882 629 
stack 166:    141 667 985 609 770 382 705 
stack 167:    392 726 876 91 103 271 881 
stack 168:    426 806 117 339 824 86 447 
stack 169:    959 83 794 766 119 123 702 
stack 170:    872 716 363 179 105 187 960 
stack 171:    904 856 439 860 280 811 773 

#####################################################

solved with: SP.post_optimization_methods.HillClimbing
time limit: 3600.0 s
time to solve: 689,53 s
objective value: 1228866.74

stacks (top to bottom):
stack 0:    500 
stack 1:    
stack 2:    2 502 
stack 3:    3 
stack 4:    
stack 5:    4 
stack 6:    506 
stack 7:    7 
stack 8:    508 
stack 9:    509 
stack 10:    10 
stack 11:    
stack 12:    12 
stack 13:    13 
stack 14:    14 
stack 15:    
stack 16:    16 518 
stack 17:    829 75 519 832 640 169 
stack 18:    47 689 537 27 987 20 260 
stack 19:    806 41 32 723 535 522 19 
stack 20:    530 26 25 525 521 21 38 
stack 21:    644 527 784 407 696 51 895 
stack 22:    546 330 856 243 252 69 52 
stack 23:    966 409 137 261 93 61 336 
stack 24:    868 973 879 565 257 965 67 
stack 25:    942 548 486 29 60 136 143 
stack 26:    738 587 246 647 34 258 547 
stack 27:    972 454 776 554 430 50 892 
stack 28:    596 156 582 226 207 841 592 
stack 29:    679 485 609 105 322 568 155 
stack 30:    561 677 538 901 726 950 125 
stack 31:    605 630 352 533 953 721 417 
stack 32:    446 835 684 148 64 370 845 
stack 33:    643 33 323 880 540 346 674 
stack 34:    456 239 534 725 560 103 539 
stack 35:    360 536 219 601 468 371 233 
stack 36:    254 719 894 800 140 447 39 
stack 37:    279 982 43 553 490 237 190 
stack 38:    70 245 860 583 313 53 857 
stack 39:    488 460 998 327 648 183 617 
stack 40:    932 914 452 363 470 621 545 
stack 41:    83 995 652 694 76 935 62 
stack 42:    748 691 945 415 929 555 859 
stack 43:    92 224 783 936 571 728 181 
stack 44:    46 695 399 438 803 405 637 
stack 45:    742 639 885 458 97 650 881 
stack 46:    316 692 964 572 476 821 379 
stack 47:    681 232 908 90 612 127 118 
stack 48:    798 866 940 59 418 210 838 
stack 49:    424 235 101 115 801 580 655 
stack 50:    557 807 985 349 63 782 616 
stack 51:    896 439 324 378 55 915 878 
stack 52:    421 157 618 249 353 815 429 
stack 53:    337 678 347 979 614 700 492 
stack 54:    699 423 996 431 559 627 484 
stack 55:    453 191 124 107 436 820 387 
stack 56:    241 933 182 335 741 204 186 
stack 57:    959 558 943 669 334 822 980 
stack 58:    944 688 613 731 967 282 112 
stack 59:    393 179 168 863 578 142 811 
stack 60:    934 762 712 383 883 211 598 
stack 61:    162 850 312 865 216 958 702 
stack 62:    385 717 478 796 176 325 348 
stack 63:    991 575 708 290 599 403 704 
stack 64:    227 847 416 79 827 215 221 
stack 65:    386 172 146 912 887 420 902 
stack 66:    774 217 229 414 120 848 931 
stack 67:    141 653 144 274 591 402 273 
stack 68:    194 231 619 670 826 913 645 
stack 69:    938 294 358 752 339 840 888 
stack 70:    918 781 464 80 871 189 82 
stack 71:    270 667 328 790 361 816 710 
stack 72:    844 329 831 906 411 581 302 
stack 73:    597 203 178 166 434 489 433 
stack 74:    920 78 442 579 690 287 588 
stack 75:    391 813 389 720 606 925 768 
stack 76:    632 413 891 396 693 206 314 
stack 77:    286 986 593 779 422 874 199 
stack 78:    367 196 253 497 100 437 819 
stack 79:    299 419 84 744 111 957 477 
stack 80:    145 98 876 739 472 836 825 
stack 81:    151 117 969 267 256 780 81 
stack 82:    85 794 499 185 309 242 823 
stack 83:    99 102 814 763 675 697 428 
stack 84:    872 498 729 86 343 622 234 
stack 85:    366 756 638 757 121 255 130 
stack 86:    0 
stack 87:    501 1 
stack 88:    
stack 89:    503 
stack 90:    504 
stack 91:    505 5 
stack 92:    6 
stack 93:    507 
stack 94:    8 
stack 95:    9 
stack 96:    510 
stack 97:    511 11 
stack 98:    512 
stack 99:    
stack 100:    513 514 
stack 101:    15 515 
stack 102:    516 
stack 103:    526 785 611 18 17 760 517 
stack 104:    529 372 520 532 310 345 72 
stack 105:    269 467 777 24 251 31 804 
stack 106:    792 445 685 930 732 56 990 
stack 107:    524 487 951 824 35 22 686 
stack 108:    23 789 528 338 550 544 711 
stack 109:    549 164 978 570 495 994 523 
stack 110:    131 480 989 791 772 266 28 
stack 111:    615 658 751 649 730 278 37 
stack 112:    263 315 562 706 531 65 469 
stack 113:    886 900 802 36 759 810 30 
stack 114:    473 970 766 992 390 659 890 
stack 115:    195 574 341 404 333 851 483 
stack 116:    220 897 778 543 188 388 135 
stack 117:    551 357 567 173 858 57 48 
stack 118:    668 775 77 767 542 564 459 
stack 119:    624 556 365 765 661 238 202 
stack 120:    631 812 187 963 910 882 749 
stack 121:    852 795 875 40 382 304 758 
stack 122:    228 889 666 817 683 96 230 
stack 123:    392 665 750 709 359 42 280 
stack 124:    493 44 54 636 960 916 153 
stack 125:    381 922 563 108 305 797 926 
stack 126:    830 150 259 919 947 602 201 
stack 127:    236 769 576 541 49 773 408 
stack 128:    45 734 849 214 968 589 205 
stack 129:    793 225 369 707 133 319 983 
stack 130:    247 917 713 116 949 284 846 
stack 131:    928 552 496 956 843 754 962 
stack 132:    104 664 303 262 714 566 291 
stack 133:    747 66 610 733 907 833 264 
stack 134:    94 158 463 170 642 449 74 
stack 135:    160 482 594 805 651 281 177 
stack 136:    870 607 432 745 634 110 272 
stack 137:    682 401 308 899 268 988 770 
stack 138:    68 71 755 406 834 923 893 
stack 139:    626 87 718 786 657 165 705 
stack 140:    905 457 954 114 799 584 285 
stack 141:    716 673 106 126 862 412 740 
stack 142:    355 663 354 350 331 317 625 
stack 143:    192 703 375 306 212 307 58 
stack 144:    376 921 955 119 122 671 629 
stack 145:    320 997 128 443 89 855 271 
stack 146:    342 377 321 628 971 326 174 
stack 147:    904 494 909 573 569 123 222 
stack 148:    724 727 410 351 244 787 999 
stack 149:    426 788 873 364 400 620 941 
stack 150:    139 356 577 275 159 927 340 
stack 151:    441 265 743 701 88 300 608 
stack 152:    223 248 147 948 380 427 646 
stack 153:    395 753 976 113 839 289 296 
stack 154:    884 362 311 590 633 818 479 
stack 155:    471 662 397 213 585 425 73 
stack 156:    939 180 435 837 277 946 656 
stack 157:    193 903 898 676 163 167 149 
stack 158:    952 295 109 292 455 474 715 
stack 159:    641 134 175 197 297 209 132 
stack 160:    864 293 250 877 654 465 595 
stack 161:    301 218 984 603 842 680 161 
stack 162:    129 283 623 735 924 660 198 
stack 163:    394 373 736 450 384 374 867 
stack 164:    154 444 809 961 672 764 171 
stack 165:    451 440 475 977 332 276 462 
stack 166:    184 466 854 746 687 398 208 
stack 167:    586 604 853 975 869 808 461 
stack 168:    635 95 138 152 91 722 698 
stack 169:    491 974 911 737 368 240 298 
stack 170:    344 771 761 981 993 448 481 
stack 171:    600 318 288 861 200 937 828 
