solved with: SP.deprecated.TabuSearch
time limit: 3600.0 s
time to solve: 1067,57 s
objective value: 1228863.05

stacks (top to bottom):
stack 0:    
stack 1:    
stack 2:    2 
stack 3:    3 
stack 4:    4 
stack 5:    
stack 6:    505 506 
stack 7:    7 
stack 8:    
stack 9:    9 
stack 10:    510 
stack 11:    
stack 12:    
stack 13:    
stack 14:    
stack 15:    15 
stack 16:    16 516 
stack 17:    518 17 944 773 19 239 
stack 18:    47 729 260 874 449 339 632 
stack 19:    678 816 979 20 41 556 808 
stack 20:    59 612 530 200 524 26 850 
stack 21:    920 592 564 567 522 67 56 
stack 22:    946 636 680 230 996 527 22 
stack 23:    29 257 528 36 546 762 42 
stack 24:    53 31 212 24 235 434 849 
stack 25:    525 533 975 48 953 649 73 
stack 26:    463 274 540 640 705 654 586 
stack 27:    930 559 32 693 79 552 486 
stack 28:    890 690 537 104 401 563 948 
stack 29:    810 781 288 882 296 660 577 
stack 30:    332 43 355 196 643 876 58 
stack 31:    75 445 106 803 310 379 770 
stack 32:    532 744 337 476 248 223 54 
stack 33:    430 302 467 985 208 667 738 
stack 34:    960 44 407 149 538 644 891 
stack 35:    614 169 415 398 376 123 555 
stack 36:    720 97 542 718 354 659 437 
stack 37:    247 37 547 38 225 725 587 
stack 38:    983 829 221 350 253 464 425 
stack 39:    910 602 685 170 895 384 965 
stack 40:    155 864 111 319 341 861 259 
stack 41:    893 334 994 576 554 993 736 
stack 42:    752 929 167 760 906 83 490 
stack 43:    859 470 109 838 748 161 880 
stack 44:    847 712 912 429 707 99 549 
stack 45:    908 250 378 911 92 733 300 
stack 46:    913 784 903 336 279 304 96 
stack 47:    998 318 124 163 442 664 308 
stack 48:    488 331 914 343 115 743 133 
stack 49:    263 900 697 775 275 857 61 
stack 50:    261 922 195 794 290 557 682 
stack 51:    439 621 710 280 138 493 246 
stack 52:    408 574 455 446 228 207 489 
stack 53:    669 233 826 866 473 162 938 
stack 54:    627 872 822 947 562 706 76 
stack 55:    140 405 655 709 950 371 869 
stack 56:    271 741 628 561 482 992 450 
stack 57:    142 181 368 951 234 131 580 
stack 58:    406 102 923 641 610 88 205 
stack 59:    188 767 560 843 160 375 796 
stack 60:    90 273 940 494 585 719 977 
stack 61:    571 724 252 402 356 943 345 
stack 62:    575 899 629 454 962 126 805 
stack 63:    591 835 677 80 820 907 262 
stack 64:    703 465 321 701 380 687 383 
stack 65:    696 978 647 420 327 832 359 
stack 66:    804 441 103 973 715 572 883 
stack 67:    191 459 598 601 381 317 942 
stack 68:    802 298 675 462 172 919 387 
stack 69:    593 672 289 588 394 168 768 
stack 70:    363 309 213 182 101 346 173 
stack 71:    315 399 89 410 175 839 779 
stack 72:    456 651 132 901 573 416 466 
stack 73:    286 121 492 657 844 894 322 
stack 74:    418 926 692 433 249 461 957 
stack 75:    716 119 652 320 303 739 218 
stack 76:    595 313 295 765 314 150 886 
stack 77:    841 105 226 623 590 329 754 
stack 78:    645 284 619 440 638 340 100 
stack 79:    186 750 424 217 730 82 742 
stack 80:    852 301 215 326 824 786 856 
stack 81:    202 389 879 436 777 676 254 
stack 82:    451 788 606 915 479 352 311 
stack 83:    599 991 328 153 141 708 854 
stack 84:    238 778 987 747 193 185 695 
stack 85:    372 256 353 146 679 413 94 
stack 86:    0 500 
stack 87:    501 1 
stack 88:    502 
stack 89:    503 
stack 90:    504 
stack 91:    5 
stack 92:    6 
stack 93:    507 
stack 94:    8 508 
stack 95:    509 
stack 96:    11 10 
stack 97:    512 511 
stack 98:    12 
stack 99:    13 513 
stack 100:    514 14 
stack 101:    515 
stack 102:    519 
stack 103:    388 966 25 21 517 795 18 
stack 104:    84 521 584 520 51 535 23 
stack 105:    342 78 291 68 605 529 39 
stack 106:    551 468 523 49 397 127 536 
stack 107:    845 568 386 282 393 174 28 
stack 108:    60 608 722 364 791 34 30 
stack 109:    481 757 148 27 721 35 385 
stack 110:    558 204 324 764 86 64 653 
stack 111:    819 862 361 683 688 759 478 
stack 112:    875 526 194 988 735 896 227 
stack 113:    604 325 801 117 982 878 335 
stack 114:    932 112 582 642 46 976 77 
stack 115:    531 539 541 62 285 581 55 
stack 116:    579 499 312 307 66 495 631 
stack 117:    362 403 116 749 139 484 33 
stack 118:    780 224 625 827 740 570 999 
stack 119:    543 807 618 534 40 187 258 
stack 120:    198 189 650 365 409 270 939 
stack 121:    231 995 444 74 763 178 997 
stack 122:    93 269 137 426 671 949 50 
stack 123:    128 792 622 276 583 840 607 
stack 124:    904 726 972 812 937 400 267 
stack 125:    374 63 108 179 689 909 244 
stack 126:    885 369 548 597 52 867 390 
stack 127:    98 565 989 395 144 45 734 
stack 128:    830 916 544 129 487 550 769 
stack 129:    545 483 158 414 615 431 809 
stack 130:    183 858 272 594 589 698 190 
stack 131:    728 553 566 828 648 831 460 
stack 132:    656 422 955 790 130 113 967 
stack 133:    347 432 71 956 924 825 154 
stack 134:    928 229 411 799 846 578 814 
stack 135:    264 877 863 136 933 980 815 
stack 136:    952 475 918 57 367 630 210 
stack 137:    242 278 498 323 626 471 370 
stack 138:    984 905 731 609 373 69 782 
stack 139:    443 199 480 837 268 201 349 
stack 140:    125 699 305 974 658 219 107 
stack 141:    633 65 192 702 887 222 666 
stack 142:    243 758 855 694 118 351 316 
stack 143:    821 143 613 616 935 448 836 
stack 144:    787 800 72 813 917 717 746 
stack 145:    771 214 293 921 485 569 306 
stack 146:    469 981 211 668 853 639 135 
stack 147:    617 603 665 360 438 203 70 
stack 148:    797 842 634 761 209 333 756 
stack 149:    255 925 164 713 147 637 865 
stack 150:    357 766 945 330 663 245 873 
stack 151:    145 776 477 646 474 156 458 
stack 152:    122 392 959 936 391 823 958 
stack 153:    134 902 497 723 596 704 892 
stack 154:    986 898 423 358 881 670 157 
stack 155:    85 366 91 457 184 237 662 
stack 156:    793 785 970 344 681 635 772 
stack 157:    931 240 963 897 206 81 884 
stack 158:    419 265 287 297 171 870 232 
stack 159:    412 954 166 176 165 294 753 
stack 160:    674 251 453 216 447 851 382 
stack 161:    428 969 197 435 727 860 941 
stack 162:    745 338 377 491 624 817 774 
stack 163:    396 691 971 961 755 114 417 
stack 164:    452 281 684 868 806 811 180 
stack 165:    159 833 299 277 751 87 404 
stack 166:    927 964 834 472 798 871 737 
stack 167:    783 600 711 990 427 220 789 
stack 168:    934 661 283 686 700 120 888 
stack 169:    151 266 95 889 421 620 241 
stack 170:    496 611 177 110 968 292 348 
stack 171:    848 673 236 818 732 714 152 

#####################################################

solved with: SP.post_optimization_methods.HillClimbing
time limit: 3600.0 s
time to solve: 694,55 s
objective value: 1228869.11

stacks (top to bottom):
stack 0:    
stack 1:    
stack 2:    2 
stack 3:    3 
stack 4:    4 
stack 5:    
stack 6:    505 506 
stack 7:    7 
stack 8:    
stack 9:    9 
stack 10:    510 
stack 11:    
stack 12:    
stack 13:    
stack 14:    
stack 15:    15 
stack 16:    17 16 516 
stack 17:    89 117 528 637 69 
stack 18:    543 879 903 70 550 815 676 
stack 19:    877 32 533 562 634 519 19 
stack 20:    24 497 843 21 25 980 258 
stack 21:    521 802 531 539 522 649 87 
stack 22:    558 767 468 523 303 41 300 
stack 23:    27 29 837 762 761 23 348 
stack 24:    334 31 987 295 527 28 39 
stack 25:    898 155 818 306 190 262 73 
stack 26:    47 278 526 744 130 654 895 
stack 27:    342 771 722 111 791 147 708 
stack 28:    952 318 475 612 915 437 311 
stack 29:    439 928 616 535 970 244 555 
stack 30:    810 406 675 530 378 725 888 
stack 31:    532 429 203 397 54 245 450 
stack 32:    369 301 289 597 793 867 806 
stack 33:    281 105 593 972 474 976 267 
stack 34:    696 453 283 978 178 493 796 
stack 35:    188 799 59 828 182 487 416 
stack 36:    125 119 619 956 542 659 352 
stack 37:    198 954 38 121 257 225 268 
stack 38:    242 411 91 750 40 631 460 
stack 39:    443 276 824 42 770 201 865 
stack 40:    545 691 228 864 482 951 442 
stack 41:    63 741 108 564 689 104 765 
stack 42:    452 946 966 166 721 46 849 
stack 43:    134 834 882 909 706 45 55 
stack 44:    591 251 440 219 339 873 549 
stack 45:    934 418 444 845 53 620 421 
stack 46:    243 547 595 787 402 484 805 
stack 47:    263 221 838 379 165 577 789 
stack 48:    752 625 74 149 563 490 458 
stack 49:    347 728 994 207 727 644 131 
stack 50:    231 603 710 361 554 635 886 
stack 51:    858 412 594 272 103 146 58 
stack 52:    893 998 935 163 878 861 486 
stack 53:    636 140 392 214 855 454 809 
stack 54:    579 202 449 170 945 382 556 
stack 55:    665 902 816 702 557 241 401 
stack 56:    875 432 561 601 949 435 222 
stack 57:    312 981 326 906 94 448 695 
stack 58:    499 859 693 842 164 713 80 
stack 59:    422 459 298 197 869 99 107 
stack 60:    60 293 250 485 340 431 248 
stack 61:    975 287 226 606 115 642 156 
stack 62:    332 920 112 65 132 922 827 
stack 63:    186 75 947 822 403 192 333 
stack 64:    143 566 365 330 992 977 754 
stack 65:    913 807 492 409 735 317 832 
stack 66:    372 567 495 743 427 736 883 
stack 67:    684 110 868 812 811 390 150 
stack 68:    933 639 434 679 413 81 939 
stack 69:    496 852 95 570 79 856 786 
stack 70:    93 270 731 138 876 239 854 
stack 71:    136 803 211 813 277 715 144 
stack 72:    419 102 109 328 234 840 808 
stack 73:    983 575 826 187 206 894 208 
stack 74:    271 995 212 677 688 746 344 
stack 75:    716 455 213 154 739 942 814 
stack 76:    169 643 641 220 77 907 314 
stack 77:    488 236 959 615 662 425 941 
stack 78:    265 472 307 465 118 82 96 
stack 79:    274 775 483 707 705 371 774 
stack 80:    216 991 618 447 851 223 346 
stack 81:    780 410 588 394 175 776 168 
stack 82:    456 804 611 261 672 937 646 
stack 83:    451 350 797 711 657 756 387 
stack 84:    908 286 703 176 911 607 292 
stack 85:    757 446 323 857 663 218 836 
stack 86:    0 500 
stack 87:    501 1 
stack 88:    502 
stack 89:    503 
stack 90:    504 
stack 91:    5 
stack 92:    6 
stack 93:    507 
stack 94:    8 508 
stack 95:    509 
stack 96:    11 10 
stack 97:    512 511 
stack 98:    12 
stack 99:    13 513 
stack 100:    514 14 
stack 101:    515 
stack 102:    520 
stack 103:    97 534 541 517 20 733 18 
stack 104:    518 106 760 473 380 51 938 
stack 105:    866 430 701 116 400 768 22 
stack 106:    525 37 656 784 540 529 962 
stack 107:    199 568 623 572 185 957 30 
stack 108:    821 729 291 275 114 184 56 
stack 109:    548 801 863 668 253 302 823 
stack 110:    960 273 544 714 524 26 897 
stack 111:    692 128 256 538 35 763 139 
stack 112:    651 415 537 177 726 477 376 
stack 113:    885 781 929 785 52 398 404 
stack 114:    599 320 252 230 381 50 759 
stack 115:    44 940 240 86 64 963 375 
stack 116:    680 723 462 598 280 919 988 
stack 117:    847 571 783 362 749 36 889 
stack 118:    841 740 552 133 294 34 33 
stack 119:    930 264 925 621 57 205 546 
stack 120:    249 48 778 171 120 259 573 
stack 121:    388 835 124 944 353 237 653 
stack 122:    669 961 996 441 667 126 536 
stack 123:    551 655 366 137 172 356 373 
stack 124:    700 973 464 135 395 67 581 
stack 125:    758 764 368 285 92 609 349 
stack 126:    43 407 921 62 730 160 773 
stack 127:    229 553 436 68 384 943 777 
stack 128:    614 445 905 269 969 660 391 
stack 129:    819 204 953 282 196 329 844 
stack 130:    986 360 191 605 670 871 967 
stack 131:    399 296 290 820 316 308 466 
stack 132:    463 49 61 158 755 817 958 
stack 133:    247 923 589 325 343 901 891 
stack 134:    559 652 699 846 324 189 578 
stack 135:    890 748 794 88 751 246 682 
stack 136:    910 355 576 590 341 227 753 
stack 137:    148 848 592 297 800 235 624 
stack 138:    602 914 167 610 162 161 180 
stack 139:    720 673 481 650 709 569 479 
stack 140:    645 574 712 640 974 658 322 
stack 141:    331 862 424 950 377 982 742 
stack 142:    932 853 792 299 215 850 632 
stack 143:    745 337 476 358 279 232 157 
stack 144:    480 179 66 687 209 782 884 
stack 145:    904 872 565 704 936 153 993 
stack 146:    560 697 260 127 626 491 173 
stack 147:    315 396 964 918 798 254 737 
stack 148:    408 638 71 338 924 766 892 
stack 149:    84 498 629 200 899 217 585 
stack 150:    195 83 467 985 698 948 997 
stack 151:    469 633 72 887 461 383 666 
stack 152:    90 788 319 694 989 327 917 
stack 153:    151 582 747 648 100 335 587 
stack 154:    732 795 831 420 489 359 772 
stack 155:    233 926 470 600 870 860 717 
stack 156:    309 78 608 357 874 471 965 
stack 157:    830 389 916 955 931 423 881 
stack 158:    183 255 628 627 414 719 417 
stack 159:    984 613 433 604 321 622 76 
stack 160:    678 142 98 457 438 494 152 
stack 161:    85 927 661 900 305 113 336 
stack 162:    386 310 385 999 839 123 580 
stack 163:    224 833 313 583 990 370 478 
stack 164:    238 288 393 367 896 141 210 
stack 165:    363 284 912 825 586 101 769 
stack 166:    405 129 194 426 354 364 630 
stack 167:    674 790 685 971 683 681 880 
stack 168:    159 584 266 690 145 968 779 
stack 169:    617 374 829 596 979 686 345 
stack 170:    724 718 174 351 193 738 734 
stack 171:    122 181 428 647 671 664 304 
