lower bound for relaxed s_ij: 1228843.6

#####################################################

solved with: SP.mip_formulations.BinPackingFormulation
time limit: 3600.0 s
time to solve: 3686,14 s (time limit exceeded)
objective value: 1243363.75 (not optimal)

stacks (top to bottom):
stack 0:    1 15 0 
stack 1:    9 8 500 
stack 2:    3 
stack 3:    120 31 10 24 7 14 
stack 4:    39 501 507 267 673 504 502 
stack 5:    505 259 194 506 503 16 5 
stack 6:    4 185 263 151 71 277 264 
stack 7:    22 166 509 6 91 412 36 
stack 8:    21 19 25 231 493 18 186 
stack 9:    92 57 123 12 11 512 13 
stack 10:    877 201 582 116 762 831 799 
stack 11:    513 119 449 130 527 309 26 
stack 12:    155 83 325 162 344 413 469 
stack 13:    510 289 197 494 216 366 321 
stack 14:    518 641 517 519 76 615 588 
stack 15:    387 126 933 689 688 723 206 
stack 16:    183 536 522 516 270 283 532 
stack 17:    133 663 521 363 523 435 369 
stack 18:    416 674 561 296 440 677 172 
stack 19:    153 650 33 678 794 780 759 
stack 20:    669 38 609 434 533 45 525 
stack 21:    560 719 566 418 848 769 860 
stack 22:    627 103 679 110 695 763 543 
stack 23:    867 20 152 232 686 551 902 
stack 24:    888 859 539 793 863 524 245 
stack 25:    717 754 716 337 214 100 109 
stack 26:    963 347 310 990 949 829 17 
stack 27:    548 454 32 182 188 987 826 
stack 28:    753 250 228 749 89 68 480 
stack 29:    535 184 853 732 438 879 846 
stack 30:    660 587 924 980 978 117 951 
stack 31:    495 926 456 402 358 52 242 
stack 32:    409 161 894 591 333 75 850 
stack 33:    403 818 886 942 671 967 23 
stack 34:    319 856 958 142 538 208 285 
stack 35:    709 841 993 492 230 225 244 
stack 36:    537 446 94 65 77 455 555 
stack 37:    298 54 410 765 212 324 203 
stack 38:    960 141 534 790 464 219 269 
stack 39:    304 139 904 895 699 223 419 
stack 40:    623 541 528 276 531 56 968 
stack 41:    489 121 127 772 370 323 526 
stack 42:    682 725 265 226 899 79 62 
stack 43:    785 585 922 273 573 545 368 
stack 44:    966 721 685 801 783 27 976 
stack 45:    781 178 80 672 941 741 167 
stack 46:    496 931 571 382 135 813 272 
stack 47:    579 386 775 349 833 233 467 
stack 48:    199 42 97 291 957 918 222 
stack 49:    961 165 928 114 969 800 691 
stack 50:    898 764 777 851 193 422 128 
stack 51:    53 411 747 315 47 332 427 
stack 52:    472 311 266 334 870 157 815 
stack 53:    429 558 457 881 808 450 221 
stack 54:    712 565 280 739 144 256 200 
stack 55:    907 839 375 281 934 805 205 
stack 56:    760 478 985 703 465 823 616 
stack 57:    586 396 160 594 398 316 98 
stack 58:    909 700 213 137 106 935 876 
stack 59:    559 857 889 868 211 866 107 
stack 60:    861 802 254 66 400 791 444 
stack 61:    436 550 2 776 589 619 44 
stack 62:    936 875 246 191 814 417 340 
stack 63:    202 300 832 784 837 655 101 
stack 64:    718 806 88 997 395 341 768 
stack 65:    618 408 900 292 748 314 734 
stack 66:    659 140 683 701 584 497 601 
stack 67:    915 670 676 407 930 923 154 
stack 68:    946 667 362 237 771 956 697 
stack 69:    740 639 445 348 279 649 99 
stack 70:    60 72 483 122 90 675 943 
stack 71:    629 475 143 597 361 224 572 
stack 72:    592 372 159 603 217 625 599 
stack 73:    668 174 138 51 404 388 189 
stack 74:    919 766 680 726 862 63 108 
stack 75:    854 955 874 488 706 569 468 
stack 76:    570 192 554 897 124 911 85 
stack 77:    249 448 173 351 299 463 385 
stack 78:    322 415 274 207 735 330 481 
stack 79:    136 884 737 187 620 608 606 
stack 80:    171 696 113 638 694 352 598 
stack 81:    111 869 648 73 647 295 971 
stack 82:    578 302 605 651 301 87 146 
stack 83:    105 624 168 855 491 399 240 
stack 84:    284 64 643 252 196 220 743 
stack 85:    811 484 428 684 711 656 779 
stack 86:    
stack 87:    
stack 88:    
stack 89:    
stack 90:    
stack 91:    515 
stack 92:    
stack 93:    
stack 94:    577 
stack 95:    508 
stack 96:    511 
stack 97:    
stack 98:    730 373 652 383 
stack 99:    893 658 
stack 100:    872 514 
stack 101:    947 
stack 102:    892 
stack 103:    34 
stack 104:    486 633 345 
stack 105:    692 
stack 106:    520 995 
stack 107:    
stack 108:    852 342 
stack 109:    175 704 
stack 110:    150 
stack 111:    720 950 482 131 
stack 112:    461 318 
stack 113:    654 312 921 
stack 114:    28 473 745 596 
stack 115:    529 988 238 236 913 
stack 116:    29 354 552 530 
stack 117:    389 421 
stack 118:    30 546 356 708 563 742 
stack 119:    804 698 397 681 229 937 782 
stack 120:    170 420 600 286 767 
stack 121:    887 707 798 905 458 441 37 
stack 122:    442 970 327 690 81 621 
stack 123:    883 593 49 424 195 687 
stack 124:    251 355 567 953 48 836 821 
stack 125:    307 275 662 
stack 126:    962 210 169 343 693 258 
stack 127:    581 973 294 562 181 125 
stack 128:    842 78 235 476 595 542 
stack 129:    43 820 816 914 830 925 
stack 130:    890 916 271 666 452 
stack 131:    885 825 459 882 41 576 104 
stack 132:    929 46 982 920 377 218 243 
stack 133:    983 954 247 938 268 163 878 
stack 134:    462 927 466 350 757 944 477 
stack 135:    827 471 908 602 58 179 392 
stack 136:    952 391 844 257 568 972 789 
stack 137:    360 834 634 61 637 490 796 
stack 138:    750 939 149 822 661 328 795 
stack 139:    374 728 96 204 964 414 628 
stack 140:    975 992 331 335 642 234 431 
stack 141:    752 792 553 74 59 965 367 
stack 142:    339 499 835 248 733 453 338 
stack 143:    557 336 838 574 549 540 390 
stack 144:    437 996 86 50 129 485 999 
stack 145:    320 731 425 378 177 282 787 
stack 146:    810 774 583 998 353 227 613 
stack 147:    849 626 974 948 70 646 423 
stack 148:    761 989 807 580 371 880 981 
stack 149:    991 912 443 317 306 40 287 
stack 150:    644 657 715 617 979 622 308 
stack 151:    896 910 635 751 479 357 69 
stack 152:    632 290 770 474 82 864 158 
stack 153:    713 544 498 433 313 612 384 
stack 154:    710 819 547 631 35 828 405 
stack 155:    610 55 664 359 984 786 917 
stack 156:    278 865 755 209 164 262 665 
stack 157:    288 381 824 564 305 364 255 
stack 158:    376 959 293 132 714 253 847 
stack 159:    439 803 406 84 986 778 556 
stack 160:    430 607 797 901 145 460 873 
stack 161:    891 365 604 134 447 932 326 
stack 162:    346 611 871 487 575 148 640 
stack 163:    809 758 303 112 840 746 614 
stack 164:    788 329 744 393 906 93 198 
stack 165:    724 738 729 653 773 147 401 
stack 166:    812 260 239 722 727 394 115 
stack 167:    977 470 843 379 858 176 190 
stack 168:    118 590 380 297 645 945 903 
stack 169:    756 705 702 426 630 817 215 
stack 170:    180 736 451 432 940 994 845 
stack 171:    102 636 261 156 67 241 95 

#####################################################

solved with: SP.constructive_heuristics.GeneralHeuristic
time limit: 3600.0 s
time to solve: 0,01 s
objective value: 1326798.03

stacks (top to bottom):
stack 0:    756 849 27 976 352 469 205 
stack 1:    546 554 635 506 957 33 245 
stack 2:    644 952 775 859 49 35 321 
stack 3:    416 365 374 656 370 225 85 
stack 4:    936 140 280 208 722 295 805 
stack 5:    898 461 749 516 198 900 780 
stack 6:    804 661 98 9 175 533 701 
stack 7:    982 202 80 445 545 465 427 
stack 8:    120 379 47 286 189 646 285 
stack 9:    510 42 990 522 422 512 796 
stack 10:    657 592 950 3 597 633 384 
stack 11:    726 798 331 858 460 163 526 
stack 12:    141 895 790 473 517 313 240 
stack 13:    717 835 675 953 130 26 845 
stack 14:    178 275 145 945 575 99 768 
stack 15:    43 260 318 762 948 956 341 
stack 16:    560 336 709 429 949 266 600 
stack 17:    19 501 897 638 362 918 863 
stack 18:    25 164 725 273 17 154 860 
stack 19:    391 426 623 56 272 828 815 
stack 20:    136 750 712 582 974 108 769 
stack 21:    251 276 765 802 424 687 968 
stack 22:    310 160 958 862 211 216 107 
stack 23:    758 868 984 124 832 573 67 
stack 24:    659 585 980 8 934 776 493 
stack 25:    6 193 556 36 23 367 972 
stack 26:    201 300 604 247 11 440 911 
stack 27:    670 570 587 114 220 498 532 
stack 28:    713 18 673 75 951 400 215 
stack 29:    430 15 833 757 253 662 947 
stack 30:    88 213 151 574 852 404 264 
stack 31:    946 927 777 371 851 677 283 
stack 32:    806 783 250 237 905 848 878 
stack 33:    199 924 904 187 159 813 994 
stack 34:    586 185 753 474 306 873 542 
stack 35:    53 375 119 123 901 591 759 
stack 36:    819 618 817 596 782 527 203 
stack 37:    788 682 129 61 270 773 444 
stack 38:    92 907 912 634 406 176 903 
stack 39:    909 885 22 803 14 70 987 
stack 40:    737 110 256 214 366 543 625 
stack 41:    730 420 684 334 388 741 95 
stack 42:    249 692 571 534 479 491 337 
stack 43:    46 565 297 65 488 363 540 
stack 44:    180 451 486 836 480 435 572 
stack 45:    298 593 242 866 292 13 314 
stack 46:    559 174 495 611 652 418 981 
stack 47:    891 103 235 87 871 447 487 
stack 48:    183 173 964 68 332 157 665 
stack 49:    376 327 605 933 269 45 647 
stack 50:    736 417 816 703 902 79 615 
stack 51:    437 669 663 281 853 985 455 
stack 52:    988 996 557 602 162 767 870 
stack 53:    975 721 812 218 727 226 569 
stack 54:    705 436 483 93 979 794 795 
stack 55:    278 439 626 476 230 923 395 
stack 56:    919 857 443 448 784 148 477 
stack 57:    21 550 528 892 937 619 405 
stack 58:    865 685 535 402 84 628 706 
stack 59:    639 499 969 742 217 100 401 
stack 60:    842 877 887 916 373 0 697 
stack 61:    811 610 839 196 807 117 453 
stack 62:    289 446 908 58 127 167 787 
stack 63:    579 541 928 504 691 338 241 
stack 64:    360 83 94 299 655 778 847 
stack 65:    29 824 553 538 181 158 190 
stack 66:    810 818 146 333 524 789 468 
stack 67:    531 745 104 44 821 763 850 
stack 68:    133 169 50 699 125 330 598 
stack 69:    484 31 801 841 536 642 481 
stack 70:    920 966 197 233 771 344 431 
stack 71:    171 411 261 747 342 666 200 
stack 72:    754 744 648 686 234 500 511 
stack 73:    959 809 926 389 294 608 588 
stack 74:    380 122 191 683 438 942 399 
stack 75:    471 232 651 307 584 525 423 
stack 76:    508 629 165 607 132 649 864 
stack 77:    194 359 939 910 931 594 643 
stack 78:    372 126 403 316 73 563 894 
stack 79:    288 39 239 349 738 252 967 
stack 80:    387 410 320 355 274 224 195 
stack 81:    915 170 351 973 797 419 394 
stack 82:    680 236 263 179 993 268 826 
stack 83:    537 57 674 348 456 296 603 
stack 84:    752 689 209 382 820 814 368 
stack 85:    521 922 166 339 653 735 932 
stack 86:    322 312 844 793 671 914 577 
stack 87:    428 317 728 458 63 944 748 
stack 88:    583 459 856 449 393 880 345 
stack 89:    867 970 354 889 467 390 791 
stack 90:    761 630 231 733 616 823 606 
stack 91:    28 896 74 149 353 693 965 
stack 92:    963 785 740 962 304 227 308 
stack 93:    32 478 152 378 206 876 413 
stack 94:    627 719 636 425 34 358 551 
stack 95:    55 311 650 589 490 62 128 
stack 96:    654 350 52 243 385 555 514 
stack 97:    513 137 40 997 492 277 452 
stack 98:    143 992 829 930 938 244 287 
stack 99:    60 664 732 48 621 76 109 
stack 100:    64 869 398 518 219 507 899 
stack 101:    381 20 7 581 637 879 408 
stack 102:    690 356 364 229 81 622 943 
stack 103:    718 102 632 142 377 882 144 
stack 104:    861 138 991 764 409 69 601 
stack 105:    346 454 86 955 874 204 188 
stack 106:    668 4 293 700 595 82 530 
stack 107:    854 710 838 279 71 106 772 
stack 108:    496 883 960 978 925 704 999 
stack 109:    347 888 153 539 641 369 599 
stack 110:    564 184 884 134 640 986 620 
stack 111:    118 303 10 558 291 463 831 
stack 112:    529 290 238 325 407 921 779 
stack 113:    259 715 319 305 751 309 519 
stack 114:    875 998 343 714 223 678 221 
stack 115:    961 2 940 361 186 971 328 
stack 116:    54 257 415 482 254 212 324 
stack 117:    578 139 716 466 89 421 743 
stack 118:    774 90 335 457 147 881 917 
stack 119:    470 111 509 681 16 846 734 
stack 120:    155 1 301 271 96 645 872 
stack 121:    246 822 609 464 830 433 502 
stack 122:    78 113 182 679 840 614 392 
stack 123:    929 696 766 770 676 711 497 
stack 124:    724 660 72 210 357 59 66 
stack 125:    590 397 51 265 886 267 340 
stack 126:    302 989 667 97 672 855 739 
stack 127:    825 442 396 688 135 906 101 
stack 128:    520 386 720 91 549 262 222 
stack 129:    827 707 837 115 523 326 450 
stack 130:    505 284 552 708 580 414 412 
stack 131:    702 547 631 207 800 544 612 
stack 132:    617 192 624 731 441 503 5 
stack 133:    983 475 568 432 515 658 
stack 134:    30 131 613 695 808 
stack 135:    834 38 755 792 935 746 799 
stack 136:    760 489 315 116 121 941 282 
stack 137:    977 561 24 168 37 494 172 
stack 138:    462 228 105 161 12 694 913 
stack 139:    548 890 472 41 729 995 77 
stack 140:    150 781 843 156 786 485 
stack 141:    954 698 567 576 434 248 893 
stack 142:    329 255 258 
stack 143:    112 383 323 
stack 144:    566 
stack 145:    177 562 
stack 146:    723 
stack 147:    
stack 148:    
stack 149:    
stack 150:    
stack 151:    
stack 152:    
stack 153:    
stack 154:    
stack 155:    
stack 156:    
stack 157:    
stack 158:    
stack 159:    
stack 160:    
stack 161:    
stack 162:    
stack 163:    
stack 164:    
stack 165:    
stack 166:    
stack 167:    
stack 168:    
stack 169:    
stack 170:    
stack 171:    
