solved with: SP.deprecated.TabuSearch
time limit: 3600.0 s
time to solve: 1228,79 s
objective value: 1228888.54

stacks (top to bottom):
stack 0:    0 500 
stack 1:    
stack 2:    2 
stack 3:    
stack 4:    4 
stack 5:    5 
stack 6:    6 
stack 7:    
stack 8:    8 
stack 9:    509 
stack 10:    
stack 11:    11 
stack 12:    12 
stack 13:    14 
stack 14:    514 
stack 15:    15 
stack 16:    20 516 
stack 17:    519 522 260 517 26 
stack 18:    33 351 604 197 141 600 195 
stack 19:    22 84 100 30 576 450 179 
stack 20:    50 902 836 232 62 27 78 
stack 21:    274 523 767 178 535 751 845 
stack 22:    855 834 824 995 169 525 560 
stack 23:    28 622 353 168 770 489 441 
stack 24:    451 633 831 434 56 762 879 
stack 25:    909 942 811 402 40 873 773 
stack 26:    39 816 287 203 124 211 37 
stack 27:    607 453 946 31 75 938 899 
stack 28:    653 530 556 533 546 553 35 
stack 29:    55 41 529 300 558 295 869 
stack 30:    372 537 298 466 534 548 935 
stack 31:    787 454 400 297 228 79 694 
stack 32:    32 47 930 486 207 615 273 
stack 33:    545 61 757 561 237 801 183 
stack 34:    827 281 38 948 793 586 864 
stack 35:    887 589 759 568 375 189 406 
stack 36:    345 629 337 329 618 853 270 
stack 37:    43 551 706 280 433 713 429 
stack 38:    777 972 982 54 703 158 301 
stack 39:    107 428 674 497 285 950 738 
stack 40:    885 167 939 754 929 786 384 
stack 41:    437 779 48 955 236 117 344 
stack 42:    814 173 970 613 342 51 765 
stack 43:    931 985 566 459 977 860 638 
stack 44:    46 475 91 442 310 969 790 
stack 45:    923 134 642 564 341 743 833 
stack 46:    925 80 136 247 187 180 484 
stack 47:    893 840 495 627 419 290 164 
stack 48:    835 306 562 130 734 68 174 
stack 49:    952 239 883 322 746 190 386 
stack 50:    312 468 57 552 671 991 895 
stack 51:    380 582 964 736 221 423 817 
stack 52:    126 150 191 778 204 202 323 
stack 53:    410 498 733 474 125 409 315 
stack 54:    975 253 709 668 826 749 763 
stack 55:    945 485 465 571 332 742 252 
stack 56:    432 231 244 563 584 317 330 
stack 57:    294 71 209 606 165 444 798 
stack 58:    90 771 457 77 166 103 934 
stack 59:    129 377 685 185 292 917 672 
stack 60:    72 673 960 657 114 149 847 
stack 61:    652 870 120 602 343 910 496 
stack 62:    874 97 258 620 74 131 417 
stack 63:    702 829 805 246 279 579 379 
stack 64:    605 66 810 327 265 193 567 
stack 65:    654 82 681 583 998 992 316 
stack 66:    360 448 789 922 858 718 443 
stack 67:    983 904 163 574 276 216 943 
stack 68:    93 83 691 335 978 664 656 
stack 69:    842 944 368 305 418 264 783 
stack 70:    225 796 388 233 389 139 764 
stack 71:    752 692 598 396 115 678 374 
stack 72:    936 394 716 336 645 677 462 
stack 73:    499 905 755 721 492 913 109 
stack 74:    788 249 293 215 411 963 161 
stack 75:    714 971 903 328 646 357 447 
stack 76:    240 915 916 401 76 832 715 
stack 77:    666 427 871 331 283 906 979 
stack 78:    900 614 776 238 267 993 897 
stack 79:    198 398 413 794 356 192 626 
stack 80:    467 996 724 355 132 710 744 
stack 81:    920 868 769 383 587 414 118 
stack 82:    154 649 623 820 617 482 463 
stack 83:    373 875 456 470 421 696 477 
stack 84:    795 630 849 839 745 299 217 
stack 85:    799 181 361 171 852 689 212 
stack 86:    501 
stack 87:    1 
stack 88:    
stack 89:    3 503 502 
stack 90:    
stack 91:    504 505 
stack 92:    506 7 
stack 93:    507 
stack 94:    508 
stack 95:    9 
stack 96:    510 10 
stack 97:    511 
stack 98:    512 
stack 99:    513 13 
stack 100:    
stack 101:    515 
stack 102:    17 16 
stack 103:    18 25 539 87 60 700 308 
stack 104:    661 159 521 557 524 518 520 
stack 105:    760 748 34 21 559 19 138 
stack 106:    94 632 536 872 59 698 23 
stack 107:    346 577 102 527 24 200 921 
stack 108:    449 693 45 596 296 488 144 
stack 109:    205 223 29 532 445 263 526 
stack 110:    275 156 841 659 403 891 99 
stack 111:    958 36 976 86 257 750 815 
stack 112:    726 199 528 339 63 481 723 
stack 113:    359 843 682 404 669 549 856 
stack 114:    227 146 555 781 458 266 547 
stack 115:    307 543 531 984 116 220 42 
stack 116:    861 862 807 269 188 98 951 
stack 117:    911 381 430 259 142 490 542 
stack 118:    676 690 245 812 688 867 271 
stack 119:    397 541 580 363 838 980 819 
stack 120:    662 699 122 848 882 349 277 
stack 121:    85 670 780 994 135 907 962 
stack 122:    538 318 866 407 208 147 408 
stack 123:    881 49 242 894 720 286 569 
stack 124:    747 291 325 550 572 753 371 
stack 125:    928 461 704 722 272 741 540 
stack 126:    758 665 640 729 160 705 683 
stack 127:    610 354 717 143 392 256 243 
stack 128:    878 65 989 58 262 898 194 
stack 129:    570 565 67 44 390 324 953 
stack 130:    802 695 854 594 644 544 927 
stack 131:    106 493 111 176 784 119 309 
stack 132:    362 214 865 737 64 452 112 
stack 133:    947 326 680 186 73 635 313 
stack 134:    859 774 707 52 382 731 575 
stack 135:    643 599 973 439 761 153 986 
stack 136:    648 650 393 319 655 851 494 
stack 137:    320 229 608 182 730 725 469 
stack 138:    170 616 53 302 937 844 636 
stack 139:    990 554 933 422 785 347 675 
stack 140:    288 70 151 766 424 901 480 
stack 141:    573 837 581 896 889 431 663 
stack 142:    597 679 828 740 352 340 818 
stack 143:    311 175 268 711 997 791 304 
stack 144:    108 863 369 101 405 425 967 
stack 145:    338 914 201 957 96 391 701 
stack 146:    479 478 88 314 800 358 954 
stack 147:    634 196 926 647 637 483 999 
stack 148:    712 660 365 603 886 250 956 
stack 149:    825 303 578 104 619 961 601 
stack 150:    284 768 830 123 880 367 254 
stack 151:    651 987 884 919 756 684 251 
stack 152:    435 609 611 727 959 974 857 
stack 153:    846 624 803 261 591 157 152 
stack 154:    593 69 908 210 775 289 230 
stack 155:    641 585 988 321 625 612 782 
stack 156:    127 667 113 890 708 446 385 
stack 157:    155 797 206 399 133 806 940 
stack 158:    966 476 965 148 941 631 366 
stack 159:    697 464 81 248 416 823 809 
stack 160:    121 968 621 732 438 639 588 
stack 161:    719 792 395 218 876 415 808 
stack 162:    222 487 918 184 387 350 455 
stack 163:    219 932 234 137 592 226 821 
stack 164:    471 739 981 595 804 105 436 
stack 165:    128 145 472 378 282 376 772 
stack 166:    348 460 628 370 412 822 440 
stack 167:    949 687 110 658 92 590 473 
stack 168:    735 924 334 686 235 877 140 
stack 169:    172 255 278 491 177 224 892 
stack 170:    426 241 912 728 420 162 813 
stack 171:    95 333 89 850 888 213 364 

#####################################################

solved with: SP.post_optimization_methods.HillClimbing
time limit: 3600.0 s
time to solve: 1063,35 s
objective value: 1228888.54

stacks (top to bottom):
stack 0:    0 500 
stack 1:    
stack 2:    2 
stack 3:    
stack 4:    4 
stack 5:    5 
stack 6:    6 
stack 7:    
stack 8:    8 
stack 9:    509 
stack 10:    
stack 11:    11 
stack 12:    12 
stack 13:    14 
stack 14:    514 
stack 15:    15 
stack 16:    20 516 
stack 17:    517 260 318 404 601 
stack 18:    519 43 351 974 197 921 979 
stack 19:    944 667 30 619 615 756 73 
stack 20:    476 960 550 583 79 765 526 
stack 21:    522 284 716 53 930 959 200 
stack 22:    90 48 889 26 459 452 684 
stack 23:    432 846 528 395 530 539 29 
stack 24:    311 435 70 305 123 919 529 
stack 25:    911 196 958 258 181 613 745 
stack 26:    881 28 293 561 210 533 374 
stack 27:    346 699 541 890 612 553 447 
stack 28:    338 178 751 915 409 899 469 
stack 29:    430 39 382 722 957 283 494 
stack 30:    758 249 137 177 184 417 119 
stack 31:    543 595 44 31 977 546 856 
stack 32:    859 564 168 413 647 742 273 
stack 33:    383 887 759 692 982 718 62 
stack 34:    55 337 623 637 680 415 762 
stack 35:    47 288 651 551 169 946 542 
stack 36:    345 702 570 835 81 969 252 
stack 37:    538 971 903 558 357 226 847 
stack 38:    359 673 259 884 431 590 445 
stack 39:    640 721 679 913 895 204 251 
stack 40:    50 479 729 708 618 857 786 
stack 41:    629 996 71 802 115 972 217 
stack 42:    362 665 894 649 329 400 190 
stack 43:    95 492 201 66 929 723 910 
stack 44:    253 134 597 67 572 698 869 
stack 45:    936 660 267 804 943 819 76 
stack 46:    691 657 599 888 549 950 309 
stack 47:    554 268 643 785 370 852 384 
stack 48:    648 755 841 926 970 789 822 
stack 49:    83 834 159 88 407 784 112 
stack 50:    126 52 497 688 882 313 349 
stack 51:    136 474 574 801 143 265 423 
stack 52:    661 65 113 737 656 713 429 
stack 53:    312 776 101 675 414 891 391 
stack 54:    582 793 586 296 941 953 703 
stack 55:    885 93 146 104 245 592 790 
stack 56:    573 952 849 160 389 823 78 
stack 57:    61 377 264 704 575 403 851 
stack 58:    975 914 965 732 596 705 821 
stack 59:    422 241 850 347 489 663 386 
stack 60:    949 843 94 792 486 876 462 
stack 61:    451 709 122 328 848 166 463 
stack 62:    394 878 578 687 672 439 579 
stack 63:    797 206 454 617 897 734 696 
stack 64:    726 616 114 290 978 569 715 
stack 65:    942 275 805 257 671 444 938 
stack 66:    862 697 156 968 365 922 810 
stack 67:    150 690 111 686 193 124 270 
stack 68:    72 231 448 816 991 340 916 
stack 69:    987 820 571 985 385 135 75 
stack 70:    360 752 306 250 324 344 927 
stack 71:    893 487 863 995 794 659 164 
stack 72:    471 779 334 237 117 664 967 
stack 73:    320 175 219 173 976 488 144 
stack 74:    493 747 896 289 322 883 901 
stack 75:    128 939 336 866 195 441 379 
stack 76:    634 676 461 354 416 165 105 
stack 77:    240 769 598 209 873 436 809 
stack 78:    920 803 392 390 406 125 179 
stack 79:    294 724 594 644 174 845 934 
stack 80:    121 827 984 589 396 678 401 
stack 81:    127 714 668 830 600 763 986 
stack 82:    909 824 182 917 213 171 420 
stack 83:    467 110 951 411 92 279 800 
stack 84:    381 685 864 203 940 483 773 
stack 85:    865 495 611 218 295 898 140 
stack 86:    501 
stack 87:    1 
stack 88:    
stack 89:    3 503 502 
stack 90:    
stack 91:    504 505 
stack 92:    506 7 
stack 93:    507 
stack 94:    508 
stack 95:    9 
stack 96:    510 10 
stack 97:    511 
stack 98:    512 
stack 99:    513 13 
stack 100:    
stack 101:    515 
stack 102:    17 16 
stack 103:    18 521 766 527 524 872 408 
stack 104:    348 780 41 518 525 35 520 
stack 105:    198 760 720 21 19 243 544 
stack 106:    22 32 654 955 191 216 23 
stack 107:    33 120 870 826 677 24 450 
stack 108:    925 928 142 25 186 584 280 
stack 109:    523 799 767 854 355 535 187 
stack 110:    380 531 806 158 27 815 366 
stack 111:    771 108 475 453 56 576 277 
stack 112:    537 555 609 536 749 262 63 
stack 113:    428 774 199 707 303 534 877 
stack 114:    923 242 36 297 34 532 994 
stack 115:    84 837 670 963 728 783 440 
stack 116:    86 778 981 233 455 212 37 
stack 117:    229 69 38 833 256 886 299 
stack 118:    795 82 460 557 272 358 480 
stack 119:    372 912 412 491 319 556 588 
stack 120:    642 735 151 292 266 906 443 
stack 121:    107 754 188 98 96 540 343 
stack 122:    49 831 559 45 813 211 547 
stack 123:    796 40 54 132 42 999 323 
stack 124:    874 449 829 225 868 402 811 
stack 125:    947 674 669 706 548 591 761 
stack 126:    172 666 418 768 141 364 147 
stack 127:    410 614 325 399 331 139 764 
stack 128:    46 129 419 770 239 194 694 
stack 129:    281 375 839 232 51 744 832 
stack 130:    545 426 317 424 131 208 560 
stack 131:    627 369 563 60 356 730 892 
stack 132:    932 781 332 361 157 99 808 
stack 133:    712 57 552 236 710 68 352 
stack 134:    223 246 757 717 733 993 477 
stack 135:    605 307 148 568 603 133 817 
stack 136:    498 427 468 743 130 327 935 
stack 137:    85 937 339 457 490 207 867 
stack 138:    633 739 464 565 238 740 183 
stack 139:    825 727 304 58 989 59 254 
stack 140:    693 902 777 695 286 189 221 
stack 141:    80 621 836 314 638 725 738 
stack 142:    456 478 282 998 202 956 954 
stack 143:    945 222 373 566 248 350 77 
stack 144:    652 632 918 89 577 645 481 
stack 145:    274 145 581 335 775 161 64 
stack 146:    719 155 681 247 224 853 798 
stack 147:    562 220 276 342 750 316 858 
stack 148:    106 185 353 285 102 315 496 
stack 149:    641 814 244 97 472 567 301 
stack 150:    585 302 300 271 700 330 367 
stack 151:    608 630 405 433 587 860 626 
stack 152:    931 163 748 341 425 376 879 
stack 153:    485 861 948 924 753 138 109 
stack 154:    214 791 997 604 961 844 308 
stack 155:    167 458 149 871 74 980 153 
stack 156:    900 990 905 908 964 736 689 
stack 157:    333 437 378 973 228 235 192 
stack 158:    988 855 840 269 442 602 646 
stack 159:    653 622 397 625 91 470 639 
stack 160:    205 291 624 875 741 907 263 
stack 161:    593 788 812 482 635 176 636 
stack 162:    787 499 807 983 87 658 118 
stack 163:    662 298 368 434 628 620 421 
stack 164:    966 398 393 310 838 782 103 
stack 165:    466 321 278 731 261 162 683 
stack 166:    100 607 227 682 580 701 473 
stack 167:    465 388 116 828 438 287 818 
stack 168:    154 650 326 446 746 371 152 
stack 169:    610 904 234 655 230 363 880 
stack 170:    170 255 215 606 180 631 992 
stack 171:    842 933 711 387 484 772 962 
