solved with: SP.deprecated.TabuSearch
time limit: 3600.0 s
time to solve: 993,84 s
objective value: 1228871.54

stacks (top to bottom):
stack 0:    0 
stack 1:    501 
stack 2:    
stack 3:    
stack 4:    504 
stack 5:    5 
stack 6:    
stack 7:    
stack 8:    9 8 
stack 9:    
stack 10:    510 
stack 11:    
stack 12:    12 
stack 13:    
stack 14:    14 
stack 15:    516 515 
stack 16:    
stack 17:    523 23 518 146 17 517 35 
stack 18:    865 895 662 520 852 519 953 
stack 19:    602 40 38 20 542 46 19 
stack 20:    527 21 455 684 162 42 253 
stack 21:    189 332 822 888 995 179 311 
stack 22:    64 880 414 405 445 113 526 
stack 23:    363 869 410 860 720 524 532 
stack 24:    755 24 387 184 816 529 31 
stack 25:    51 779 553 248 931 437 705 
stack 26:    286 531 449 75 534 715 49 
stack 27:    856 685 554 670 310 356 108 
stack 28:    555 106 316 443 996 721 540 
stack 29:    59 182 600 768 496 454 147 
stack 30:    688 690 298 541 158 975 32 
stack 31:    303 737 304 930 946 543 143 
stack 32:    533 897 257 892 660 610 233 
stack 33:    741 43 358 792 33 548 838 
stack 34:    192 632 546 188 736 463 385 
stack 35:    850 141 37 562 176 81 538 
stack 36:    659 939 547 740 373 982 309 
stack 37:    762 947 601 678 218 985 661 
stack 38:    57 709 397 427 566 447 275 
stack 39:    232 53 389 39 124 47 103 
stack 40:    395 716 724 498 261 567 968 
stack 41:    73 229 935 374 132 92 671 
stack 42:    139 114 710 945 377 482 320 
stack 43:    592 329 830 224 423 961 58 
stack 44:    717 640 195 263 115 433 665 
stack 45:    205 829 197 244 77 614 964 
stack 46:    118 999 133 783 984 66 481 
stack 47:    225 438 568 965 864 252 435 
stack 48:    905 379 164 884 52 369 644 
stack 49:    469 459 896 280 343 412 605 
stack 50:    910 558 294 960 70 680 621 
stack 51:    216 818 346 891 166 575 249 
stack 52:    424 62 208 334 95 750 67 
stack 53:    764 155 478 885 72 814 723 
stack 54:    651 914 312 909 826 873 352 
stack 55:    835 470 105 634 71 943 271 
stack 56:    593 428 623 778 766 378 686 
stack 57:    230 431 109 340 863 785 295 
stack 58:    448 299 594 128 457 887 789 
stack 59:    386 675 967 893 881 951 855 
stack 60:    840 272 926 255 417 396 743 
stack 61:    89 916 131 234 647 97 421 
stack 62:    325 940 425 130 846 859 878 
stack 63:    96 264 699 247 714 361 788 
stack 64:    246 853 149 656 228 362 676 
stack 65:    306 186 782 337 391 604 211 
stack 66:    607 268 872 726 682 588 793 
stack 67:    468 655 76 473 952 336 948 
stack 68:    618 90 243 611 572 832 169 
stack 69:    627 980 150 289 879 119 635 
stack 70:    330 649 681 956 88 98 981 
stack 71:    574 784 868 392 402 701 84 
stack 72:    625 934 629 589 955 204 82 
stack 73:    74 666 796 735 267 154 950 
stack 74:    190 183 104 371 487 194 394 
stack 75:    795 595 944 890 849 476 345 
stack 76:    418 160 707 142 639 326 157 
stack 77:    121 989 615 875 902 876 432 
stack 78:    756 462 93 927 749 151 265 
stack 79:    919 657 642 821 388 116 857 
stack 80:    323 679 913 273 137 742 111 
stack 81:    285 791 83 202 882 804 920 
stack 82:    620 318 636 242 112 193 817 
stack 83:    969 667 409 156 874 477 324 
stack 84:    381 404 450 970 584 987 287 
stack 85:    398 322 465 606 348 924 199 
stack 86:    500 
stack 87:    1 
stack 88:    2 
stack 89:    503 3 502 
stack 90:    4 
stack 91:    505 
stack 92:    506 
stack 93:    6 7 507 
stack 94:    508 
stack 95:    509 
stack 96:    10 11 
stack 97:    511 
stack 98:    512 
stack 99:    513 13 
stack 100:    514 
stack 101:    15 
stack 102:    16 
stack 103:    691 752 302 475 522 29 525 
stack 104:    645 18 296 560 760 530 260 
stack 105:    815 767 250 486 619 973 847 
stack 106:    936 537 367 442 30 22 206 
stack 107:    129 586 929 521 616 44 889 
stack 108:    544 843 745 27 851 862 125 
stack 109:    748 928 959 110 803 55 69 
stack 110:    259 622 269 415 535 209 165 
stack 111:    467 485 227 25 282 759 26 
stack 112:    210 700 34 738 729 406 528 
stack 113:    327 460 80 355 382 617 790 
stack 114:    551 347 400 293 732 368 28 
stack 115:    429 580 536 239 998 751 552 
stack 116:    284 758 870 811 643 728 492 
stack 117:    831 904 810 794 565 962 339 
stack 118:    270 126 333 557 820 917 172 
stack 119:    148 444 48 630 587 279 50 
stack 120:    430 319 730 698 624 771 63 
stack 121:    135 56 731 719 776 351 908 
stack 122:    992 99 861 36 434 144 122 
stack 123:    988 564 695 599 761 787 549 
stack 124:    781 559 813 963 579 490 539 
stack 125:    240 805 545 61 901 440 899 
stack 126:    597 416 739 747 45 41 403 
stack 127:    942 305 663 561 60 317 472 
stack 128:    451 170 877 274 713 912 458 
stack 129:    697 281 797 328 408 612 598 
stack 130:    399 292 576 79 689 550 471 
stack 131:    494 687 915 563 658 300 217 
stack 132:    222 763 159 439 979 364 834 
stack 133:    638 191 883 696 366 591 907 
stack 134:    650 441 474 484 941 974 867 
stack 135:    708 353 138 933 556 315 207 
stack 136:    977 921 854 577 87 420 258 
stack 137:    308 986 383 341 677 127 848 
stack 138:    845 235 153 117 262 808 187 
stack 139:    664 238 180 628 757 858 570 
stack 140:    571 201 669 590 54 342 844 
stack 141:    86 479 900 582 297 641 283 
stack 142:    196 997 167 654 175 68 923 
stack 143:    972 163 401 786 773 140 637 
stack 144:    393 422 775 839 949 241 372 
stack 145:    314 583 754 212 266 578 321 
stack 146:    898 958 236 673 976 823 120 
stack 147:    365 712 837 866 214 331 906 
stack 148:    966 777 725 573 480 711 799 
stack 149:    807 107 254 774 772 733 812 
stack 150:    466 827 291 824 499 384 426 
stack 151:    276 65 809 646 608 871 359 
stack 152:    277 354 350 145 734 954 220 
stack 153:    991 918 203 497 978 85 753 
stack 154:    456 842 221 603 693 464 488 
stack 155:    569 765 78 706 419 648 360 
stack 156:    596 407 722 223 581 375 652 
stack 157:    828 102 219 911 185 215 256 
stack 158:    178 704 769 168 674 461 585 
stack 159:    626 349 483 134 413 390 886 
stack 160:    452 798 161 993 937 251 411 
stack 161:    245 653 307 819 174 683 237 
stack 162:    335 631 338 971 101 453 613 
stack 163:    288 370 925 200 825 806 692 
stack 164:    672 727 802 903 436 833 226 
stack 165:    357 668 152 744 301 633 990 
stack 166:    446 198 922 932 213 231 841 
stack 167:    983 495 344 313 609 703 491 
stack 168:    173 800 123 177 957 376 278 
stack 169:    94 770 100 894 801 493 91 
stack 170:    171 694 938 290 702 836 994 
stack 171:    780 718 181 136 746 380 489 

#####################################################

solved with: SP.post_optimization_methods.HillClimbing
time limit: 3600.0 s
time to solve: 679,86 s
objective value: 1228871.54

stacks (top to bottom):
stack 0:    0 
stack 1:    501 
stack 2:    
stack 3:    
stack 4:    504 
stack 5:    5 
stack 6:    
stack 7:    
stack 8:    9 8 
stack 9:    
stack 10:    510 
stack 11:    
stack 12:    12 
stack 13:    
stack 14:    14 
stack 15:    516 515 
stack 16:    
stack 17:    533 465 944 522 103 517 528 
stack 18:    856 495 699 852 519 941 147 
stack 19:    520 559 20 774 158 529 32 
stack 20:    74 545 344 930 543 608 187 
stack 21:    354 114 565 530 251 658 920 
stack 22:    691 756 178 449 369 417 122 
stack 23:    24 399 189 268 874 990 499 
stack 24:    843 259 29 430 863 652 548 
stack 25:    527 869 550 82 526 113 26 
stack 26:    928 288 424 959 45 403 28 
stack 27:    659 601 127 485 413 882 345 
stack 28:    276 919 381 195 560 433 953 
stack 29:    571 286 937 115 796 573 61 
stack 30:    51 123 537 690 138 949 209 
stack 31:    942 779 887 897 660 538 297 
stack 32:    769 798 480 915 247 600 50 
stack 33:    39 895 393 546 71 612 275 
stack 34:    810 602 428 541 437 491 217 
stack 35:    386 883 294 884 872 423 278 
stack 36:    135 145 574 954 126 557 962 
stack 37:    205 592 991 747 41 676 421 
stack 38:    314 155 629 997 809 902 633 
stack 39:    159 827 662 587 909 787 239 
stack 40:    737 983 76 929 821 889 498 
stack 41:    717 752 784 412 91 577 317 
stack 42:    636 653 257 78 181 855 908 
stack 43:    86 794 632 404 736 204 637 
stack 44:    350 48 651 124 797 683 876 
stack 45:    594 59 815 110 486 973 847 
stack 46:    94 946 153 735 154 901 441 
stack 47:    246 112 280 581 635 981 859 
stack 48:    212 716 312 419 390 208 757 
stack 49:    795 865 555 307 837 890 862 
stack 50:    840 88 234 255 289 75 743 
stack 51:    431 439 765 595 231 282 258 
stack 52:    805 244 313 820 411 703 848 
stack 53:    222 418 168 81 266 775 463 
stack 54:    106 338 367 971 877 453 857 
stack 55:    318 597 302 719 301 982 751 
stack 56:    456 240 333 611 117 287 169 
stack 57:    845 914 945 101 713 111 95 
stack 58:    190 475 870 62 733 489 67 
stack 59:    89 999 891 343 619 749 60 
stack 60:    910 448 146 926 300 572 788 
stack 61:    225 932 180 215 271 832 125 
stack 62:    305 121 631 761 839 814 628 
stack 63:    580 764 861 79 864 348 326 
stack 64:    668 627 438 933 639 833 705 
stack 65:    655 450 238 105 588 476 878 
stack 66:    966 263 998 474 808 654 279 
stack 67:    230 762 695 332 939 223 375 
stack 68:    777 640 725 237 77 490 309 
stack 69:    335 130 351 617 492 206 789 
stack 70:    681 956 722 328 854 943 621 
stack 71:    748 329 647 218 893 207 241 
stack 72:    649 755 243 674 267 484 950 
stack 73:    842 73 460 362 715 613 445 
stack 74:    818 468 607 969 918 331 575 
stack 75:    477 337 98 137 380 823 824 
stack 76:    96 389 425 446 849 913 729 
stack 77:    583 173 182 726 272 965 624 
stack 78:    398 586 979 219 634 698 641 
stack 79:    216 109 606 888 97 165 295 
stack 80:    739 131 778 273 661 385 352 
stack 81:    306 741 177 310 136 976 746 
stack 82:    363 183 150 816 860 771 120 
stack 83:    936 672 622 623 166 119 978 
stack 84:    347 989 707 104 227 368 886 
stack 85:    198 107 118 407 167 134 384 
stack 86:    500 
stack 87:    1 
stack 88:    2 
stack 89:    503 3 502 
stack 90:    4 
stack 91:    505 
stack 92:    506 
stack 93:    6 7 507 
stack 94:    508 
stack 95:    509 
stack 96:    10 511 
stack 97:    11 
stack 98:    512 
stack 99:    513 13 
stack 100:    514 
stack 101:    15 
stack 102:    16 
stack 103:    767 518 531 17 524 532 199 
stack 104:    898 657 18 38 188 760 260 
stack 105:    523 23 21 996 582 19 46 
stack 106:    232 521 900 525 25 256 22 
stack 107:    603 972 401 252 534 162 36 
stack 108:    40 494 714 361 917 841 923 
stack 109:    416 656 285 221 43 374 792 
stack 110:    349 770 467 772 432 31 35 
stack 111:    958 128 291 680 643 55 49 
stack 112:    564 322 27 566 406 140 838 
stack 113:    802 993 236 542 371 487 471 
stack 114:    554 93 298 931 185 426 372 
stack 115:    429 785 866 34 556 42 33 
stack 116:    299 340 576 100 912 30 458 
stack 117:    466 37 65 553 911 970 214 
stack 118:    53 687 235 197 836 359 552 
stack 119:    191 561 319 718 563 614 226 
stack 120:    148 625 813 47 648 539 535 
stack 121:    470 697 536 99 163 265 968 
stack 122:    57 443 54 615 781 723 87 
stack 123:    452 645 590 44 342 440 175 
stack 124:    544 940 885 667 678 579 985 
stack 125:    152 186 149 709 927 253 881 
stack 126:    379 880 791 830 144 481 540 
stack 127:    160 673 696 591 549 567 496 
stack 128:    669 731 547 133 776 52 405 
stack 129:    593 478 184 281 355 66 759 
stack 130:    829 618 70 321 803 108 671 
stack 131:    551 444 562 436 724 388 442 
stack 132:    357 850 977 907 336 975 68 
stack 133:    395 558 400 938 293 702 609 
stack 134:    341 677 72 742 63 92 69 
stack 135:    905 569 599 174 382 324 750 
stack 136:    323 370 228 378 356 728 454 
stack 137:    161 578 589 213 974 834 172 
stack 138:    780 925 315 957 427 84 692 
stack 139:    277 192 90 734 304 220 473 
stack 140:    693 488 464 434 249 605 58 
stack 141:    670 156 224 179 721 233 964 
stack 142:    56 292 170 248 116 194 768 
stack 143:    638 853 967 274 740 373 584 
stack 144:    64 397 935 132 879 447 825 
stack 145:    986 254 203 822 995 80 951 
stack 146:    988 164 947 366 364 665 711 
stack 147:    708 922 894 410 955 408 610 
stack 148:    330 141 270 296 642 176 616 
stack 149:    620 904 727 451 738 766 585 
stack 150:    462 903 868 142 811 790 644 
stack 151:    284 102 202 753 151 211 773 
stack 152:    303 921 646 960 961 334 804 
stack 153:    807 196 346 758 497 846 472 
stack 154:    626 568 493 391 200 604 570 
stack 155:    650 316 826 483 394 283 311 
stack 156:    596 916 754 409 689 435 420 
stack 157:    675 383 782 376 786 924 157 
stack 158:    139 664 479 710 963 377 482 
stack 159:    835 934 694 262 320 873 799 
stack 160:    308 242 353 819 875 392 682 
stack 161:    171 129 290 899 994 339 871 
stack 162:    712 663 387 980 684 906 867 
stack 163:    245 688 732 892 706 701 858 
stack 164:    745 457 201 269 83 85 396 
stack 165:    896 327 679 455 783 720 598 
stack 166:    800 415 193 250 851 984 806 
stack 167:    469 666 952 261 461 987 686 
stack 168:    365 704 264 992 730 801 812 
stack 169:    828 459 210 744 229 414 358 
stack 170:    831 763 685 630 422 817 402 
stack 171:    325 700 948 360 844 793 143 
