lower bound for relaxed s_ij: 1228856.98

#####################################################

solved with: SP.mip_formulations.BinPackingFormulation
time limit: 3600.0 s
time to solve: 3693,04 s (time limit exceeded)
objective value: 1242783.17 (not optimal)

stacks (top to bottom):
stack 0:    504 0 
stack 1:    25 501 
stack 2:    502 38 11 503 507 2 
stack 3:    18 969 506 101 
stack 4:    519 35 20 33 500 19 515 
stack 5:    4 518 13 514 991 15 3 
stack 6:    551 495 182 65 511 990 505 
stack 7:    523 510 418 8 
stack 8:    534 596 566 527 541 532 430 
stack 9:    382 219 29 10 383 408 9 
stack 10:    393 339 298 371 859 433 546 
stack 11:    309 12 572 487 525 529 513 
stack 12:    259 524 30 675 522 257 32 
stack 13:    14 992 846 708 145 159 143 
stack 14:    449 365 28 446 856 387 516 
stack 15:    463 528 701 26 841 517 584 
stack 16:    294 651 404 452 426 280 356 
stack 17:    805 681 775 741 526 240 346 
stack 18:    703 281 603 454 706 16 469 
stack 19:    423 876 633 17 972 324 431 
stack 20:    924 736 199 798 680 595 374 
stack 21:    721 273 714 538 479 297 72 
stack 22:    289 533 778 354 326 345 545 
stack 23:    976 267 189 165 34 915 761 
stack 24:    695 293 203 573 726 579 223 
stack 25:    24 764 897 384 662 848 831 
stack 26:    678 913 934 262 756 287 37 
stack 27:    178 742 998 193 104 136 77 
stack 28:    224 655 78 64 88 652 537 
stack 29:    661 604 311 635 656 447 46 
stack 30:    879 899 363 215 82 549 340 
stack 31:    31 624 350 450 748 140 22 
stack 32:    120 890 877 497 606 108 81 
stack 33:    757 388 89 803 41 557 45 
stack 34:    669 158 428 819 666 626 822 
stack 35:    728 536 389 279 184 61 766 
stack 36:    442 918 843 894 739 347 130 
stack 37:    40 576 406 83 27 650 380 
stack 38:    139 804 226 765 153 759 978 
stack 39:    688 598 87 589 197 774 574 
stack 40:    964 325 920 565 672 995 863 
stack 41:    492 483 91 265 411 151 154 
stack 42:    540 785 288 304 854 783 127 
stack 43:    806 485 417 587 971 961 887 
stack 44:    443 883 98 167 810 543 221 
stack 45:    619 351 377 719 115 832 302 
stack 46:    735 893 828 385 201 111 850 
stack 47:    762 718 550 787 320 903 71 
stack 48:    42 328 904 898 881 712 548 
stack 49:    390 844 63 567 90 334 597 
stack 50:    481 981 866 405 582 570 923 
stack 51:    821 434 836 453 860 646 438 
stack 52:    970 491 291 727 403 123 419 
stack 53:    135 729 686 331 996 840 554 
stack 54:    834 173 837 470 125 75 668 
stack 55:    416 252 114 248 733 476 198 
stack 56:    233 600 955 930 682 659 318 
stack 57:    985 308 106 641 880 637 429 
stack 58:    99 275 149 247 58 583 355 
stack 59:    944 474 225 348 983 414 360 
stack 60:    731 284 250 622 670 988 220 
stack 61:    968 300 781 691 133 441 138 
stack 62:    801 687 448 909 607 183 954 
stack 63:    310 391 122 535 168 885 772 
stack 64:    723 864 86 884 900 867 335 
stack 65:    849 234 618 475 255 811 796 
stack 66:    667 459 709 599 400 185 188 
stack 67:    945 802 956 829 763 462 724 
stack 68:    794 484 263 800 812 851 590 
stack 69:    921 919 358 644 396 6 490 
stack 70:    958 906 498 373 246 817 784 
stack 71:    625 196 758 561 786 957 645 
stack 72:    631 119 760 269 162 732 842 
stack 73:    69 948 84 895 912 953 617 
stack 74:    611 398 457 150 946 306 896 
stack 75:    258 694 629 174 685 180 344 
stack 76:    605 137 745 496 95 674 950 
stack 77:    132 116 352 329 782 640 910 
stack 78:    370 780 366 833 361 437 187 
stack 79:    769 593 85 471 169 171 901 
stack 80:    134 984 979 975 815 190 892 
stack 81:    202 707 699 610 932 336 468 
stack 82:    439 222 70 977 905 353 321 
stack 83:    186 874 113 938 684 264 654 
stack 84:    323 825 142 839 755 357 873 
stack 85:    616 480 752 704 530 749 585 
stack 86:    
stack 87:    1 
stack 88:    
stack 89:    
stack 90:    
stack 91:    
stack 92:    
stack 93:    7 117 
stack 94:    
stack 95:    509 508 875 
stack 96:    
stack 97:    
stack 98:    512 
stack 99:    
stack 100:    
stack 101:    
stack 102:    878 776 316 
stack 103:    
stack 104:    553 36 359 242 
stack 105:    68 177 
stack 106:    520 48 779 521 
stack 107:    926 424 23 282 128 
stack 108:    982 413 888 472 
stack 109:    62 
stack 110:    987 176 869 577 296 129 
stack 111:    544 21 717 
stack 112:    820 882 751 693 
stack 113:    436 792 
stack 114:    814 793 157 5 50 210 
stack 115:    824 922 725 330 
stack 116:    531 237 942 928 711 53 
stack 117:    147 563 461 415 
stack 118:    486 933 
stack 119:    614 768 636 200 
stack 120:    315 301 871 451 
stack 121:    692 66 376 648 410 229 
stack 122:    638 499 862 243 
stack 123:    216 539 440 283 555 
stack 124:    823 740 395 375 47 
stack 125:    244 231 835 60 720 160 
stack 126:    39 141 818 943 613 103 
stack 127:    949 868 172 488 559 808 
stack 128:    435 292 227 251 245 937 592 
stack 129:    44 647 349 342 777 
stack 130:    362 465 698 683 386 206 959 
stack 131:    208 161 43 967 
stack 132:    52 929 621 494 80 93 657 
stack 133:    960 295 412 974 838 552 
stack 134:    939 594 696 677 581 56 166 
stack 135:    409 861 236 144 827 260 789 
stack 136:    914 716 931 277 314 230 795 
stack 137:    427 870 634 466 586 847 973 
stack 138:    402 51 399 467 999 332 271 
stack 139:    181 456 891 179 889 612 148 
stack 140:    855 902 830 368 105 276 643 
stack 141:    367 980 369 305 986 908 940 
stack 142:    994 378 253 715 689 813 993 
stack 143:    460 925 858 628 857 397 59 
stack 144:    489 420 734 372 852 547 558 
stack 145:    791 327 697 343 710 170 97 
stack 146:    767 232 213 57 542 601 962 
stack 147:    270 907 738 214 191 807 207 
stack 148:    312 256 927 658 826 679 333 
stack 149:    722 76 249 788 963 609 746 
stack 150:    445 381 477 790 146 632 290 
stack 151:    947 853 228 107 673 110 569 
stack 152:    268 458 49 109 478 299 770 
stack 153:    664 313 278 152 407 74 482 
stack 154:    568 286 564 951 753 743 690 
stack 155:    421 911 997 989 55 952 73 
stack 156:    676 578 94 660 562 204 364 
stack 157:    274 627 238 671 209 217 571 
stack 158:    241 730 211 750 254 121 591 
stack 159:    809 212 92 96 401 917 218 
stack 160:    235 100 422 713 620 575 935 
stack 161:    338 797 432 126 865 473 322 
stack 162:    155 700 608 285 192 872 205 
stack 163:    580 337 455 642 379 164 602 
stack 164:    266 649 556 194 195 303 916 
stack 165:    773 663 493 79 615 665 102 
stack 166:    175 444 425 239 816 771 705 
stack 167:    317 623 799 54 639 464 394 
stack 168:    560 886 392 307 630 936 737 
stack 169:    319 744 272 341 754 653 156 
stack 170:    941 747 966 965 163 112 845 
stack 171:    261 131 118 124 588 702 67 

#####################################################

solved with: SP.constructive_heuristics.GeneralHeuristic
time limit: 3600.0 s
time to solve: 0,00 s
objective value: 1328694.84

stacks (top to bottom):
stack 0:    849 697 310 454 91 97 333 
stack 1:    921 707 777 867 863 951 429 
stack 2:    638 329 293 82 307 615 705 
stack 3:    667 834 300 241 448 996 93 
stack 4:    309 27 49 11 144 57 345 
stack 5:    757 289 175 589 700 840 978 
stack 6:    611 458 508 455 203 842 513 
stack 7:    173 267 847 965 532 602 558 
stack 8:    994 234 14 563 891 328 577 
stack 9:    44 250 292 359 387 645 601 
stack 10:    629 689 648 733 838 848 299 
stack 11:    540 553 973 127 810 746 789 
stack 12:    100 506 517 599 397 754 940 
stack 13:    744 86 714 162 680 541 753 
stack 14:    92 113 573 347 476 228 386 
stack 15:    631 723 968 254 609 239 205 
stack 16:    178 764 927 524 741 628 488 
stack 17:    768 382 80 841 575 889 880 
stack 18:    939 270 510 422 811 482 917 
stack 19:    703 634 396 90 47 283 749 
stack 20:    114 199 204 696 947 895 188 
stack 21:    423 987 313 778 786 654 138 
stack 22:    390 132 224 142 988 772 571 
stack 23:    99 449 98 710 32 872 318 
stack 24:    801 18 432 719 159 574 971 
stack 25:    421 24 807 755 61 441 355 
stack 26:    238 785 195 75 108 626 674 
stack 27:    492 19 756 436 659 590 584 
stack 28:    678 235 456 187 708 177 302 
stack 29:    864 655 745 231 227 326 170 
stack 30:    39 858 762 931 191 666 822 
stack 31:    351 624 461 450 79 383 679 
stack 32:    794 189 998 184 230 374 322 
stack 33:    531 317 416 459 670 486 543 
stack 34:    619 658 836 361 225 424 859 
stack 35:    625 580 861 644 247 276 380 
stack 36:    814 391 501 727 403 428 515 
stack 37:    343 435 60 920 349 954 419 
stack 38:    984 731 899 366 126 974 56 
stack 39:    442 773 222 709 991 473 418 
stack 40:    791 87 392 417 958 411 537 
stack 41:    769 484 610 36 932 245 972 
stack 42:    268 420 298 128 102 344 296 
stack 43:    982 874 503 562 470 77 962 
stack 44:    427 244 884 726 53 185 930 
stack 45:    855 614 564 70 683 612 724 
stack 46:    4 147 259 373 587 444 935 
stack 47:    598 742 692 686 642 89 999 
stack 48:    28 105 497 535 364 50 123 
stack 49:    131 902 96 157 209 54 896 
stack 50:    63 844 413 64 78 12 547 
stack 51:    781 434 825 109 192 990 570 
stack 52:    721 352 730 341 803 207 115 
stack 53:    474 249 514 989 926 451 180 
stack 54:    985 806 475 117 641 904 569 
stack 55:    215 518 829 607 240 682 959 
stack 56:    728 970 404 536 566 342 320 
stack 57:    560 893 272 431 468 271 916 
stack 58:    664 925 365 232 304 799 37 
stack 59:    311 718 909 986 512 620 525 
stack 60:    833 928 340 357 16 748 766 
stack 61:    460 740 597 643 160 303 360 
stack 62:    815 121 265 549 765 901 632 
stack 63:    124 804 522 908 447 903 910 
stack 64:    879 76 197 101 400 353 45 
stack 65:    578 372 527 711 264 732 950 
stack 66:    398 182 699 122 783 336 617 
stack 67:    870 586 706 248 220 376 67 
stack 68:    918 257 243 425 154 107 110 
stack 69:    687 949 649 760 720 479 850 
stack 70:    226 774 133 176 813 478 9 
stack 71:    312 980 616 242 582 324 467 
stack 72:    466 35 65 20 800 348 592 
stack 73:    367 767 186 358 6 545 552 
stack 74:    273 278 15 737 869 665 59 
stack 75:    886 253 969 630 685 314 297 
stack 76:    603 212 556 193 812 223 335 
stack 77:    294 651 66 84 955 717 140 
stack 78:    483 493 393 437 887 438 166 
stack 79:    274 118 119 544 500 414 529 
stack 80:    301 402 286 465 179 796 898 
stack 81:    868 561 596 652 153 771 521 
stack 82:    897 862 285 701 201 860 832 
stack 83:    388 943 952 956 662 321 946 
stack 84:    202 446 168 334 330 210 221 
stack 85:    196 275 262 85 579 942 995 
stack 86:    1 618 219 316 255 106 129 
stack 87:    661 992 453 779 74 143 953 
stack 88:    319 722 780 647 305 876 62 
stack 89:    576 750 608 88 966 591 171 
stack 90:    327 258 919 915 885 95 819 
stack 91:    509 181 350 371 871 905 673 
stack 92:    252 716 797 604 161 635 792 
stack 93:    378 94 594 190 395 588 761 
stack 94:    944 821 938 835 280 399 229 
stack 95:    369 384 691 51 538 410 585 
stack 96:    42 802 152 725 43 675 892 
stack 97:    281 623 405 440 752 130 702 
stack 98:    266 981 694 34 565 572 865 
stack 99:    520 40 368 213 158 854 291 
stack 100:    695 633 763 967 961 816 743 
stack 101:    941 663 485 214 277 839 8 
stack 102:    445 308 776 150 0 657 290 
stack 103:    480 913 463 13 58 472 831 
stack 104:    593 263 736 33 169 356 81 
stack 105:    823 567 684 279 156 690 430 
stack 106:    116 551 519 877 539 888 490 
stack 107:    550 775 23 246 656 282 983 
stack 108:    828 738 174 48 385 477 526 
stack 109:    216 511 894 600 581 826 852 
stack 110:    818 907 494 906 408 881 218 
stack 111:    337 883 734 167 379 668 770 
stack 112:    31 323 499 362 68 72 146 
stack 113:    457 636 504 103 993 875 22 
stack 114:    627 964 38 194 269 782 287 
stack 115:    669 25 288 236 671 937 639 
stack 116:    135 370 975 165 325 251 260 
stack 117:    137 489 256 997 172 557 516 
stack 118:    52 534 533 528 788 407 200 
stack 119:    211 26 183 10 613 71 759 
stack 120:    735 948 900 856 957 555 394 
stack 121:    284 922 787 933 73 817 546 
stack 122:    7 890 409 979 426 542 845 
stack 123:    729 17 208 498 389 548 808 
stack 124:    295 758 104 354 151 640 784 
stack 125:    134 155 976 331 934 827 164 
stack 126:    502 960 605 914 650 332 923 
stack 127:    805 622 798 471 851 595 653 
stack 128:    676 793 401 496 704 125 198 
stack 129:    843 55 698 148 433 306 346 
stack 130:    315 381 377 713 646 912 469 
stack 131:    568 681 820 233 621 929 606 
stack 132:    338 141 363 824 46 846 505 
stack 133:    830 237 406 660 163 873 693 
stack 134:    83 677 853 739 795 206 554 
stack 135:    481 688 139 715 111 790 583 
stack 136:    443 69 30 41 3 507 712 
stack 137:    523 878 415 977 936 559 637 
stack 138:    261 911 945 439 29 145 2 
stack 139:    149 866 5 375 530 136 217 
stack 140:    120 837 963 339 751 
stack 141:    882 672 464 
stack 142:    495 809 412 747 491 452 21 
stack 143:    462 857 
stack 144:    924 487 
stack 145:    112 
stack 146:    
stack 147:    
stack 148:    
stack 149:    
stack 150:    
stack 151:    
stack 152:    
stack 153:    
stack 154:    
stack 155:    
stack 156:    
stack 157:    
stack 158:    
stack 159:    
stack 160:    
stack 161:    
stack 162:    
stack 163:    
stack 164:    
stack 165:    
stack 166:    
stack 167:    
stack 168:    
stack 169:    
stack 170:    
stack 171:    
