solved with: SP.deprecated.TabuSearch
time limit: 3600.0 s
time to solve: 1059,45 s
objective value: 1228869.1

stacks (top to bottom):
stack 0:    
stack 1:    
stack 2:    
stack 3:    503 
stack 4:    4 
stack 5:    505 
stack 6:    506 
stack 7:    507 
stack 8:    508 
stack 9:    
stack 10:    
stack 11:    511 
stack 12:    
stack 13:    13 
stack 14:    
stack 15:    514 15 
stack 16:    516 
stack 17:    413 215 663 760 24 18 
stack 18:    34 642 520 23 22 553 19 
stack 19:    78 593 191 91 414 821 21 
stack 20:    666 527 523 877 521 525 25 
stack 21:    333 534 88 231 937 674 543 
stack 22:    982 458 486 49 222 29 529 
stack 23:    536 28 212 417 194 731 545 
stack 24:    396 30 667 232 929 220 531 
stack 25:    63 754 827 276 990 644 952 
stack 26:    919 449 59 973 406 872 37 
stack 27:    365 751 31 476 39 107 532 
stack 28:    54 450 780 211 42 599 894 
stack 29:    48 991 691 43 890 305 999 
stack 30:    978 51 733 119 315 135 946 
stack 31:    239 876 549 554 805 538 582 
stack 32:    602 53 427 787 676 850 966 
stack 33:    697 610 85 552 788 65 688 
stack 34:    566 348 270 608 675 768 57 
stack 35:    708 804 893 930 81 93 854 
stack 36:    174 542 779 846 44 159 288 
stack 37:    741 640 437 175 819 707 308 
stack 38:    432 911 834 831 60 38 498 
stack 39:    451 758 188 962 684 369 286 
stack 40:    970 405 560 299 571 769 277 
stack 41:    400 216 294 659 954 826 959 
stack 42:    685 933 258 428 717 461 614 
stack 43:    162 711 847 660 102 579 64 
stack 44:    124 544 56 981 974 824 491 
stack 45:    164 866 391 828 101 604 643 
stack 46:    832 995 268 931 562 79 358 
stack 47:    892 76 679 840 862 753 373 
stack 48:    447 251 178 123 218 455 74 
stack 49:    956 445 446 988 97 433 910 
stack 50:    316 326 479 975 573 838 881 
stack 51:    857 755 629 410 635 477 117 
stack 52:    160 719 938 650 852 568 264 
stack 53:    185 971 425 686 69 371 497 
stack 54:    859 767 115 672 639 353 147 
stack 55:    939 297 423 784 678 713 586 
stack 56:    949 652 295 292 895 875 778 
stack 57:    837 879 794 883 752 845 153 
stack 58:    161 394 945 670 825 743 223 
stack 59:    341 934 791 439 797 747 274 
stack 60:    205 969 122 355 891 704 469 
stack 61:    625 195 261 252 172 275 248 
stack 62:    620 201 228 189 128 600 950 
stack 63:    923 979 723 585 989 648 858 
stack 64:    404 912 106 658 735 301 944 
stack 65:    411 584 467 206 874 843 254 
stack 66:    435 393 155 146 901 291 835 
stack 67:    763 363 801 782 716 592 927 
stack 68:    596 493 339 662 95 290 418 
stack 69:    761 257 774 273 471 772 298 
stack 70:    156 830 457 712 997 980 818 
stack 71:    130 192 848 727 434 926 196 
stack 72:    374 702 664 350 613 993 909 
stack 73:    398 656 861 618 112 771 171 
stack 74:    383 182 199 143 110 696 899 
stack 75:    329 605 813 773 87 481 207 
stack 76:    645 583 313 709 806 624 671 
stack 77:    138 360 250 985 972 77 871 
stack 78:    884 392 354 165 770 695 154 
stack 79:    725 488 470 284 227 99 736 
stack 80:    436 647 853 887 820 986 689 
stack 81:    86 868 775 262 399 384 908 
stack 82:    388 776 403 136 319 957 478 
stack 83:    615 740 598 863 134 748 325 
stack 84:    795 484 968 489 256 141 905 
stack 85:    815 817 296 109 105 343 714 
stack 86:    500 0 
stack 87:    501 1 
stack 88:    2 502 
stack 89:    3 
stack 90:    504 
stack 91:    5 
stack 92:    6 
stack 93:    
stack 94:    7 8 
stack 95:    509 9 
stack 96:    510 
stack 97:    11 10 
stack 98:    512 
stack 99:    513 12 
stack 100:    14 
stack 101:    515 
stack 102:    16 517 
stack 103:    260 641 20 522 17 829 70 
stack 104:    519 701 518 281 389 808 61 
stack 105:    32 783 225 190 422 577 537 
stack 106:    524 580 867 116 800 45 381 
stack 107:    551 958 634 386 528 526 951 
stack 108:    539 572 533 822 27 896 50 
stack 109:    242 424 960 873 438 26 407 
stack 110:    62 440 304 202 814 936 52 
stack 111:    466 559 683 278 737 468 173 
stack 112:    237 530 720 705 303 83 473 
stack 113:    682 576 279 66 869 35 219 
stack 114:    540 283 565 108 125 346 924 
stack 115:    856 187 132 548 992 535 368 
stack 116:    889 460 208 606 47 430 906 
stack 117:    320 40 699 229 677 738 41 
stack 118:    118 547 864 575 842 259 214 
stack 119:    385 416 271 33 285 637 611 
stack 120:    878 378 870 357 574 46 557 
stack 121:    36 121 324 55 335 145 426 
stack 122:    289 246 332 920 786 495 300 
stack 123:    816 72 680 221 431 918 631 
stack 124:    935 230 703 474 943 492 833 
stack 125:    550 941 443 616 807 379 266 
stack 126:    803 415 244 734 263 409 541 
stack 127:    151 176 338 352 904 756 546 
stack 128:    728 700 987 100 307 429 318 
stack 129:    759 570 626 224 253 306 955 
stack 130:    442 420 651 693 401 730 209 
stack 131:    757 940 617 184 967 692 142 
stack 132:    964 718 408 170 150 898 472 
stack 133:    464 463 785 197 94 240 359 
stack 134:    68 311 841 836 310 80 345 
stack 135:    330 657 265 490 721 321 607 
stack 136:    917 111 158 213 563 98 255 
stack 137:    601 790 181 915 555 322 200 
stack 138:    984 367 71 729 796 344 739 
stack 139:    669 590 928 766 168 323 673 
stack 140:    561 925 233 487 812 163 556 
stack 141:    668 247 364 976 245 865 558 
stack 142:    90 965 623 597 811 630 793 
stack 143:    799 133 152 595 75 67 638 
stack 144:    802 588 58 922 82 628 126 
stack 145:    494 183 456 706 287 144 961 
stack 146:    654 179 726 390 140 661 131 
stack 147:    750 317 96 655 454 482 632 
stack 148:    395 340 749 177 453 334 948 
stack 149:    362 798 844 267 851 653 377 
stack 150:    698 855 282 567 564 336 269 
stack 151:    569 148 73 983 342 690 380 
stack 152:    953 839 789 646 459 356 882 
stack 153:    302 337 578 744 621 480 483 
stack 154:    809 198 157 309 994 293 236 
stack 155:    217 589 448 419 421 710 331 
stack 156:    694 762 376 902 113 272 89 
stack 157:    203 234 777 139 366 361 186 
stack 158:    792 280 204 921 888 687 849 
stack 159:    745 916 412 226 681 860 402 
stack 160:    942 781 622 609 462 627 885 
stack 161:    167 913 886 312 914 249 587 
stack 162:    724 127 327 732 180 591 880 
stack 163:    129 619 243 114 193 210 103 
stack 164:    475 903 452 499 238 375 636 
stack 165:    104 947 998 235 314 977 347 
stack 166:    581 387 594 241 444 900 746 
stack 167:    764 603 120 328 496 372 932 
stack 168:    715 149 351 996 465 665 612 
stack 169:    649 810 765 397 441 742 84 
stack 170:    166 722 349 823 169 382 485 
stack 171:    633 370 963 897 907 92 137 

#####################################################

solved with: SP.post_optimization_methods.HillClimbing
time limit: 3600.0 s
time to solve: 718,38 s
objective value: 1228869.11

stacks (top to bottom):
stack 0:    
stack 1:    
stack 2:    
stack 3:    503 
stack 4:    4 
stack 5:    505 
stack 6:    506 
stack 7:    507 
stack 8:    508 
stack 9:    
stack 10:    
stack 11:    511 
stack 12:    
stack 13:    13 
stack 14:    
stack 15:    514 15 
stack 16:    516 
stack 17:    32 817 517 554 27 39 
stack 18:    63 520 834 287 22 445 55 
stack 19:    524 91 339 417 366 19 50 
stack 20:    237 23 548 102 523 716 21 
stack 21:    54 684 522 259 42 131 154 
stack 22:    374 615 276 124 479 134 528 
stack 23:    719 883 549 26 171 272 959 
stack 24:    912 928 193 24 564 468 525 
stack 25:    530 644 101 828 150 875 92 
stack 26:    48 969 698 59 480 97 526 
stack 27:    536 807 801 389 446 579 117 
stack 28:    691 463 649 720 297 990 303 
stack 29:    750 493 717 472 318 481 207 
stack 30:    51 836 675 635 997 818 950 
stack 31:    640 540 62 706 285 535 83 
stack 32:    451 855 647 165 430 538 881 
stack 33:    484 979 552 457 842 639 671 
stack 34:    724 174 450 71 444 695 219 
stack 35:    68 104 755 172 376 357 286 
stack 36:    547 891 683 737 788 81 637 
stack 37:    982 460 560 872 37 45 358 
stack 38:    566 728 311 202 423 544 824 
stack 39:    408 157 805 976 999 909 277 
stack 40:    458 486 49 689 860 74 41 
stack 41:    403 693 256 800 838 359 64 
stack 42:    122 487 115 47 779 770 558 
stack 43:    419 448 783 265 422 169 577 
stack 44:    149 893 916 926 380 862 742 
stack 45:    815 911 77 361 275 768 980 
stack 46:    106 208 618 819 730 222 612 
stack 47:    437 195 792 309 922 553 73 
stack 48:    362 129 151 682 609 988 240 
stack 49:    405 179 387 929 707 624 52 
stack 50:    580 629 262 438 95 632 381 
stack 51:    741 715 620 597 563 769 611 
stack 52:    411 435 155 280 901 368 103 
stack 53:    90 268 562 213 799 344 209 
stack 54:    935 840 477 226 574 159 492 
stack 55:    942 584 251 575 585 806 186 
stack 56:    198 160 596 588 58 273 673 
stack 57:    939 827 452 578 748 573 713 
stack 58:    781 488 920 459 148 874 65 
stack 59:    242 856 428 873 113 731 607 
stack 60:    475 895 210 955 346 214 75 
stack 61:    447 774 790 751 645 594 756 
stack 62:    761 963 66 412 735 200 93 
stack 63:    400 289 723 986 600 249 743 
stack 64:    230 329 360 295 773 648 107 
stack 65:    697 657 608 885 747 325 614 
stack 66:    694 619 319 225 653 744 482 
stack 67:    763 330 703 69 315 849 638 
stack 68:    443 626 489 351 766 284 334 
stack 69:    913 705 598 921 421 678 910 
stack 70:    203 404 332 181 973 665 469 
stack 71:    239 118 876 243 470 354 269 
stack 72:    971 616 94 409 981 778 491 
stack 73:    432 442 123 356 82 84 882 
stack 74:    776 355 88 143 278 353 904 
stack 75:    385 228 112 820 591 586 927 
stack 76:    420 651 864 659 322 140 254 
stack 77:    466 333 136 998 752 382 221 
stack 78:    316 192 456 343 714 604 144 
stack 79:    398 188 861 780 726 110 746 
stack 80:    363 234 235 994 377 975 407 
stack 81:    803 590 967 902 474 323 180 
stack 82:    991 130 978 391 119 871 826 
stack 83:    370 327 796 177 453 846 147 
stack 84:    949 837 722 263 375 236 951 
stack 85:    923 178 392 232 641 98 894 
stack 86:    500 0 
stack 87:    501 1 
stack 88:    2 502 
stack 89:    3 
stack 90:    504 
stack 91:    5 
stack 92:    7 6 
stack 93:    
stack 94:    8 
stack 95:    509 9 
stack 96:    510 
stack 97:    11 10 
stack 98:    512 
stack 99:    513 12 
stack 100:    14 
stack 101:    515 
stack 102:    16 18 
stack 103:    156 534 760 17 521 696 529 
stack 104:    518 28 282 293 690 972 688 
stack 105:    519 86 490 863 337 613 498 
stack 106:    708 679 20 663 399 877 546 
stack 107:    700 987 100 702 852 541 331 
stack 108:    365 34 310 379 255 455 25 
stack 109:    958 767 31 218 533 753 797 
stack 110:    857 348 471 335 825 33 721 
stack 111:    758 338 252 231 29 163 196 
stack 112:    527 623 40 79 556 843 46 
stack 113:    995 85 821 606 291 835 681 
stack 114:    652 206 30 945 930 248 532 
stack 115:    167 561 324 60 105 897 384 
stack 116:    440 765 886 145 989 531 545 
stack 117:    36 809 302 56 454 961 67 
stack 118:    393 175 462 937 347 966 944 
stack 119:    941 794 378 258 43 537 896 
stack 120:    388 832 114 542 133 35 89 
stack 121:    257 572 712 152 595 587 61 
stack 122:    205 802 434 848 565 813 433 
stack 123:    816 187 121 38 680 974 592 
stack 124:    539 725 868 667 352 996 557 
stack 125:    425 244 108 907 194 914 369 
stack 126:    953 215 184 887 869 189 266 
stack 127:    759 328 313 364 44 241 833 
stack 128:    76 569 53 427 212 429 497 
stack 129:    551 279 915 401 414 672 543 
stack 130:    162 416 775 670 406 567 924 
stack 131:    878 197 132 270 870 290 57 
stack 132:    884 550 183 668 804 559 622 
stack 133:    903 589 740 650 238 898 473 
stack 134:    633 666 917 674 555 771 126 
stack 135:    415 296 283 933 292 153 245 
stack 136:    669 984 938 851 371 786 655 
stack 137:    701 467 166 170 267 568 426 
stack 138:    811 658 729 299 227 142 943 
stack 139:    727 146 847 985 125 992 643 
stack 140:    383 72 960 983 692 676 899 
stack 141:    78 810 686 499 621 936 948 
stack 142:    601 570 617 956 777 168 736 
stack 143:    610 940 436 829 128 858 301 
stack 144:    281 789 968 791 762 853 850 
stack 145:    341 646 141 631 814 993 223 
stack 146:    919 605 204 845 483 880 308 
stack 147:    754 808 890 342 373 954 321 
stack 148:    320 260 111 496 253 274 932 
stack 149:    934 340 576 116 386 314 80 
stack 150:    964 879 795 306 571 599 402 
stack 151:    449 583 199 465 70 865 908 
stack 152:    217 307 190 784 952 431 135 
stack 153:    839 250 866 841 478 888 905 
stack 154:    494 158 294 812 787 441 300 
stack 155:    581 164 96 410 946 87 137 
stack 156:    889 413 709 336 628 704 661 
stack 157:    656 224 261 830 772 662 582 
stack 158:    464 844 304 305 977 627 687 
stack 159:    764 216 603 233 925 822 220 
stack 160:    395 718 317 349 918 957 710 
stack 161:    127 965 931 732 390 229 99 
stack 162:    642 785 139 733 634 476 397 
stack 163:    892 867 161 176 247 749 298 
stack 164:    947 246 685 191 372 854 485 
stack 165:    138 396 734 109 326 660 461 
stack 166:    367 970 654 699 900 677 793 
stack 167:    593 711 424 782 264 495 636 
stack 168:    602 625 745 182 394 173 739 
stack 169:    201 798 831 439 271 312 738 
stack 170:    757 664 350 823 418 906 345 
stack 171:    185 859 120 962 211 630 288 
