lower bound for relaxed s_ij: 1228846.04

#####################################################

solved with: SP.mip_formulations.BinPackingFormulation
time limit: 3600.0 s
time to solve: 3681,79 s (time limit exceeded)
objective value: 1243455.84 (not optimal)

stacks (top to bottom):
stack 0:    4 9 7 
stack 1:    8 503 2 1 
stack 2:    6 501 3 0 
stack 3:    15 16 14 12 5 502 
stack 4:    507 504 27 23 
stack 5:    17 524 35 18 951 897 706 
stack 6:    506 505 22 349 19 21 11 
stack 7:    185 30 612 33 20 834 532 
stack 8:    342 178 39 280 969 512 188 
stack 9:    511 482 514 509 533 237 518 
stack 10:    26 513 510 408 46 913 516 
stack 11:    298 176 321 230 487 474 152 
stack 12:    539 990 635 589 34 523 688 
stack 13:    520 40 497 937 384 267 466 
stack 14:    598 154 551 527 437 164 615 
stack 15:    386 652 668 521 459 168 537 
stack 16:    763 28 519 749 601 717 825 
stack 17:    413 228 117 483 316 457 372 
stack 18:    730 205 299 803 771 37 475 
stack 19:    895 620 143 870 183 901 646 
stack 20:    628 246 605 493 291 536 401 
stack 21:    526 24 710 653 714 562 251 
stack 22:    422 517 810 795 670 919 859 
stack 23:    821 841 819 549 133 691 740 
stack 24:    544 657 921 239 488 957 297 
stack 25:    852 786 681 122 823 107 103 
stack 26:    944 31 952 939 916 540 43 
stack 27:    980 818 900 417 184 680 172 
stack 28:    893 158 141 362 249 986 644 
stack 29:    667 747 283 92 556 546 455 
stack 30:    780 801 220 788 460 119 400 
stack 31:    270 950 530 387 120 571 576 
stack 32:    404 926 416 911 554 338 312 
stack 33:    647 525 449 374 529 166 51 
stack 34:    414 318 550 29 954 447 300 
stack 35:    303 887 856 707 686 381 
stack 36:    121 860 418 865 389 478 968 
stack 37:    139 908 774 750 285 794 756 
stack 38:    541 998 331 96 743 186 683 
stack 39:    863 864 286 292 65 289 110 
stack 40:    402 191 559 212 955 891 41 
stack 41:    591 682 196 295 797 721 132 
stack 42:    676 231 784 930 469 259 189 
stack 43:    779 592 49 938 279 224 44 
stack 44:    869 703 131 89 931 531 378 
stack 45:    572 553 118 72 151 802 923 
stack 46:    718 274 61 836 334 678 599 
stack 47:    95 910 629 415 373 250 162 
stack 48:    754 241 450 994 600 
stack 49:    202 412 809 698 850 301 59 
stack 50:    898 694 219 626 75 724 632 
stack 51:    661 828 42 974 426 643 543 
stack 52:    697 588 960 149 427 356 55 
stack 53:    385 463 943 633 337 226 956 
stack 54:    471 915 824 187 116 760 941 
stack 55:    871 796 894 566 808 753 135 
stack 56:    243 555 577 905 993 861 641 
stack 57:    379 755 262 79 948 581 169 
stack 58:    377 341 253 309 811 296 302 
stack 59:    294 855 111 491 723 454 204 
stack 60:    472 354 857 489 148 436 746 
stack 61:    305 266 982 947 979 935 73 
stack 62:    340 328 654 325 50 851 813 
stack 63:    552 579 479 733 712 727 165 
stack 64:    925 862 671 742 672 255 181 
stack 65:    728 276 903 448 405 977 264 
stack 66:    258 664 225 284 695 660 257 
stack 67:    971 814 826 961 127 198 873 
stack 68:    235 757 327 768 604 595 411 
stack 69:    928 319 324 222 785 988 570 
stack 70:    685 236 390 213 761 480 638 
stack 71:    351 666 920 357 866 64 484 
stack 72:    446 310 367 933 804 193 439 
stack 73:    406 623 129 98 699 352 200 
stack 74:    326 293 155 136 126 53 817 
stack 75:    777 820 650 936 306 420 953 
stack 76:    917 876 575 113 80 207 759 
stack 77:    590 197 163 247 66 558 287 
stack 78:    918 109 317 397 495 617 904 
stack 79:    658 800 673 739 853 90 665 
stack 80:    254 879 238 123 281 618 613 
stack 81:    429 835 199 606 311 218 194 
stack 82:    996 807 622 170 580 124 799 
stack 83:    932 91 490 619 180 167 582 
stack 84:    108 82 112 886 173 561 880 
stack 85:    486 229 100 885 790 268 233 
stack 86:    500 
stack 87:    
stack 88:    
stack 89:    995 989 
stack 90:    
stack 91:    
stack 92:    975 
stack 93:    
stack 94:    
stack 95:    508 
stack 96:    
stack 97:    
stack 98:    
stack 99:    13 
stack 100:    
stack 101:    515 
stack 102:    425 792 
stack 103:    984 766 772 840 102 
stack 104:    481 
stack 105:    
stack 106:    456 738 889 
stack 107:    805 631 847 542 137 323 
stack 108:    991 442 967 934 371 77 
stack 109:    522 
stack 110:    927 607 335 25 
stack 111:    538 
stack 112:    700 896 675 
stack 113:    498 602 261 637 
stack 114:    528 854 966 499 
stack 115:    992 584 159 586 
stack 116:    494 492 146 
stack 117:    366 355 78 290 690 76 
stack 118:    922 271 610 485 656 
stack 119:    353 32 343 884 684 
stack 120:    421 907 963 585 192 976 
stack 121:    535 242 775 38 569 419 
stack 122:    843 344 614 161 245 269 
stack 123:    347 409 594 573 144 36 
stack 124:    981 964 547 473 679 548 
stack 125:    704 621 240 560 557 93 
stack 126:    330 182 395 234 157 
stack 127:    277 765 10 758 115 
stack 128:    175 74 68 689 360 693 737 
stack 129:    832 433 392 84 909 748 
stack 130:    625 314 783 587 396 
stack 131:    278 648 128 946 86 
stack 132:    906 769 445 398 839 902 346 
stack 133:    368 849 160 716 153 642 545 
stack 134:    48 833 361 376 365 209 
stack 135:    583 674 914 462 288 687 248 
stack 136:    882 883 177 275 496 
stack 137:    45 403 987 720 97 232 435 
stack 138:    476 382 125 890 782 816 
stack 139:    732 333 364 106 273 179 565 
stack 140:    444 399 603 985 104 56 313 
stack 141:    345 741 776 640 467 767 441 
stack 142:    370 899 208 608 256 929 263 
stack 143:    838 350 70 719 726 912 729 
stack 144:    858 336 216 534 477 244 867 
stack 145:    52 958 725 227 649 453 214 
stack 146:    735 791 458 130 105 846 206 
stack 147:    868 563 970 705 99 359 140 
stack 148:    322 972 949 787 781 773 358 
stack 149:    999 63 393 878 83 145 69 
stack 150:    468 438 848 363 822 806 655 
stack 151:    829 770 221 452 428 348 195 
stack 152:    567 962 578 71 736 464 94 
stack 153:    369 574 101 627 88 630 391 
stack 154:    669 564 315 138 877 677 983 
stack 155:    171 307 215 709 793 701 965 
stack 156:    734 831 798 892 47 81 872 
stack 157:    815 708 924 431 715 308 997 
stack 158:    837 692 874 616 201 142 597 
stack 159:    762 147 114 713 461 696 443 
stack 160:    432 375 58 434 174 830 62 
stack 161:    812 440 609 407 764 827 663 
stack 162:    881 942 789 410 282 304 752 
stack 163:    465 745 624 978 888 320 634 
stack 164:    568 332 470 659 211 54 265 
stack 165:    639 388 85 842 260 150 973 
stack 166:    383 57 430 593 203 60 339 
stack 167:    778 272 645 423 731 662 611 
stack 168:    329 223 751 940 134 959 190 
stack 169:    722 451 394 252 596 217 210 
stack 170:    845 875 702 651 711 424 67 
stack 171:    844 87 945 156 380 636 744 

#####################################################

solved with: SP.constructive_heuristics.GeneralHeuristic
time limit: 3600.0 s
time to solve: 0,02 s
objective value: 1328973.62

stacks (top to bottom):
stack 0:    899 437 417 474 428 110 611 
stack 1:    235 535 266 96 125 847 542 
stack 2:    350 222 452 327 335 415 20 
stack 3:    299 34 151 6 150 183 284 
stack 4:    223 178 37 134 608 955 132 
stack 5:    74 903 584 282 760 545 752 
stack 6:    199 828 70 462 168 916 941 
stack 7:    305 676 114 607 186 597 873 
stack 8:    815 766 631 772 587 323 441 
stack 9:    661 780 920 98 348 687 496 
stack 10:    844 490 225 824 913 367 281 
stack 11:    328 113 575 754 654 850 252 
stack 12:    383 91 219 530 939 206 813 
stack 13:    829 329 221 719 949 512 162 
stack 14:    777 549 275 237 569 180 193 
stack 15:    525 147 915 896 262 516 909 
stack 16:    784 334 773 853 245 457 995 
stack 17:    875 425 578 179 565 595 214 
stack 18:    728 154 246 283 739 621 166 
stack 19:    647 72 479 926 863 890 211 
stack 20:    925 40 671 57 672 499 816 
stack 21:    26 414 17 586 97 196 797 
stack 22:    513 985 523 675 300 209 217 
stack 23:    625 947 4 878 979 358 538 
stack 24:    837 526 272 940 285 959 249 
stack 25:    508 917 852 998 161 866 678 
stack 26:    898 129 793 670 445 76 904 
stack 27:    121 745 271 413 434 605 137 
stack 28:    216 589 176 601 774 615 346 
stack 29:    30 449 577 857 5 384 107 
stack 30:    432 205 325 809 842 106 799 
stack 31:    238 574 559 279 576 804 264 
stack 32:    895 471 319 623 713 961 374 
stack 33:    303 579 653 117 788 365 135 
stack 34:    664 553 163 433 375 966 352 
stack 35:    858 991 889 447 712 560 851 
stack 36:    563 159 594 723 643 419 902 
stack 37:    700 49 592 705 420 933 244 
stack 38:    509 651 66 680 557 562 62 
stack 39:    109 315 564 119 64 195 269 
stack 40:    243 185 231 606 910 976 198 
stack 41:    544 932 731 570 312 381 993 
stack 42:    738 622 191 693 736 744 983 
stack 43:    347 778 274 61 703 822 644 
stack 44:    796 541 718 120 144 21 439 
stack 45:    48 418 344 58 854 469 986 
stack 46:    202 928 710 354 128 825 877 
stack 47:    984 8 332 33 593 997 665 
stack 48:    342 32 369 510 616 817 753 
stack 49:    405 970 750 929 475 662 582 
stack 50:    511 46 811 725 124 227 880 
stack 51:    491 229 331 220 960 308 596 
stack 52:    667 324 16 533 927 234 618 
stack 53:    849 808 288 930 617 630 69 
stack 54:    835 838 47 83 696 73 411 
stack 55:    833 819 458 158 364 0 320 
stack 56:    567 465 789 938 967 977 994 
stack 57:    446 826 160 914 450 897 748 
stack 58:    652 893 493 806 267 400 531 
stack 59:    277 310 35 123 698 934 973 
stack 60:    734 722 755 215 362 834 189 
stack 61:    366 126 133 142 761 436 529 
stack 62:    779 406 614 138 36 131 502 
stack 63:    855 812 515 506 635 689 951 
stack 64:    860 307 791 382 181 931 51 
stack 65:    936 407 716 92 261 466 1 
stack 66:    814 517 7 767 599 396 93 
stack 67:    821 397 156 803 455 581 259 
stack 68:    355 704 184 84 757 677 25 
stack 69:    322 609 620 240 908 172 59 
stack 70:    603 197 969 357 968 483 759 
stack 71:    254 270 52 136 292 937 721 
stack 72:    980 118 280 628 23 146 273 
stack 73:    503 856 242 787 536 145 965 
stack 74:    45 318 143 505 173 116 77 
stack 75:    539 507 390 874 438 487 371 
stack 76:    14 488 256 174 480 663 60 
stack 77:    351 911 688 729 691 746 200 
stack 78:    429 572 820 666 398 75 632 
stack 79:    208 353 230 602 251 740 302 
stack 80:    568 963 865 642 187 646 867 
stack 81:    555 798 311 640 943 726 872 
stack 82:    500 786 810 972 974 127 540 
stack 83:    741 612 629 182 859 489 724 
stack 84:    403 945 477 987 886 884 394 
stack 85:    399 950 473 619 290 626 690 
stack 86:    258 996 881 883 451 19 103 
stack 87:    730 692 547 498 99 22 268 
stack 88:    472 253 402 101 85 580 870 
stack 89:    111 130 588 2 743 714 604 
stack 90:    999 818 15 42 188 953 634 
stack 91:    590 528 314 467 9 81 372 
stack 92:    639 95 770 286 769 316 600 
stack 93:    591 336 68 524 224 3 830 
stack 94:    869 522 459 782 485 361 140 
stack 95:    448 566 412 519 771 65 210 
stack 96:    341 944 650 401 203 167 861 
stack 97:    326 871 697 139 699 701 376 
stack 98:    456 388 201 957 827 359 207 
stack 99:    31 981 571 627 212 232 94 
stack 100:    345 393 385 78 637 656 638 
stack 101:    13 598 668 795 12 948 706 
stack 102:    294 112 952 504 321 349 86 
stack 103:    476 298 481 682 50 71 548 
stack 104:    658 422 552 330 460 89 248 
stack 105:    340 82 386 482 333 848 636 
stack 106:    751 421 24 291 461 683 641 
stack 107:    922 709 164 495 431 313 891 
stack 108:    440 177 442 104 794 263 537 
stack 109:    868 155 749 921 27 115 655 
stack 110:    444 876 735 226 885 102 169 
stack 111:    63 685 527 278 836 775 41 
stack 112:    882 708 942 765 18 923 304 
stack 113:    800 990 657 717 297 338 935 
stack 114:    87 534 492 802 758 501 792 
stack 115:    918 673 964 975 764 518 257 
stack 116:    864 801 648 218 373 192 190 
stack 117:    887 497 892 255 54 265 989 
stack 118:    551 843 416 733 204 90 956 
stack 119:    894 317 550 674 306 152 660 
stack 120:    583 732 747 100 427 781 946 
stack 121:    807 10 410 494 260 453 287 
stack 122:    762 862 486 520 831 982 905 
stack 123:    108 171 122 392 610 727 790 
stack 124:    404 906 105 478 919 356 659 
stack 125:    379 783 67 840 339 43 165 
stack 126:    28 309 241 962 296 380 613 
stack 127:    276 236 239 454 823 426 88 
stack 128:    368 39 907 900 423 756 44 
stack 129:    409 832 978 228 194 585 532 
stack 130:    377 56 958 901 888 695 391 
stack 131:    879 408 79 363 846 558 11 
stack 132:    992 29 387 645 213 954 435 
stack 133:    971 776 805 707 686 443 233 
stack 134:    370 694 521 337 633 157 378 
stack 135:    175 556 715 543 289 573 839 
stack 136:    763 170 720 360 343 301 737 
stack 137:    669 841 141 785 554 988 912 
stack 138:    514 702 681 624 389 153 684 
stack 139:    845 293 679 561 295 649 464 
stack 140:    468 149 768 430 711 424 148 
stack 141:    470 463 395 484 55 
stack 142:    742 
stack 143:    80 247 
stack 144:    924 546 
stack 145:    53 
stack 146:    38 250 
stack 147:    
stack 148:    
stack 149:    
stack 150:    
stack 151:    
stack 152:    
stack 153:    
stack 154:    
stack 155:    
stack 156:    
stack 157:    
stack 158:    
stack 159:    
stack 160:    
stack 161:    
stack 162:    
stack 163:    
stack 164:    
stack 165:    
stack 166:    
stack 167:    
stack 168:    
stack 169:    
stack 170:    
stack 171:    
