lower bound for relaxed s_ij: 1228863.04

#####################################################

solved with: SP.mip_formulations.BinPackingFormulation
time limit: 3600.0 s
time to solve: 3609,10 s (time limit exceeded)
objective value: 1241034.13 (not optimal)

stacks (top to bottom):
stack 0:    500 0 
stack 1:    501 523 504 
stack 2:    1 2 20 18 
stack 3:    3 983 4 
stack 4:    33 26 513 55 17 155 
stack 5:    5 516 511 510 505 22 6 
stack 6:    508 531 7 507 15 
stack 7:    517 27 503 16 
stack 8:    530 519 752 69 412 432 292 
stack 9:    161 533 471 522 216 534 9 
stack 10:    28 31 685 100 35 29 58 
stack 11:    520 189 40 11 792 817 878 
stack 12:    23 186 39 12 518 512 521 
stack 13:    783 876 831 19 14 572 571 
stack 14:    38 626 547 514 621 545 455 
stack 15:    795 954 821 885 34 558 740 
stack 16:    775 87 666 585 256 224 727 
stack 17:    670 536 509 406 138 945 13 
stack 18:    525 481 434 420 369 42 495 
stack 19:    355 483 409 129 267 86 390 
stack 20:    477 474 426 71 367 424 24 
stack 21:    597 526 679 21 234 681 449 
stack 22:    661 613 675 566 866 515 
stack 23:    540 487 683 650 217 577 48 
stack 24:    398 357 871 227 208 78 168 
stack 25:    485 708 228 589 315 365 723 
stack 26:    377 205 686 874 464 748 726 
stack 27:    703 313 260 705 549 673 544 
stack 28:    537 529 639 463 
stack 29:    249 126 436 875 738 233 955 
stack 30:    143 812 277 63 213 41 397 
stack 31:    127 751 787 479 825 565 177 
stack 32:    936 931 175 37 671 296 190 
stack 33:    960 591 95 828 194 458 467 
stack 34:    986 109 374 996 958 713 625 
stack 35:    897 779 739 690 476 114 773 
stack 36:    770 881 46 794 381 264 843 
stack 37:    359 325 468 341 269 668 657 
stack 38:    714 655 542 950 718 137 383 
stack 39:    946 348 259 340 376 715 154 
stack 40:    538 599 371 395 442 421 188 
stack 41:    951 807 981 553 110 528 488 
stack 42:    841 576 202 72 546 769 696 
stack 43:    323 701 281 979 629 193 928 
stack 44:    131 220 219 543 373 777 808 
stack 45:    580 790 786 372 57 857 806 
stack 46:    332 125 289 947 335 107 73 
stack 47:    932 321 386 352 913 555 498 
stack 48:    834 860 892 805 197 849 634 
stack 49:    417 923 389 719 539 869 396 
stack 50:    584 236 916 414 741 309 963 
stack 51:    44 758 895 552 991 665 855 
stack 52:    968 756 854 872 275 172 362 
stack 53:    732 598 159 927 789 824 672 
stack 54:    851 667 761 612 815 149 305 
stack 55:    239 304 401 569 407 592 870 
stack 56:    288 160 780 144 632 322 56 
stack 57:    183 351 640 83 836 375 50 
stack 58:    564 74 206 909 165 959 473 
stack 59:    491 246 877 364 840 282 969 
stack 60:    356 859 614 94 347 336 314 
stack 61:    908 816 247 484 118 343 581 
stack 62:    992 457 287 320 656 638 298 
stack 63:    962 939 802 617 800 459 677 
stack 64:    616 914 712 643 839 80 157 
stack 65:    556 416 627 579 214 185 141 
stack 66:    76 606 248 465 88 793 746 
stack 67:    158 648 300 324 387 847 152 
stack 68:    689 990 735 122 603 905 180 
stack 69:    615 258 333 235 209 163 399 
stack 70:    750 262 595 490 810 101 274 
stack 71:    385 631 688 169 499 184 311 
stack 72:    240 865 486 624 253 596 116 
stack 73:    863 662 948 456 299 270 93 
stack 74:    187 883 814 439 590 607 337 
stack 75:    112 663 461 317 91 475 108 
stack 76:    919 644 312 482 448 53 707 
stack 77:    588 922 215 567 203 229 796 
stack 78:    602 768 601 97 142 263 250 
stack 79:    493 191 560 687 318 405 798 
stack 80:    207 218 98 350 237 982 711 
stack 81:    628 146 697 801 85 349 578 
stack 82:    204 99 772 633 742 803 354 
stack 83:    171 903 636 460 266 965 75 
stack 84:    911 830 900 222 290 257 293 
stack 85:    956 84 811 428 861 392 427 
stack 86:    
stack 87:    
stack 88:    502 
stack 89:    921 
stack 90:    
stack 91:    130 
stack 92:    
stack 93:    842 506 
stack 94:    
stack 95:    492 
stack 96:    
stack 97:    957 
stack 98:    880 961 
stack 99:    25 230 882 721 
stack 100:    
stack 101:    820 784 
stack 102:    
stack 103:    995 852 
stack 104:    902 
stack 105:    910 
stack 106:    148 889 
stack 107:    346 827 879 766 
stack 108:    809 943 699 692 568 
stack 109:    278 844 743 826 
stack 110:    201 972 524 
stack 111:    582 
stack 112:    466 
stack 113:    669 79 918 178 
stack 114:    30 10 938 419 378 
stack 115:    623 115 297 733 980 710 
stack 116:    901 415 167 134 
stack 117:    987 676 408 198 
stack 118:    749 964 64 70 32 
stack 119:    532 221 894 268 
stack 120:    136 984 659 753 450 583 92 
stack 121:    212 535 976 360 
stack 122:    496 283 619 51 
stack 123:    284 838 587 609 887 527 243 
stack 124:    8 272 47 54 977 610 344 
stack 125:    822 720 694 438 446 301 898 
stack 126:    999 970 433 276 162 140 
stack 127:    799 413 45 
stack 128:    736 43 759 49 345 605 353 
stack 129:    480 494 423 400 391 120 68 
stack 130:    541 997 867 684 245 425 985 
stack 131:    252 117 949 680 328 342 166 
stack 132:    940 846 104 330 651 767 410 
stack 133:    942 906 366 993 785 642 925 
stack 134:    934 706 67 988 926 654 856 
stack 135:    899 363 691 647 334 192 368 
stack 136:    273 709 443 989 974 550 170 
stack 137:    145 570 952 307 994 884 179 
stack 138:    174 653 664 618 682 139 151 
stack 139:    308 388 973 776 737 893 327 
stack 140:    797 331 935 379 82 128 848 
stack 141:    286 402 244 586 551 489 850 
stack 142:    862 823 338 106 652 755 447 
stack 143:    255 765 600 211 441 978 731 
stack 144:    829 695 678 608 594 271 113 
stack 145:    912 725 242 924 635 77 554 
stack 146:    754 729 562 210 813 896 254 
stack 147:    361 646 818 747 411 704 370 
stack 148:    832 182 604 62 971 929 435 
stack 149:    791 61 915 326 226 147 150 
stack 150:    833 557 358 319 868 52 764 
stack 151:    835 462 60 291 196 930 561 
stack 152:    933 238 59 478 429 641 418 
stack 153:    306 937 700 620 133 837 744 
stack 154:    294 132 804 251 195 563 119 
stack 155:    422 674 622 295 660 864 200 
stack 156:    774 382 944 886 763 548 574 
stack 157:    819 920 225 904 724 717 123 
stack 158:    96 975 782 310 637 81 693 
stack 159:    730 472 788 559 164 279 941 
stack 160:    265 302 734 102 329 573 404 
stack 161:    762 891 781 771 649 907 111 
stack 162:    757 384 232 124 89 121 611 
stack 163:    998 65 339 728 575 469 890 
stack 164:    745 105 135 888 103 403 153 
stack 165:    698 394 430 453 285 853 917 
stack 166:    444 393 722 953 454 497 658 
stack 167:    66 873 303 176 199 280 452 
stack 168:    845 437 967 223 778 858 431 
stack 169:    90 966 181 440 261 645 593 
stack 170:    760 156 36 470 445 316 173 
stack 171:    630 702 380 241 451 716 231 

#####################################################

solved with: SP.constructive_heuristics.GeneralHeuristic
time limit: 3600.0 s
time to solve: 0,01 s
objective value: 1327961.58

stacks (top to bottom):
stack 0:    623 55 27 660 372 151 593 
stack 1:    562 294 74 580 621 710 344 
stack 2:    158 393 60 599 949 307 200 
stack 3:    385 20 694 600 426 375 806 
stack 4:    536 49 211 53 475 945 985 
stack 5:    768 873 721 458 544 452 925 
stack 6:    485 948 453 203 659 843 270 
stack 7:    3 492 454 140 245 387 724 
stack 8:    206 267 352 381 427 893 180 
stack 9:    12 788 984 961 349 410 341 
stack 10:    351 816 690 988 227 45 549 
stack 11:    466 31 479 964 559 629 70 
stack 12:    317 241 779 643 277 499 50 
stack 13:    765 670 637 553 208 656 280 
stack 14:    809 794 281 299 379 93 101 
stack 15:    5 371 613 252 291 201 465 
stack 16:    956 588 81 650 579 439 448 
stack 17:    730 59 517 429 872 52 581 
stack 18:    915 757 161 616 115 187 594 
stack 19:    709 321 333 331 264 813 275 
stack 20:    283 871 102 272 563 503 798 
stack 21:    655 987 205 909 548 715 658 
stack 22:    732 747 662 121 880 488 32 
stack 23:    1 782 356 680 188 515 254 
stack 24:    615 255 754 409 620 120 334 
stack 25:    398 841 244 547 902 413 467 
stack 26:    829 36 924 752 113 110 263 
stack 27:    931 127 302 993 420 195 610 
stack 28:    735 408 651 904 793 56 447 
stack 29:    540 494 751 57 343 441 497 
stack 30:    300 144 775 216 641 566 810 
stack 31:    831 535 266 853 784 88 573 
stack 32:    791 560 320 839 301 16 157 
stack 33:    25 455 603 733 889 855 116 
stack 34:    238 722 920 598 490 930 362 
stack 35:    832 143 771 891 633 978 727 
stack 36:    648 846 486 223 521 376 293 
stack 37:    960 986 533 260 63 118 847 
stack 38:    258 478 228 82 753 972 415 
stack 39:    532 235 400 456 443 879 134 
stack 40:    406 734 434 557 591 403 505 
stack 41:    967 646 330 178 590 354 173 
stack 42:    999 609 567 276 743 170 507 
stack 43:    130 953 675 952 325 592 119 
stack 44:    461 288 215 795 278 78 396 
stack 45:    304 430 708 825 164 844 391 
stack 46:    377 772 576 222 712 451 316 
stack 47:    191 373 652 886 718 673 498 
stack 48:    725 312 338 674 575 137 969 
stack 49:    61 273 631 528 176 572 848 
stack 50:    171 62 422 221 35 282 947 
stack 51:    663 729 912 135 388 608 47 
stack 52:    932 386 587 664 965 370 994 
stack 53:    774 366 946 738 257 261 168 
stack 54:    374 787 875 857 68 269 468 
stack 55:    90 76 469 214 542 237 292 
stack 56:    834 895 828 477 907 484 9 
stack 57:    131 99 921 719 233 435 108 
stack 58:    286 942 936 181 340 704 395 
stack 59:    239 962 783 916 185 91 874 
stack 60:    457 736 543 777 822 744 723 
stack 61:    714 230 156 271 378 642 337 
stack 62:    922 471 508 197 792 558 500 
stack 63:    112 644 756 763 944 268 6 
stack 64:    207 996 885 411 504 803 778 
stack 65:    584 992 990 781 678 122 571 
stack 66:    417 867 146 189 790 87 64 
stack 67:    689 901 849 995 826 224 0 
stack 68:    132 761 612 800 162 424 693 
stack 69:    619 823 914 929 514 654 746 
stack 70:    951 79 247 133 295 367 858 
stack 71:    750 903 900 141 350 71 446 
stack 72:    382 697 128 896 4 578 502 
stack 73:    26 481 51 973 311 898 298 
stack 74:    109 160 491 618 614 941 796 
stack 75:    65 323 384 970 361 866 740 
stack 76:    364 742 464 890 231 329 335 
stack 77:    218 971 250 737 303 445 717 
stack 78:    220 8 169 785 419 671 506 
stack 79:    212 937 186 681 716 741 213 
stack 80:    595 114 177 41 955 314 645 
stack 81:    684 463 179 884 421 442 707 
stack 82:    249 838 797 939 686 624 856 
stack 83:    975 129 887 279 24 963 152 
stack 84:    908 807 103 910 950 150 192 
stack 85:    899 997 520 248 766 342 92 
stack 86:    42 236 198 523 769 748 870 
stack 87:    639 653 346 976 611 824 672 
stack 88:    933 923 483 958 685 531 677 
stack 89:    204 601 318 938 296 345 980 
stack 90:    145 835 2 117 125 75 229 
stack 91:    183 265 219 762 106 897 148 
stack 92:    444 538 126 136 328 418 524 
stack 93:    240 983 167 692 15 347 657 
stack 94:    811 175 124 881 297 476 817 
stack 95:    210 854 423 827 959 577 596 
stack 96:    262 522 821 163 818 989 927 
stack 97:    33 513 883 981 313 565 918 
stack 98:    105 830 703 649 776 412 432 
stack 99:    541 324 802 172 285 58 73 
stack 100:    496 202 104 153 836 586 634 
stack 101:    845 695 926 739 72 539 711 
stack 102:    758 564 706 888 83 676 77 
stack 103:    865 19 259 852 527 589 550 
stack 104:    604 701 512 399 682 440 638 
stack 105:    306 46 683 705 165 365 404 
stack 106:    308 862 833 688 554 13 111 
stack 107:    332 251 147 339 138 80 353 
stack 108:    661 699 196 568 166 917 928 
stack 109:    460 174 433 935 666 85 583 
stack 110:    232 861 617 18 489 767 290 
stack 111:    799 66 69 470 605 199 184 
stack 112:    606 713 100 840 864 309 696 
stack 113:    357 380 808 814 868 551 425 
stack 114:    394 859 359 974 459 431 336 
stack 115:    919 628 326 43 530 519 327 
stack 116:    819 537 876 627 691 473 607 
stack 117:    630 38 37 667 759 95 545 
stack 118:    284 780 555 450 193 107 726 
stack 119:    968 979 48 407 139 383 731 
stack 120:    493 556 401 582 546 414 449 
stack 121:    96 597 17 837 569 510 22 
stack 122:    749 516 801 820 789 764 274 
stack 123:    84 89 7 518 982 850 123 
stack 124:    851 402 487 626 882 54 977 
stack 125:    906 44 934 526 812 622 243 
stack 126:    698 570 23 159 315 585 534 
stack 127:    602 389 97 509 358 635 905 
stack 128:    940 348 209 390 11 40 94 
stack 129:    182 770 428 894 39 14 561 
stack 130:    911 30 98 728 957 155 665 
stack 131:    760 687 842 405 190 392 773 
stack 132:    310 679 21 355 246 416 495 
stack 133:    636 86 34 805 256 878 397 
stack 134:    804 242 640 720 991 360 368 
stack 135:    745 480 142 552 217 253 154 
stack 136:    28 437 501 234 632 511 869 
stack 137:    525 287 10 702 194 482 438 
stack 138:    966 529 863 462 436 322 289 
stack 139:    943 892 625 
stack 140:    998 472 363 860 225 29 149 
stack 141:    226 700 786 913 647 305 668 
stack 142:    954 474 755 
stack 143:    669 67 369 877 319 574 
stack 144:    815 
stack 145:    
stack 146:    
stack 147:    
stack 148:    
stack 149:    
stack 150:    
stack 151:    
stack 152:    
stack 153:    
stack 154:    
stack 155:    
stack 156:    
stack 157:    
stack 158:    
stack 159:    
stack 160:    
stack 161:    
stack 162:    
stack 163:    
stack 164:    
stack 165:    
stack 166:    
stack 167:    
stack 168:    
stack 169:    
stack 170:    
stack 171:    
