solved with: SP.deprecated.TabuSearch
time limit: 3600.0 s
time to solve: 1572,64 s
objective value: 1228882.4

stacks (top to bottom):
stack 0:    
stack 1:    
stack 2:    
stack 3:    3 
stack 4:    4 
stack 5:    
stack 6:    6 
stack 7:    7 
stack 8:    
stack 9:    9 
stack 10:    510 
stack 11:    511 
stack 12:    512 
stack 13:    
stack 14:    
stack 15:    
stack 16:    17 516 
stack 17:    160 29 256 536 19 
stack 18:    28 21 741 518 531 524 760 
stack 19:    813 457 989 252 525 604 220 
stack 20:    564 56 535 946 836 521 407 
stack 21:    30 142 776 283 810 138 281 
stack 22:    705 41 22 533 720 408 976 
stack 23:    523 112 951 764 458 455 567 
stack 24:    33 778 267 468 53 333 114 
stack 25:    477 250 325 896 984 318 526 
stack 26:    323 27 631 629 31 180 529 
stack 27:    390 55 561 71 682 445 46 
stack 28:    562 435 759 191 766 292 188 
stack 29:    539 193 650 530 201 692 939 
stack 30:    768 735 833 783 274 711 279 
stack 31:    483 633 673 965 269 300 462 
stack 32:    621 234 219 586 788 541 956 
stack 33:    787 44 701 144 710 803 469 
stack 34:    898 115 537 762 779 558 569 
stack 35:    36 543 198 111 916 482 985 
stack 36:    69 767 691 565 665 829 637 
stack 37:    290 84 413 184 884 538 549 
stack 38:    559 846 708 45 232 808 429 
stack 39:    336 263 551 225 902 434 172 
stack 40:    827 447 123 624 162 405 857 
stack 41:    364 890 297 87 702 948 110 
stack 42:    175 861 75 470 556 226 321 
stack 43:    618 166 452 550 889 409 293 
stack 44:    224 335 599 496 874 807 271 
stack 45:    416 825 126 48 668 731 557 
stack 46:    555 683 546 748 158 585 120 
stack 47:    451 722 905 255 91 79 964 
stack 48:    560 344 620 929 818 918 938 
stack 49:    310 552 765 738 57 865 489 
stack 50:    596 317 286 490 223 634 295 
stack 51:    159 572 955 450 66 853 667 
stack 52:    89 754 794 140 686 196 576 
stack 53:    820 63 190 247 848 797 253 
stack 54:    145 460 161 840 177 101 826 
stack 55:    210 99 866 654 893 456 167 
stack 56:    616 664 61 246 991 859 379 
stack 57:    577 330 495 630 432 831 229 
stack 58:    181 375 571 922 284 900 971 
stack 59:    494 910 600 277 605 228 912 
stack 60:    466 437 647 899 238 478 891 
stack 61:    104 914 366 580 695 996 491 
stack 62:    391 242 137 95 70 588 622 
stack 63:    802 927 734 195 313 116 782 
stack 64:    370 358 282 257 699 721 433 
stack 65:    153 440 265 217 352 428 589 
stack 66:    915 913 850 786 342 147 324 
stack 67:    67 602 385 743 124 350 968 
stack 68:    425 623 254 689 830 356 941 
stack 69:    903 888 332 845 222 291 982 
stack 70:    417 723 736 186 386 298 887 
stack 71:    858 331 498 164 712 780 132 
stack 72:    698 774 81 733 773 919 983 
stack 73:    684 207 851 608 906 311 388 
stack 74:    715 135 368 791 958 856 236 
stack 75:    82 872 272 626 987 658 338 
stack 76:    305 337 444 957 598 213 320 
stack 77:    640 399 993 150 178 185 421 
stack 78:    877 719 981 992 716 183 360 
stack 79:    471 315 999 892 251 270 753 
stack 80:    694 670 395 80 493 414 411 
stack 81:    657 231 464 392 924 756 815 
stack 82:    986 609 638 168 404 304 93 
stack 83:    485 86 901 476 697 170 806 
stack 84:    393 233 359 276 299 151 656 
stack 85:    591 347 838 677 960 139 410 
stack 86:    500 
stack 87:    501 0 1 502 
stack 88:    2 
stack 89:    503 
stack 90:    504 
stack 91:    505 
stack 92:    5 506 
stack 93:    507 
stack 94:    508 
stack 95:    509 8 
stack 96:    10 
stack 97:    11 
stack 98:    12 513 
stack 99:    13 
stack 100:    514 14 
stack 101:    15 515 16 
stack 102:    20 
stack 103:    424 801 204 517 34 18 625 
stack 104:    534 540 23 519 371 314 109 
stack 105:    796 520 25 758 828 548 260 
stack 106:    26 103 659 294 832 40 619 
stack 107:    24 261 990 746 804 439 102 
stack 108:    522 37 963 423 707 96 85 
stack 109:    474 597 653 975 209 930 542 
stack 110:    328 860 574 878 573 528 772 
stack 111:    60 262 389 230 259 249 88 
stack 112:    713 952 867 197 784 839 814 
stack 113:    907 527 216 824 931 461 594 
stack 114:    674 119 365 146 39 430 926 
stack 115:    343 354 661 38 532 610 76 
stack 116:    376 47 398 745 880 35 798 
stack 117:    380 52 642 544 199 947 43 
stack 118:    635 174 954 436 289 32 724 
stack 119:    933 202 418 582 835 843 156 
stack 120:    904 200 645 113 296 273 847 
stack 121:    130 663 377 614 690 152 643 
stack 122:    977 687 459 194 51 235 454 
stack 123:    309 307 727 793 714 473 346 
stack 124:    672 855 545 266 717 128 961 
stack 125:    649 972 340 479 706 121 49 
stack 126:    42 940 639 812 54 652 83 
stack 127:    709 206 592 863 353 821 341 
stack 128:    675 553 578 852 241 953 632 
stack 129:    737 988 258 208 873 192 816 
stack 130:    666 133 484 486 326 742 285 
stack 131:    438 422 357 732 78 870 62 
stack 132:    275 817 92 937 467 497 303 
stack 133:    725 131 761 581 934 118 547 
stack 134:    65 348 237 726 615 245 795 
stack 135:    660 50 781 157 155 769 288 
stack 136:    134 997 995 584 583 974 125 
stack 137:    239 243 59 809 218 442 980 
stack 138:    575 879 169 64 685 595 921 
stack 139:    492 106 334 127 345 871 917 
stack 140:    897 962 554 662 966 268 373 
stack 141:    58 805 942 935 994 141 221 
stack 142:    651 751 834 681 747 837 426 
stack 143:    601 322 973 655 612 704 894 
stack 144:    383 949 970 669 908 570 74 
stack 145:    771 363 487 849 215 950 420 
stack 146:    875 777 566 959 105 789 862 
stack 147:    402 449 316 355 68 149 799 
stack 148:    362 563 688 384 339 349 740 
stack 149:    882 378 301 302 463 885 264 
stack 150:    628 932 165 568 928 636 387 
stack 151:    319 671 443 465 415 969 920 
stack 152:    154 819 967 244 176 308 876 
stack 153:    755 441 728 978 412 822 700 
stack 154:    475 453 676 611 203 312 329 
stack 155:    381 679 499 431 869 648 73 
stack 156:    77 842 792 909 100 593 136 
stack 157:    854 72 607 790 117 427 488 
stack 158:    703 646 122 579 163 372 107 
stack 159:    617 718 446 171 979 129 730 
stack 160:    603 419 97 98 739 212 775 
stack 161:    785 911 883 480 744 182 841 
stack 162:    752 205 108 811 189 240 248 
stack 163:    864 800 763 944 627 644 367 
stack 164:    757 481 613 641 361 750 925 
stack 165:    278 327 590 868 749 401 693 
stack 166:    94 287 400 397 886 187 211 
stack 167:    448 943 214 369 382 606 403 
stack 168:    945 280 396 678 394 173 770 
stack 169:    306 351 179 729 696 143 148 
stack 170:    895 844 881 923 374 406 227 
stack 171:    998 587 90 680 823 936 472 

#####################################################

solved with: SP.post_optimization_methods.HillClimbing
time limit: 3600.0 s
time to solve: 1110,70 s
objective value: 1228882.4

stacks (top to bottom):
stack 0:    
stack 1:    
stack 2:    
stack 3:    3 
stack 4:    4 
stack 5:    
stack 6:    506 
stack 7:    7 
stack 8:    
stack 9:    9 
stack 10:    510 
stack 11:    511 
stack 12:    512 
stack 13:    
stack 14:    
stack 15:    20 
stack 16:    516 
stack 17:    471 518 18 260 19 
stack 18:    22 520 595 902 311 760 521 
stack 19:    41 943 716 418 937 547 285 
stack 20:    477 774 452 717 329 658 46 
stack 21:    601 575 363 666 98 57 192 
stack 22:    343 642 175 127 105 543 360 
stack 23:    250 413 438 669 429 643 700 
stack 24:    867 698 531 377 524 218 857 
stack 25:    898 825 659 190 866 39 269 
stack 26:    65 539 457 530 408 931 187 
stack 27:    981 416 587 652 397 43 273 
stack 28:    904 29 445 593 770 341 125 
stack 29:    417 630 680 458 930 780 229 
stack 30:    487 533 941 783 721 950 982 
stack 31:    425 752 574 718 546 769 876 
stack 32:    263 621 357 207 541 412 268 
stack 33:    973 534 441 460 914 431 542 
stack 34:    903 95 763 568 174 81 934 
stack 35:    609 63 64 573 298 608 538 
stack 36:    649 617 325 545 889 984 848 
stack 37:    723 44 111 726 213 116 549 
stack 38:    864 50 91 929 554 583 594 
stack 39:    310 633 183 359 916 333 980 
stack 40:    910 369 51 622 478 829 692 
stack 41:    231 911 754 673 790 246 461 
stack 42:    553 639 623 552 286 270 917 
stack 43:    998 265 809 219 762 797 799 
stack 44:    153 422 225 352 987 589 324 
stack 45:    134 48 944 611 414 724 772 
stack 46:    877 277 75 180 702 891 956 
stack 47:    108 671 645 287 88 704 54 
stack 48:    551 59 289 803 245 148 926 
stack 49:    854 230 66 999 158 467 921 
stack 50:    316 802 598 68 143 795 985 
stack 51:    440 676 908 169 146 276 558 
stack 52:    165 178 791 776 764 711 667 
stack 53:    591 159 559 955 975 556 420 
stack 54:    785 327 722 103 677 714 753 
stack 55:    210 449 958 489 893 836 167 
stack 56:    275 560 368 282 879 729 887 
stack 57:    709 895 592 247 870 114 76 
stack 58:    638 957 355 405 320 822 387 
stack 59:    451 483 615 411 432 454 367 
stack 60:    358 499 307 828 581 228 295 
stack 61:    256 735 394 199 798 983 939 
stack 62:    383 348 137 119 896 241 784 
stack 63:    106 344 214 135 972 565 421 
stack 64:    672 392 670 272 965 283 196 
stack 65:    913 233 90 198 978 804 788 
stack 66:    234 952 195 756 614 434 696 
stack 67:    290 757 317 396 720 400 706 
stack 68:    122 846 280 744 251 996 946 
stack 69:    224 365 923 789 732 969 773 
stack 70:    72 945 366 339 463 948 240 
stack 71:    715 77 842 909 375 100 964 
stack 72:    334 824 326 423 606 845 775 
stack 73:    337 184 684 586 990 109 281 
stack 74:    741 267 685 701 482 815 814 
stack 75:    351 466 179 345 436 197 462 
stack 76:    145 813 703 765 254 173 925 
stack 77:    827 590 415 126 749 644 373 
stack 78:    319 391 755 844 297 208 619 
stack 79:    616 86 907 618 748 163 204 
stack 80:    115 448 628 949 647 123 300 
stack 81:    131 450 967 599 209 682 293 
stack 82:    596 160 249 883 697 332 379 
stack 83:    278 890 168 661 979 831 961 
stack 84:    453 728 954 468 624 782 271 
stack 85:    940 292 221 296 894 96 211 
stack 86:    500 
stack 87:    501 0 1 502 
stack 88:    2 
stack 89:    503 
stack 90:    504 
stack 91:    5 
stack 92:    6 505 
stack 93:    507 
stack 94:    508 
stack 95:    509 8 
stack 96:    10 
stack 97:    11 
stack 98:    12 513 
stack 99:    13 
stack 100:    514 14 
stack 101:    15 515 
stack 102:    17 16 
stack 103:    21 519 517 738 529 85 526 
stack 104:    607 838 540 811 473 264 430 
stack 105:    523 45 40 535 532 843 223 
stack 106:    653 226 885 610 488 388 567 
stack 107:    855 24 261 746 149 439 576 
stack 108:    133 522 23 37 874 176 101 
stack 109:    28 951 117 528 151 62 49 
stack 110:    660 27 687 597 751 25 699 
stack 111:    362 315 181 259 761 361 525 
stack 112:    26 820 36 537 881 733 686 
stack 113:    485 527 384 69 398 31 185 
stack 114:    719 301 646 47 61 731 314 
stack 115:    713 399 564 544 353 291 172 
stack 116:    33 30 745 832 34 147 427 
stack 117:    217 550 856 627 299 35 871 
stack 118:    562 683 901 758 561 966 32 
stack 119:    328 674 498 794 80 38 136 
stack 120:    650 193 536 191 947 121 220 
stack 121:    130 381 571 274 812 584 807 
stack 122:    243 312 472 404 953 428 102 
stack 123:    555 884 851 690 730 318 693 
stack 124:    664 389 309 424 203 548 410 
stack 125:    897 200 792 107 340 479 497 
stack 126:    370 474 777 331 605 182 912 
stack 127:    42 67 759 435 976 994 968 
stack 128:    364 390 935 830 308 403 604 
stack 129:    563 258 919 321 636 110 656 
stack 130:    52 787 734 444 710 779 144 
stack 131:    927 668 442 839 374 248 74 
stack 132:    385 216 302 582 962 808 841 
stack 133:    380 620 354 237 863 236 837 
stack 134:    150 858 736 654 171 53 227 
stack 135:    155 157 58 124 79 215 284 
stack 136:    443 992 850 840 486 484 496 
stack 137:    602 613 97 629 880 456 73 
stack 138:    657 641 938 372 665 886 625 
stack 139:    92 997 869 56 988 557 409 
stack 140:    60 579 747 55 189 382 490 
stack 141:    694 818 681 793 288 859 303 
stack 142:    82 977 918 819 294 626 156 
stack 143:    933 242 878 493 78 128 569 
stack 144:    651 800 335 905 727 232 816 
stack 145:    205 603 104 612 849 991 821 
stack 146:    915 447 566 872 138 164 162 
stack 147:    480 572 861 71 995 922 141 
stack 148:    675 688 743 781 691 900 222 
stack 149:    640 402 705 495 786 892 170 
stack 150:    239 330 437 99 570 70 920 
stack 151:    262 140 712 129 186 386 469 
stack 152:    306 84 464 112 810 166 899 
stack 153:    378 322 347 177 768 942 201 
stack 154:    202 142 395 750 835 739 742 
stack 155:    993 577 801 963 960 580 338 
stack 156:    393 970 139 826 426 632 491 
stack 157:    771 655 817 631 865 662 740 
stack 158:    578 481 689 356 476 279 455 
stack 159:    465 868 737 928 924 401 212 
stack 160:    600 194 371 707 823 188 971 
stack 161:    94 805 989 113 120 806 847 
stack 162:    419 252 350 833 648 304 93 
stack 163:    494 492 875 679 766 678 406 
stack 164:    305 663 778 244 87 852 634 
stack 165:    89 725 882 834 235 238 132 
stack 166:    336 323 376 266 906 152 83 
stack 167:    161 154 585 342 118 346 433 
stack 168:    959 206 853 257 873 349 637 
stack 169:    796 767 459 708 470 695 862 
stack 170:    986 932 255 888 936 588 974 
stack 171:    475 860 635 446 313 253 407 
