lower bound for relaxed s_ij: 1228847.22

#####################################################

solved with: SP.mip_formulations.BinPackingFormulation
time limit: 3600.0 s
time to solve: 3700,92 s (time limit exceeded)
objective value: 1240514.22 (not optimal)

stacks (top to bottom):
stack 0:    7 
stack 1:    0 1 
stack 2:    24 2 524 9 500 
stack 3:    5 11 3 
stack 4:    27 158 31 
stack 5:    6 512 881 518 17 4 504 
stack 6:    510 506 97 25 246 515 
stack 7:    618 967 23 519 45 532 16 
stack 8:    540 396 786 761 522 509 508 
stack 9:    10 261 195 990 558 507 
stack 10:    265 543 511 39 516 218 513 
stack 11:    642 597 579 481 768 947 18 
stack 12:    813 655 157 58 536 141 625 
stack 13:    33 214 520 514 266 38 32 
stack 14:    464 523 498 531 14 482 245 
stack 15:    181 37 517 556 535 529 223 
stack 16:    443 590 545 198 12 411 724 
stack 17:    757 335 748 582 936 862 152 
stack 18:    771 527 122 681 40 329 740 
stack 19:    310 635 537 654 550 270 182 
stack 20:    972 728 774 345 984 899 374 
stack 21:    577 928 741 659 685 906 196 
stack 22:    633 21 878 852 180 525 188 
stack 23:    793 677 738 707 423 784 110 
stack 24:    923 630 226 893 782 240 151 
stack 25:    890 840 929 960 528 822 167 
stack 26:    998 178 165 174 166 313 772 
stack 27:    26 609 621 68 985 632 521 
stack 28:    106 22 179 963 580 35 62 
stack 29:    552 75 79 950 859 806 547 
stack 30:    449 737 670 30 764 573 128 
stack 31:    351 36 969 333 320 799 76 
stack 32:    94 191 107 548 279 410 403 
stack 33:    219 627 138 634 70 248 338 
stack 34:    159 72 818 999 937 56 721 
stack 35:    560 105 371 286 176 118 987 
stack 36:    460 224 600 778 908 169 996 
stack 37:    883 853 251 473 610 430 236 
stack 38:    559 363 29 942 221 894 271 
stack 39:    210 99 48 468 615 690 643 
stack 40:    399 344 544 98 968 922 120 
stack 41:    41 127 951 203 144 608 815 
stack 42:    864 901 653 572 232 170 920 
stack 43:    825 820 69 274 284 43 461 
stack 44:    860 381 585 490 828 139 795 
stack 45:    752 777 673 119 863 117 420 
stack 46:    352 848 804 788 439 816 542 
stack 47:    553 366 682 606 731 229 74 
stack 48:    914 277 353 116 891 549 388 
stack 49:    391 932 722 676 948 900 341 
stack 50:    95 924 896 592 873 557 658 
stack 51:    855 243 867 970 749 902 324 
stack 52:    719 415 189 163 953 780 102 
stack 53:    362 161 86 348 280 257 467 
stack 54:    715 323 252 938 372 296 798 
stack 55:    623 177 846 745 258 946 644 
stack 56:    153 952 732 773 264 187 775 
stack 57:    973 785 709 53 300 696 318 
stack 58:    657 306 305 417 776 789 455 
stack 59:    322 259 727 888 57 593 964 
stack 60:    877 800 437 889 661 143 700 
stack 61:    358 574 183 979 269 589 428 
stack 62:    145 671 664 50 679 892 652 
stack 63:    84 135 142 436 146 821 692 
stack 64:    65 539 743 200 989 735 584 
stack 65:    77 499 317 47 885 488 409 
stack 66:    640 239 723 791 729 273 847 
stack 67:    402 913 911 587 624 228 192 
stack 68:    231 809 668 432 162 797 220 
stack 69:    378 767 133 599 418 812 397 
stack 70:    672 551 438 414 289 386 222 
stack 71:    205 131 282 874 835 554 201 
stack 72:    275 854 688 563 301 805 445 
stack 73:    986 674 392 63 484 588 132 
stack 74:    327 959 944 879 213 129 311 
stack 75:    104 613 747 194 581 429 121 
stack 76:    465 331 90 458 235 622 839 
stack 77:    716 272 267 168 442 434 387 
stack 78:    616 130 620 905 935 292 497 
stack 79:    278 603 897 88 571 260 406 
stack 80:    601 364 115 703 639 823 930 
stack 81:    591 441 435 918 61 570 472 
stack 82:    337 598 225 779 456 583 982 
stack 83:    705 175 368 398 109 172 93 
stack 84:    82 315 483 965 708 880 576 
stack 85:    725 89 781 287 155 925 648 
stack 86:    
stack 87:    501 
stack 88:    503 
stack 89:    207 831 
stack 90:    505 502 
stack 91:    849 
stack 92:    
stack 93:    
stack 94:    
stack 95:    8 
stack 96:    184 586 803 
stack 97:    
stack 98:    
stack 99:    
stack 100:    13 
stack 101:    15 
stack 102:    457 124 113 
stack 103:    
stack 104:    19 
stack 105:    734 357 857 
stack 106:    405 
stack 107:    962 
stack 108:    
stack 109:    350 479 
stack 110:    377 312 359 412 
stack 111:    792 256 909 408 769 288 
stack 112:    244 
stack 113:    413 927 44 851 20 526 
stack 114:    28 160 861 751 199 173 
stack 115:    866 171 595 887 
stack 116:    802 698 197 730 541 
stack 117:    307 339 988 
stack 118:    112 762 299 
stack 119:    534 568 395 80 
stack 120:    765 683 819 
stack 121:    684 638 422 452 247 
stack 122:    193 530 254 833 678 356 54 
stack 123:    471 801 546 154 714 496 100 
stack 124:    416 190 916 712 186 961 
stack 125:    759 255 997 361 934 404 538 
stack 126:    910 612 480 216 912 478 983 
stack 127:    42 393 754 736 647 276 293 
stack 128:    474 425 389 689 375 830 665 
stack 129:    263 134 355 939 921 
stack 130:    827 882 376 872 763 206 493 
stack 131:    494 915 787 217 111 253 314 
stack 132:    475 343 904 578 249 704 46 
stack 133:    977 646 955 695 34 268 841 
stack 134:    755 895 718 629 66 204 837 
stack 135:    453 869 680 87 836 212 462 
stack 136:    477 485 933 691 991 421 433 
stack 137:    617 566 794 810 64 717 807 
stack 138:    383 907 330 237 686 489 49 
stack 139:    660 666 641 384 758 463 332 
stack 140:    370 602 91 533 783 400 829 
stack 141:    824 739 605 843 349 919 346 
stack 142:    336 316 444 746 569 814 367 
stack 143:    319 328 981 334 354 856 733 
stack 144:    651 943 954 325 626 401 956 
stack 145:    290 60 993 262 631 766 476 
stack 146:    390 419 369 326 832 101 750 
stack 147:    555 52 694 309 710 826 281 
stack 148:    347 838 564 994 976 720 340 
stack 149:    562 650 941 565 706 876 667 
stack 150:    59 78 870 298 636 304 295 
stack 151:    713 440 957 884 149 760 407 
stack 152:    649 675 230 486 51 185 604 
stack 153:    385 834 811 215 971 308 285 
stack 154:    949 958 669 701 980 303 227 
stack 155:    242 202 868 140 446 753 637 
stack 156:    898 628 992 495 55 147 693 
stack 157:    250 234 283 208 454 926 373 
stack 158:    450 561 71 975 209 742 662 
stack 159:    796 126 756 726 917 125 73 
stack 160:    492 487 931 886 96 291 211 
stack 161:    687 459 302 92 342 865 567 
stack 162:    365 164 81 614 619 321 136 
stack 163:    575 108 431 238 469 491 148 
stack 164:    850 607 995 744 697 85 974 
stack 165:    596 137 233 611 978 360 114 
stack 166:    150 466 447 790 470 427 871 
stack 167:    858 663 382 297 294 808 426 
stack 168:    448 842 817 645 394 770 379 
stack 169:    875 903 424 103 123 656 594 
stack 170:    940 451 844 702 966 241 156 
stack 171:    380 67 945 699 845 711 83 

#####################################################

solved with: SP.constructive_heuristics.GeneralHeuristic
time limit: 3600.0 s
time to solve: 0,00 s
objective value: 1329888.66

stacks (top to bottom):
stack 0:    596 512 198 2 432 912 926 
stack 1:    564 154 232 257 606 925 667 
stack 2:    443 825 520 39 111 624 507 
stack 3:    115 671 460 600 69 97 400 
stack 4:    453 746 902 405 295 125 303 
stack 5:    393 568 140 863 489 117 35 
stack 6:    854 834 937 226 16 588 625 
stack 7:    905 955 702 118 662 212 461 
stack 8:    391 130 216 942 274 18 341 
stack 9:    725 877 736 953 116 576 693 
stack 10:    698 867 414 4 908 934 871 
stack 11:    587 495 590 158 51 731 583 
stack 12:    709 399 127 382 677 221 841 
stack 13:    334 617 233 789 9 622 456 
stack 14:    817 67 23 819 297 750 180 
stack 15:    915 210 440 217 149 980 49 
stack 16:    328 911 415 561 251 582 880 
stack 17:    202 716 791 470 54 547 847 
stack 18:    741 543 518 573 595 229 521 
stack 19:    249 435 989 830 994 783 308 
stack 20:    675 55 997 535 773 772 271 
stack 21:    347 385 824 585 57 605 549 
stack 22:    640 628 214 635 408 938 397 
stack 23:    161 777 597 418 40 373 542 
stack 24:    137 99 452 138 970 218 428 
stack 25:    153 250 395 437 979 500 740 
stack 26:    723 265 166 360 569 407 567 
stack 27:    104 91 846 641 244 371 488 
stack 28:    715 914 259 350 141 19 220 
stack 29:    650 193 457 859 403 775 83 
stack 30:    378 89 77 578 29 487 455 
stack 31:    381 327 103 965 498 519 321 
stack 32:    84 809 219 164 345 712 799 
stack 33:    494 555 800 255 629 745 167 
stack 34:    492 718 424 670 537 803 513 
stack 35:    351 0 969 78 482 62 589 
stack 36:    224 505 176 31 532 238 837 
stack 37:    263 413 337 234 207 891 917 
stack 38:    477 945 607 280 384 929 999 
stack 39:    657 875 175 861 967 37 692 
stack 40:    24 123 944 889 916 446 143 
stack 41:    444 44 313 710 726 387 632 
stack 42:    898 322 932 335 744 75 556 
stack 43:    275 860 577 30 190 866 839 
stack 44:    933 998 802 352 197 359 594 
stack 45:    358 949 119 958 312 454 338 
stack 46:    262 574 95 546 769 173 706 
stack 47:    290 864 301 849 720 704 479 
stack 48:    601 448 205 142 972 100 340 
stack 49:    431 751 509 739 682 148 985 
stack 50:    559 159 613 536 691 394 279 
stack 51:    48 126 17 168 266 169 439 
stack 52:    60 633 611 183 661 32 770 
stack 53:    485 890 654 253 797 388 76 
stack 54:    796 363 883 510 909 833 964 
stack 55:    449 647 893 873 644 346 367 
stack 56:    306 727 793 486 517 865 228 
stack 57:    231 872 325 468 550 906 831 
stack 58:    545 962 349 182 836 427 73 
stack 59:    451 106 552 580 581 584 285 
stack 60:    438 952 638 355 320 822 921 
stack 61:    362 370 903 366 765 828 636 
stack 62:    419 50 683 679 572 307 735 
stack 63:    336 178 339 708 515 780 557 
stack 64:    728 763 776 377 966 109 293 
stack 65:    28 651 927 195 957 333 696 
stack 66:    474 272 174 34 808 430 538 
stack 67:    562 666 602 124 188 187 420 
stack 68:    842 506 522 459 56 554 374 
stack 69:    131 758 599 45 472 987 876 
stack 70:    380 940 292 296 120 894 886 
stack 71:    752 514 331 186 129 192 469 
stack 72:    563 850 163 853 832 423 806 
stack 73:    184 59 684 586 690 311 700 
stack 74:    719 943 918 25 401 782 132 
stack 75:    160 904 768 7 991 593 222 
stack 76:    551 923 924 856 171 110 291 
stack 77:    534 664 471 977 813 58 525 
stack 78:    993 323 464 844 112 283 680 
stack 79:    616 6 36 71 748 204 410 
stack 80:    882 499 681 801 975 107 85 
stack 81:    621 206 762 524 899 730 248 
stack 82:    425 256 781 254 689 821 304 
stack 83:    639 687 66 194 892 11 79 
stack 84:    135 778 879 528 264 604 982 
stack 85:    771 612 838 463 711 43 829 
stack 86:    10 754 673 896 810 729 53 
stack 87:    623 897 646 155 191 976 812 
stack 88:    674 981 330 618 165 721 170 
stack 89:    539 94 805 252 565 215 652 
stack 90:    52 15 884 300 541 816 236 
stack 91:    910 878 458 885 946 429 121 
stack 92:    475 703 230 317 995 361 240 
stack 93:    65 364 659 289 978 434 870 
stack 94:    660 553 122 88 697 433 3 
stack 95:    713 390 309 392 267 314 136 
stack 96:    150 344 790 209 835 742 324 
stack 97:    348 465 676 203 276 298 857 
stack 98:    315 181 61 286 353 70 241 
stack 99:    417 668 64 701 128 442 558 
stack 100:    278 973 868 737 714 707 502 
stack 101:    620 820 959 105 852 208 610 
stack 102:    649 416 389 354 941 421 462 
stack 103:    316 237 146 779 14 508 426 
stack 104:    757 72 540 490 996 504 409 
stack 105:    901 544 326 258 529 404 656 
stack 106:    225 162 848 245 114 491 227 
stack 107:    305 134 261 990 20 961 102 
stack 108:    591 501 133 369 874 888 900 
stack 109:    907 663 282 951 630 695 930 
stack 110:    755 785 592 627 12 643 211 
stack 111:    603 376 631 199 332 845 637 
stack 112:    26 954 179 87 329 619 268 
stack 113:    343 579 931 185 201 939 526 
stack 114:    609 63 80 717 608 804 862 
stack 115:    108 86 516 614 196 784 753 
stack 116:    441 27 496 699 147 919 795 
stack 117:    913 447 786 922 968 288 648 
stack 118:    383 531 436 749 270 478 798 
stack 119:    90 928 411 984 318 760 920 
stack 120:    575 645 375 113 947 8 281 
stack 121:    396 818 47 738 246 634 139 
stack 122:    243 422 669 81 223 156 826 
stack 123:    598 851 412 658 152 406 172 
stack 124:    642 177 759 766 96 971 983 
stack 125:    694 794 38 144 1 247 213 
stack 126:    145 827 82 530 533 571 379 
stack 127:    319 705 242 22 483 756 724 
stack 128:    13 761 189 101 869 948 686 
stack 129:    33 653 277 302 963 988 936 
stack 130:    239 672 787 734 685 807 46 
stack 131:    357 732 733 386 269 956 74 
stack 132:    503 481 527 484 626 342 284 
stack 133:    5 840 450 747 935 356 476 
stack 134:    466 881 365 493 823 843 570 
stack 135:    42 688 157 792 445 548 497 
stack 136:    992 722 368 98 398 294 473 
stack 137:    655 200 287 743 372 467 950 
stack 138:    986 21 858 764 615 887 93 
stack 139:    310 41 895 92 960 151 974 
stack 140:    402 560 811 235 260 273 
stack 141:    480 767 678 665 
stack 142:    523 511 815 814 
stack 143:    855 774 788 
stack 144:    
stack 145:    299 
stack 146:    566 
stack 147:    68 
stack 148:    
stack 149:    
stack 150:    
stack 151:    
stack 152:    
stack 153:    
stack 154:    
stack 155:    
stack 156:    
stack 157:    
stack 158:    
stack 159:    
stack 160:    
stack 161:    
stack 162:    
stack 163:    
stack 164:    
stack 165:    
stack 166:    
stack 167:    
stack 168:    
stack 169:    
stack 170:    
stack 171:    
