lower bound for relaxed s_ij: 310014.06

#####################################################

solved with: SP.mip_formulations.BinPackingFormulation
time limit: 1800.0 s
time to solve: 1057,85 s
objective value: 310020.12

stacks (top to bottom):
stack 0:    
stack 1:    
stack 2:    
stack 3:    253 
stack 4:    254 
stack 5:    
stack 6:    6 
stack 7:    
stack 8:    258 
stack 9:    248 179 78 9 151 68 
stack 10:    10 141 475 331 314 349 83 
stack 11:    191 54 142 498 285 239 381 
stack 12:    382 176 212 193 140 469 12 
stack 13:    109 241 479 183 182 495 18 
stack 14:    199 111 390 267 317 264 243 
stack 15:    473 306 233 265 326 353 348 
stack 16:    266 139 85 408 34 25 477 
stack 17:    396 398 295 234 208 282 238 
stack 18:    268 394 427 163 499 180 41 
stack 19:    374 310 422 89 323 324 19 
stack 20:    312 275 347 309 246 368 96 
stack 21:    321 451 59 38 388 486 328 
stack 22:    272 329 53 129 425 57 360 
stack 23:    95 421 273 337 161 223 410 
stack 24:    143 187 441 417 132 440 206 
stack 25:    155 443 46 419 450 116 69 
stack 26:    497 412 43 340 424 342 488 
stack 27:    436 406 236 218 162 30 110 
stack 28:    88 28 126 461 308 130 42 
stack 29:    352 361 332 195 384 121 77 
stack 30:    494 471 418 207 62 474 66 
stack 31:    188 327 201 93 159 480 369 
stack 32:    56 134 65 172 197 339 372 
stack 33:    227 114 429 60 344 458 464 
stack 34:    91 385 377 115 79 481 175 
stack 35:    164 35 137 345 127 405 338 
stack 36:    235 222 200 358 476 160 462 
stack 37:    45 334 165 81 190 145 393 
stack 38:    63 375 153 71 70 245 185 
stack 39:    301 133 58 112 103 97 44 
stack 40:    210 48 341 113 108 107 67 
stack 41:    413 378 291 311 457 47 228 
stack 42:    240 430 292 373 452 459 357 
stack 43:    355 166 122 325 216 138 435 
stack 44:    250 0 
stack 45:    251 1 
stack 46:    2 
stack 47:    3 252 
stack 48:    4 
stack 49:    5 255 
stack 50:    256 
stack 51:    257 8 7 
stack 52:    
stack 53:    483 259 105 189 174 303 26 
stack 54:    260 104 203 124 401 215 448 
stack 55:    383 11 261 131 478 73 72 
stack 56:    262 263 225 423 213 125 315 
stack 57:    13 487 49 229 411 244 313 
stack 58:    181 14 447 426 420 221 456 
stack 59:    404 119 472 15 449 230 194 
stack 60:    460 158 192 247 16 75 489 
stack 61:    55 296 170 150 168 298 17 
stack 62:    453 399 428 178 335 205 184 
stack 63:    269 167 157 231 20 336 434 
stack 64:    136 380 270 446 354 304 148 
stack 65:    438 305 147 409 271 21 211 
stack 66:    214 196 402 102 432 22 496 
stack 67:    491 364 94 186 149 146 23 
stack 68:    274 454 465 24 463 485 466 
stack 69:    387 376 356 371 302 359 346 
stack 70:    277 276 224 403 316 226 333 
stack 71:    493 177 415 297 445 76 27 
stack 72:    278 320 482 467 433 365 74 
stack 73:    389 82 490 299 400 279 29 
stack 74:    217 209 87 280 52 171 470 
stack 75:    281 120 392 202 128 363 31 
stack 76:    367 407 242 249 32 169 135 
stack 77:    283 50 64 86 80 33 61 
stack 78:    293 284 237 98 144 106 416 
stack 79:    437 330 343 370 123 117 84 
stack 80:    204 36 90 395 286 154 442 
stack 81:    287 118 232 152 37 51 397 
stack 82:    439 414 366 391 379 288 99 
stack 83:    294 322 351 173 39 484 289 
stack 84:    198 362 156 386 290 40 431 
stack 85:    350 319 92 307 219 220 444 
stack 86:    468 318 300 101 492 100 455 

#####################################################

solved with: SP.constructive_heuristics.GeneralHeuristic
time limit: 1800.0 s
time to solve: 0,00 s
objective value: 335800.32

stacks (top to bottom):
stack 0:    473 374 59 122 29 190 393 
stack 1:    278 271 482 426 156 444 42 
stack 2:    147 104 133 310 207 97 223 
stack 3:    201 28 474 72 19 66 324 
stack 4:    11 210 414 151 161 23 410 
stack 5:    204 277 389 237 447 218 456 
stack 6:    352 376 265 317 225 32 52 
stack 7:    383 109 451 358 245 466 18 
stack 8:    438 35 347 112 349 229 31 
stack 9:    101 123 88 386 221 34 107 
stack 10:    421 266 203 105 64 255 174 
stack 11:    269 82 287 117 425 480 110 
stack 12:    193 340 471 285 15 446 228 
stack 13:    412 149 475 377 469 79 455 
stack 14:    233 181 168 219 411 51 368 
stack 15:    235 120 312 261 124 470 357 
stack 16:    419 351 65 80 21 420 77 
stack 17:    102 86 290 113 1 194 313 
stack 18:    483 268 92 103 280 145 464 
stack 19:    439 43 263 202 273 76 75 
stack 20:    306 307 170 85 427 205 17 
stack 21:    413 406 209 296 450 33 30 
stack 22:    430 373 494 363 37 315 462 
stack 23:    95 198 188 227 492 159 169 
stack 24:    177 200 418 334 401 247 326 
stack 25:    301 46 291 479 390 254 244 
stack 26:    378 453 387 48 422 146 172 
stack 27:    260 212 490 400 362 481 252 
stack 28:    222 295 83 73 348 180 135 
stack 29:    262 240 38 24 445 424 484 
stack 30:    63 90 13 49 371 354 489 
stack 31:    293 443 9 183 192 316 477 
stack 32:    472 16 478 0 323 175 148 
stack 33:    350 428 217 331 417 289 282 
stack 34:    118 158 343 370 84 220 353 
stack 35:    330 432 126 100 369 461 67 
stack 36:    294 361 128 398 485 337 213 
stack 37:    232 329 231 115 25 258 365 
stack 38:    54 396 292 407 452 215 328 
stack 39:    493 415 465 366 388 81 381 
stack 40:    382 404 251 58 137 288 496 
stack 41:    111 236 178 98 150 182 121 
stack 42:    241 392 275 71 342 238 416 
stack 43:    248 409 179 264 189 243 256 
stack 44:    259 89 154 12 26 360 434 
stack 45:    134 39 2 184 22 458 230 
stack 46:    321 454 153 165 99 476 372 
stack 47:    491 4 191 242 187 234 448 
stack 48:    214 272 498 78 208 457 449 
stack 49:    5 437 327 53 433 129 160 
stack 50:    274 141 276 385 341 130 206 
stack 51:    283 299 173 250 314 70 423 
stack 52:    199 318 468 300 93 163 304 
stack 53:    136 143 8 380 3 463 488 
stack 54:    257 166 138 27 325 171 69 
stack 55:    10 441 47 286 431 442 346 
stack 56:    56 224 246 249 311 345 384 
stack 57:    460 20 429 302 298 226 74 
stack 58:    55 87 140 267 127 197 68 
stack 59:    284 322 319 335 279 303 359 
stack 60:    355 375 297 216 7 435 41 
stack 61:    94 45 132 395 239 106 499 
stack 62:    176 364 436 119 379 391 185 
stack 63:    253 320 44 131 459 339 96 
stack 64:    487 60 344 6 308 162 333 
stack 65:    281 36 399 467 403 408 108 
stack 66:    196 186 142 50 139 394 57 
stack 67:    164 91 195 309 62 405 336 
stack 68:    167 157 440 495 144 338 61 
stack 69:    497 305 332 356 152 116 397 
stack 70:    155 486 125 
stack 71:    402 14 40 211 
stack 72:    270 
stack 73:    114 
stack 74:    367 
stack 75:    
stack 76:    
stack 77:    
stack 78:    
stack 79:    
stack 80:    
stack 81:    
stack 82:    
stack 83:    
stack 84:    
stack 85:    
stack 86:    
