solved with: SP.post_optimization_methods.TabuSearch
time limit: 1800.0 s
time to solve: 416,11 s
objective value: 310029.8

stacks (top to bottom):
stack 0:    
stack 1:    
stack 2:    252 
stack 3:    
stack 4:    
stack 5:    5 
stack 6:    
stack 7:    
stack 8:    258 8 
stack 9:    415 9 260 12 264 
stack 10:    261 280 380 77 27 354 10 
stack 11:    17 131 449 70 284 20 480 
stack 12:    398 479 262 291 15 273 13 
stack 13:    170 386 30 278 377 431 141 
stack 14:    413 228 24 365 104 242 268 
stack 15:    409 320 217 85 395 389 76 
stack 16:    399 442 382 401 87 148 94 
stack 17:    106 181 330 213 63 438 188 
stack 18:    99 74 275 19 313 200 495 
stack 19:    410 127 166 276 488 311 209 
stack 20:    61 21 109 416 387 489 325 
stack 21:    196 344 75 484 271 440 183 
stack 22:    46 154 334 241 195 69 370 
stack 23:    25 243 310 247 283 453 441 
stack 24:    82 292 64 346 339 472 29 
stack 25:    319 178 322 39 420 174 246 
stack 26:    463 285 363 60 299 461 486 
stack 27:    289 372 286 476 390 423 231 
stack 28:    220 464 98 57 314 80 123 
stack 29:    375 184 38 332 465 318 180 
stack 30:    45 146 394 305 67 294 348 
stack 31:    159 249 384 31 210 62 233 
stack 32:    360 412 89 244 245 374 111 
stack 33:    359 160 202 443 176 56 42 
stack 34:    337 357 385 224 84 458 226 
stack 35:    439 144 490 114 287 435 366 
stack 36:    102 78 457 396 93 451 362 
stack 37:    307 130 136 47 212 135 321 
stack 38:    140 216 407 115 88 167 424 
stack 39:    236 132 462 133 204 229 172 
stack 40:    329 452 342 92 215 125 312 
stack 41:    434 335 393 161 153 381 157 
stack 42:    341 199 391 309 151 230 459 
stack 43:    345 338 175 303 336 444 343 
stack 44:    0 250 
stack 45:    1 251 
stack 46:    2 
stack 47:    253 3 
stack 48:    254 
stack 49:    4 255 
stack 50:    256 6 
stack 51:    267 257 
stack 52:    7 
stack 53:    259 497 194 429 477 28 352 
stack 54:    422 402 282 164 206 52 205 
stack 55:    227 14 165 187 18 11 22 
stack 56:    421 263 234 432 124 49 425 
stack 57:    333 265 134 128 110 66 324 
stack 58:    279 32 101 48 155 266 467 
stack 59:    122 16 162 53 356 40 326 
stack 60:    81 498 316 400 193 436 447 
stack 61:    368 492 308 470 269 376 437 
stack 62:    149 79 23 302 139 112 235 
stack 63:    68 347 55 142 349 34 405 
stack 64:    288 177 240 361 270 173 304 
stack 65:    65 272 214 35 168 455 379 
stack 66:    297 281 192 143 323 274 113 
stack 67:    300 239 481 208 454 158 185 
stack 68:    403 222 373 26 186 306 197 
stack 69:    388 36 383 475 117 103 150 
stack 70:    466 460 290 494 86 116 482 
stack 71:    327 71 277 445 118 417 446 
stack 72:    163 369 137 182 428 83 190 
stack 73:    328 499 37 392 73 331 96 
stack 74:    33 198 201 51 448 169 296 
stack 75:    237 225 248 219 121 406 138 
stack 76:    152 207 105 232 433 427 456 
stack 77:    72 483 450 211 350 238 358 
stack 78:    126 315 100 371 41 496 108 
stack 79:    119 293 95 58 419 90 474 
stack 80:    44 91 408 301 491 203 191 
stack 81:    147 493 129 120 156 364 353 
stack 82:    54 317 179 426 378 107 487 
stack 83:    468 473 414 404 171 418 221 
stack 84:    218 340 469 223 59 397 351 
stack 85:    485 189 295 367 411 50 298 
stack 86:    97 471 43 145 478 355 430 

#####################################################

solved with: SP.post_optimization_methods.HillClimbing
time limit: 1800.0 s
time to solve: 207,97 s
objective value: 310026.18

stacks (top to bottom):
stack 0:    
stack 1:    
stack 2:    252 
stack 3:    
stack 4:    
stack 5:    5 
stack 6:    7 
stack 7:    
stack 8:    258 8 
stack 9:    170 267 14 89 18 
stack 10:    261 24 442 280 87 12 10 
stack 11:    403 320 363 262 271 123 273 
stack 12:    25 82 471 145 276 90 424 
stack 13:    17 249 63 384 19 195 206 
stack 14:    473 201 208 318 115 20 29 
stack 15:    289 99 275 301 283 266 73 
stack 16:    21 178 498 400 121 84 458 
stack 17:    237 388 488 438 291 356 354 
stack 18:    410 192 31 336 35 168 191 
stack 19:    78 450 38 332 395 194 461 
stack 20:    61 310 341 372 293 407 26 
stack 21:    198 187 30 116 193 245 50 
stack 22:    236 464 432 124 58 28 180 
stack 23:    409 132 373 23 232 435 440 
stack 24:    74 449 199 64 390 200 370 
stack 25:    334 161 215 303 362 76 42 
stack 26:    345 234 60 85 88 209 486 
stack 27:    319 243 470 103 428 34 111 
stack 28:    463 317 285 399 382 77 242 
stack 29:    140 434 337 347 69 235 183 
stack 30:    196 68 152 492 469 404 171 
stack 31:    126 398 179 374 321 489 226 
stack 32:    386 47 478 224 141 437 298 
stack 33:    184 481 377 212 325 185 138 
stack 34:    315 100 313 338 49 472 246 
stack 35:    307 485 182 308 392 323 148 
stack 36:    44 421 490 299 176 190 348 
stack 37:    300 412 227 136 173 311 480 
stack 38:    484 475 322 391 120 353 441 
stack 39:    360 102 465 389 188 174 150 
stack 40:    127 86 142 448 59 156 52 
stack 41:    239 45 225 316 135 406 430 
stack 42:    468 402 97 414 117 351 453 
stack 43:    54 220 144 408 339 401 352 
stack 44:    0 250 
stack 45:    1 251 
stack 46:    2 
stack 47:    253 3 
stack 48:    254 
stack 49:    4 255 
stack 50:    256 6 
stack 51:    257 
stack 52:    268 
stack 53:    259 9 217 114 445 169 56 
stack 54:    218 260 394 355 270 11 405 
stack 55:    413 37 41 286 274 456 197 
stack 56:    476 417 462 157 264 296 13 
stack 57:    499 263 48 143 221 107 27 
stack 58:    359 346 155 306 15 397 40 
stack 59:    265 282 16 436 447 22 304 
stack 60:    272 119 137 160 112 94 482 
stack 61:    33 81 189 36 344 479 324 
stack 62:    439 159 314 393 427 125 204 
stack 63:    368 369 269 287 396 230 495 
stack 64:    79 163 460 154 216 207 229 
stack 65:    452 380 104 429 203 96 425 
stack 66:    131 292 91 241 70 496 118 
stack 67:    288 279 32 129 494 219 431 
stack 68:    330 333 165 278 361 244 248 
stack 69:    385 454 162 39 55 167 364 
stack 70:    228 327 457 419 113 133 366 
stack 71:    98 277 365 284 186 451 335 
stack 72:    415 46 297 371 381 467 343 
stack 73:    106 466 222 423 433 444 233 
stack 74:    422 328 281 202 153 326 474 
stack 75:    177 122 211 53 418 378 411 
stack 76:    383 349 139 158 302 305 66 
stack 77:    130 340 51 426 367 358 231 
stack 78:    290 101 213 416 379 331 62 
stack 79:    329 57 80 175 376 105 83 
stack 80:    387 214 151 309 491 477 172 
stack 81:    375 134 295 357 483 350 238 
stack 82:    71 342 93 92 446 455 108 
stack 83:    149 166 72 164 205 487 312 
stack 84:    65 146 147 497 110 294 459 
stack 85:    240 75 493 128 223 67 420 
stack 86:    181 43 109 247 210 95 443 
