solved with: SP.post_optimization_methods.TabuSearch
time limit: 1800.0 s
time to solve: 215,50 s
objective value: 310023.74

stacks (top to bottom):
stack 0:    
stack 1:    
stack 2:    
stack 3:    253 
stack 4:    254 
stack 5:    
stack 6:    6 
stack 7:    
stack 8:    258 
stack 9:    109 241 9 444 61 
stack 10:    10 266 263 16 336 365 135 
stack 11:    65 271 150 60 403 290 348 
stack 12:    320 236 490 15 345 264 393 
stack 13:    412 48 13 311 342 122 423 
stack 14:    268 426 129 107 108 17 462 
stack 15:    402 124 363 265 174 449 18 
stack 16:    497 104 399 212 85 362 360 
stack 17:    436 105 49 64 302 429 57 
stack 18:    275 103 27 280 29 145 496 
stack 19:    439 274 273 202 270 207 19 
stack 20:    186 306 220 226 359 110 42 
stack 21:    281 438 277 291 178 80 51 
stack 22:    36 237 114 318 432 461 67 
stack 23:    198 227 101 492 100 162 30 
stack 24:    454 45 418 309 457 466 315 
stack 25:    54 301 407 43 478 180 175 
stack 26:    164 374 422 172 384 189 194 
stack 27:    199 453 149 332 179 156 72 
stack 28:    321 222 367 146 340 83 160 
stack 29:    292 187 225 349 405 121 499 
stack 30:    209 92 39 377 467 338 489 
stack 31:    473 143 297 486 282 357 69 
stack 32:    293 443 46 193 183 192 144 
stack 33:    350 428 417 331 216 289 99 
stack 34:    158 102 300 84 468 474 353 
stack 35:    330 201 93 88 159 126 324 
stack 36:    248 294 310 242 76 337 485 
stack 37:    385 487 232 329 218 408 130 
stack 38:    396 334 452 246 288 328 75 
stack 39:    366 465 415 153 388 81 381 
stack 40:    136 356 351 181 316 40 333 
stack 41:    111 224 116 450 182 447 339 
stack 42:    94 58 347 127 488 238 185 
stack 43:    176 147 322 475 482 190 245 
stack 44:    250 0 
stack 45:    251 1 
stack 46:    2 
stack 47:    3 252 
stack 48:    4 
stack 49:    5 255 
stack 50:    256 
stack 51:    257 8 7 
stack 52:    259 
stack 53:    210 260 261 24 71 125 470 
stack 54:    11 177 120 59 424 151 325 
stack 55:    383 262 35 234 12 431 313 
stack 56:    188 117 28 425 33 480 211 
stack 57:    269 421 298 184 205 308 148 
stack 58:    382 389 267 140 14 20 21 
stack 59:    404 119 249 441 44 247 96 
stack 60:    196 341 53 420 458 169 397 
stack 61:    378 390 112 303 77 26 74 
stack 62:    483 392 463 379 23 171 223 
stack 63:    451 355 358 445 138 372 41 
stack 64:    142 272 276 319 170 279 344 
stack 65:    204 409 239 89 131 243 354 
stack 66:    56 335 157 433 22 34 346 
stack 67:    406 361 283 217 90 427 25 
stack 68:    376 479 395 132 106 244 206 
stack 69:    91 296 173 32 229 477 442 
stack 70:    352 278 285 440 484 70 68 
stack 71:    235 373 494 37 286 31 368 
stack 72:    284 82 233 371 79 411 326 
stack 73:    287 343 460 86 219 73 228 
stack 74:    240 200 133 295 472 154 434 
stack 75:    63 312 38 375 166 391 416 
stack 76:    141 387 78 498 401 314 495 
stack 77:    134 118 437 370 123 113 410 
stack 78:    155 191 299 50 469 221 386 
stack 79:    491 493 414 165 52 213 464 
stack 80:    167 98 139 307 62 435 476 
stack 81:    214 327 168 115 163 369 66 
stack 82:    419 87 400 152 481 455 456 
stack 83:    128 137 195 208 97 215 448 
stack 84:    95 305 430 317 446 197 459 
stack 85:    203 394 231 47 230 323 304 
stack 86:    55 364 413 380 398 471 161 

#####################################################

solved with: SP.post_optimization_methods.HillClimbing
time limit: 1800.0 s
time to solve: 131,64 s
objective value: 310026.18

stacks (top to bottom):
stack 0:    
stack 1:    
stack 2:    
stack 3:    253 
stack 4:    254 
stack 5:    
stack 6:    6 
stack 7:    
stack 8:    9 258 
stack 9:    259 123 386 163 420 
stack 10:    10 266 376 209 448 18 42 
stack 11:    355 451 24 414 59 151 282 
stack 12:    204 320 471 112 264 16 12 
stack 13:    54 13 302 429 226 25 17 
stack 14:    268 92 103 440 23 280 69 
stack 15:    374 407 395 265 334 174 470 
stack 16:    147 248 419 218 34 21 480 
stack 17:    269 168 20 349 411 458 211 
stack 18:    281 454 275 45 202 161 288 
stack 19:    287 158 227 28 117 369 346 
stack 20:    193 39 351 307 427 455 308 
stack 21:    104 413 408 57 130 30 397 
stack 22:    274 409 239 494 363 37 29 
stack 23:    198 101 318 468 492 159 456 
stack 24:    196 149 124 418 96 228 313 
stack 25:    301 291 498 479 105 215 488 
stack 26:    378 387 146 131 384 286 75 
stack 27:    352 412 400 403 362 206 110 
stack 28:    210 295 234 368 83 73 148 
stack 29:    443 183 139 192 85 426 33 
stack 30:    305 111 390 127 405 106 381 
stack 31:    437 201 102 108 220 67 194 
stack 32:    35 246 285 401 326 323 175 
stack 33:    389 217 78 331 314 449 244 
stack 34:    118 343 370 84 290 353 324 
stack 35:    93 432 88 126 100 333 66 
stack 36:    120 310 128 165 337 435 160 
stack 37:    91 141 133 391 122 289 99 
stack 38:    312 396 43 132 452 311 328 
stack 39:    200 366 465 153 388 486 485 
stack 40:    473 235 242 58 51 359 431 
stack 41:    109 319 236 296 182 219 348 
stack 42:    483 404 292 392 166 423 357 
stack 43:    382 134 157 87 62 144 169 
stack 44:    250 0 
stack 45:    251 1 
stack 46:    2 
stack 47:    3 252 
stack 48:    4 
stack 49:    5 255 
stack 50:    256 
stack 51:    257 8 7 
stack 52:    
stack 53:    262 273 263 347 472 44 360 
stack 54:    293 260 261 375 38 325 462 
stack 55:    383 11 155 406 441 208 19 
stack 56:    176 428 15 249 317 345 74 
stack 57:    487 279 60 298 22 344 135 
stack 58:    267 14 64 213 171 466 315 
stack 59:    48 335 65 49 31 47 336 
stack 60:    95 421 233 271 459 339 474 
stack 61:    136 439 453 475 152 446 70 
stack 62:    436 186 203 270 137 444 434 
stack 63:    491 399 341 450 79 447 393 
stack 64:    277 332 385 356 276 107 162 
stack 65:    241 361 322 272 469 467 86 
stack 66:    142 98 433 180 26 442 230 
stack 67:    63 457 225 247 495 338 464 
stack 68:    179 377 231 197 229 189 77 
stack 69:    55 237 329 394 371 115 40 
stack 70:    278 294 398 76 27 125 145 
stack 71:    199 167 330 300 481 316 461 
stack 72:    321 143 430 422 187 309 172 
stack 73:    140 116 170 129 205 113 72 
stack 74:    438 367 240 415 424 245 416 
stack 75:    214 36 373 340 195 138 216 
stack 76:    364 191 212 90 306 32 243 
stack 77:    283 299 50 150 184 477 496 
stack 78:    284 46 463 71 379 52 489 
stack 79:    493 445 81 342 484 476 41 
stack 80:    94 490 482 53 80 221 365 
stack 81:    164 177 380 119 417 207 97 
stack 82:    82 173 89 154 354 499 304 
stack 83:    56 460 327 114 156 425 410 
stack 84:    497 222 358 297 223 68 372 
stack 85:    402 350 188 181 238 190 185 
stack 86:    178 224 232 303 478 121 61 
