lower bound for relaxed s_ij: 310009.18

#####################################################

solved with: SP.mip_formulations.BinPackingFormulation
time limit: 1800.0 s
time to solve: 956,54 s
objective value: 310014.06

stacks (top to bottom):
stack 0:    
stack 1:    
stack 2:    252 
stack 3:    253 
stack 4:    
stack 5:    
stack 6:    6 
stack 7:    7 
stack 8:    
stack 9:    226 415 67 259 237 198 
stack 10:    292 99 481 172 218 45 353 
stack 11:    162 147 84 356 60 109 311 
stack 12:    494 424 418 12 383 77 293 
stack 13:    249 148 58 153 399 405 13 
stack 14:    90 120 397 232 334 184 163 
stack 15:    466 161 155 478 302 98 453 
stack 16:    305 394 233 225 191 328 236 
stack 17:    220 83 437 222 219 395 102 
stack 18:    53 42 488 364 362 268 18 
stack 19:    139 474 444 452 20 228 223 
stack 20:    316 300 462 168 439 363 151 
stack 21:    101 201 271 230 189 176 122 
stack 22:    339 76 82 208 272 298 178 
stack 23:    412 369 39 403 125 273 427 
stack 24:    434 408 227 425 407 187 185 
stack 25:    294 275 97 477 25 373 342 
stack 26:    368 224 331 229 323 341 167 
stack 27:    333 337 343 349 347 338 80 
stack 28:    419 497 463 482 329 306 145 
stack 29:    467 247 377 279 450 345 57 
stack 30:    440 492 391 433 330 388 280 
stack 31:    459 103 479 126 398 231 389 
stack 32:    93 131 44 385 358 141 335 
stack 33:    235 426 327 216 34 498 496 
stack 34:    297 396 213 173 143 116 214 
stack 35:    303 386 295 193 107 35 431 
stack 36:    51 468 68 436 65 196 480 
stack 37:    470 81 387 469 194 49 142 
stack 38:    89 188 114 379 322 332 432 
stack 39:    203 152 181 133 171 435 92 
stack 40:    416 414 50 471 491 202 455 
stack 41:    119 307 348 296 183 367 350 
stack 42:    417 186 46 429 100 211 52 
stack 43:    64 321 472 381 165 136 132 
stack 44:    250 0 
stack 45:    251 1 
stack 46:    3 2 
stack 47:    
stack 48:    254 4 
stack 49:    255 5 
stack 50:    256 
stack 51:    257 
stack 52:    8 258 
stack 53:    154 205 61 410 241 192 9 
stack 54:    10 361 260 456 43 66 71 
stack 55:    344 393 11 199 180 400 261 
stack 56:    320 85 248 234 473 460 262 
stack 57:    14 74 301 242 486 263 392 
stack 58:    372 264 15 113 88 108 134 
stack 59:    266 169 340 207 73 63 265 
stack 60:    443 16 32 402 493 413 446 
stack 61:    17 267 442 485 310 401 30 
stack 62:    158 352 129 366 118 209 159 
stack 63:    138 19 269 123 448 326 308 
stack 64:    21 287 221 210 95 270 111 
stack 65:    96 380 360 137 406 190 317 
stack 66:    378 55 336 318 22 304 313 
stack 67:    117 445 390 240 56 490 23 
stack 68:    464 24 458 476 274 489 212 
stack 69:    487 465 175 309 484 371 314 
stack 70:    215 62 135 75 26 27 276 
stack 71:    430 351 166 495 357 47 277 
stack 72:    149 278 441 177 28 312 182 
stack 73:    29 206 91 355 150 72 423 
stack 74:    86 324 421 382 422 197 420 
stack 75:    105 374 160 140 244 281 31 
stack 76:    299 164 87 282 112 195 170 
stack 77:    79 461 354 404 409 283 33 
stack 78:    411 217 94 365 146 284 128 
stack 79:    447 238 69 104 144 285 243 
stack 80:    483 290 454 157 359 286 36 
stack 81:    315 121 499 54 457 451 37 
stack 82:    370 110 70 246 179 288 38 
stack 83:    124 239 156 289 384 78 319 
stack 84:    438 200 325 204 375 40 115 
stack 85:    41 130 449 291 245 127 428 
stack 86:    376 48 346 475 106 174 59 

#####################################################

solved with: SP.constructive_heuristics.GeneralHeuristic
time limit: 1800.0 s
time to solve: 0,00 s
objective value: 337285.02

stacks (top to bottom):
stack 0:    404 364 191 405 72 280 312 
stack 1:    86 403 148 348 123 33 446 
stack 2:    316 393 64 366 106 425 159 
stack 3:    417 93 333 385 73 383 293 
stack 4:    414 289 429 211 43 431 353 
stack 5:    249 68 449 436 304 126 113 
stack 6:    90 50 27 67 146 480 80 
stack 7:    290 7 360 334 491 268 36 
stack 8:    447 275 391 463 97 428 349 
stack 9:    193 228 40 192 165 178 167 
stack 10:    416 215 208 216 408 358 276 
stack 11:    320 369 70 396 291 401 102 
stack 12:    164 461 315 309 170 308 111 
stack 13:    124 125 357 171 199 399 13 
stack 14:    464 135 382 367 253 179 285 
stack 15:    138 462 472 132 187 189 392 
stack 16:    10 339 46 44 327 115 311 
stack 17:    374 6 281 314 313 284 57 
stack 18:    378 87 488 296 202 127 323 
stack 19:    74 258 325 473 136 498 319 
stack 20:    61 375 321 172 441 38 177 
stack 21:    467 131 237 198 59 2 448 
stack 22:    21 430 351 117 495 232 359 
stack 23:    294 41 133 471 246 484 388 
stack 24:    295 166 220 264 492 65 262 
stack 25:    89 120 481 24 380 83 477 
stack 26:    440 160 336 88 322 134 45 
stack 27:    452 205 424 337 340 174 176 
stack 28:    303 354 158 324 238 153 231 
stack 29:    81 130 47 394 400 493 453 
stack 30:    175 411 20 224 407 52 185 
stack 31:    344 32 437 151 435 116 455 
stack 32:    51 42 240 56 387 196 326 
stack 33:    300 418 121 499 207 475 331 
stack 34:    465 201 376 368 235 227 78 
stack 35:    200 107 54 458 9 427 341 
stack 36:    242 409 58 213 269 379 128 
stack 37:    75 282 486 476 63 342 420 
stack 38:    210 19 254 245 439 478 225 
stack 39:    53 459 318 22 469 332 496 
stack 40:    3 370 454 260 497 180 451 
stack 41:    8 487 16 356 350 450 335 
stack 42:    105 152 137 183 273 66 30 
stack 43:    226 361 203 12 233 190 259 
stack 44:    468 474 162 217 204 410 279 
stack 45:    101 29 434 263 229 209 317 
stack 46:    55 419 119 95 307 98 288 
stack 47:    251 386 79 292 397 244 286 
stack 48:    39 99 297 460 112 161 141 
stack 49:    234 248 222 365 371 25 37 
stack 50:    188 301 154 94 343 402 345 
stack 51:    257 390 270 35 306 23 71 
stack 52:    156 76 147 433 195 173 261 
stack 53:    346 241 310 243 265 212 182 
stack 54:    438 139 114 362 421 329 194 
stack 55:    17 96 11 15 18 236 28 
stack 56:    82 129 84 415 169 109 489 
stack 57:    483 1 110 181 406 143 395 
stack 58:    239 206 256 218 230 122 4 
stack 59:    62 377 186 426 384 34 31 
stack 60:    149 255 26 442 271 60 298 
stack 61:    221 422 277 363 355 457 77 
stack 62:    14 140 103 479 108 145 432 
stack 63:    85 69 157 482 252 104 389 
stack 64:    372 278 283 398 490 49 338 
stack 65:    494 118 223 302 219 456 92 
stack 66:    267 466 305 168 184 144 0 
stack 67:    247 444 352 381 274 328 142 
stack 68:    272 100 5 163 423 
stack 69:    48 485 150 373 
stack 70:    299 266 470 443 91 250 413 
stack 71:    412 287 347 
stack 72:    330 214 
stack 73:    445 
stack 74:    197 
stack 75:    155 
stack 76:    
stack 77:    
stack 78:    
stack 79:    
stack 80:    
stack 81:    
stack 82:    
stack 83:    
stack 84:    
stack 85:    
stack 86:    
