solved with: SP.post_optimization_methods.TabuSearch
time limit: 1800.0 s
time to solve: 262,02 s
objective value: 310016.5

stacks (top to bottom):
stack 0:    
stack 1:    251 
stack 2:    2 
stack 3:    3 
stack 4:    
stack 5:    
stack 6:    256 
stack 7:    7 
stack 8:    259 
stack 9:    260 269 13 262 423 
stack 10:    173 249 267 272 10 37 282 
stack 11:    287 402 261 264 457 338 236 
stack 12:    96 66 46 263 12 248 50 
stack 13:    407 394 484 279 33 15 217 
stack 14:    142 14 480 323 453 419 24 
stack 15:    78 206 393 306 438 455 16 
stack 16:    89 384 58 20 61 294 426 
stack 17:    178 458 268 491 485 124 395 
stack 18:    449 409 450 270 27 364 371 
stack 19:    28 468 172 336 64 286 194 
stack 20:    71 161 22 340 77 245 275 
stack 21:    391 133 385 467 374 221 343 
stack 22:    285 242 280 346 305 91 304 
stack 23:    240 49 446 191 148 35 274 
stack 24:    441 210 349 373 163 216 366 
stack 25:    479 246 190 54 319 292 136 
stack 26:    434 231 281 233 357 41 456 
stack 27:    29 293 466 39 488 311 334 
stack 28:    90 112 396 38 339 179 463 
stack 29:    44 243 400 207 146 224 94 
stack 30:    333 494 344 117 227 183 440 
stack 31:    122 472 318 352 290 86 95 
stack 32:    164 437 70 81 353 215 299 
stack 33:    308 129 230 229 160 390 84 
stack 34:    376 498 316 499 171 131 208 
stack 35:    314 370 439 102 87 198 145 
stack 36:    417 156 375 378 401 123 174 
stack 37:    359 372 335 65 291 155 144 
stack 38:    415 489 300 483 247 309 170 
stack 39:    47 203 447 356 321 386 85 
stack 40:    397 168 355 392 57 223 433 
stack 41:    469 202 111 486 97 220 200 
stack 42:    53 328 212 403 137 296 67 
stack 43:    213 413 361 51 406 169 72 
stack 44:    0 250 
stack 45:    1 
stack 46:    252 
stack 47:    253 
stack 48:    254 4 
stack 49:    5 255 
stack 50:    6 
stack 51:    257 
stack 52:    8 258 
stack 53:    490 132 284 18 9 324 19 
stack 54:    365 414 68 273 431 159 380 
stack 55:    63 11 98 126 17 278 21 
stack 56:    271 115 388 120 302 113 48 
stack 57:    460 389 358 69 420 412 496 
stack 58:    114 204 176 354 192 462 277 
stack 59:    149 62 196 141 276 265 157 
stack 60:    135 266 184 128 465 329 445 
stack 61:    56 177 118 425 442 34 88 
stack 62:    451 108 139 387 310 23 421 
stack 63:    320 327 103 237 487 147 435 
stack 64:    26 432 288 428 25 165 454 
stack 65:    411 332 30 429 181 75 317 
stack 66:    127 239 476 405 430 55 154 
stack 67:    83 205 32 303 60 226 331 
stack 68:    152 399 218 199 130 315 209 
stack 69:    238 422 410 443 289 158 297 
stack 70:    471 322 186 182 138 31 134 
stack 71:    307 153 82 79 104 473 404 
stack 72:    351 283 464 150 330 109 295 
stack 73:    350 427 166 377 326 362 105 
stack 74:    151 418 106 52 379 493 197 
stack 75:    125 298 241 348 459 195 244 
stack 76:    381 232 36 345 74 478 337 
stack 77:    43 369 492 143 119 475 185 
stack 78:    187 436 312 368 42 80 140 
stack 79:    470 121 444 448 424 222 367 
stack 80:    301 73 363 40 45 342 180 
stack 81:    93 398 225 92 360 76 382 
stack 82:    100 474 116 193 235 383 452 
stack 83:    211 162 408 107 167 101 497 
stack 84:    201 325 416 234 347 341 461 
stack 85:    477 99 189 110 59 228 175 
stack 86:    482 495 188 481 313 214 219 

#####################################################

solved with: SP.post_optimization_methods.HillClimbing
time limit: 1800.0 s
time to solve: 167,03 s
objective value: 310016.5

stacks (top to bottom):
stack 0:    
stack 1:    251 
stack 2:    2 
stack 3:    3 
stack 4:    
stack 5:    
stack 6:    256 
stack 7:    7 
stack 8:    259 
stack 9:    178 9 13 262 456 
stack 10:    333 267 422 82 98 79 41 
stack 11:    151 264 495 117 374 24 159 
stack 12:    28 225 172 76 46 263 265 
stack 13:    53 14 137 278 65 180 341 
stack 14:    211 413 434 498 207 16 104 
stack 15:    365 449 92 17 146 226 277 
stack 16:    43 229 129 20 143 19 382 
stack 17:    285 402 336 338 268 270 364 
stack 18:    213 238 410 147 248 54 84 
stack 19:    203 472 220 85 169 244 461 
stack 20:    441 494 156 139 126 224 105 
stack 21:    394 246 91 419 204 214 329 
stack 22:    115 49 453 412 33 38 339 
stack 23:    240 427 206 191 446 274 493 
stack 24:    388 398 436 103 97 400 290 
stack 25:    287 186 357 40 354 347 334 
stack 26:    417 415 482 30 385 124 48 
stack 27:    280 283 99 481 192 136 217 
stack 28:    125 114 332 128 464 34 426 
stack 29:    327 466 361 316 352 60 158 
stack 30:    414 56 344 247 459 31 215 
stack 31:    470 78 372 121 321 292 366 
stack 32:    96 133 183 80 442 140 445 
stack 33:    152 89 314 370 443 212 37 
stack 34:    469 51 108 378 102 345 291 
stack 35:    118 483 349 465 182 342 175 
stack 36:    184 474 457 458 353 222 367 
stack 37:    489 439 487 484 447 176 299 
stack 38:    242 298 241 106 485 233 234 
stack 39:    149 71 350 112 174 405 95 
stack 40:    164 116 42 235 452 119 475 
stack 41:    93 397 301 471 68 492 57 
stack 42:    407 293 64 305 450 109 304 
stack 43:    460 468 249 480 74 430 197 
stack 44:    0 250 
stack 45:    1 
stack 46:    252 
stack 47:    253 
stack 48:    254 4 
stack 49:    5 255 
stack 50:    6 
stack 51:    257 
stack 52:    8 258 
stack 53:    451 260 309 10 12 59 208 
stack 54:    384 261 408 269 431 273 295 
stack 55:    271 11 318 141 243 50 55 
stack 56:    393 22 35 435 15 362 21 
stack 57:    232 401 356 403 303 455 424 
stack 58:    201 26 391 409 355 88 275 
stack 59:    486 375 323 386 289 448 315 
stack 60:    266 18 167 25 181 165 454 
stack 61:    132 230 392 150 288 294 383 
stack 62:    44 381 300 491 488 337 317 
stack 63:    335 148 306 377 302 23 473 
stack 64:    52 110 198 228 145 478 113 
stack 65:    29 389 272 279 281 130 216 
stack 66:    411 66 189 313 190 429 433 
stack 67:    284 193 369 286 101 330 343 
stack 68:    312 177 227 276 27 463 282 
stack 69:    307 376 142 396 406 296 94 
stack 70:    328 420 496 245 404 421 155 
stack 71:    173 358 69 499 32 438 134 
stack 72:    325 111 202 199 131 195 209 
stack 73:    100 351 135 437 39 428 390 
stack 74:    73 346 236 36 171 319 170 
stack 75:    308 70 160 107 324 497 72 
stack 76:    490 368 418 432 61 194 380 
stack 77:    161 166 444 340 326 77 179 
stack 78:    162 196 379 219 185 67 144 
stack 79:    479 58 425 395 221 223 297 
stack 80:    63 187 127 231 153 467 86 
stack 81:    210 399 322 363 348 373 138 
stack 82:    477 218 81 168 188 440 75 
stack 83:    47 62 416 237 90 123 331 
stack 84:    239 360 476 45 423 157 154 
stack 85:    83 359 120 205 387 310 462 
stack 86:    320 122 87 200 163 311 371 
