lower bound for relaxed s_ij: 310032.24

#####################################################

solved with: SP.mip_formulations.BinPackingFormulation
time limit: 1800.0 s
time to solve: 452,20 s
objective value: 310034.68

stacks (top to bottom):
stack 0:    
stack 1:    250 
stack 2:    
stack 3:    3 
stack 4:    4 
stack 5:    5 
stack 6:    
stack 7:    258 
stack 8:    
stack 9:    82 95 362 176 241 259 
stack 10:    437 237 211 260 409 163 295 
stack 11:    117 179 11 411 101 104 79 
stack 12:    155 124 432 71 78 81 12 
stack 13:    146 353 87 59 13 172 396 
stack 14:    310 53 42 39 14 167 356 
stack 15:    484 383 15 399 462 334 326 
stack 16:    445 390 158 73 339 286 486 
stack 17:    70 223 407 197 429 242 267 
stack 18:    363 238 270 221 191 268 186 
stack 19:    199 201 86 322 69 350 333 
stack 20:    345 140 473 113 226 122 389 
stack 21:    75 23 493 93 442 202 110 
stack 22:    436 424 405 22 300 338 103 
stack 23:    192 114 402 369 249 292 273 
stack 24:    378 463 60 193 387 189 401 
stack 25:    178 403 296 340 320 397 275 
stack 26:    294 379 374 382 182 364 332 
stack 27:    315 205 206 421 288 27 475 
stack 28:    417 248 408 228 438 28 317 
stack 29:    476 149 306 461 220 125 487 
stack 30:    30 200 412 62 147 168 459 
stack 31:    448 31 370 365 94 74 137 
stack 32:    35 314 45 355 184 468 151 
stack 33:    485 80 33 298 144 204 175 
stack 34:    246 232 196 159 145 376 212 
stack 35:    482 49 483 341 227 233 44 
stack 36:    368 377 133 458 413 367 469 
stack 37:    460 287 431 105 143 180 88 
stack 38:    203 185 496 106 235 406 214 
stack 39:    361 430 89 489 319 108 225 
stack 40:    471 131 57 119 328 157 135 
stack 41:    494 450 50 304 153 492 90 
stack 42:    139 130 360 415 344 166 92 
stack 43:    218 422 470 419 222 398 115 
stack 44:    0 
stack 45:    252 251 1 
stack 46:    2 
stack 47:    253 
stack 48:    254 
stack 49:    255 
stack 50:    6 
stack 51:    256 257 7 
stack 52:    8 
stack 53:    61 9 391 171 358 109 301 
stack 54:    479 154 118 10 309 229 162 
stack 55:    261 55 297 195 464 239 224 
stack 56:    466 262 126 51 490 343 455 
stack 57:    234 410 188 441 271 263 141 
stack 58:    264 181 478 313 164 384 337 
stack 59:    129 265 84 245 215 52 85 
stack 60:    348 217 266 453 47 46 16 
stack 61:    56 64 443 318 327 183 17 
stack 62:    48 18 269 388 97 277 380 
stack 63:    169 425 434 207 346 231 19 
stack 64:    302 174 20 236 457 393 354 
stack 65:    134 111 404 472 99 58 21 
stack 66:    351 352 76 272 366 138 136 
stack 67:    435 454 66 244 177 336 65 
stack 68:    72 24 274 480 216 210 165 
stack 69:    194 25 420 359 209 449 112 
stack 70:    213 323 121 357 331 276 26 
stack 71:    342 148 142 400 160 488 329 
stack 72:    243 428 325 347 278 392 100 
stack 73:    452 395 77 446 423 279 29 
stack 74:    316 305 230 481 293 123 280 
stack 75:    281 373 324 491 43 116 321 
stack 76:    63 83 32 161 67 190 282 
stack 77:    451 499 495 283 247 467 284 
stack 78:    381 208 311 173 349 416 34 
stack 79:    385 330 285 156 372 68 439 
stack 80:    394 456 98 335 150 54 36 
stack 81:    37 418 426 128 465 447 170 
stack 82:    96 427 440 477 132 312 38 
stack 83:    198 386 371 102 375 289 187 
stack 84:    290 40 307 152 433 127 91 
stack 85:    444 240 291 107 120 41 498 
stack 86:    308 303 299 414 497 474 219 

#####################################################

solved with: SP.constructive_heuristics.GeneralHeuristic
time limit: 1800.0 s
time to solve: 0,00 s
objective value: 335854.86

stacks (top to bottom):
stack 0:    448 425 378 419 409 429 68 
stack 1:    9 314 131 216 278 165 88 
stack 2:    417 258 279 382 62 453 136 
stack 3:    291 343 190 34 8 212 110 
stack 4:    37 310 261 75 96 399 222 
stack 5:    234 25 194 366 257 457 354 
stack 6:    296 342 481 477 221 158 255 
stack 7:    205 32 232 80 66 244 384 
stack 8:    451 466 102 271 331 268 21 
stack 9:    262 377 407 462 362 152 204 
stack 10:    410 117 15 438 39 183 239 
stack 11:    154 444 303 48 264 177 489 
stack 12:    72 445 148 54 59 339 12 
stack 13:    208 473 157 359 469 125 7 
stack 14:    368 126 185 197 375 497 442 
stack 15:    61 40 69 388 285 326 92 
stack 16:    316 71 20 328 27 397 44 
stack 17:    450 246 206 89 175 372 214 
stack 18:    237 130 198 249 106 156 273 
stack 19:    458 150 119 191 87 332 284 
stack 20:    50 113 300 46 492 449 1 
stack 21:    281 22 491 93 227 280 16 
stack 22:    121 230 482 73 172 277 486 
stack 23:    479 408 199 370 127 275 439 
stack 24:    35 70 360 270 51 406 487 
stack 25:    494 315 371 42 31 220 282 
stack 26:    476 23 84 432 184 465 420 
stack 27:    95 24 128 367 236 488 356 
stack 28:    292 231 327 401 267 376 26 
stack 29:    288 118 141 108 498 229 295 
stack 30:    363 431 421 67 105 233 91 
stack 31:    437 345 374 426 47 209 17 
stack 32:    456 133 11 334 463 123 247 
stack 33:    423 304 440 57 289 474 74 
stack 34:    134 287 434 145 18 97 398 
stack 35:    361 63 413 443 43 312 464 
stack 36:    427 203 402 142 472 180 337 
stack 37:    253 302 83 454 218 14 467 
stack 38:    139 192 5 53 60 207 163 
stack 39:    129 405 340 104 147 36 151 
stack 40:    495 311 286 122 301 313 259 
stack 41:    98 355 272 447 135 392 112 
stack 42:    484 111 297 173 256 99 0 
stack 43:    460 435 346 350 164 478 186 
stack 44:    436 323 76 483 353 79 393 
stack 45:    308 169 386 415 146 196 219 
stack 46:    33 430 260 4 225 309 317 
stack 47:    114 155 223 107 322 143 319 
stack 48:    243 144 298 10 41 115 276 
stack 49:    30 418 245 52 412 364 461 
stack 50:    248 385 109 307 242 120 263 
stack 51:    45 200 215 182 103 329 459 
stack 52:    149 78 347 414 160 94 137 
stack 53:    428 390 400 349 396 416 38 
stack 54:    395 446 153 352 29 116 162 
stack 55:    324 266 140 6 455 224 202 
stack 56:    179 101 283 330 496 176 19 
stack 57:    299 161 159 166 269 189 85 
stack 58:    56 290 55 344 226 389 321 
stack 59:    213 381 274 320 306 138 168 
stack 60:    188 64 325 250 365 193 333 
stack 61:    452 228 369 252 391 480 100 
stack 62:    394 2 238 357 341 13 170 
stack 63:    178 124 373 305 49 293 28 
stack 64:    294 348 403 217 132 468 90 
stack 65:    240 174 171 358 235 181 433 
stack 66:    77 499 424 251 318 86 336 
stack 67:    211 195 201 490 254 475 58 
stack 68:    351 379 338 81 
stack 69:    485 422 404 387 470 241 
stack 70:    82 3 265 471 167 
stack 71:    441 383 335 493 187 380 
stack 72:    
stack 73:    411 65 
stack 74:    
stack 75:    
stack 76:    
stack 77:    210 
stack 78:    
stack 79:    
stack 80:    
stack 81:    
stack 82:    
stack 83:    
stack 84:    
stack 85:    
stack 86:    
