solved with: SP.post_optimization_methods.TabuSearch
time limit: 1800.0 s
time to solve: 330,97 s
objective value: 310022.56

stacks (top to bottom):
stack 0:    
stack 1:    252 251 
stack 2:    
stack 3:    253 
stack 4:    
stack 5:    
stack 6:    6 
stack 7:    
stack 8:    258 
stack 9:    11 9 33 247 263 268 
stack 10:    174 408 15 10 202 22 372 
stack 11:    133 19 241 471 104 277 232 
stack 12:    75 420 233 100 12 278 135 
stack 13:    158 275 134 229 481 103 427 
stack 14:    409 179 296 115 63 35 108 
stack 15:    318 349 18 283 30 266 272 
stack 16:    402 390 270 462 312 118 267 
stack 17:    458 62 470 102 392 249 237 
stack 18:    181 89 23 20 269 281 360 
stack 19:    398 73 92 147 53 452 248 
stack 20:    36 280 414 302 345 208 175 
stack 21:    472 397 411 442 25 119 274 
stack 22:    384 196 148 482 130 231 49 
stack 23:    422 425 76 213 57 316 52 
stack 24:    362 90 303 40 91 477 150 
stack 25:    459 476 405 81 428 78 193 
stack 26:    426 400 366 80 83 177 483 
stack 27:    142 82 449 370 186 136 325 
stack 28:    246 351 195 169 116 59 239 
stack 29:    315 211 209 395 361 480 184 
stack 30:    221 290 101 319 171 313 60 
stack 31:    410 450 85 70 167 486 226 
stack 32:    289 84 56 41 418 65 365 
stack 33:    368 159 74 417 124 377 72 
stack 34:    306 68 307 154 139 131 430 
stack 35:    388 358 37 407 165 218 457 
stack 36:    461 220 491 200 357 203 157 
stack 37:    454 245 355 205 44 120 155 
stack 38:    309 497 413 219 168 448 354 
stack 39:    434 242 305 314 335 339 451 
stack 40:    215 199 441 106 214 230 495 
stack 41:    95 464 43 478 140 178 447 
stack 42:    403 160 496 382 331 128 138 
stack 43:    385 69 212 389 170 346 111 
stack 44:    0 250 
stack 45:    1 
stack 46:    2 
stack 47:    3 4 
stack 48:    254 
stack 49:    255 5 
stack 50:    256 
stack 51:    257 7 
stack 52:    8 
stack 53:    259 112 326 126 439 261 14 
stack 54:    445 31 311 260 308 217 238 
stack 55:    87 64 320 110 332 485 262 
stack 56:    13 369 264 415 224 113 455 
stack 57:    24 191 378 58 194 356 145 
stack 58:    468 27 143 265 297 393 185 
stack 59:    469 51 114 322 334 375 424 
stack 60:    28 16 295 17 484 489 432 
stack 61:    433 340 338 271 436 204 121 
stack 62:    279 371 364 350 463 26 225 
stack 63:    317 396 336 412 190 399 310 
stack 64:    97 222 352 321 273 287 493 
stack 65:    182 21 93 127 71 347 122 
stack 66:    380 276 94 421 32 144 373 
stack 67:    66 327 467 141 444 109 391 
stack 68:    34 187 323 284 206 227 438 
stack 69:    55 29 344 367 223 54 488 
stack 70:    166 473 343 499 291 285 282 
stack 71:    180 228 235 376 456 42 162 
stack 72:    210 152 333 387 353 163 487 
stack 73:    240 123 236 98 337 494 435 
stack 74:    492 475 304 107 298 440 401 
stack 75:    329 161 216 301 77 197 117 
stack 76:    38 172 86 328 446 61 47 
stack 77:    416 453 294 151 129 479 394 
stack 78:    406 474 429 198 149 423 286 
stack 79:    146 288 324 490 342 192 96 
stack 80:    164 498 431 374 132 45 243 
stack 81:    88 386 39 125 348 443 300 
stack 82:    383 173 460 381 50 437 153 
stack 83:    244 419 299 363 67 48 234 
stack 84:    341 201 99 176 359 188 79 
stack 85:    183 137 189 465 379 466 156 
stack 86:    330 404 46 292 207 105 293 

#####################################################

solved with: SP.post_optimization_methods.HillClimbing
time limit: 1800.0 s
time to solve: 157,35 s
objective value: 310022.56

stacks (top to bottom):
stack 0:    
stack 1:    252 251 
stack 2:    
stack 3:    253 
stack 4:    
stack 5:    
stack 6:    6 
stack 7:    
stack 8:    258 
stack 9:    434 11 9 91 441 18 
stack 10:    174 15 10 263 272 466 135 
stack 11:    161 376 12 374 14 262 145 
stack 12:    270 390 288 207 46 48 320 
stack 13:    97 182 37 233 273 217 268 
stack 14:    73 23 104 264 301 234 274 
stack 15:    70 69 400 366 176 266 427 
stack 16:    462 407 298 357 312 53 267 
stack 17:    164 21 180 413 432 283 32 
stack 18:    275 240 351 349 343 444 446 
stack 19:    137 29 80 337 214 141 22 
stack 20:    398 27 31 474 86 378 35 
stack 21:    445 112 200 231 237 155 286 
stack 22:    166 307 338 24 43 405 487 
stack 23:    215 68 66 222 318 106 232 
stack 24:    470 235 115 77 442 281 121 
stack 25:    384 303 308 428 278 399 373 
stack 26:    123 82 426 429 284 457 490 
stack 27:    28 36 467 294 88 302 113 
stack 28:    75 449 216 497 381 59 150 
stack 29:    295 459 484 44 436 206 401 
stack 30:    421 159 322 353 213 479 71 
stack 31:    245 463 392 165 203 118 230 
stack 32:    410 209 412 473 152 391 197 
stack 33:    468 41 417 418 72 153 223 
stack 34:    38 498 204 339 423 439 248 
stack 35:    358 187 296 335 411 478 175 
stack 36:    199 236 50 477 144 226 54 
stack 37:    87 396 211 333 437 76 377 
stack 38:    352 420 157 64 415 130 119 
stack 39:    458 476 291 57 177 163 52 
stack 40:    85 90 126 100 324 192 208 
stack 41:    220 471 414 345 186 47 96 
stack 42:    416 496 229 480 316 347 495 
stack 43:    304 241 196 105 482 224 360 
stack 44:    0 250 
stack 45:    1 
stack 46:    2 
stack 47:    3 
stack 48:    254 
stack 49:    255 4 5 
stack 50:    256 
stack 51:    257 7 
stack 52:    8 
stack 53:    419 385 259 311 319 261 354 
stack 54:    305 260 191 63 149 293 120 
stack 55:    19 409 89 147 271 189 249 
stack 56:    183 475 17 489 486 101 108 
stack 57:    13 397 20 143 265 356 483 
stack 58:    146 142 327 382 188 300 184 
stack 59:    16 212 499 168 136 127 45 
stack 60:    340 341 244 228 277 42 60 
stack 61:    402 350 218 440 67 25 342 
stack 62:    371 279 364 26 148 269 225 
stack 63:    51 74 334 424 128 111 282 
stack 64:    454 107 355 205 328 438 116 
stack 65:    280 336 361 435 331 372 243 
stack 66:    34 84 94 276 285 138 325 
stack 67:    306 102 172 292 363 452 447 
stack 68:    461 133 326 198 297 194 61 
stack 69:    158 408 39 219 30 287 185 
stack 70:    62 472 125 139 494 109 443 
stack 71:    242 93 151 33 387 83 129 
stack 72:    289 330 210 154 201 448 156 
stack 73:    221 465 451 193 162 394 365 
stack 74:    450 491 299 110 332 485 455 
stack 75:    329 321 386 195 348 117 122 
stack 76:    323 179 370 464 58 171 78 
stack 77:    383 368 114 134 202 367 310 
stack 78:    181 362 98 246 456 313 81 
stack 79:    406 469 395 40 359 170 481 
stack 80:    290 404 369 314 379 190 103 
stack 81:    315 317 167 425 309 247 238 
stack 82:    492 55 92 178 393 132 488 
stack 83:    388 422 431 140 49 493 239 
stack 84:    433 95 99 453 160 227 169 
stack 85:    56 173 460 389 131 79 65 
stack 86:    380 403 344 375 124 430 346 
