lower bound for relaxed s_ij: 310011.62

#####################################################

solved with: SP.mip_formulations.BinPackingFormulation
time limit: 1800.0 s
time to solve: 415,40 s
objective value: 310014.06

stacks (top to bottom):
stack 0:    
stack 1:    
stack 2:    2 
stack 3:    
stack 4:    4 
stack 5:    5 
stack 6:    
stack 7:    257 
stack 8:    
stack 9:    319 404 259 47 463 9 
stack 10:    201 315 408 181 101 158 480 
stack 11:    30 162 72 140 199 54 189 
stack 12:    445 295 215 281 263 348 262 
stack 13:    334 485 165 83 168 186 458 
stack 14:    264 423 324 71 15 345 455 
stack 15:    320 249 344 68 45 265 326 
stack 16:    166 396 232 302 97 90 266 
stack 17:    489 432 335 301 471 492 415 
stack 18:    270 352 229 132 494 400 129 
stack 19:    205 292 78 61 311 20 378 
stack 20:    437 156 410 109 157 123 383 
stack 21:    142 115 86 170 116 63 80 
stack 22:    272 208 82 233 368 374 246 
stack 23:    387 369 364 214 51 486 235 
stack 24:    467 359 336 413 416 388 465 
stack 25:    495 392 475 226 227 407 144 
stack 26:    375 327 442 360 377 328 309 
stack 27:    306 358 329 312 444 382 27 
stack 28:    151 293 139 347 294 402 454 
stack 29:    154 422 134 476 340 29 220 
stack 30:    343 177 92 84 438 112 354 
stack 31:    459 96 481 472 446 441 439 
stack 32:    176 171 70 318 87 218 167 
stack 33:    464 417 169 355 56 185 103 
stack 34:    316 119 76 308 137 149 384 
stack 35:    405 187 122 148 42 497 361 
stack 36:    245 141 350 421 305 48 91 
stack 37:    461 114 160 236 108 49 487 
stack 38:    342 197 443 159 427 299 163 
stack 39:    242 196 66 499 339 321 55 
stack 40:    207 385 238 127 117 426 398 
stack 41:    325 440 107 209 106 146 135 
stack 42:    447 372 212 204 307 380 310 
stack 43:    406 53 371 74 373 161 43 
stack 44:    250 0 
stack 45:    1 251 
stack 46:    252 
stack 47:    253 3 
stack 48:    254 
stack 49:    255 
stack 50:    6 
stack 51:    7 256 
stack 52:    8 258 
stack 53:    493 44 353 298 192 124 73 
stack 54:    10 403 58 260 65 466 419 
stack 55:    362 11 206 414 261 175 77 
stack 56:    239 304 12 216 351 174 278 
stack 57:    240 173 94 81 267 13 125 
stack 58:    469 291 269 113 332 200 14 
stack 59:    138 474 296 456 198 448 430 
stack 60:    370 460 425 247 50 16 451 
stack 61:    237 182 391 17 95 183 333 
stack 62:    418 18 268 100 367 143 120 
stack 63:    19 379 79 224 203 322 150 
stack 64:    393 62 21 297 231 121 26 
stack 65:    271 457 130 194 341 152 356 
stack 66:    99 313 22 452 363 431 230 
stack 67:    93 190 64 496 420 23 273 
stack 68:    217 314 180 473 191 274 24 
stack 69:    303 133 479 241 381 275 25 
stack 70:    277 131 60 147 386 276 222 
stack 71:    482 470 128 105 136 409 248 
stack 72:    453 179 213 35 153 89 28 
stack 73:    279 436 389 67 111 468 462 
stack 74:    280 102 88 202 337 85 449 
stack 75:    31 488 397 228 69 395 243 
stack 76:    283 32 195 282 39 429 346 
stack 77:    317 33 428 323 184 365 498 
stack 78:    483 284 193 357 244 338 34 
stack 79:    285 145 484 36 376 411 435 
stack 80:    366 172 98 126 286 234 434 
stack 81:    331 57 37 433 399 390 287 
stack 82:    223 401 491 424 288 221 38 
stack 83:    289 330 477 188 219 225 155 
stack 84:    40 349 178 211 118 290 75 
stack 85:    41 490 210 59 46 478 300 
stack 86:    394 164 110 104 52 412 450 

#####################################################

solved with: SP.constructive_heuristics.GeneralHeuristic
time limit: 1800.0 s
time to solve: 0,00 s
objective value: 335836.68

stacks (top to bottom):
stack 0:    93 464 360 231 322 150 9 
stack 1:    133 172 319 485 340 174 351 
stack 2:    385 325 426 309 345 450 356 
stack 3:    343 19 290 312 367 120 444 
stack 4:    68 293 124 209 168 198 399 
stack 5:    160 69 67 49 497 0 135 
stack 6:    362 349 405 114 118 235 443 
stack 7:    237 348 404 7 296 323 486 
stack 8:    53 110 442 266 20 55 463 
stack 9:    418 32 308 311 83 175 38 
stack 10:    201 182 394 64 164 386 95 
stack 11:    94 410 86 429 148 338 262 
stack 12:    131 313 206 78 98 72 363 
stack 13:    284 204 244 46 143 381 395 
stack 14:    496 481 23 107 287 388 189 
stack 15:    41 18 490 162 105 63 458 
stack 16:    62 17 126 255 286 456 43 
stack 17:    102 145 45 132 42 243 310 
stack 18:    166 352 116 91 498 400 434 
stack 19:    461 469 88 280 193 112 125 
stack 20:    10 213 420 96 459 492 26 
stack 21:    453 292 173 142 92 58 24 
stack 22:    141 245 272 35 446 140 197 
stack 23:    483 369 127 371 373 222 256 
stack 24:    207 289 460 21 390 411 5 
stack 25:    304 180 33 476 167 300 163 
stack 26:    488 202 87 186 14 494 230 
stack 27:    331 366 223 334 170 229 333 
stack 28:    370 76 375 265 165 130 431 
stack 29:    295 423 353 344 484 39 409 
stack 30:    240 151 449 454 275 430 224 
stack 31:    437 270 337 211 252 260 185 
stack 32:    71 138 315 100 225 424 374 
stack 33:    242 364 432 391 117 377 56 
stack 34:    99 320 298 37 347 128 248 
stack 35:    154 350 188 328 157 439 398 
stack 36:    250 489 3 48 332 216 471 
stack 37:    396 238 254 74 297 339 123 
stack 38:    302 90 291 187 139 73 433 
stack 39:    303 191 259 184 336 65 146 
stack 40:    8 57 247 421 472 305 355 
stack 41:    447 397 59 25 136 382 427 
stack 42:    40 177 318 357 389 75 27 
stack 43:    306 279 178 475 226 436 361 
stack 44:    176 281 153 199 29 77 452 
stack 45:    215 60 249 81 268 267 158 
stack 46:    324 156 269 109 288 194 183 
stack 47:    179 11 277 358 271 258 468 
stack 48:    205 44 414 84 346 144 465 
stack 49:    425 22 477 251 413 152 159 
stack 50:    264 6 285 115 467 111 407 
stack 51:    208 89 401 428 408 480 79 
stack 52:    1 342 66 104 169 412 455 
stack 53:    316 190 196 417 52 34 378 
stack 54:    393 330 147 276 499 15 246 
stack 55:    474 368 365 221 438 106 278 
stack 56:    31 171 16 149 203 462 435 
stack 57:    212 470 482 218 13 419 451 
stack 58:    30 387 253 335 457 155 121 
stack 59:    406 82 301 137 448 54 466 
stack 60:    314 317 495 192 108 80 4 
stack 61:    445 372 2 228 85 307 380 
stack 62:    232 97 493 113 241 122 478 
stack 63:    134 261 181 274 161 257 415 
stack 64:    263 233 214 50 28 341 220 
stack 65:    327 12 51 441 403 326 234 
stack 66:    217 283 473 36 101 321 103 
stack 67:    239 195 282 479 236 354 487 
stack 68:    119 210 359 376 384 416 47 
stack 69:    70 273 383 
stack 70:    61 392 219 491 200 379 129 
stack 71:    329 294 402 299 
stack 72:    422 440 
stack 73:    227 
stack 74:    
stack 75:    
stack 76:    
stack 77:    
stack 78:    
stack 79:    
stack 80:    
stack 81:    
stack 82:    
stack 83:    
stack 84:    
stack 85:    
stack 86:    
