solved with: SP.post_optimization_methods.TabuSearch
time limit: 1800.0 s
time to solve: 268,57 s
objective value: 310048.06

stacks (top to bottom):
stack 0:    0 
stack 1:    1 
stack 2:    2 
stack 3:    253 
stack 4:    254 
stack 5:    5 
stack 6:    6 
stack 7:    
stack 8:    8 258 
stack 9:    13 9 294 88 364 
stack 10:    10 27 123 19 461 246 262 
stack 11:    122 12 131 37 420 445 454 
stack 12:    234 402 483 89 276 263 16 
stack 13:    142 264 23 268 448 459 43 
stack 14:    269 217 442 267 216 202 270 
stack 15:    81 15 464 148 382 311 54 
stack 16:    480 288 266 226 68 308 97 
stack 17:    429 356 277 336 371 446 324 
stack 18:    320 104 286 312 274 134 119 
stack 19:    331 181 107 329 284 272 25 
stack 20:    303 334 333 34 281 387 20 
stack 21:    240 70 495 191 298 317 468 
stack 22:    374 431 319 214 90 383 130 
stack 23:    278 297 377 337 87 167 496 
stack 24:    133 149 112 221 111 316 72 
stack 25:    388 115 189 295 143 275 193 
stack 26:    101 190 330 44 55 32 490 
stack 27:    339 412 462 199 393 86 188 
stack 28:    175 129 471 335 73 287 244 
stack 29:    113 125 126 430 470 425 289 
stack 30:    452 208 42 457 185 359 415 
stack 31:    35 173 38 201 492 50 154 
stack 32:    51 433 75 342 245 227 405 
stack 33:    144 155 136 354 326 187 103 
stack 34:    36 474 116 369 432 346 321 
stack 35:    355 229 414 365 400 426 83 
stack 36:    58 384 481 404 159 310 71 
stack 37:    332 478 57 194 475 437 428 
stack 38:    145 389 466 427 49 477 460 
stack 39:    293 172 82 419 80 397 473 
stack 40:    479 423 177 237 497 395 350 
stack 41:    344 381 296 184 220 41 132 
stack 42:    360 215 247 212 127 171 209 
stack 43:    76 178 232 47 63 114 176 
stack 44:    250 
stack 45:    251 
stack 46:    3 
stack 47:    252 
stack 48:    4 
stack 49:    
stack 50:    7 255 256 
stack 51:    257 
stack 52:    260 
stack 53:    493 259 192 153 14 160 338 
stack 54:    61 39 307 79 117 476 11 
stack 55:    486 22 218 379 156 265 261 
stack 56:    33 225 206 417 141 424 17 
stack 57:    372 60 26 465 108 137 128 
stack 58:    233 416 219 95 353 487 230 
stack 59:    469 403 456 292 56 18 494 
stack 60:    491 77 271 453 386 391 85 
stack 61:    299 158 362 93 197 410 413 
stack 62:    280 282 394 213 485 472 96 
stack 63:    368 380 53 121 152 305 110 
stack 64:    407 449 484 235 84 163 318 
stack 65:    314 21 392 65 31 348 279 
stack 66:    52 373 118 24 401 498 28 
stack 67:    59 435 29 161 488 273 69 
stack 68:    398 91 444 313 406 182 48 
stack 69:    124 105 30 304 102 140 40 
stack 70:    146 45 139 210 135 120 302 
stack 71:    168 179 499 106 450 46 458 
stack 72:    285 447 74 418 222 164 147 
stack 73:    165 352 211 390 482 408 109 
stack 74:    489 162 198 345 151 166 361 
stack 75:    463 439 322 180 441 174 170 
stack 76:    385 204 205 411 64 243 347 
stack 77:    358 283 376 98 241 301 157 
stack 78:    224 223 325 367 138 200 467 
stack 79:    328 306 183 99 309 434 186 
stack 80:    366 341 396 399 327 203 455 
stack 81:    363 378 436 351 239 249 290 
stack 82:    62 291 422 248 421 92 196 
stack 83:    340 315 207 451 323 100 242 
stack 84:    370 238 300 78 169 231 150 
stack 85:    440 443 236 409 195 343 67 
stack 86:    375 357 228 349 66 94 438 

#####################################################

solved with: SP.post_optimization_methods.HillClimbing
time limit: 1800.0 s
time to solve: 111,97 s
objective value: 310048.06

stacks (top to bottom):
stack 0:    0 
stack 1:    1 
stack 2:    2 
stack 3:    253 
stack 4:    254 255 
stack 5:    5 
stack 6:    
stack 7:    
stack 8:    8 258 
stack 9:    259 411 325 153 9 
stack 10:    264 19 185 408 102 50 262 
stack 11:    388 352 172 141 134 87 458 
stack 12:    269 13 330 99 20 263 438 
stack 13:    452 443 23 268 26 465 108 
stack 14:    358 292 464 106 446 24 243 
stack 15:    479 278 355 482 42 194 387 
stack 16:    59 181 280 409 349 276 170 
stack 17:    238 356 199 336 470 239 90 
stack 18:    52 447 436 424 434 318 338 
stack 19:    319 21 483 127 272 294 25 
stack 20:    320 431 433 384 73 60 448 
stack 21:    27 423 371 450 119 364 88 
stack 22:    158 74 177 86 120 494 350 
stack 23:    125 407 427 322 453 71 137 
stack 24:    217 146 139 118 135 432 28 
stack 25:    293 77 441 174 383 46 159 
stack 26:    457 246 65 30 32 132 490 
stack 27:    368 189 126 64 166 188 498 
stack 28:    33 328 331 475 208 335 467 
stack 29:    332 344 179 284 304 468 455 
stack 30:    474 241 379 445 386 496 415 
stack 31:    306 291 421 248 422 176 128 
stack 32:    234 463 440 62 178 63 54 
stack 33:    429 489 376 121 361 327 395 
stack 34:    486 190 345 365 369 311 405 
stack 35:    53 300 207 414 163 310 193 
stack 36:    402 360 372 38 425 290 244 
stack 37:    435 240 39 393 400 182 476 
stack 38:    389 499 115 229 326 316 242 
stack 39:    491 116 342 197 301 96 196 
stack 40:    493 105 351 180 399 426 103 
stack 41:    340 296 58 220 329 157 317 
stack 42:    363 378 145 162 210 164 97 
stack 43:    299 155 206 57 129 394 221 
stack 44:    250 
stack 45:    251 
stack 46:    3 
stack 47:    252 
stack 48:    4 
stack 49:    
stack 50:    6 257 256 
stack 51:    7 
stack 52:    260 
stack 53:    10 466 98 451 156 37 406 
stack 54:    205 79 222 346 261 14 11 
stack 55:    375 12 271 249 136 84 69 
stack 56:    285 277 218 265 460 18 160 
stack 57:    212 236 183 309 143 230 275 
stack 58:    15 462 95 245 323 413 347 
stack 59:    385 398 390 472 209 397 16 
stack 60:    113 266 224 34 274 444 454 
stack 61:    339 495 267 298 161 270 17 
stack 62:    480 173 151 228 130 477 85 
stack 63:    35 377 44 419 367 55 461 
stack 64:    144 303 22 412 226 169 343 
stack 65:    370 131 149 281 437 348 279 
stack 66:    51 374 456 93 78 337 235 
stack 67:    442 61 191 396 497 203 273 
stack 68:    469 122 283 165 75 382 49 
stack 69:    416 204 315 373 430 487 94 
stack 70:    449 184 312 305 186 67 302 
stack 71:    124 439 123 354 313 391 110 
stack 72:    225 314 223 420 100 167 187 
stack 73:    70 29 237 117 488 401 83 
stack 74:    247 282 471 492 154 31 40 
stack 75:    333 192 111 404 138 140 41 
stack 76:    142 362 286 152 214 147 289 
stack 77:    56 307 418 45 202 48 72 
stack 78:    36 101 366 107 82 227 150 
stack 79:    288 334 211 392 89 481 66 
stack 80:    403 219 104 341 410 231 287 
stack 81:    168 417 478 213 295 308 428 
stack 82:    380 148 198 216 324 68 321 
stack 83:    81 91 201 80 109 359 459 
stack 84:    215 114 232 47 92 43 200 
stack 85:    175 297 357 112 171 485 195 
stack 86:    233 76 381 133 484 353 473 
