lower bound for relaxed s_ij: 310032.32

#####################################################

solved with: SP.mip_formulations.BinPackingFormulation
time limit: 1800.0 s
time to solve: 514,48 s
objective value: 310034.76

stacks (top to bottom):
stack 0:    250 
stack 1:    251 
stack 2:    252 2 
stack 3:    3 4 
stack 4:    5 
stack 5:    
stack 6:    6 
stack 7:    257 
stack 8:    8 
stack 9:    73 474 369 334 40 198 
stack 10:    46 11 224 196 183 231 260 
stack 11:    296 304 338 463 64 478 345 
stack 12:    12 49 429 193 487 347 438 
stack 13:    318 44 352 455 201 104 440 
stack 14:    430 72 319 248 396 247 41 
stack 15:    206 434 213 91 132 96 265 
stack 16:    402 266 365 239 444 208 236 
stack 17:    470 442 86 145 267 61 51 
stack 18:    494 343 320 108 354 349 56 
stack 19:    475 111 225 207 22 150 226 
stack 20:    140 87 377 171 109 81 223 
stack 21:    453 299 227 127 466 379 399 
stack 22:    203 406 420 42 496 154 71 
stack 23:    451 443 314 375 350 408 112 
stack 24:    457 152 380 202 228 212 274 
stack 25:    415 37 186 153 76 115 114 
stack 26:    410 322 302 327 276 241 120 
stack 27:    425 298 284 287 215 316 315 
stack 28:    372 278 486 454 156 465 324 
stack 29:    423 364 355 393 386 29 381 
stack 30:    464 480 459 458 70 122 445 
stack 31:    481 450 80 348 312 177 125 
stack 32:    439 116 88 282 142 435 57 
stack 33:    234 94 163 68 187 185 358 
stack 34:    424 421 476 303 395 192 166 
stack 35:    356 195 218 310 403 368 35 
stack 36:    147 103 102 138 336 321 317 
stack 37:    54 389 149 232 169 83 121 
stack 38:    205 344 288 388 90 50 432 
stack 39:    126 472 139 383 39 178 332 
stack 40:    361 493 130 47 144 244 172 
stack 41:    191 159 65 311 485 194 488 
stack 42:    184 340 346 137 99 293 328 
stack 43:    180 74 437 499 449 490 397 
stack 44:    0 
stack 45:    1 
stack 46:    
stack 47:    253 
stack 48:    254 
stack 49:    255 
stack 50:    256 
stack 51:    7 
stack 52:    258 
stack 53:    220 123 9 259 200 413 290 
stack 54:    10 59 216 209 164 471 275 
stack 55:    237 97 182 261 357 131 331 
stack 56:    221 477 262 117 404 460 495 
stack 57:    337 173 77 13 263 242 467 
stack 58:    400 301 264 307 146 271 14 
stack 59:    55 48 370 105 168 15 98 
stack 60:    243 129 294 134 441 407 16 
stack 61:    484 323 351 306 197 297 17 
stack 62:    469 268 409 204 190 119 18 
stack 63:    148 19 427 414 113 405 269 
stack 64:    270 43 161 292 106 20 384 
stack 65:    371 362 335 295 21 461 82 
stack 66:    272 78 436 353 462 58 418 
stack 67:    422 374 401 483 452 23 273 
stack 68:    24 411 391 363 341 473 342 
stack 69:    378 367 398 25 385 498 199 
stack 70:    26 446 416 158 489 67 63 
stack 71:    45 211 300 124 277 118 27 
stack 72:    28 390 366 230 387 167 309 
stack 73:    279 75 214 189 60 497 428 
stack 74:    280 210 219 181 135 30 376 
stack 75:    151 141 240 412 249 31 281 
stack 76:    100 491 165 85 66 93 32 
stack 77:    188 229 33 175 92 283 176 
stack 78:    339 157 34 479 431 136 53 
stack 79:    107 160 155 133 128 325 285 
stack 80:    36 286 382 360 143 62 245 
stack 81:    246 394 359 313 433 110 179 
stack 82:    333 305 38 373 308 217 492 
stack 83:    419 289 417 326 235 89 468 
stack 84:    448 69 329 392 233 482 238 
stack 85:    162 170 291 222 84 426 95 
stack 86:    52 101 79 456 447 330 174 

#####################################################

solved with: SP.constructive_heuristics.GeneralHeuristic
time limit: 1800.0 s
time to solve: 0,00 s
objective value: 337412.28

stacks (top to bottom):
stack 0:    206 289 417 360 460 440 35 
stack 1:    280 330 228 489 153 345 61 
stack 2:    46 361 188 170 486 249 384 
stack 3:    339 296 24 97 436 240 110 
stack 4:    410 173 219 327 67 142 41 
stack 5:    474 322 433 248 40 125 150 
stack 6:    493 107 464 34 338 0 303 
stack 7:    7 402 393 129 459 264 223 
stack 8:    26 78 409 229 394 405 376 
stack 9:    205 10 45 191 227 315 413 
stack 10:    11 337 207 319 200 348 32 
stack 11:    382 364 266 250 421 288 128 
stack 12:    419 47 499 89 83 408 403 
stack 13:    424 314 441 50 432 238 16 
stack 14:    270 298 127 156 387 214 291 
stack 15:    371 237 434 278 135 282 428 
stack 16:    369 202 357 198 168 114 5 
stack 17:    448 378 390 230 233 212 236 
stack 18:    102 292 494 19 401 38 146 
stack 19:    43 365 247 258 435 82 445 
stack 20:    301 210 204 13 462 225 22 
stack 21:    457 85 359 447 20 193 281 
stack 22:    123 111 65 189 497 208 154 
stack 23:    103 140 64 109 244 57 112 
stack 24:    333 425 411 117 62 232 122 
stack 25:    451 54 389 267 326 397 336 
stack 26:    130 113 217 273 226 438 98 
stack 27:    352 216 158 88 58 328 271 
stack 28:    196 374 72 366 18 60 218 
stack 29:    469 66 186 104 404 15 56 
stack 30:    162 356 329 39 379 324 467 
stack 31:    439 272 106 239 169 245 321 
stack 32:    243 87 450 261 181 201 488 
stack 33:    470 253 75 139 367 260 398 
stack 34:    422 28 116 76 444 90 285 
stack 35:    184 91 414 483 23 349 235 
stack 36:    145 148 406 74 420 375 166 
stack 37:    9 124 386 277 306 187 27 
stack 38:    221 3 268 276 331 275 492 
stack 39:    400 344 99 259 343 132 96 
stack 40:    475 211 252 118 251 482 51 
stack 41:    224 279 44 101 182 25 174 
stack 42:    126 254 84 426 31 14 368 
stack 43:    203 323 42 373 452 347 325 
stack 44:    442 220 6 287 30 263 487 
stack 45:    147 180 300 456 392 241 1 
stack 46:    372 234 346 108 396 283 209 
stack 47:    79 299 295 313 335 496 121 
stack 48:    159 484 391 341 297 473 257 
stack 49:    340 149 138 358 490 265 17 
stack 50:    302 59 383 195 167 399 120 
stack 51:    453 318 472 141 179 498 71 
stack 52:    161 190 119 92 312 176 395 
stack 53:    370 8 480 155 363 185 476 
stack 54:    481 294 4 177 21 479 478 
stack 55:    362 163 351 143 197 458 95 
stack 56:    55 213 377 342 354 407 468 
stack 57:    100 353 284 2 293 242 192 
stack 58:    165 430 454 222 412 178 418 
stack 59:    311 48 134 316 105 431 164 
stack 60:    86 304 12 171 463 308 63 
stack 61:    286 157 415 37 262 255 53 
stack 62:    380 175 334 416 388 461 317 
stack 63:    443 437 160 427 133 172 350 
stack 64:    52 246 80 215 309 310 495 
stack 65:    33 256 49 29 115 381 332 
stack 66:    73 68 477 194 70 471 269 
stack 67:    36 183 355 385 466 465 199 
stack 68:    231 491 131 93 290 136 307 
stack 69:    69 151 274 
stack 70:    423 449 144 
stack 71:    94 77 152 446 455 
stack 72:    485 305 320 429 
stack 73:    137 81 
stack 74:    
stack 75:    
stack 76:    
stack 77:    
stack 78:    
stack 79:    
stack 80:    
stack 81:    
stack 82:    
stack 83:    
stack 84:    
stack 85:    
stack 86:    
