lower bound for relaxed s_ij: 310018.94

#####################################################

solved with: SP.mip_formulations.BinPackingFormulation
time limit: 1800.0 s
time to solve: 482,90 s
objective value: 310029.88

stacks (top to bottom):
stack 0:    0 250 
stack 1:    
stack 2:    251 
stack 3:    3 
stack 4:    254 
stack 5:    255 
stack 6:    
stack 7:    257 
stack 8:    8 
stack 9:    469 375 195 9 173 398 
stack 10:    364 264 196 377 356 59 10 
stack 11:    185 492 369 439 215 330 261 
stack 12:    54 12 341 39 424 229 350 
stack 13:    447 161 102 263 397 231 87 
stack 14:    219 65 175 413 445 14 177 
stack 15:    462 109 209 193 451 334 346 
stack 16:    266 348 61 189 131 458 429 
stack 17:    430 221 436 145 271 267 367 
stack 18:    405 57 390 127 217 135 268 
stack 19:    412 234 129 146 37 409 269 
stack 20:    239 270 230 226 160 310 142 
stack 21:    311 467 475 411 355 247 21 
stack 22:    272 294 296 112 340 316 304 
stack 23:    381 312 420 202 248 464 323 
stack 24:    331 172 470 401 157 437 148 
stack 25:    370 223 386 379 365 220 275 
stack 26:    418 419 363 353 76 303 203 
stack 27:    490 479 476 128 67 428 422 
stack 28:    28 378 126 107 88 385 326 
stack 29:    484 315 123 376 443 77 444 
stack 30:    374 194 73 280 165 32 212 
stack 31:    457 432 481 62 461 450 459 
stack 32:    474 84 163 95 49 487 389 
stack 33:    283 383 64 111 85 115 70 
stack 34:    34 104 465 94 210 48 93 
stack 35:    207 478 238 358 345 190 227 
stack 36:    55 332 360 393 351 224 317 
stack 37:    344 287 434 388 162 373 75 
stack 38:    225 66 41 394 42 56 448 
stack 39:    456 218 335 181 68 337 441 
stack 40:    336 426 121 205 103 105 50 
stack 41:    391 313 496 408 460 92 305 
stack 42:    187 240 404 158 156 245 120 
stack 43:    79 328 183 125 472 371 402 
stack 44:    
stack 45:    1 2 
stack 46:    252 
stack 47:    253 
stack 48:    4 
stack 49:    5 
stack 50:    6 256 
stack 51:    7 
stack 52:    258 
stack 53:    354 186 259 78 63 343 11 
stack 54:    213 188 108 44 132 124 260 
stack 55:    167 17 338 151 71 149 249 
stack 56:    74 69 214 318 262 174 110 
stack 57:    114 228 101 406 46 13 178 
stack 58:    98 86 431 279 80 265 243 
stack 59:    206 192 100 15 164 483 400 
stack 60:    16 169 298 291 144 293 171 
stack 61:    159 53 184 182 435 427 45 
stack 62:    18 485 410 179 216 498 320 
stack 63:    19 384 494 285 241 106 90 
stack 64:    139 134 299 168 244 20 421 
stack 65:    297 463 453 438 96 197 491 
stack 66:    468 347 302 198 180 352 22 
stack 67:    452 314 449 138 446 273 23 
stack 68:    51 274 43 24 137 143 237 
stack 69:    349 433 324 339 25 499 366 
stack 70:    395 387 26 276 199 392 99 
stack 71:    277 27 455 471 440 82 153 
stack 72:    396 454 235 321 278 117 113 
stack 73:    47 425 329 322 29 333 200 
stack 74:    488 480 417 362 489 30 130 
stack 75:    152 211 72 116 281 416 31 
stack 76:    232 97 122 204 282 236 119 
stack 77:    342 301 133 493 359 33 83 
stack 78:    442 155 170 407 284 58 233 
stack 79:    242 201 154 35 482 477 222 
stack 80:    380 466 414 325 423 36 286 
stack 81:    208 147 473 166 136 300 141 
stack 82:    403 306 150 319 246 38 288 
stack 83:    118 191 140 292 289 327 308 
stack 84:    399 91 40 368 290 497 357 
stack 85:    89 295 382 486 176 372 361 
stack 86:    415 309 60 495 307 81 52 

#####################################################

solved with: SP.constructive_heuristics.GeneralHeuristic
time limit: 1800.0 s
time to solve: 0,00 s
objective value: 336715.38

stacks (top to bottom):
stack 0:    492 150 17 381 106 135 227 
stack 1:    331 74 412 380 21 455 392 
stack 2:    468 347 342 348 434 388 373 
stack 3:    311 159 102 425 84 49 458 
stack 4:    55 439 4 261 393 275 317 
stack 5:    417 169 296 80 87 282 459 
stack 6:    336 239 166 24 231 450 357 
stack 7:    442 88 345 461 269 45 236 
stack 8:    426 140 77 176 464 165 83 
stack 9:    369 272 270 168 278 429 245 
stack 10:    181 433 192 104 6 141 448 
stack 11:    19 136 184 489 42 398 346 
stack 12:    430 16 35 180 145 310 10 
stack 13:    242 122 413 353 70 105 444 
stack 14:    206 218 101 60 390 230 174 
stack 15:    420 138 258 3 499 290 408 
stack 16:    108 7 73 163 64 351 372 
stack 17:    188 291 91 362 27 94 265 
stack 18:    195 228 480 214 107 358 216 
stack 19:    456 246 495 338 124 262 56 
stack 20:    349 205 344 418 289 103 177 
stack 21:    405 474 219 109 363 31 249 
stack 22:    167 454 415 127 78 125 337 
stack 23:    134 411 312 341 116 133 327 
stack 24:    462 263 449 15 112 325 496 
stack 25:    475 473 43 294 40 229 416 
stack 26:    467 51 89 14 76 438 115 
stack 27:    399 81 144 440 400 320 237 
stack 28:    34 66 210 394 423 131 421 
stack 29:    395 65 446 29 281 224 288 
stack 30:    484 252 382 287 5 111 460 
stack 31:    447 396 355 379 240 322 120 
stack 32:    53 284 326 471 164 143 11 
stack 33:    26 129 307 44 132 196 485 
stack 34:    403 157 37 182 385 472 256 
stack 35:    232 18 391 323 38 491 50 
stack 36:    152 147 235 477 149 350 200 
stack 37:    161 39 360 376 193 368 222 
stack 38:    154 264 297 198 315 202 85 
stack 39:    213 375 0 329 123 162 197 
stack 40:    114 259 128 199 402 119 268 
stack 41:    139 324 48 151 271 359 243 
stack 42:    69 309 378 155 126 62 260 
stack 43:    457 2 479 208 384 8 427 
stack 44:    211 274 352 209 313 59 334 
stack 45:    374 463 332 293 333 487 343 
stack 46:    354 12 244 404 248 419 361 
stack 47:    57 476 465 466 493 371 137 
stack 48:    172 295 251 486 389 92 142 
stack 49:    364 365 221 436 58 217 483 
stack 50:    1 488 234 254 52 422 130 
stack 51:    79 207 494 146 23 90 498 
stack 52:    185 432 98 478 406 190 99 
stack 53:    121 191 175 453 36 30 305 
stack 54:    187 223 257 158 424 253 377 
stack 55:    335 276 160 100 226 318 33 
stack 56:    186 201 299 255 22 156 171 
stack 57:    225 437 46 13 407 82 233 
stack 58:    386 72 279 273 117 308 303 
stack 59:    247 314 300 25 95 63 441 
stack 60:    469 283 173 189 443 32 113 
stack 61:    452 383 330 20 367 75 212 
stack 62:    339 298 67 148 435 428 497 
stack 63:    370 97 194 61 366 451 304 
stack 64:    306 86 238 183 481 170 409 
stack 65:    431 41 321 93 179 482 203 
stack 66:    118 292 445 110 
stack 67:    401 241 178 340 316 153 
stack 68:    54 28 470 68 328 
stack 69:    319 47 266 302 280 96 286 
stack 70:    277 215 301 220 250 71 204 
stack 71:    490 9 397 414 410 267 
stack 72:    387 356 
stack 73:    285 
stack 74:    
stack 75:    
stack 76:    
stack 77:    
stack 78:    
stack 79:    
stack 80:    
stack 81:    
stack 82:    
stack 83:    
stack 84:    
stack 85:    
stack 86:    
