lower bound for relaxed s_ij: 310023.82

#####################################################

solved with: SP.mip_formulations.BinPackingFormulation
time limit: 1800.0 s
time to solve: 632,41 s
objective value: 310035.94

stacks (top to bottom):
stack 0:    250 
stack 1:    1 
stack 2:    2 
stack 3:    
stack 4:    4 
stack 5:    5 
stack 6:    6 
stack 7:    7 
stack 8:    
stack 9:    472 72 455 259 77 170 232 
stack 10:    412 386 233 84 328 292 10 
stack 11:    393 333 400 261 490 145 334 
stack 12:    242 429 409 209 79 78 131 
stack 13:    140 231 186 174 117 135 210 
stack 14:    136 475 362 96 146 327 59 
stack 15:    63 53 488 247 171 265 127 
stack 16:    392 212 17 113 479 181 80 
stack 17:    144 432 301 240 226 473 415 
stack 18:    94 160 450 19 477 396 370 
stack 19:    217 269 302 397 309 239 318 
stack 20:    159 99 484 270 54 150 20 
stack 21:    407 237 21 452 198 134 60 
stack 22:    199 22 200 133 56 382 426 
stack 23:    23 440 406 379 330 298 273 
stack 24:    274 441 312 316 482 44 404 
stack 25:    275 75 336 116 321 130 148 
stack 26:    360 189 95 224 448 383 493 
stack 27:    474 284 368 394 422 431 27 
stack 28:    346 329 339 403 348 165 375 
stack 29:    29 460 372 229 154 457 98 
stack 30:    470 337 280 190 55 351 155 
stack 31:    33 453 211 115 332 81 398 
stack 32:    187 138 492 326 169 172 282 
stack 33:    104 197 103 320 202 193 128 
stack 34:    307 64 310 109 246 111 230 
stack 35:    366 91 324 402 494 66 35 
stack 36:    498 151 294 343 106 61 183 
stack 37:    420 50 196 162 68 287 427 
stack 38:    377 182 288 295 124 62 344 
stack 39:    418 244 487 238 203 289 178 
stack 40:    83 385 355 89 168 110 40 
stack 41:    304 430 90 489 399 179 149 
stack 42:    311 357 466 222 49 163 93 
stack 43:    184 120 365 342 107 221 389 
stack 44:    0 
stack 45:    251 
stack 46:    
stack 47:    253 3 252 
stack 48:    
stack 49:    255 254 
stack 50:    256 
stack 51:    257 
stack 52:    8 
stack 53:    258 387 73 9 464 433 123 
stack 54:    260 176 245 153 444 350 317 
stack 55:    305 314 476 408 208 57 11 
stack 56:    384 417 13 262 12 367 445 
stack 57:    263 70 437 92 485 74 469 
stack 58:    264 303 228 188 371 14 300 
stack 59:    381 15 16 341 459 388 391 
stack 60:    266 443 353 374 395 439 141 
stack 61:    347 166 236 267 297 142 428 
stack 62:    268 345 18 447 424 175 340 
stack 63:    435 194 114 191 423 405 192 
stack 64:    401 47 369 204 499 291 102 
stack 65:    271 458 97 461 167 125 48 
stack 66:    414 410 227 143 272 480 119 
stack 67:    411 434 376 218 462 235 358 
stack 68:    356 164 471 24 156 112 495 
stack 69:    34 38 25 86 121 364 249 
stack 70:    26 276 421 331 101 425 451 
stack 71:    118 338 205 277 82 416 213 
stack 72:    28 456 325 278 322 308 69 
stack 73:    279 486 478 354 129 201 152 
stack 74:    223 30 436 206 31 100 43 
stack 75:    352 313 491 463 281 85 42 
stack 76:    390 41 496 126 52 216 32 
stack 77:    299 177 283 215 173 51 413 
stack 78:    419 296 58 214 483 220 76 
stack 79:    363 241 46 108 180 359 285 
stack 80:    315 36 286 234 468 122 465 
stack 81:    88 185 147 323 293 71 37 
stack 82:    243 442 219 158 454 306 248 
stack 83:    438 39 335 137 467 349 225 
stack 84:    45 378 481 290 361 195 446 
stack 85:    157 497 319 207 65 449 105 
stack 86:    373 161 132 87 67 380 139 

#####################################################

solved with: SP.constructive_heuristics.GeneralHeuristic
time limit: 1800.0 s
time to solve: 0,00 s
objective value: 335460.96

stacks (top to bottom):
stack 0:    136 464 169 163 149 131 444 
stack 1:    438 138 1 297 465 388 344 
stack 2:    94 356 304 474 87 343 398 
stack 3:    184 299 17 10 6 74 5 
stack 4:    212 329 14 371 383 336 192 
stack 5:    307 115 52 196 86 433 105 
stack 6:    352 260 403 359 85 318 445 
stack 7:    366 33 203 328 47 432 66 
stack 8:    418 376 310 331 57 240 480 
stack 9:    393 16 25 231 312 396 391 
stack 10:    498 4 337 190 458 461 200 
stack 11:    280 372 139 473 168 152 370 
stack 12:    29 441 241 402 479 467 239 
stack 13:    88 286 208 234 448 49 121 
stack 14:    263 244 90 399 316 232 287 
stack 15:    390 95 224 447 486 265 482 
stack 16:    345 211 419 477 204 367 148 
stack 17:    45 407 251 342 179 202 20 
stack 18:    414 159 34 484 301 19 300 
stack 19:    313 315 144 122 334 40 119 
stack 20:    118 58 357 235 32 183 155 
stack 21:    23 284 161 456 61 340 198 
stack 22:    237 429 487 333 135 103 43 
stack 23:    435 387 109 422 2 219 256 
stack 24:    151 72 64 466 213 389 153 
stack 25:    223 266 283 176 180 428 141 
stack 26:    360 194 257 424 78 327 457 
stack 27:    242 289 9 46 443 113 59 
stack 28:    166 53 430 206 108 128 499 
stack 29:    377 137 348 107 281 379 469 
stack 30:    380 154 462 175 89 129 308 
stack 31:    368 114 431 116 454 248 291 
stack 32:    91 274 386 77 133 358 364 
stack 33:    481 292 410 73 264 272 322 
stack 34:    247 436 326 71 374 349 102 
stack 35:    347 147 38 362 65 35 375 
stack 36:    417 271 354 158 79 112 254 
stack 37:    30 276 361 490 489 459 37 
stack 38:    420 385 55 325 382 452 350 
stack 39:    83 236 126 216 416 111 130 
stack 40:    463 104 497 142 395 230 51 
stack 41:    268 99 36 434 259 278 178 
stack 42:    205 227 471 117 290 446 282 
stack 43:    270 187 442 332 449 44 210 
stack 44:    378 54 164 215 193 330 62 
stack 45:    305 182 491 39 346 172 127 
stack 46:    411 296 394 455 243 68 303 
stack 47:    3 412 199 373 229 132 218 
stack 48:    253 460 67 425 220 439 413 
stack 49:    381 470 106 12 125 48 60 
stack 50:    258 233 275 323 146 468 495 
stack 51:    492 261 221 181 397 225 320 
stack 52:    392 339 440 80 321 404 93 
stack 53:    217 365 335 255 485 273 298 
stack 54:    7 84 421 228 170 123 82 
stack 55:    409 96 156 353 145 494 302 
stack 56:    475 15 324 24 222 262 451 
stack 57:    294 355 97 56 214 351 249 
stack 58:    363 143 0 150 195 75 493 
stack 59:    408 22 209 369 13 101 427 
stack 60:    160 476 267 277 450 31 27 
stack 61:    120 165 406 92 309 81 245 
stack 62:    338 279 293 269 207 98 69 
stack 63:    384 185 18 171 341 100 134 
stack 64:    50 496 162 478 191 188 405 
stack 65:    472 314 189 250 110 201 76 
stack 66:    238 186 400 21 252 42 317 
stack 67:    288 177 157 295 437 124 285 
stack 68:    26 140 174 226 483 415 426 
stack 69:    28 311 453 246 423 8 306 
stack 70:    70 488 319 197 173 
stack 71:    401 41 167 
stack 72:    63 11 
stack 73:    
stack 74:    
stack 75:    
stack 76:    
stack 77:    
stack 78:    
stack 79:    
stack 80:    
stack 81:    
stack 82:    
stack 83:    
stack 84:    
stack 85:    
stack 86:    
