lower bound for relaxed s_ij: 310011.62

#####################################################

solved with: SP.mip_formulations.BinPackingFormulation
time limit: 1800.0 s
time to solve: 937,97 s
objective value: 310021.38

stacks (top to bottom):
stack 0:    0 
stack 1:    
stack 2:    2 
stack 3:    
stack 4:    254 
stack 5:    255 
stack 6:    6 
stack 7:    257 
stack 8:    8 
stack 9:    259 153 138 398 18 214 
stack 10:    442 336 431 490 413 186 219 
stack 11:    189 168 11 233 238 267 230 
stack 12:    109 182 163 446 107 249 81 
stack 13:    427 340 97 241 13 352 220 
stack 14:    351 323 265 223 86 217 239 
stack 15:    306 484 456 328 401 116 315 
stack 16:    327 148 418 406 322 324 316 
stack 17:    213 494 200 459 379 75 17 
stack 18:    188 122 491 118 461 93 321 
stack 19:    226 349 384 157 61 343 285 
stack 20:    294 71 278 112 412 400 103 
stack 21:    21 441 426 115 450 204 184 
stack 22:    475 124 310 399 137 64 90 
stack 23:    297 273 179 151 454 452 305 
stack 24:    99 301 307 119 453 405 274 
stack 25:    275 299 309 94 492 363 84 
stack 26:    337 331 382 476 388 333 26 
stack 27:    63 320 319 428 242 474 408 
stack 28:    470 392 443 284 389 280 102 
stack 29:    448 240 197 96 447 415 224 
stack 30:    183 373 314 30 433 422 139 
stack 31:    131 235 437 145 304 169 167 
stack 32:    191 134 436 451 468 172 83 
stack 33:    478 455 473 444 218 135 152 
stack 34:    206 215 100 76 397 339 488 
stack 35:    353 344 296 123 136 330 85 
stack 36:    495 132 58 173 482 87 161 
stack 37:    499 356 69 298 105 469 37 
stack 38:    53 232 334 325 59 180 365 
stack 39:    432 289 50 225 140 46 369 
stack 40:    166 458 88 164 56 127 44 
stack 41:    361 91 414 410 498 402 291 
stack 42:    423 60 420 457 236 120 62 
stack 43:    126 57 345 181 227 149 362 
stack 44:    251 250 
stack 45:    1 
stack 46:    252 
stack 47:    3 253 
stack 48:    4 
stack 49:    5 
stack 50:    256 
stack 51:    7 
stack 52:    258 
stack 53:    383 146 460 9 479 302 440 
stack 54:    10 261 380 73 260 193 48 
stack 55:    467 430 332 486 12 101 22 
stack 56:    190 248 391 147 471 72 262 
stack 57:    263 342 51 212 185 114 228 
stack 58:    14 264 98 54 207 171 66 
stack 59:    394 341 55 209 158 462 15 
stack 60:    175 89 266 201 108 162 16 
stack 61:    409 485 202 70 438 370 42 
stack 62:    375 195 477 312 45 268 390 
stack 63:    113 19 354 329 221 377 269 
stack 64:    270 20 347 198 434 156 396 
stack 65:    77 395 49 335 155 368 271 
stack 66:    489 374 311 272 165 381 47 
stack 67:    106 439 23 357 295 245 208 
stack 68:    24 92 111 417 216 366 318 
stack 69:    25 445 419 378 247 78 463 
stack 70:    387 276 176 65 292 243 128 
stack 71:    246 27 203 133 416 481 277 
stack 72:    317 177 150 144 483 237 28 
stack 73:    279 435 104 493 385 364 29 
stack 74:    355 497 487 429 346 372 371 
stack 75:    411 407 31 386 376 282 281 
stack 76:    141 41 480 326 79 32 496 
stack 77:    68 283 472 404 125 33 154 
stack 78:    34 449 358 143 43 67 360 
stack 79:    229 142 367 187 170 121 35 
stack 80:    159 80 205 36 192 393 286 
stack 81:    82 288 174 231 129 287 348 
stack 82:    74 52 403 359 130 338 38 
stack 83:    244 39 178 465 160 293 199 
stack 84:    196 210 464 40 466 425 290 
stack 85:    313 234 424 110 421 350 222 
stack 86:    308 194 211 300 117 95 303 

#####################################################

solved with: SP.constructive_heuristics.GeneralHeuristic
time limit: 1800.0 s
time to solve: 0,00 s
objective value: 336448.74

stacks (top to bottom):
stack 0:    39 416 481 302 98 412 219 
stack 1:    99 80 121 476 436 397 290 
stack 2:    183 311 147 72 87 23 127 
stack 3:    97 55 495 31 256 13 172 
stack 4:    113 442 435 415 315 167 454 
stack 5:    190 489 448 430 110 273 28 
stack 6:    53 409 410 200 180 333 247 
stack 7:    109 226 332 38 54 360 452 
stack 8:    306 251 296 289 346 359 208 
stack 9:    383 428 86 152 385 292 440 
stack 10:    499 240 148 458 108 225 493 
stack 11:    45 118 483 449 104 420 362 
stack 12:    374 73 215 418 284 443 386 
stack 13:    20 40 136 274 199 236 140 
stack 14:    246 351 119 438 451 186 267 
stack 15:    41 92 424 285 11 254 417 
stack 16:    71 203 93 379 197 67 62 
stack 17:    131 337 331 437 255 419 324 
stack 18:    259 465 205 210 266 258 184 
stack 19:    391 176 425 61 249 171 48 
stack 20:    232 361 198 402 129 145 339 
stack 21:    57 309 345 329 181 218 399 
stack 22:    27 36 384 368 350 204 66 
stack 23:    19 317 59 485 491 96 457 
stack 24:    353 270 312 135 217 239 29 
stack 25:    375 68 426 141 115 12 151 
stack 26:    168 373 133 278 453 396 4 
stack 27:    427 299 2 405 372 304 169 
stack 28:    275 380 52 429 241 100 490 
stack 29:    478 354 370 291 390 26 316 
stack 30:    356 123 298 185 111 280 103 
stack 31:    82 467 470 403 330 154 216 
stack 32:    142 178 50 163 322 287 369 
stack 33:    77 392 192 117 222 95 230 
stack 34:    423 301 367 188 494 134 492 
stack 35:    340 335 464 471 257 404 393 
stack 36:    320 70 459 116 422 295 281 
stack 37:    248 382 144 30 202 398 32 
stack 38:    106 395 49 327 408 149 221 
stack 39:    24 58 212 472 480 44 352 
stack 40:    297 153 1 421 262 101 161 
stack 41:    349 441 260 326 245 400 17 
stack 42:    229 187 455 94 388 47 128 
stack 43:    3 344 432 401 381 56 139 
stack 44:    206 14 334 162 75 357 22 
stack 45:    411 484 498 365 137 496 269 
stack 46:    175 313 308 342 277 488 303 
stack 47:    310 479 160 433 406 293 33 
stack 48:    355 34 88 482 264 138 220 
stack 49:    191 174 242 474 78 321 463 
stack 50:    196 124 319 336 325 268 84 
stack 51:    234 263 65 85 107 46 207 
stack 52:    182 314 341 434 5 143 413 
stack 53:    166 132 69 252 348 282 318 
stack 54:    288 439 211 486 179 286 366 
stack 55:    194 51 376 389 300 271 233 
stack 56:    261 407 209 328 201 76 447 
stack 57:    159 394 497 456 250 272 363 
stack 58:    213 347 307 235 227 364 81 
stack 59:    323 146 414 60 358 338 120 
stack 60:    244 177 122 0 431 156 377 
stack 61:    487 9 74 462 43 164 243 
stack 62:    63 91 150 265 444 378 253 
stack 63:    294 7 155 165 224 193 83 
stack 64:    10 446 114 450 37 343 214 
stack 65:    477 189 460 125 157 469 468 
stack 66:    126 473 170 231 35 64 16 
stack 67:    25 387 276 466 130 79 102 
stack 68:    223 42 90 18 
stack 69:    195 8 445 461 228 371 305 
stack 70:    21 158 112 173 283 6 
stack 71:    475 237 15 238 
stack 72:    89 279 105 
stack 73:    
stack 74:    
stack 75:    
stack 76:    
stack 77:    
stack 78:    
stack 79:    
stack 80:    
stack 81:    
stack 82:    
stack 83:    
stack 84:    
stack 85:    
stack 86:    
