solved with: SP.post_optimization_methods.TabuSearch
time limit: 1800.0 s
time to solve: 220,99 s
objective value: 310043.18

stacks (top to bottom):
stack 0:    
stack 1:    1 251 
stack 2:    250 
stack 3:    
stack 4:    4 
stack 5:    5 
stack 6:    
stack 7:    
stack 8:    8 258 
stack 9:    330 260 468 10 366 
stack 10:    99 274 102 478 261 110 498 
stack 11:    106 20 11 131 460 12 86 
stack 12:    15 212 35 262 31 192 287 
stack 13:    264 161 265 401 55 437 122 
stack 14:    189 76 396 314 153 494 355 
stack 15:    363 276 16 429 289 108 101 
stack 16:    271 216 114 125 87 347 45 
stack 17:    272 305 107 214 268 303 350 
stack 18:    471 269 42 90 403 218 242 
stack 19:    456 146 491 62 307 384 450 
stack 20:    71 194 123 281 235 425 282 
stack 21:    299 433 453 61 442 411 342 
stack 22:    374 95 405 427 420 144 457 
stack 23:    461 436 236 173 323 33 294 
stack 24:    315 493 26 44 394 239 132 
stack 25:    245 30 414 231 127 204 182 
stack 26:    464 439 184 392 66 447 492 
stack 27:    373 341 128 416 389 227 409 
stack 28:    393 343 103 467 479 431 290 
stack 29:    385 319 365 488 371 130 280 
stack 30:    306 113 301 466 489 120 353 
stack 31:    112 370 208 382 406 69 288 
stack 32:    452 229 38 190 357 56 338 
stack 33:    383 421 395 233 313 237 84 
stack 34:    119 80 150 217 463 418 430 
stack 35:    308 77 446 164 438 391 145 
stack 36:    320 211 223 332 147 57 362 
stack 37:    248 428 481 310 326 386 169 
stack 38:    354 162 230 472 298 121 151 
stack 39:    295 183 72 474 88 346 485 
stack 40:    232 115 381 175 53 118 336 
stack 41:    49 358 380 156 388 152 318 
stack 42:    137 166 459 484 397 219 324 
stack 43:    312 360 309 138 476 455 188 
stack 44:    0 
stack 45:    
stack 46:    2 
stack 47:    3 254 253 252 
stack 48:    
stack 49:    255 
stack 50:    256 6 
stack 51:    257 7 
stack 52:    259 
stack 53:    379 34 340 266 74 36 9 
stack 54:    270 316 387 317 345 13 263 
stack 55:    246 302 293 111 267 490 17 
stack 56:    470 23 475 14 473 135 193 
stack 57:    126 39 278 58 29 52 19 
stack 58:    477 359 273 172 321 24 117 
stack 59:    98 96 247 369 22 210 221 
stack 60:    191 327 129 187 329 215 344 
stack 61:    410 18 97 286 284 109 176 
stack 62:    377 300 79 279 59 50 168 
stack 63:    180 136 434 417 322 224 292 
stack 64:    41 445 283 83 465 21 441 
stack 65:    311 240 91 376 277 304 47 
stack 66:    238 148 226 186 480 241 222 
stack 67:    133 149 356 402 361 275 291 
stack 68:    337 334 328 375 163 213 93 
stack 69:    25 155 483 364 139 177 339 
stack 70:    372 196 27 203 134 143 43 
stack 71:    333 181 92 198 195 209 28 
stack 72:    486 167 435 325 449 487 32 
stack 73:    51 142 234 158 335 154 73 
stack 74:    157 399 408 141 444 60 197 
stack 75:    243 415 412 68 65 105 185 
stack 76:    140 159 349 367 54 378 352 
stack 77:    124 85 462 48 67 499 285 
stack 78:    458 228 400 165 348 46 40 
stack 79:    451 100 206 351 413 179 432 
stack 80:    244 440 454 82 225 37 422 
stack 81:    419 296 207 94 368 81 249 
stack 82:    89 297 443 104 160 178 64 
stack 83:    495 200 448 390 170 78 482 
stack 84:    423 331 407 496 171 201 469 
stack 85:    116 404 199 424 202 174 398 
stack 86:    75 63 220 70 426 205 497 

#####################################################

solved with: SP.post_optimization_methods.HillClimbing
time limit: 1800.0 s
time to solve: 141,60 s
objective value: 310043.18

stacks (top to bottom):
stack 0:    
stack 1:    1 251 
stack 2:    250 
stack 3:    
stack 4:    4 
stack 5:    5 
stack 6:    
stack 7:    
stack 8:    8 258 
stack 9:    100 189 269 260 10 
stack 10:    99 274 261 160 120 21 188 
stack 11:    349 11 164 278 388 391 263 
stack 12:    167 12 265 262 384 13 176 
stack 13:    15 20 452 459 88 432 47 
stack 14:    435 30 296 207 46 368 52 
stack 15:    240 16 453 268 156 267 24 
stack 16:    41 283 271 161 107 220 218 
stack 17:    51 299 331 407 134 108 409 
stack 18:    377 133 228 493 332 151 457 
stack 19:    157 216 487 273 62 386 29 
stack 20:    301 276 80 429 27 474 93 
stack 21:    333 383 369 319 365 346 241 
stack 22:    495 433 367 494 279 291 219 
stack 23:    354 245 412 229 31 355 227 
stack 24:    181 458 97 315 341 488 84 
stack 25:    330 454 35 468 323 36 304 
stack 26:    343 103 281 442 292 221 447 
stack 27:    211 92 125 340 362 231 94 
stack 28:    140 85 325 449 420 463 185 
stack 29:    470 244 194 375 425 44 430 
stack 30:    306 440 328 234 82 150 431 
stack 31:    451 395 186 327 66 64 342 
stack 32:    312 374 34 483 499 141 222 
stack 33:    393 295 76 381 303 130 53 
stack 34:    48 115 307 460 169 416 366 
stack 35:    477 116 408 424 225 37 168 
stack 36:    308 42 39 59 147 50 105 
stack 37:    423 49 199 139 336 205 497 
stack 38:    124 419 212 230 40 298 122 
stack 39:    162 300 149 400 348 209 121 
stack 40:    372 297 445 183 475 67 128 
stack 41:    471 337 131 243 190 389 81 
stack 42:    106 387 90 489 480 224 210 
stack 43:    373 113 123 302 404 158 242 
stack 44:    0 
stack 45:    
stack 46:    2 
stack 47:    3 254 253 252 
stack 48:    
stack 49:    255 
stack 50:    256 6 
stack 51:    257 7 
stack 52:    259 
stack 53:    270 415 286 171 60 17 9 
stack 54:    385 334 38 444 266 193 215 
stack 55:    413 351 153 426 174 290 344 
stack 56:    486 72 305 23 154 201 19 
stack 57:    246 439 14 135 178 411 455 
stack 58:    264 137 32 170 294 57 28 
stack 59:    18 379 310 326 198 86 45 
stack 60:    71 443 434 233 322 466 313 
stack 61:    311 370 309 467 61 392 353 
stack 62:    79 223 58 144 118 187 329 
stack 63:    277 237 357 469 74 132 287 
stack 64:    75 159 399 317 202 347 177 
stack 65:    54 175 438 361 482 450 195 
stack 66:    98 456 448 272 22 110 485 
stack 67:    25 356 275 33 55 437 280 
stack 68:    96 146 316 491 406 321 284 
stack 69:    166 462 173 285 109 490 182 
stack 70:    363 208 217 26 352 143 339 
stack 71:    410 358 196 496 70 476 239 
stack 72:    112 428 114 87 418 288 192 
stack 73:    396 427 68 73 398 324 492 
stack 74:    247 421 179 371 364 318 101 
stack 75:    335 282 138 163 289 213 204 
stack 76:    461 226 235 479 203 498 338 
stack 77:    148 314 77 95 403 350 117 
stack 78:    248 206 126 473 63 422 197 
stack 79:    238 83 481 236 446 172 127 
stack 80:    465 380 214 293 111 394 345 
stack 81:    142 200 436 405 378 249 43 
stack 82:    464 180 376 191 478 102 441 
stack 83:    232 320 414 472 402 165 65 
stack 84:    136 91 417 184 104 129 56 
stack 85:    359 382 69 484 390 78 397 
stack 86:    89 119 360 155 401 152 145 
