solved with: SP.post_optimization_methods.TabuSearch
time limit: 1800.0 s
time to solve: 308,04 s
objective value: 310014.06

stacks (top to bottom):
stack 0:    
stack 1:    
stack 2:    252 
stack 3:    253 
stack 4:    
stack 5:    
stack 6:    6 
stack 7:    7 
stack 8:    
stack 9:    10 377 168 118 259 43 
stack 10:    372 368 426 216 358 265 31 
stack 11:    14 264 32 357 348 437 144 
stack 12:    412 139 266 391 360 262 177 
stack 13:    438 193 422 478 388 453 13 
stack 14:    303 85 474 173 225 285 280 
stack 15:    339 414 48 131 230 98 345 
stack 16:    156 234 442 54 415 73 229 
stack 17:    386 318 22 270 23 428 33 
stack 18:    21 430 492 433 269 18 431 
stack 19:    361 161 305 340 472 276 141 
stack 20:    20 471 184 477 402 37 163 
stack 21:    354 130 443 411 128 332 308 
stack 22:    346 429 385 408 272 132 498 
stack 23:    419 294 41 292 206 421 170 
stack 24:    149 89 58 277 363 491 49 
stack 25:    215 481 70 97 482 355 457 
stack 26:    140 445 336 126 387 56 196 
stack 27:    158 154 147 485 211 323 92 
stack 28:    344 495 238 409 463 420 427 
stack 29:    370 117 210 330 202 179 450 
stack 30:    227 476 189 407 159 167 432 
stack 31:    483 203 244 304 306 313 57 
stack 32:    404 148 297 153 199 441 59 
stack 33:    378 86 74 39 359 194 123 
stack 34:    487 69 137 245 104 335 455 
stack 35:    464 200 307 454 397 497 213 
stack 36:    83 296 219 197 102 122 489 
stack 37:    316 81 324 133 47 395 142 
stack 38:    164 119 152 181 291 439 72 
stack 39:    459 374 103 65 379 490 314 
stack 40:    51 290 166 240 160 398 469 
stack 41:    470 61 127 150 214 446 182 
stack 42:    465 452 325 121 458 475 80 
stack 43:    90 226 79 369 364 157 451 
stack 44:    250 0 
stack 45:    251 1 
stack 46:    3 2 
stack 47:    
stack 48:    254 4 
stack 49:    255 5 
stack 50:    256 
stack 51:    257 
stack 52:    8 258 
stack 53:    17 55 263 279 9 274 178 
stack 54:    275 11 260 222 91 151 261 
stack 55:    249 15 171 367 143 12 328 
stack 56:    93 267 499 343 310 192 209 
stack 57:    62 16 19 449 146 456 30 
stack 58:    29 466 282 486 381 425 212 
stack 59:    99 107 321 27 172 373 174 
stack 60:    417 50 162 271 484 237 268 
stack 61:    26 418 129 169 25 293 319 
stack 62:    393 403 301 217 309 366 350 
stack 63:    24 220 183 233 389 284 45 
stack 64:    53 42 278 231 322 338 353 
stack 65:    473 40 106 198 392 36 312 
stack 66:    320 444 494 371 273 406 480 
stack 67:    416 299 96 390 479 35 28 
stack 68:    186 434 289 44 165 136 111 
stack 69:    295 120 362 394 334 302 493 
stack 70:    467 75 242 112 224 115 78 
stack 71:    287 221 95 283 145 286 71 
stack 72:    461 114 281 436 88 38 288 
stack 73:    333 208 235 100 327 384 34 
stack 74:    201 424 94 337 400 176 236 
stack 75:    468 138 205 462 67 331 77 
stack 76:    101 239 135 207 63 185 342 
stack 77:    248 300 352 228 223 405 423 
stack 78:    329 195 191 180 349 134 496 
stack 79:    105 447 380 246 365 401 243 
stack 80:    124 68 488 396 113 108 347 
stack 81:    440 351 110 232 382 448 326 
stack 82:    376 46 60 241 218 52 298 
stack 83:    76 460 155 375 187 109 383 
stack 84:    188 204 315 410 435 116 341 
stack 85:    87 125 190 399 413 317 66 
stack 86:    247 82 175 64 84 356 311 

#####################################################

solved with: SP.post_optimization_methods.HillClimbing
time limit: 1800.0 s
time to solve: 124,68 s
objective value: 310017.68

stacks (top to bottom):
stack 0:    
stack 1:    
stack 2:    252 
stack 3:    253 
stack 4:    
stack 5:    
stack 6:    6 
stack 7:    7 
stack 8:    
stack 9:    14 260 365 259 43 
stack 10:    10 376 408 272 429 276 261 
stack 11:    294 70 264 357 355 199 265 
stack 12:    309 64 27 169 340 189 31 
stack 13:    200 85 158 421 471 491 13 
stack 14:    26 20 94 271 60 207 115 
stack 15:    138 267 411 462 499 321 453 
stack 16:    82 434 327 426 211 34 353 
stack 17:    17 374 22 281 314 313 57 
stack 18:    412 213 394 170 405 77 236 
stack 19:    481 228 343 485 218 274 141 
stack 20:    120 473 375 457 441 177 293 
stack 21:    201 32 291 97 202 243 455 
stack 22:    417 58 379 398 56 389 480 
stack 23:    90 41 107 133 277 23 66 
stack 24:    454 497 364 463 171 413 38 
stack 25:    215 29 131 366 223 302 338 
stack 26:    53 440 105 336 304 134 111 
stack 27:    96 221 397 35 428 347 80 
stack 28:    298 476 136 185 420 142 319 
stack 29:    149 300 121 217 155 331 392 
stack 30:    239 474 112 315 132 407 36 
stack 31:    344 203 488 246 367 439 225 
stack 32:    447 103 88 387 283 284 349 
stack 33:    459 160 318 390 469 196 496 
stack 34:    339 208 235 346 216 358 384 
stack 35:    460 40 415 477 176 427 341 
stack 36:    419 61 168 371 116 456 92 
stack 37:    148 234 127 146 198 308 59 
stack 38:    369 360 362 91 245 72 197 
stack 39:    74 130 433 183 184 173 317 
stack 40:    370 483 42 210 180 406 174 
stack 41:    316 470 424 337 63 423 102 
stack 42:    152 137 396 83 348 113 49 
stack 43:    226 166 232 222 233 190 312 
stack 44:    250 0 
stack 45:    251 1 
stack 46:    3 2 
stack 47:    
stack 48:    254 4 
stack 49:    255 5 
stack 50:    256 
stack 51:    257 
stack 52:    8 258 262 
stack 53:    16 175 310 263 9 383 342 
stack 54:    295 139 193 69 492 19 126 
stack 55:    21 11 449 238 12 128 326 
stack 56:    438 95 157 324 15 388 285 
stack 57:    266 181 269 437 143 451 18 
stack 58:    55 89 114 192 268 122 489 
stack 59:    62 333 377 186 46 71 498 
stack 60:    24 403 391 296 484 402 332 
stack 61:    465 87 50 161 118 237 400 
stack 62:    320 110 445 270 244 479 145 
stack 63:    117 220 104 482 273 448 432 
stack 64:    386 275 278 436 286 194 123 
stack 65:    282 204 179 422 363 478 25 
stack 66:    372 188 382 329 493 328 280 
stack 67:    468 354 248 153 231 288 28 
stack 68:    464 44 289 227 385 100 209 
stack 69:    303 79 292 147 410 435 33 
stack 70:    361 129 67 172 224 109 425 
stack 71:    467 247 444 205 279 472 78 
stack 72:    68 494 305 230 165 159 212 
stack 73:    378 290 240 140 306 45 30 
stack 74:    461 99 393 287 330 195 334 
stack 75:    414 297 352 381 98 214 163 
stack 76:    416 487 325 151 144 335 182 
stack 77:    299 351 119 307 350 37 431 
stack 78:    301 466 442 486 106 187 178 
stack 79:    93 368 48 52 229 311 446 
stack 80:    249 81 47 380 191 219 395 
stack 81:    86 443 206 418 84 241 450 
stack 82:    164 39 404 452 458 54 73 
stack 83:    76 154 242 125 162 409 345 
stack 84:    430 495 65 359 490 322 108 
stack 85:    51 124 101 135 399 150 401 
stack 86:    156 75 475 356 373 323 167 
