lower bound for relaxed s_ij: 310037.12

#####################################################

solved with: SP.mip_formulations.BinPackingFormulation
time limit: 1800.0 s
time to solve: 523,01 s
objective value: 310037.12

stacks (top to bottom):
stack 0:    
stack 1:    1 251 
stack 2:    250 
stack 3:    
stack 4:    4 
stack 5:    5 
stack 6:    
stack 7:    
stack 8:    8 
stack 9:    383 119 189 111 490 192 
stack 10:    372 330 229 76 87 217 179 
stack 11:    11 95 341 364 242 169 145 
stack 12:    367 90 427 468 12 394 227 
stack 13:    15 131 459 405 125 141 205 
stack 14:    433 146 462 243 14 130 43 
stack 15:    323 494 265 391 398 345 176 
stack 16:    89 320 415 314 267 150 266 
stack 17:    161 235 154 73 60 215 47 
stack 18:    486 97 412 359 268 66 342 
stack 19:    334 116 226 196 171 418 19 
stack 20:    167 153 303 156 463 222 338 
stack 21:    354 271 382 214 403 378 352 
stack 22:    377 487 144 384 361 231 122 
stack 23:    423 299 325 31 291 457 105 
stack 24:    421 302 475 199 392 129 120 
stack 25:    232 25 402 400 275 324 108 
stack 26:    71 478 184 104 489 187 74 
stack 27:    277 353 135 485 430 84 304 
stack 28:    385 331 234 479 357 432 197 
stack 29:    300 279 318 455 447 188 56 
stack 30:    228 149 30 165 207 46 168 
stack 31:    157 240 417 395 327 186 344 
stack 32:    49 465 365 474 473 282 476 
stack 33:    360 283 148 72 138 88 127 
stack 34:    481 436 114 115 321 307 52 
stack 35:    351 386 35 401 147 170 55 
stack 36:    428 155 173 164 390 416 288 
stack 37:    200 467 317 496 107 442 64 
stack 38:    343 380 63 38 190 371 213 
stack 39:    337 451 363 238 142 103 233 
stack 40:    445 236 407 82 346 174 290 
stack 41:    211 396 340 175 172 58 336 
stack 42:    315 223 326 219 195 368 151 
stack 43:    379 92 356 414 296 362 86 
stack 44:    0 
stack 45:    
stack 46:    2 
stack 47:    3 254 253 252 
stack 48:    
stack 49:    255 
stack 50:    256 6 
stack 51:    257 7 
stack 52:    258 
stack 53:    393 264 259 136 91 117 9 
stack 54:    456 452 448 260 10 24 204 
stack 55:    471 106 440 370 312 261 263 
stack 56:    140 112 449 420 262 339 109 
stack 57:    216 166 381 310 48 406 13 
stack 58:    374 446 68 484 438 69 389 
stack 59:    470 41 124 16 70 426 350 
stack 60:    311 306 248 477 102 322 237 
stack 61:    54 198 437 57 50 94 17 
stack 62:    18 208 413 499 203 139 118 
stack 63:    269 358 23 335 220 366 409 
stack 64:    270 20 273 460 59 450 177 
stack 65:    244 159 387 349 316 206 21 
stack 66:    137 399 373 305 272 293 22 
stack 67:    443 404 369 225 202 411 193 
stack 68:    295 98 464 439 113 274 287 
stack 69:    461 276 191 313 224 221 239 
stack 70:    301 408 328 309 123 26 292 
stack 71:    410 491 454 27 480 441 469 
stack 72:    245 181 278 397 294 78 28 
stack 73:    212 332 348 209 29 65 101 
stack 74:    194 453 424 44 488 497 280 
stack 75:    281 158 429 134 128 152 81 
stack 76:    458 419 79 32 355 284 45 
stack 77:    51 435 133 493 230 482 33 
stack 78:    126 34 201 67 422 143 132 
stack 79:    247 375 425 388 285 163 249 
stack 80:    75 80 483 286 241 210 36 
stack 81:    83 85 77 62 37 53 93 
stack 82:    246 99 61 178 110 182 492 
stack 83:    495 42 39 289 218 347 498 
stack 84:    333 162 472 40 298 121 185 
stack 85:    308 297 100 319 183 444 431 
stack 86:    96 376 180 434 160 466 329 

#####################################################

solved with: SP.constructive_heuristics.GeneralHeuristic
time limit: 1800.0 s
time to solve: 0,00 s
objective value: 335345.82

stacks (top to bottom):
stack 0:    106 349 0 482 397 368 9 
stack 1:    377 412 380 154 237 480 224 
stack 2:    51 223 265 32 437 55 366 
stack 3:    119 49 8 116 80 118 74 
stack 4:    270 435 149 296 362 33 177 
stack 5:    140 440 100 184 261 21 221 
stack 6:    299 83 467 285 190 26 288 
stack 7:    419 314 460 250 53 93 498 
stack 8:    238 302 16 226 225 217 152 
stack 9:    337 142 316 90 34 374 444 
stack 10:    96 71 259 478 160 257 110 
stack 11:    20 1 5 141 139 336 355 
stack 12:    167 212 386 69 31 29 176 
stack 13:    383 206 381 59 294 122 94 
stack 14:    470 228 400 165 46 52 258 
stack 15:    363 158 453 474 341 289 28 
stack 16:    271 200 325 153 371 490 45 
stack 17:    423 272 214 254 442 411 430 
stack 18:    208 42 340 403 130 179 352 
stack 19:    456 273 147 401 384 13 338 
stack 20:    385 301 276 281 235 483 203 
stack 21:    333 464 358 365 424 156 388 
stack 22:    379 95 405 427 420 323 457 
stack 23:    137 216 77 446 307 438 197 
stack 24:    315 493 92 150 394 239 447 
stack 25:    295 330 367 54 68 262 304 
stack 26:    157 376 392 489 7 492 117 
stack 27:    245 162 414 332 30 324 251 
stack 28:    393 148 146 436 396 413 195 
stack 29:    194 421 425 335 14 282 488 
stack 30:    41 348 207 65 185 249 81 
stack 31:    387 189 126 382 173 406 43 
stack 32:    89 461 260 38 44 418 56 
stack 33:    159 236 76 351 346 303 485 
stack 34:    113 375 183 313 466 193 329 
stack 35:    404 328 234 199 220 290 19 
stack 36:    211 155 12 57 50 108 345 
stack 37:    136 91 104 327 22 266 215 
stack 38:    124 232 472 40 121 298 17 
stack 39:    98 343 240 274 395 61 432 
stack 40:    408 60 73 431 213 192 398 
stack 41:    370 433 286 496 63 171 67 
stack 42:    256 459 10 219 231 291 168 
stack 43:    471 373 334 82 163 389 422 
stack 44:    448 166 454 48 125 175 174 
stack 45:    320 114 39 449 198 450 350 
stack 46:    308 112 278 321 279 188 132 
stack 47:    399 309 305 27 111 128 476 
stack 48:    269 131 107 37 347 455 342 
stack 49:    264 331 23 322 186 222 280 
stack 50:    372 2 201 463 204 497 252 
stack 51:    246 417 434 135 241 182 263 
stack 52:    491 481 229 172 144 170 151 
stack 53:    181 458 25 35 364 242 84 
stack 54:    311 297 123 317 120 441 66 
stack 55:    462 407 293 70 267 145 24 
stack 56:    486 4 475 473 499 416 109 
stack 57:    439 99 277 102 255 178 357 
stack 58:    75 244 477 11 359 164 484 
stack 59:    495 58 326 78 86 339 127 
stack 60:    443 247 319 233 129 210 187 
stack 61:    18 97 202 6 284 318 253 
stack 62:    15 133 79 300 426 391 409 
stack 63:    180 191 64 292 469 344 287 
stack 64:    445 360 283 452 465 268 353 
stack 65:    85 415 87 310 494 361 105 
stack 66:    248 428 161 243 62 169 101 
stack 67:    356 402 275 227 
stack 68:    410 72 429 196 378 134 143 
stack 69:    354 451 115 218 88 47 36 
stack 70:    306 312 369 103 479 138 205 
stack 71:    230 390 209 
stack 72:    3 487 468 
stack 73:    
stack 74:    
stack 75:    
stack 76:    
stack 77:    
stack 78:    
stack 79:    
stack 80:    
stack 81:    
stack 82:    
stack 83:    
stack 84:    
stack 85:    
stack 86:    
