lower bound for relaxed s_ij: 310020.12

#####################################################

solved with: SP.mip_formulations.BinPackingFormulation
time limit: 1800.0 s
time to solve: 474,69 s
objective value: 310020.12

stacks (top to bottom):
stack 0:    
stack 1:    
stack 2:    252 
stack 3:    
stack 4:    
stack 5:    5 
stack 6:    
stack 7:    
stack 8:    258 8 
stack 9:    471 372 109 199 301 73 
stack 10:    409 43 341 119 241 392 112 
stack 11:    261 367 156 120 151 56 441 
stack 12:    137 384 143 339 214 396 477 
stack 13:    44 126 497 475 305 197 13 
stack 14:    218 149 227 14 47 459 296 
stack 15:    236 481 201 493 86 400 173 
stack 16:    102 368 228 280 266 190 180 
stack 17:    492 373 100 192 389 195 206 
stack 18:    140 375 240 122 225 89 18 
stack 19:    300 146 164 129 117 121 437 
stack 20:    198 127 385 498 223 59 20 
stack 21:    345 144 314 104 303 456 233 
stack 22:    317 213 445 207 381 331 204 
stack 23:    23 438 139 489 430 325 226 
stack 24:    24 397 378 188 123 83 29 
stack 25:    147 347 340 145 377 141 411 
stack 26:    333 391 383 238 221 424 358 
stack 27:    329 452 365 390 323 444 27 
stack 28:    484 479 88 418 420 429 425 
stack 29:    359 71 451 124 95 472 446 
stack 30:    98 470 160 371 335 58 125 
stack 31:    31 395 318 306 52 370 352 
stack 32:    45 344 494 488 469 351 94 
stack 33:    196 57 114 342 210 283 401 
stack 34:    399 234 60 387 455 474 183 
stack 35:    285 416 476 175 133 35 427 
stack 36:    337 302 294 453 203 62 96 
stack 37:    217 202 155 70 309 205 174 
stack 38:    403 310 499 182 407 432 299 
stack 39:    330 289 184 414 355 321 298 
stack 40:    473 75 454 398 179 374 353 
stack 41:    439 450 162 291 356 487 157 
stack 42:    81 295 349 110 406 209 230 
stack 43:    386 170 361 136 224 447 405 
stack 44:    0 250 
stack 45:    1 251 
stack 46:    2 
stack 47:    253 3 
stack 48:    254 
stack 49:    4 255 
stack 50:    256 6 
stack 51:    257 
stack 52:    7 
stack 53:    415 259 9 308 346 275 105 
stack 54:    82 319 99 260 152 232 10 
stack 55:    68 97 243 154 247 11 482 
stack 56:    101 404 211 448 262 440 12 
stack 57:    78 263 64 53 326 231 191 
stack 58:    402 74 189 72 167 15 264 
stack 59:    265 16 364 304 185 148 50 
stack 60:    267 478 316 245 219 84 138 
stack 61:    17 177 394 158 171 67 90 
stack 62:    463 268 242 172 495 486 111 
stack 63:    159 269 19 200 153 312 246 
stack 64:    132 79 292 222 193 116 270 
stack 65:    272 21 166 134 208 142 271 
stack 66:    237 388 165 244 431 212 22 
stack 67:    442 417 118 443 467 229 273 
stack 68:    434 61 46 216 363 433 274 
stack 69:    25 357 276 332 194 366 235 
stack 70:    181 163 249 26 93 379 161 
stack 71:    220 277 380 215 113 108 28 
stack 72:    422 360 106 412 278 187 436 
stack 73:    279 490 48 313 85 423 92 
stack 74:    468 131 65 30 248 458 311 
stack 75:    464 328 281 336 87 49 42 
stack 76:    460 449 369 32 282 322 324 
stack 77:    33 483 426 350 135 480 348 
stack 78:    485 307 178 315 408 284 34 
stack 79:    130 334 421 286 419 491 354 
stack 80:    466 36 51 128 66 69 107 
stack 81:    410 297 287 37 376 362 76 
stack 82:    288 38 103 428 435 461 150 
stack 83:    239 465 55 39 115 169 176 
stack 84:    290 320 293 91 41 496 40 
stack 85:    54 63 186 393 338 462 168 
stack 86:    413 327 457 80 382 77 343 

#####################################################

solved with: SP.constructive_heuristics.GeneralHeuristic
time limit: 1800.0 s
time to solve: 0,00 s
objective value: 336279.06

stacks (top to bottom):
stack 0:    317 490 120 56 474 352 197 
stack 1:    360 485 178 114 331 362 343 
stack 2:    109 213 64 346 286 207 444 
stack 3:    140 5 436 185 325 257 13 
stack 4:    163 21 164 51 8 262 20 
stack 5:    261 277 457 432 175 87 429 
stack 6:    372 199 137 41 85 266 204 
stack 7:    170 412 193 141 230 226 50 
stack 8:    402 466 162 117 139 332 370 
stack 9:    177 81 146 75 357 90 440 
stack 10:    196 159 329 280 380 77 10 
stack 11:    131 290 249 247 308 301 480 
stack 12:    198 337 493 469 156 203 176 
stack 13:    130 492 263 416 192 407 105 
stack 14:    292 232 124 338 133 28 76 
stack 15:    65 132 143 291 255 353 411 
stack 16:    239 189 344 394 322 169 453 
stack 17:    237 201 184 475 1 238 151 
stack 18:    71 384 451 472 433 231 40 
stack 19:    253 414 498 211 398 84 447 
stack 20:    234 313 387 390 376 95 125 
stack 21:    439 72 483 136 116 355 111 
stack 22:    98 70 186 194 108 354 172 
stack 23:    468 36 282 38 158 349 309 
stack 24:    17 463 89 165 11 431 296 
stack 25:    272 126 369 258 7 93 235 
stack 26:    106 422 24 26 256 455 153 
stack 27:    289 181 449 421 103 424 264 
stack 28:    288 328 464 327 365 242 183 
stack 29:    33 333 55 302 251 389 489 
stack 30:    359 144 202 496 393 49 298 
stack 31:    152 32 154 275 195 67 174 
stack 32:    267 47 18 245 224 190 486 
stack 33:    415 341 383 59 171 157 461 
stack 34:    450 347 86 208 248 121 135 
stack 35:    91 281 19 392 396 233 312 
stack 36:    388 45 497 167 66 88 430 
stack 37:    25 218 147 30 361 400 209 
stack 38:    228 31 210 339 69 191 425 
stack 39:    122 145 488 110 378 83 150 
stack 40:    403 243 63 476 446 161 427 
stack 41:    68 220 279 373 419 271 246 
stack 42:    285 452 254 382 268 366 495 
stack 43:    44 43 307 297 0 269 456 
stack 44:    334 182 499 321 304 34 405 
stack 45:    240 340 484 428 418 206 348 
stack 46:    410 74 460 454 391 52 123 
stack 47:    54 217 100 342 118 283 6 
stack 48:    236 80 104 92 299 29 180 
stack 49:    386 14 225 377 374 22 437 
stack 50:    434 99 61 481 276 478 138 
stack 51:    149 265 473 127 278 364 459 
stack 52:    409 9 129 294 15 112 477 
stack 53:    222 315 371 73 274 113 467 
stack 54:    259 330 187 3 406 458 252 
stack 55:    413 57 408 323 168 229 42 
stack 56:    102 97 101 128 367 142 221 
stack 57:    78 260 119 216 350 188 491 
stack 58:    399 470 241 60 160 335 381 
stack 59:    295 385 179 318 53 173 441 
stack 60:    46 363 214 205 250 435 273 
stack 61:    4 23 287 200 462 62 94 
stack 62:    79 293 448 39 223 438 397 
stack 63:    300 166 134 395 324 107 326 
stack 64:    319 310 494 316 270 482 
stack 65:    471 284 423 35 215 379 401 
stack 66:    345 37 417 420 358 27 96 
stack 67:    82 2 16 479 404 212 148 
stack 68:    375 227 244 219 311 
stack 69:    368 314 442 58 336 443 487 
stack 70:    320 303 12 
stack 71:    445 155 356 
stack 72:    115 
stack 73:    48 305 465 306 
stack 74:    351 
stack 75:    
stack 76:    
stack 77:    426 
stack 78:    
stack 79:    
stack 80:    
stack 81:    
stack 82:    
stack 83:    
stack 84:    
stack 85:    
stack 86:    
