lower bound for relaxed s_ij: 310017.68

#####################################################

solved with: SP.mip_formulations.BinPackingFormulation
time limit: 1800.0 s
time to solve: 511,72 s
objective value: 310020.12

stacks (top to bottom):
stack 0:    
stack 1:    
stack 2:    
stack 3:    
stack 4:    
stack 5:    5 
stack 6:    6 
stack 7:    7 
stack 8:    258 
stack 9:    330 263 47 469 72 304 
stack 10:    234 200 434 299 10 443 191 
stack 11:    444 366 264 203 85 357 353 
stack 12:    331 431 337 442 99 425 46 
stack 13:    456 243 187 82 55 338 45 
stack 14:    430 182 65 468 111 467 397 
stack 15:    499 217 202 161 211 232 206 
stack 16:    16 178 171 137 328 291 148 
stack 17:    114 113 372 101 120 95 194 
stack 18:    269 131 210 173 160 204 167 
stack 19:    199 237 426 164 176 478 68 
stack 20:    452 400 196 20 151 132 423 
stack 21:    364 327 475 489 441 317 484 
stack 22:    272 156 451 424 143 432 320 
stack 23:    298 172 358 184 42 401 413 
stack 24:    376 274 119 296 219 71 162 
stack 25:    275 297 159 323 335 293 60 
stack 26:    343 459 249 326 209 349 340 
stack 27:    494 321 149 92 477 318 347 
stack 28:    465 402 448 278 384 496 153 
stack 29:    410 472 79 446 309 421 314 
stack 30:    133 122 245 192 381 53 371 
stack 31:    483 115 98 438 416 490 457 
stack 32:    485 129 380 454 473 445 59 
stack 33:    108 461 135 466 105 312 106 
stack 34:    284 163 121 100 374 49 88 
stack 35:    76 78 492 75 409 35 140 
stack 36:    170 154 495 329 80 90 145 
stack 37:    319 190 180 493 332 61 227 
stack 38:    215 179 38 398 301 235 460 
stack 39:    377 429 239 212 303 39 396 
stack 40:    351 420 290 292 44 228 214 
stack 41:    188 174 41 450 362 412 356 
stack 42:    405 96 476 352 223 166 94 
stack 43:    342 387 341 386 177 458 488 
stack 44:    1 250 0 
stack 45:    251 
stack 46:    252 2 
stack 47:    3 
stack 48:    254 253 4 
stack 49:    255 
stack 50:    256 
stack 51:    257 
stack 52:    8 
stack 53:    147 295 289 37 9 259 260 
stack 54:    144 222 344 236 226 246 26 
stack 55:    77 383 261 186 491 141 11 
stack 56:    262 433 12 89 268 169 146 
stack 57:    453 305 414 360 242 66 13 
stack 58:    58 14 221 134 56 48 155 
stack 59:    265 15 482 407 308 283 336 
stack 60:    406 110 225 266 447 125 197 
stack 61:    17 463 198 126 67 183 267 
stack 62:    310 233 165 93 435 118 18 
stack 63:    325 195 104 142 241 86 19 
stack 64:    497 370 389 311 270 271 471 
stack 65:    395 229 378 365 21 411 130 
stack 66:    427 22 220 382 307 436 91 
stack 67:    157 273 23 64 54 367 43 
stack 68:    24 369 107 355 346 498 87 
stack 69:    361 339 345 322 393 25 479 
stack 70:    373 189 276 277 193 480 375 
stack 71:    449 313 428 470 27 306 138 
stack 72:    316 185 51 422 175 73 28 
stack 73:    29 279 417 224 218 74 300 
stack 74:    123 280 392 487 391 348 30 
stack 75:    404 399 294 281 31 379 32 
stack 76:    282 69 213 205 33 139 103 
stack 77:    418 403 158 57 419 354 216 
stack 78:    34 97 248 150 285 52 168 
stack 79:    231 350 102 201 70 240 62 
stack 80:    464 208 286 368 109 36 84 
stack 81:    455 415 334 63 359 288 287 
stack 82:    486 481 181 152 50 385 81 
stack 83:    394 83 437 333 128 440 244 
stack 84:    247 124 439 302 207 363 40 
stack 85:    116 127 315 136 230 324 117 
stack 86:    474 388 408 238 112 462 390 

#####################################################

solved with: SP.constructive_heuristics.GeneralHeuristic
time limit: 1800.0 s
time to solve: 0,00 s
objective value: 336454.8

stacks (top to bottom):
stack 0:    233 113 392 273 281 268 169 
stack 1:    358 42 124 94 35 390 462 
stack 2:    459 180 63 179 244 155 478 
stack 3:    251 6 415 439 91 46 363 
stack 4:    47 349 336 386 68 227 26 
stack 5:    123 110 158 444 198 287 498 
stack 6:    261 309 55 307 141 338 138 
stack 7:    351 127 149 93 299 218 139 
stack 8:    472 264 44 3 2 194 471 
stack 9:    294 247 315 421 267 191 490 
stack 10:    58 258 387 97 65 253 43 
stack 11:    486 269 350 400 248 177 54 
stack 12:    345 222 475 359 442 150 382 
stack 13:    163 243 231 239 103 207 84 
stack 14:    481 482 107 451 209 458 128 
stack 15:    383 256 298 122 16 230 18 
stack 16:    464 108 420 366 192 323 335 
stack 17:    262 225 360 78 499 142 381 
stack 18:    161 39 354 397 232 82 285 
stack 19:    185 365 31 245 80 171 271 
stack 20:    321 79 8 165 36 436 81 
stack 21:    370 17 272 377 212 304 5 
stack 22:    170 286 391 318 90 443 28 
stack 23:    121 144 332 221 102 353 33 
stack 24:    199 456 311 429 452 20 64 
stack 25:    322 57 446 252 211 279 117 
stack 26:    497 474 404 51 422 348 356 
stack 27:    249 263 469 424 355 153 132 
stack 28:    38 419 204 240 417 106 312 
stack 29:    406 1 174 331 454 70 4 
stack 30:    373 208 136 112 479 40 168 
stack 31:    393 461 344 295 220 99 328 
stack 32:    250 389 427 493 448 219 214 
stack 33:    257 305 96 325 466 434 50 
stack 34:    450 12 119 173 384 440 167 
stack 35:    418 159 114 362 118 314 457 
stack 36:    394 453 131 190 308 283 320 
stack 37:    115 254 290 494 202 432 480 
stack 38:    402 491 92 178 95 30 306 
stack 39:    428 476 48 164 176 401 413 
stack 40:    229 189 29 255 368 438 238 
stack 41:    327 116 313 378 408 13 416 
stack 42:    24 403 297 75 289 10 426 
stack 43:    133 489 9 293 45 62 140 
stack 44:    310 23 67 435 347 259 324 
stack 45:    284 22 301 396 379 205 302 
stack 46:    275 319 14 270 473 216 423 
stack 47:    282 433 266 27 468 291 73 
stack 48:    395 441 160 201 340 193 87 
stack 49:    449 154 470 477 25 166 53 
stack 50:    157 455 56 357 224 162 74 
stack 51:    98 175 412 137 109 146 484 
stack 52:    234 242 195 104 126 206 32 
stack 53:    34 410 341 134 182 69 300 
stack 54:    364 41 217 329 487 235 145 
stack 55:    342 278 296 337 89 496 367 
stack 56:    376 100 72 152 374 59 385 
stack 57:    483 7 215 409 21 60 183 
stack 58:    330 83 334 288 303 85 49 
stack 59:    76 431 200 151 111 228 375 
stack 60:    465 276 223 460 488 197 130 
stack 61:    188 414 352 467 241 52 19 
stack 62:    265 274 156 61 346 86 88 
stack 63:    316 66 226 495 372 120 411 
stack 64:    369 237 196 398 425 213 260 
stack 65:    485 210 0 380 333 326 125 
stack 66:    405 339 147 280 430 292 186 
stack 67:    77 388 172 184 101 246 
stack 68:    343 361 129 317 105 203 148 
stack 69:    135 277 71 11 
stack 70:    15 407 447 143 
stack 71:    492 37 236 371 
stack 72:    187 445 
stack 73:    437 181 
stack 74:    399 
stack 75:    463 
stack 76:    
stack 77:    
stack 78:    
stack 79:    
stack 80:    
stack 81:    
stack 82:    
stack 83:    
stack 84:    
stack 85:    
stack 86:    
