solved with: SP.post_optimization_methods.TabuSearch
time limit: 1800.0 s
time to solve: 365,82 s
objective value: 310039.56

stacks (top to bottom):
stack 0:    250 
stack 1:    251 
stack 2:    252 
stack 3:    
stack 4:    4 
stack 5:    5 
stack 6:    6 
stack 7:    7 258 
stack 8:    
stack 9:    16 9 261 10 316 
stack 10:    387 143 490 66 37 359 85 
stack 11:    337 280 87 372 11 168 340 
stack 12:    25 121 262 477 265 246 32 
stack 13:    28 286 271 394 448 14 42 
stack 14:    299 120 361 21 399 180 44 
stack 15:    223 429 484 96 213 76 452 
stack 16:    347 267 424 272 371 332 130 
stack 17:    23 104 365 92 283 239 131 
stack 18:    472 94 242 84 270 275 423 
stack 19:    393 276 279 46 464 309 273 
stack 20:    384 460 368 22 218 56 60 
stack 21:    118 441 231 396 170 59 173 
stack 22:    366 36 211 86 78 300 148 
stack 23:    244 26 362 82 27 383 388 
stack 24:    64 421 450 222 297 442 178 
stack 25:    99 408 476 79 163 367 439 
stack 26:    88 284 50 277 240 152 127 
stack 27:    435 177 346 137 406 80 499 
stack 28:    39 157 348 295 35 179 375 
stack 29:    437 107 124 281 379 298 285 
stack 30:    355 456 458 154 139 220 102 
stack 31:    381 307 114 369 354 226 454 
stack 32:    315 434 209 214 89 358 351 
stack 33:    475 91 378 187 410 443 449 
stack 34:    312 169 150 494 215 320 495 
stack 35:    363 140 488 436 497 128 330 
stack 36:    407 203 53 492 197 321 51 
stack 37:    304 236 376 126 447 433 40 
stack 38:    199 296 325 61 133 425 493 
stack 39:    360 419 57 116 198 48 413 
stack 40:    212 463 479 374 389 62 153 
stack 41:    237 409 164 117 73 326 395 
stack 42:    470 161 67 97 483 201 317 
stack 43:    294 373 190 229 462 480 370 
stack 44:    0 
stack 45:    1 2 
stack 46:    
stack 47:    253 3 
stack 48:    
stack 49:    255 254 
stack 50:    256 
stack 51:    257 
stack 52:    259 8 
stack 53:    329 266 335 260 403 342 181 
stack 54:    147 15 386 19 219 204 192 
stack 55:    184 290 471 269 341 225 20 
stack 56:    263 292 191 13 216 12 98 
stack 57:    136 30 38 481 174 469 398 
stack 58:    268 264 24 188 158 245 350 
stack 59:    314 323 432 333 135 426 445 
stack 60:    34 303 49 31 122 105 318 
stack 61:    288 17 339 165 440 391 427 
stack 62:    313 29 418 18 171 145 195 
stack 63:    238 247 113 193 81 149 291 
stack 64:    301 400 207 467 397 485 93 
stack 65:    390 132 278 473 110 249 69 
stack 66:    274 289 430 75 221 74 428 
stack 67:    217 474 343 380 200 167 308 
stack 68:    352 356 33 205 478 129 415 
stack 69:    115 52 224 146 282 404 155 
stack 70:    70 54 324 353 90 103 344 
stack 71:    412 411 41 77 235 461 322 
stack 72:    420 189 95 243 431 228 446 
stack 73:    414 166 185 47 227 293 241 
stack 74:    438 338 328 319 108 489 176 
stack 75:    392 208 453 162 405 100 112 
stack 76:    345 138 468 306 43 230 210 
stack 77:    151 498 455 466 382 457 125 
stack 78:    83 196 486 68 327 248 482 
stack 79:    417 401 72 310 109 496 287 
stack 80:    491 144 101 422 175 364 183 
stack 81:    45 63 349 302 459 119 444 
stack 82:    186 71 156 402 172 202 232 
stack 83:    377 305 487 357 234 336 111 
stack 84:    182 233 206 65 334 465 142 
stack 85:    311 385 106 55 451 134 141 
stack 86:    159 160 58 194 331 123 416 

#####################################################

solved with: SP.post_optimization_methods.HillClimbing
time limit: 1800.0 s
time to solve: 121,63 s
objective value: 310039.56

stacks (top to bottom):
stack 0:    250 
stack 1:    1 
stack 2:    2 
stack 3:    
stack 4:    4 
stack 5:    5 
stack 6:    6 
stack 7:    7 258 
stack 8:    
stack 9:    16 9 261 10 375 
stack 10:    263 94 304 284 271 458 175 
stack 11:    280 190 139 11 473 12 370 
stack 12:    299 46 402 326 467 225 239 
stack 13:    387 363 196 354 396 300 391 
stack 14:    147 140 18 264 21 374 316 
stack 15:    72 460 450 226 219 433 468 
stack 16:    29 390 22 455 243 204 469 
stack 17:    217 17 342 295 221 20 445 
stack 18:    88 34 409 484 275 446 416 
stack 19:    36 270 272 334 371 127 119 
stack 20:    377 237 165 348 281 298 413 
stack 21:    315 408 208 86 89 129 426 
stack 22:    305 481 276 234 79 336 111 
stack 23:    83 343 456 87 154 308 367 
stack 24:    64 115 331 466 277 228 495 
stack 25:    381 38 328 231 471 40 439 
stack 26:    194 216 424 214 32 493 134 
stack 27:    491 164 143 464 247 108 482 
stack 28:    498 411 474 224 478 486 173 
stack 29:    50 368 58 162 121 188 388 
stack 30:    386 114 52 146 178 198 148 
stack 31:    401 244 286 49 405 213 112 
stack 32:    91 376 209 56 382 358 291 
stack 33:    212 410 327 477 116 232 141 
stack 34:    418 393 156 202 74 330 398 
stack 35:    136 54 169 172 181 287 285 
stack 36:    238 144 441 240 158 51 427 
stack 37:    151 95 211 109 448 122 59 
stack 38:    384 120 335 302 180 397 102 
stack 39:    199 296 496 465 428 130 321 
stack 40:    429 293 103 142 395 248 230 
stack 41:    70 53 488 319 197 90 65 
stack 42:    438 223 463 437 92 379 124 
stack 43:    314 206 312 78 442 332 62 
stack 44:    0 
stack 45:    251 
stack 46:    
stack 47:    253 3 252 
stack 48:    
stack 49:    255 254 
stack 50:    256 
stack 51:    257 
stack 52:    259 8 
stack 53:    23 266 283 260 273 153 155 
stack 54:    186 301 431 19 303 14 340 
stack 55:    26 274 362 279 497 353 494 
stack 56:    475 15 13 191 222 262 265 
stack 57:    355 380 97 200 110 183 317 
stack 58:    352 268 174 171 75 443 485 
stack 59:    177 288 157 179 37 282 245 
stack 60:    185 236 453 267 77 101 31 
stack 61:    347 33 203 333 24 400 309 
stack 62:    356 338 436 269 135 383 404 
stack 63:    182 366 73 324 145 100 192 
stack 64:    166 30 241 66 35 128 499 
stack 65:    99 357 278 235 480 220 76 
stack 66:    25 227 117 492 195 207 399 
stack 67:    294 470 132 106 372 483 249 
stack 68:    118 138 432 105 27 415 98 
stack 69:    311 28 189 160 422 246 297 
stack 70:    412 47 430 71 113 163 44 
stack 71:    360 434 41 218 167 425 48 
stack 72:    45 365 406 440 320 81 93 
stack 73:    233 57 461 325 133 322 210 
stack 74:    329 104 339 107 193 149 318 
stack 75:    417 187 361 490 489 43 131 
stack 76:    378 242 63 310 126 421 68 
stack 77:    159 487 289 170 82 389 344 
stack 78:    407 39 346 137 403 176 60 
stack 79:    313 307 476 394 369 168 201 
stack 80:    184 96 349 215 359 85 444 
stack 81:    420 385 161 462 351 364 451 
stack 82:    472 84 290 150 306 454 449 
stack 83:    345 419 447 457 69 452 350 
stack 84:    414 337 229 67 373 55 61 
stack 85:    392 205 341 479 459 80 42 
stack 86:    435 292 323 423 123 125 152 
