solved with: SP.post_optimization_methods.TabuSearch
time limit: 1800.0 s
time to solve: 289,84 s
objective value: 310044.44

stacks (top to bottom):
stack 0:    250 
stack 1:    251 
stack 2:    252 2 
stack 3:    3 
stack 4:    
stack 5:    4 
stack 6:    6 5 
stack 7:    257 
stack 8:    258 
stack 9:    10 382 9 12 315 
stack 10:    11 79 322 319 263 200 92 
stack 11:    470 46 442 206 267 265 27 
stack 12:    419 184 499 458 471 15 14 
stack 13:    493 29 20 293 441 498 51 
stack 14:    361 333 55 211 87 66 112 
stack 15:    44 280 352 248 287 58 432 
stack 16:    475 277 331 63 242 275 16 
stack 17:    434 394 135 447 49 282 428 
stack 18:    443 108 38 484 480 288 358 
stack 19:    378 141 139 383 390 230 35 
stack 20:    210 78 158 462 276 22 271 
stack 21:    86 124 386 421 306 187 321 
stack 22:    65 111 295 433 181 465 208 
stack 23:    159 81 185 297 303 82 41 
stack 24:    318 227 369 167 392 154 95 
stack 25:    301 464 137 323 377 42 350 
stack 26:    36 91 171 308 349 172 61 
stack 27:    173 77 28 446 455 179 460 
stack 28:    374 182 60 189 218 98 403 
stack 29:    180 147 102 47 138 83 336 
stack 30:    97 422 304 411 239 232 235 
stack 31:    339 145 203 300 373 347 223 
stack 32:    469 243 450 88 456 125 136 
stack 33:    103 106 338 160 169 245 342 
stack 34:    311 305 320 396 413 193 168 
stack 35:    472 127 156 387 214 291 497 
stack 36:    406 420 314 143 244 395 166 
stack 37:    43 346 365 479 114 488 445 
stack 38:    191 107 477 194 70 133 492 
stack 39:    400 157 344 99 134 132 96 
stack 40:    68 335 216 80 198 153 496 
stack 41:    231 380 298 366 174 324 332 
stack 42:    100 126 75 329 84 110 426 
stack 43:    362 190 359 142 67 307 408 
stack 44:    0 
stack 45:    1 
stack 46:    
stack 47:    253 
stack 48:    254 
stack 49:    255 
stack 50:    256 
stack 51:    7 8 
stack 52:    260 
stack 53:    439 372 259 155 264 62 71 
stack 54:    188 101 261 429 21 31 269 
stack 55:    234 163 402 19 351 197 345 
stack 56:    26 213 343 294 262 354 468 
stack 57:    410 279 268 302 13 85 249 
stack 58:    165 72 25 222 412 18 178 
stack 59:    272 161 393 266 105 32 273 
stack 60:    289 34 357 209 376 57 17 
stack 61:    221 425 415 109 23 473 89 
stack 62:    205 416 201 40 283 388 407 
stack 63:    494 485 316 348 489 405 53 
stack 64:    270 52 246 204 312 164 310 
stack 65:    286 33 436 202 313 115 381 
stack 66:    183 24 330 241 466 274 368 
stack 67:    73 355 129 207 219 327 482 
stack 68:    224 284 278 30 131 93 290 
stack 69:    474 170 385 454 486 212 281 
stack 70:    175 116 215 76 444 90 285 
stack 71:    457 229 59 240 120 199 495 
stack 72:    340 130 113 117 325 226 438 
stack 73:    451 437 449 144 476 435 418 
stack 74:    448 94 296 45 123 64 363 
stack 75:    151 356 162 69 39 379 467 
stack 76:    423 364 334 119 228 225 461 
stack 77:    54 424 417 375 149 326 397 
stack 78:    148 292 118 37 431 478 404 
stack 79:    389 463 452 341 122 490 317 
stack 80:    337 367 398 195 233 399 309 
stack 81:    491 353 430 186 104 217 56 
stack 82:    371 481 48 483 176 192 121 
stack 83:    237 220 401 177 247 328 384 
stack 84:    196 140 360 128 391 50 238 
stack 85:    152 299 453 409 150 236 440 
stack 86:    74 370 427 459 414 487 146 

#####################################################

solved with: SP.post_optimization_methods.HillClimbing
time limit: 1800.0 s
time to solve: 117,79 s
objective value: 310044.44

stacks (top to bottom):
stack 0:    250 
stack 1:    251 
stack 2:    252 2 
stack 3:    3 
stack 4:    5 
stack 5:    4 
stack 6:    6 
stack 7:    257 
stack 8:    260 
stack 9:    351 262 245 166 468 
stack 10:    11 10 13 228 263 153 431 
stack 11:    469 220 329 249 58 309 199 
stack 12:    266 294 485 70 471 15 332 
stack 13:    314 155 483 441 347 432 16 
stack 14:    402 393 134 489 105 496 271 
stack 15:    246 59 85 116 80 276 142 
stack 16:    268 284 20 357 92 168 492 
stack 17:    361 499 375 267 83 408 17 
stack 18:    26 161 292 19 401 21 336 
stack 19:    270 439 141 291 387 274 440 
stack 20:    448 124 370 37 363 341 232 
stack 21:    272 394 455 447 331 193 242 
stack 22:    147 477 494 219 396 136 217 
stack 23:    103 493 277 484 421 23 321 
stack 24:    299 33 202 369 66 76 418 
stack 25:    419 54 138 326 350 27 172 
stack 26:    340 130 360 414 209 376 438 
stack 27:    79 352 216 462 158 177 328 
stack 28:    457 204 436 181 330 49 150 
stack 29:    100 126 162 39 392 174 467 
stack 30:    437 47 427 133 197 452 397 
stack 31:    196 224 464 128 117 169 297 
stack 32:    237 372 286 415 382 178 35 
stack 33:    94 111 65 359 189 110 208 
stack 34:    470 151 69 139 127 167 154 
stack 35:    356 367 75 398 230 156 466 
stack 36:    145 74 420 405 164 461 51 
stack 37:    163 362 42 288 459 114 381 
stack 38:    183 296 160 458 115 95 238 
stack 39:    234 43 157 365 82 112 403 
stack 40:    203 87 463 480 307 192 57 
stack 41:    301 44 152 77 182 412 310 
stack 42:    73 135 426 497 71 236 368 
stack 43:    422 91 48 239 349 187 235 
stack 44:    0 
stack 45:    1 
stack 46:    
stack 47:    253 
stack 48:    254 
stack 49:    255 
stack 50:    256 
stack 51:    7 8 
stack 52:    258 
stack 53:    371 9 259 308 264 185 53 
stack 54:    24 72 409 261 478 31 498 
stack 55:    45 12 312 247 283 384 269 
stack 56:    364 34 377 342 354 303 265 
stack 57:    36 304 29 186 282 198 14 
stack 58:    322 210 334 335 131 479 388 
stack 59:    339 243 344 129 416 200 488 
stack 60:    410 491 430 25 18 241 482 
stack 61:    425 481 108 323 320 338 122 
stack 62:    400 318 225 88 22 293 404 
stack 63:    46 298 227 240 366 60 226 
stack 64:    52 378 170 390 233 179 273 
stack 65:    213 140 346 386 106 132 176 
stack 66:    68 171 64 194 96 223 121 
stack 67:    97 355 207 433 456 348 275 
stack 68:    78 175 278 125 93 487 32 
stack 69:    123 191 287 316 429 90 285 
stack 70:    101 295 413 444 56 435 317 
stack 71:    280 279 28 248 446 290 428 
stack 72:    475 311 118 315 40 67 146 
stack 73:    451 137 38 81 109 476 395 
stack 74:    333 434 229 302 327 30 281 
stack 75:    374 450 305 306 373 113 358 
stack 76:    55 107 215 201 104 345 61 
stack 77:    148 102 289 389 449 244 473 
stack 78:    411 99 63 325 41 407 445 
stack 79:    221 300 343 62 143 391 50 
stack 80:    442 206 423 180 443 406 144 
stack 81:    337 119 385 214 454 399 495 
stack 82:    165 231 188 353 380 313 319 
stack 83:    173 453 474 195 486 379 98 
stack 84:    472 383 212 84 465 324 120 
stack 85:    86 184 424 417 149 89 490 
stack 86:    205 211 159 190 222 460 218 
