lower bound for relaxed s_ij: 310014.06

#####################################################

solved with: SP.mip_formulations.BinPackingFormulation
time limit: 1800.0 s
time to solve: 701,45 s
objective value: 310022.56

stacks (top to bottom):
stack 0:    0 
stack 1:    1 
stack 2:    
stack 3:    3 
stack 4:    
stack 5:    5 
stack 6:    6 
stack 7:    
stack 8:    
stack 9:    52 213 327 88 371 59 
stack 10:    93 242 169 406 196 69 153 
stack 11:    469 109 147 311 205 180 428 
stack 12:    363 149 157 399 343 167 81 
stack 13:    101 292 248 181 203 128 188 
stack 14:    488 106 438 154 358 357 14 
stack 15:    174 15 345 361 73 83 495 
stack 16:    229 267 202 192 389 148 16 
stack 17:    466 191 458 212 483 78 17 
stack 18:    175 97 114 75 19 135 335 
stack 19:    454 444 401 378 315 112 151 
stack 20:    270 152 385 415 91 395 240 
stack 21:    489 199 34 22 86 486 21 
stack 22:    299 207 446 218 450 347 177 
stack 23:    23 441 57 377 227 442 142 
stack 24:    411 364 359 346 387 392 158 
stack 25:    301 484 435 323 201 156 168 
stack 26:    497 461 443 228 26 333 332 
stack 27:    170 462 376 316 468 303 27 
stack 28:    487 414 353 313 61 183 28 
stack 29:    460 492 340 29 494 85 490 
stack 30:    470 496 480 326 184 63 498 
stack 31:    477 471 391 71 423 379 362 
stack 32:    413 32 134 432 224 421 209 
stack 33:    283 144 131 237 206 289 64 
stack 34:    380 45 116 334 220 67 214 
stack 35:    305 365 166 164 56 89 143 
stack 36:    138 349 43 119 481 195 223 
stack 37:    99 368 407 126 37 145 172 
stack 38:    474 336 104 100 231 234 369 
stack 39:    107 459 388 120 51 233 189 
stack 40:    110 425 310 111 338 160 449 
stack 41:    230 291 356 238 452 348 121 
stack 42:    396 382 304 232 429 245 351 
stack 43:    129 309 68 95 472 344 179 
stack 44:    250 
stack 45:    252 
stack 46:    251 2 
stack 47:    253 
stack 48:    254 4 
stack 49:    255 
stack 50:    256 
stack 51:    257 7 
stack 52:    8 258 
stack 53:    259 420 386 298 296 92 9 
stack 54:    293 307 260 322 276 10 294 
stack 55:    243 11 98 13 171 261 448 
stack 56:    12 226 58 262 163 297 127 
stack 57:    375 329 320 475 125 263 225 
stack 58:    55 360 370 103 141 264 339 
stack 59:    244 397 398 265 161 372 219 
stack 60:    266 137 162 485 54 155 42 
stack 61:    204 440 211 74 439 123 286 
stack 62:    268 325 18 136 198 426 124 
stack 63:    239 467 350 269 132 216 173 
stack 64:    108 102 25 159 210 87 20 
stack 65:    271 403 330 79 493 146 62 
stack 66:    455 200 417 366 272 341 324 
stack 67:    24 130 187 273 400 197 118 
stack 68:    115 342 70 491 402 434 274 
stack 69:    96 247 312 390 337 275 150 
stack 70:    436 447 221 76 408 457 48 
stack 71:    410 473 464 437 422 416 277 
stack 72:    394 278 431 419 236 367 374 
stack 73:    478 77 424 279 319 235 215 
stack 74:    280 321 412 418 373 49 30 
stack 75:    31 281 476 451 405 300 393 
stack 76:    282 409 404 384 65 82 354 
stack 77:    217 456 72 94 33 295 222 
stack 78:    60 90 284 47 117 445 308 
stack 79:    246 381 285 35 314 140 433 
stack 80:    249 139 105 53 36 453 306 
stack 81:    46 194 287 185 186 41 499 
stack 82:    38 66 208 328 318 352 288 
stack 83:    182 44 39 80 165 427 482 
stack 84:    463 290 317 84 331 113 40 
stack 85:    465 190 479 355 50 133 122 
stack 86:    193 430 383 302 241 178 176 

#####################################################

solved with: SP.constructive_heuristics.GeneralHeuristic
time limit: 1800.0 s
time to solve: 0,00 s
objective value: 337497.12

stacks (top to bottom):
stack 0:    99 46 265 143 482 277 308 
stack 1:    410 496 483 437 19 237 351 
stack 2:    226 61 272 169 196 406 158 
stack 3:    302 211 72 209 445 155 153 
stack 4:    382 270 446 472 424 64 306 
stack 5:    60 345 188 358 408 400 140 
stack 6:    71 159 148 403 35 50 297 
stack 7:    360 353 479 285 421 136 252 
stack 8:    24 128 284 372 122 91 69 
stack 9:    138 484 52 8 322 205 426 
stack 10:    474 149 336 190 32 39 384 
stack 11:    125 409 390 416 225 235 121 
stack 12:    282 259 363 34 492 381 210 
stack 13:    55 396 309 207 450 118 9 
stack 14:    411 283 6 464 288 289 40 
stack 15:    1 15 78 287 56 275 485 
stack 16:    166 249 75 494 227 33 59 
stack 17:    101 454 200 379 98 341 214 
stack 18:    310 465 57 317 65 286 198 
stack 19:    217 115 3 183 165 333 448 
stack 20:    129 478 218 36 162 339 220 
stack 21:    487 130 13 451 152 173 28 
stack 22:    248 488 154 208 184 335 373 
stack 23:    191 187 298 171 231 83 374 
stack 24:    370 260 119 480 352 452 327 
stack 25:    320 243 182 407 337 206 27 
stack 26:    435 290 340 441 404 84 300 
stack 27:    244 108 246 104 313 25 0 
stack 28:    193 491 16 123 79 146 258 
stack 29:    375 43 364 194 53 419 343 
stack 30:    239 247 394 429 344 48 369 
stack 31:    489 185 356 481 76 234 240 
stack 32:    463 107 401 414 134 330 233 
stack 33:    436 93 349 256 423 486 168 
stack 34:    477 199 459 254 195 67 54 
stack 35:    420 469 316 326 41 393 215 
stack 36:    110 5 111 325 331 88 42 
stack 37:    301 66 391 20 10 319 4 
stack 38:    170 475 292 31 365 431 197 
stack 39:    460 299 497 160 18 434 51 
stack 40:    232 77 304 73 177 30 263 
stack 41:    251 241 323 22 74 224 172 
stack 42:    378 242 262 350 377 157 315 
stack 43:    386 141 105 359 131 253 14 
stack 44:    467 291 95 47 81 21 433 
stack 45:    90 462 405 415 161 92 303 
stack 46:    202 440 176 439 82 332 124 
stack 47:    417 444 29 250 180 392 490 
stack 48:    280 58 201 70 126 142 37 
stack 49:    397 103 443 228 147 186 367 
stack 50:    271 458 473 338 476 371 222 
stack 51:    97 398 273 296 112 395 294 
stack 52:    230 293 268 133 113 295 427 
stack 53:    174 466 102 425 264 493 442 
stack 54:    368 307 257 216 17 63 223 
stack 55:    267 23 255 212 312 389 62 
stack 56:    68 266 279 245 453 324 219 
stack 57:    139 238 203 422 167 499 495 
stack 58:    38 114 321 281 357 457 189 
stack 59:    96 179 347 49 150 
stack 60:    11 45 269 362 385 213 87 
stack 61:    413 305 106 438 132 261 127 
stack 62:    471 342 383 430 86 178 456 
stack 63:    85 355 120 26 276 449 348 
stack 64:    318 461 418 278 221 311 151 
stack 65:    164 412 328 376 137 387 468 
stack 66:    229 455 470 399 100 274 428 
stack 67:    380 156 432 80 402 163 498 
stack 68:    329 192 388 44 116 89 117 
stack 69:    175 181 447 144 361 236 7 
stack 70:    12 346 334 354 145 
stack 71:    366 314 2 
stack 72:    135 
stack 73:    109 94 
stack 74:    204 
stack 75:    
stack 76:    
stack 77:    
stack 78:    
stack 79:    
stack 80:    
stack 81:    
stack 82:    
stack 83:    
stack 84:    
stack 85:    
stack 86:    
