solved with: SP.post_optimization_methods.TabuSearch
time limit: 1800.0 s
time to solve: 368,36 s
objective value: 716568.58

stacks (top to bottom):
stack 0:    
stack 1:    1 
stack 2:    377 
stack 3:    3 
stack 4:    
stack 5:    5 
stack 6:    382 
stack 7:    22 745 9 387 673 455 553 
stack 8:    386 279 586 656 561 463 14 
stack 9:    697 10 395 384 650 746 197 
stack 10:    599 75 400 223 47 396 298 
stack 11:    537 188 59 402 267 25 401 
stack 12:    716 112 419 533 162 109 148 
stack 13:    53 718 356 290 105 644 367 
stack 14:    274 193 576 486 20 393 40 
stack 15:    605 361 639 172 437 248 667 
stack 16:    45 340 99 30 57 423 613 
stack 17:    260 64 234 414 429 547 678 
stack 18:    475 123 425 38 598 27 310 
stack 19:    665 472 421 199 669 408 399 
stack 20:    337 212 671 215 265 23 95 
stack 21:    696 492 52 435 601 410 173 
stack 22:    491 581 712 641 133 397 709 
stack 23:    420 271 245 567 319 84 170 
stack 24:    166 694 182 447 575 297 698 
stack 25:    35 185 135 145 589 536 207 
stack 26:    495 434 432 309 149 406 596 
stack 27:    88 424 444 688 60 578 701 
stack 28:    642 54 660 569 142 344 200 
stack 29:    477 233 735 670 572 359 592 
stack 30:    643 703 529 652 563 629 580 
stack 31:    192 441 132 351 349 647 94 
stack 32:    372 501 583 457 67 68 131 
stack 33:    127 677 710 329 324 214 231 
stack 34:    719 322 137 729 174 252 715 
stack 35:    436 631 100 153 365 295 282 
stack 36:    654 284 70 346 459 230 111 
stack 37:    189 617 203 742 543 118 734 
stack 38:    721 101 556 43 213 374 224 
stack 39:    736 681 520 261 645 481 582 
stack 40:    147 743 296 208 128 326 85 
stack 41:    540 368 107 104 597 299 240 
stack 42:    312 211 637 591 71 218 300 
stack 43:    79 748 498 659 103 693 610 
stack 44:    157 460 318 264 633 257 612 
stack 45:    209 499 527 744 220 524 439 
stack 46:    690 237 451 638 228 636 606 
stack 47:    292 462 258 343 285 525 210 
stack 48:    90 458 169 445 151 184 263 
stack 49:    198 713 440 611 692 431 456 
stack 50:    143 124 557 564 738 618 438 
stack 51:    63 430 320 485 518 278 270 
stack 52:    686 489 468 244 352 473 497 
stack 53:    311 577 272 287 632 494 161 
stack 54:    348 93 168 236 702 500 331 
stack 55:    737 246 96 216 526 574 221 
stack 56:    191 150 338 116 121 689 546 
stack 57:    532 341 98 141 226 534 130 
stack 58:    308 535 552 323 615 519 247 
stack 59:    180 183 523 522 562 662 602 
stack 60:    375 0 
stack 61:    376 
stack 62:    2 
stack 63:    
stack 64:    378 379 4 
stack 65:    380 381 
stack 66:    6 
stack 67:    177 13 391 7 394 243 403 
stack 68:    8 405 388 383 528 385 18 
stack 69:    29 195 140 291 512 69 616 
stack 70:    175 360 15 11 120 303 16 
stack 71:    648 314 600 34 12 415 32 
stack 72:    82 24 238 390 222 17 327 
stack 73:    26 389 256 590 554 731 726 
stack 74:    480 55 325 273 571 125 607 
stack 75:    362 119 373 609 443 661 452 
stack 76:    635 392 649 294 49 484 679 
stack 77:    250 413 350 409 315 239 417 
stack 78:    570 622 579 97 507 514 171 
stack 79:    72 28 21 19 87 369 433 
stack 80:    479 355 259 81 728 717 560 
stack 81:    674 202 418 450 565 504 364 
stack 82:    44 39 165 139 506 321 36 
stack 83:    398 113 249 358 58 330 482 
stack 84:    276 73 558 225 442 201 37 
stack 85:    126 42 229 476 483 78 301 
stack 86:    91 708 623 704 634 46 302 
stack 87:    503 317 619 664 749 464 371 
stack 88:    454 653 691 255 584 741 41 
stack 89:    345 31 404 205 453 56 160 
stack 90:    513 266 625 478 722 407 538 
stack 91:    683 33 158 474 204 159 695 
stack 92:    711 102 493 269 411 663 621 
stack 93:    336 628 190 517 281 268 511 
stack 94:    77 176 235 509 608 549 593 
stack 95:    627 117 206 427 700 471 687 
stack 96:    658 86 138 651 676 747 50 
stack 97:    412 720 426 156 134 446 129 
stack 98:    624 594 706 466 531 353 699 
stack 99:    163 620 152 505 416 657 304 
stack 100:    313 449 275 114 548 595 335 
stack 101:    545 680 92 542 730 194 714 
stack 102:    61 646 332 307 461 316 725 
stack 103:    253 48 727 470 465 488 51 
stack 104:    422 108 262 655 286 550 227 
stack 105:    684 339 739 626 342 66 467 
stack 106:    733 74 496 363 232 555 76 
stack 107:    551 293 685 724 370 490 277 
stack 108:    196 187 354 306 585 707 333 
stack 109:    186 723 219 668 566 181 469 
stack 110:    732 106 217 110 366 305 289 
stack 111:    178 672 80 508 164 573 588 
stack 112:    568 675 705 544 288 241 428 
stack 113:    521 515 587 122 254 630 283 
stack 114:    614 65 539 251 83 347 146 
stack 115:    334 740 136 541 167 510 604 
stack 116:    682 640 502 144 328 487 357 
stack 117:    559 242 179 280 89 62 516 
stack 118:    115 155 448 154 666 603 530 

#####################################################

solved with: SP.post_optimization_methods.HillClimbing
time limit: 1800.0 s
time to solve: 317,15 s
objective value: 716568.58

stacks (top to bottom):
stack 0:    
stack 1:    1 
stack 2:    377 
stack 3:    3 
stack 4:    
stack 5:    5 
stack 6:    382 
stack 7:    521 674 22 9 664 387 121 
stack 8:    311 586 144 562 14 25 23 
stack 9:    10 384 11 201 741 37 488 
stack 10:    386 29 336 389 107 426 12 
stack 11:    90 564 38 584 34 406 16 
stack 12:    640 117 703 393 470 638 130 
stack 13:    246 185 718 92 105 730 200 
stack 14:    219 740 229 252 118 19 644 
stack 15:    61 561 83 724 662 277 270 
stack 16:    539 624 392 421 337 273 17 
stack 17:    652 419 563 281 574 164 415 
stack 18:    495 279 178 222 329 305 456 
stack 19:    499 30 394 56 661 645 399 
stack 20:    24 617 738 343 405 142 331 
stack 21:    88 458 513 75 411 307 227 
stack 22:    422 583 576 427 276 435 230 
stack 23:    44 123 442 231 510 32 148 
stack 24:    31 404 259 154 622 733 295 
stack 25:    412 653 686 159 27 171 310 
stack 26:    341 468 69 374 528 726 321 
stack 27:    163 202 440 611 608 315 549 
stack 28:    654 233 278 323 301 240 481 
stack 29:    605 748 365 680 555 588 51 
stack 30:    684 258 556 342 285 316 452 
stack 31:    242 631 79 261 717 326 695 
stack 32:    492 424 637 650 74 708 578 
stack 33:    48 600 434 98 457 156 701 
stack 34:    430 460 448 413 517 533 476 
stack 35:    250 132 349 542 194 506 367 
stack 36:    147 89 39 566 346 443 514 
stack 37:    77 577 245 694 575 673 469 
stack 38:    180 681 712 670 595 604 173 
stack 39:    739 713 136 43 221 647 46 
stack 40:    275 113 493 618 236 508 747 
stack 41:    42 501 119 373 60 446 573 
stack 42:    308 306 571 607 170 725 455 
stack 43:    177 183 656 293 182 544 428 
stack 44:    348 591 425 444 467 268 129 
stack 45:    274 568 646 522 347 461 546 
stack 46:    480 587 453 486 139 232 207 
stack 47:    520 96 203 589 190 300 210 
stack 48:    436 432 363 165 516 616 109 
stack 49:    454 199 531 744 353 335 553 
stack 50:    253 179 626 213 580 184 439 
stack 51:    648 491 54 485 102 110 359 
stack 52:    642 350 112 140 746 459 134 
stack 53:    479 355 515 291 309 141 534 
stack 54:    362 711 537 223 358 330 615 
stack 55:    198 99 93 269 151 125 688 
stack 56:    614 209 251 271 332 601 734 
stack 57:    126 639 205 158 352 636 714 
stack 58:    682 472 338 137 729 666 623 
stack 59:    619 503 152 518 168 84 95 
stack 60:    375 0 
stack 61:    376 
stack 62:    2 
stack 63:    
stack 64:    378 379 4 
stack 65:    380 381 
stack 66:    6 
stack 67:    398 400 13 548 7 702 397 
stack 68:    8 260 64 388 383 603 18 
stack 69:    328 551 390 402 541 78 298 
stack 70:    540 462 256 395 15 385 482 
stack 71:    391 567 742 324 509 257 58 
stack 72:    635 450 319 220 122 160 247 
stack 73:    26 590 20 579 526 554 85 
stack 74:    697 671 732 706 57 417 371 
stack 75:    174 264 234 409 226 327 630 
stack 76:    63 649 325 527 21 525 87 
stack 77:    191 354 558 512 162 704 483 
stack 78:    737 101 532 351 197 511 693 
stack 79:    65 620 416 505 408 396 47 
stack 80:    478 28 550 414 679 283 431 
stack 81:    719 736 643 187 660 565 504 
stack 82:    115 211 529 700 40 465 403 
stack 83:    361 135 248 103 659 94 687 
stack 84:    35 723 188 585 692 698 401 
stack 85:    658 212 669 294 357 749 613 
stack 86:    418 280 167 676 410 146 111 
stack 87:    339 86 172 489 66 473 36 
stack 88:    192 475 145 437 451 498 536 
stack 89:    690 138 176 628 318 633 344 
stack 90:    559 284 722 407 668 484 239 
stack 91:    599 594 677 581 49 655 519 
stack 92:    53 356 91 153 290 593 667 
stack 93:    721 334 33 597 299 67 228 
stack 94:    441 120 128 41 530 596 610 
stack 95:    266 317 114 287 288 500 289 
stack 96:    313 108 466 572 699 438 641 
stack 97:    189 320 683 206 716 149 560 
stack 98:    193 535 314 743 720 598 224 
stack 99:    675 685 523 370 490 632 621 
stack 100:    420 150 728 651 71 496 282 
stack 101:    372 570 100 727 218 612 76 
stack 102:    691 225 204 80 369 634 433 
stack 103:    569 735 73 62 216 629 507 
stack 104:    45 157 272 215 657 304 364 
stack 105:    143 449 340 445 52 214 547 
stack 106:    81 312 195 255 68 731 429 
stack 107:    696 745 106 463 241 663 297 
stack 108:    169 487 602 423 267 538 50 
stack 109:    625 55 235 464 494 161 366 
stack 110:    705 166 217 116 265 447 715 
stack 111:    368 262 59 543 243 302 333 
stack 112:    627 127 345 322 474 104 606 
stack 113:    155 208 524 254 303 497 709 
stack 114:    665 82 175 249 286 181 263 
stack 115:    72 545 237 672 609 471 707 
stack 116:    292 557 70 360 238 689 592 
stack 117:    477 196 186 296 552 244 97 
stack 118:    124 502 710 133 131 678 582 
