lower bound for relaxed s_ij: 716560.08

#####################################################

solved with: SP.mip_formulations.BinPackingFormulation
time limit: 1800.0 s
time to solve: 1802,12 s (time limit exceeded)
objective value: 721360.27 (not optimal)

stacks (top to bottom):
stack 0:    0 13 1 3 
stack 1:    8 15 379 21 19 5 
stack 2:    24 30 378 28 7 14 4 
stack 3:    392 387 9 396 25 23 
stack 4:    10 11 20 383 27 17 12 
stack 5:    44 33 39 43 34 385 18 
stack 6:    35 31 388 38 393 37 41 
stack 7:    398 22 83 110 381 47 84 
stack 8:    391 390 380 52 57 58 40 
stack 9:    86 412 89 71 474 64 60 
stack 10:    65 400 75 102 49 93 394 
stack 11:    505 113 99 55 59 87 56 
stack 12:    166 61 490 463 408 121 461 
stack 13:    419 74 496 80 69 67 85 
stack 14:    79 104 98 62 66 97 94 
stack 15:    101 72 123 91 100 92 68 
stack 16:    152 144 106 116 411 410 170 
stack 17:    501 485 492 96 434 442 406 
stack 18:    145 135 172 468 153 105 130 
stack 19:    559 376 132 194 103 530 506 
stack 20:    136 120 453 112 457 140 467 
stack 21:    416 119 114 407 125 122 161 
stack 22:    466 108 440 151 443 438 417 
stack 23:    413 154 137 142 444 149 139 
stack 24:    174 128 470 162 159 473 200 
stack 25:    480 460 404 190 158 141 165 
stack 26:    177 445 199 478 168 167 181 
stack 27:    568 183 182 241 546 504 553 
stack 28:    475 237 185 486 208 195 397 
stack 29:    521 251 503 499 493 188 267 
stack 30:    189 205 218 204 201 197 207 
stack 31:    491 479 450 215 217 265 464 
stack 32:    209 223 222 235 220 214 224 
stack 33:    229 225 213 221 232 228 226 
stack 34:    245 212 249 252 236 484 401 
stack 35:    219 216 254 239 231 243 403 
stack 36:    250 260 405 264 277 227 289 
stack 37:    258 409 255 234 244 247 240 
stack 38:    284 427 276 432 261 281 282 
stack 39:    545 290 248 268 547 321 310 
stack 40:    294 273 269 278 257 283 302 
stack 41:    311 266 272 402 286 304 298 
stack 42:    317 271 275 306 262 307 297 
stack 43:    308 296 280 285 291 299 295 
stack 44:    462 338 336 320 340 287 333 
stack 45:    362 328 293 357 288 347 364 
stack 46:    322 314 312 318 309 326 300 
stack 47:    319 329 324 323 315 303 327 
stack 48:    354 334 325 358 346 335 301 
stack 49:    372 337 373 353 369 330 367 
stack 50:    495 477 332 370 359 371 316 
stack 51:    361 356 351 341 352 344 497 
stack 52:    339 350 343 342 374 363 469 
stack 53:    420 418 345 360 355 348 366 
stack 54:    349 519 483 514 507 488 429 
stack 55:    441 437 451 365 482 481 456 
stack 56:    472 449 368 448 424 426 431 
stack 57:    458 421 476 471 459 415 465 
stack 58:    454 436 447 435 423 455 452 
stack 59:    430 422 425 414 439 446 433 
stack 60:    375 
stack 61:    
stack 62:    2 
stack 63:    377 
stack 64:    428 
stack 65:    
stack 66:    6 
stack 67:    382 
stack 68:    
stack 69:    384 
stack 70:    494 500 
stack 71:    489 498 516 511 
stack 72:    502 386 389 517 509 510 
stack 73:    540 513 518 543 508 
stack 74:    529 533 512 534 528 
stack 75:    539 523 544 538 399 
stack 76:    520 537 487 531 527 524 525 
stack 77:    29 395 535 556 552 526 536 
stack 78:    557 564 515 566 541 550 16 
stack 79:    26 586 577 551 522 565 575 
stack 80:    532 542 555 596 560 588 582 
stack 81:    570 563 558 574 554 549 573 
stack 82:    594 561 602 607 601 613 592 
stack 83:    599 569 581 567 548 562 621 
stack 84:    590 587 589 579 584 578 593 
stack 85:    609 585 608 572 604 598 610 
stack 86:    605 591 576 597 580 603 606 
stack 87:    614 617 583 571 611 595 612 
stack 88:    624 620 619 625 618 623 615 
stack 89:    635 627 637 628 622 633 638 
stack 90:    631 626 600 629 636 616 630 
stack 91:    640 654 643 649 657 655 632 
stack 92:    639 652 651 650 661 645 634 
stack 93:    665 648 642 660 669 641 667 
stack 94:    681 672 666 647 679 678 644 
stack 95:    690 658 691 653 686 659 687 
stack 96:    682 675 685 664 673 663 662 
stack 97:    705 646 694 656 689 692 698 
stack 98:    674 697 677 670 668 688 695 
stack 99:    711 671 702 699 676 704 701 
stack 100:    737 721 718 727 680 714 693 
stack 101:    684 683 713 703 717 700 715 
stack 102:    719 696 706 712 710 708 709 
stack 103:    723 735 733 728 716 734 725 
stack 104:    736 198 738 729 746 741 726 
stack 105:    739 743 740 720 747 707 173 
stack 106:    274 180 279 745 724 749 270 
stack 107:    732 722 744 305 263 230 331 
stack 108:    196 187 259 256 238 233 731 
stack 109:    246 313 292 253 242 748 730 
stack 110:    191 202 211 206 203 32 210 
stack 111:    163 186 169 742 164 156 171 
stack 112:    192 179 147 193 178 184 146 
stack 113:    143 157 175 176 160 118 148 
stack 114:    124 115 150 155 138 134 95 
stack 115:    90 63 45 54 111 50 36 
stack 116:    53 48 107 133 131 46 51 
stack 117:    126 42 127 70 117 129 109 
stack 118:    88 82 77 81 73 78 76 

#####################################################

solved with: SP.constructive_heuristics.GeneralHeuristic
time limit: 1800.0 s
time to solve: 0,00 s
objective value: 754247.96

stacks (top to bottom):
stack 0:    10 137 622 38 216 573 403 
stack 1:    521 253 739 376 290 365 680 
stack 2:    658 567 390 335 510 78 16 
stack 3:    180 166 183 522 121 500 305 
stack 4:    697 308 107 729 587 461 316 
stack 5:    292 74 453 133 87 508 707 
stack 6:    642 392 152 400 99 3 173 
stack 7:    745 724 694 83 381 84 455 
stack 8:    274 65 586 561 673 230 50 
stack 9:    502 127 683 33 261 746 374 
stack 10:    75 222 286 315 426 134 465 
stack 11:    691 341 584 197 741 281 41 
stack 12:    163 314 703 117 650 609 446 
stack 13:    147 185 356 105 367 456 553 
stack 14:    336 193 96 740 178 353 252 
stack 15:    320 54 617 434 720 64 149 
stack 16:    338 520 275 625 324 621 25 
stack 17:    515 384 276 512 255 717 282 
stack 18:    690 653 100 159 747 27 310 
stack 19:    77 472 421 317 523 399 270 
stack 20:    682 206 735 738 589 470 162 
stack 21:    501 492 52 249 307 632 289 
stack 22:    177 402 184 19 709 514 678 
stack 23:    454 503 114 618 595 170 111 
stack 24:    150 716 73 419 457 442 231 
stack 25:    88 577 272 287 288 366 538 
stack 26:    436 475 79 451 638 606 596 
stack 27:    539 22 293 182 428 347 95 
stack 28:    535 743 234 409 704 695 630 
stack 29:    529 278 323 415 243 301 481 
stack 30:    372 2 250 437 194 506 687 
stack 31:    191 427 104 574 164 439 377 
stack 32:    681 420 294 57 379 394 598 
stack 33:    395 342 629 555 228 283 148 
stack 34:    101 348 413 652 20 517 516 
stack 35:    124 557 564 39 66 536 560 
stack 36:    186 672 89 566 181 257 364 
stack 37:    477 391 706 655 531 414 129 
stack 38:    626 213 388 580 67 344 131 
stack 39:    665 640 212 144 487 357 749 
stack 40:    696 619 332 664 297 464 371 
stack 41:    677 710 151 17 369 482 171 
stack 42:    35 537 306 408 546 6 298 
stack 43:    132 659 103 693 588 51 321 
stack 44:    155 425 218 467 511 97 37 
stack 45:    568 705 9 544 241 662 161 
stack 46:    238 24 138 15 541 604 32 
stack 47:    386 479 462 418 225 300 385 
stack 48:    1 119 28 407 744 220 509 
stack 49:    143 713 380 571 7 122 611 
stack 50:    179 639 280 258 597 62 18 
stack 51:    430 63 635 485 102 518 110 
stack 52:    126 176 318 405 34 633 726 
stack 53:    570 532 748 85 94 130 644 
stack 54:    362 93 214 60 519 615 547 
stack 55:    246 198 480 325 273 607 333 
stack 56:    61 106 601 23 277 359 734 
stack 57:    643 203 322 11 174 585 156 
stack 58:    684 723 590 558 207 497 578 
stack 59:    251 209 675 656 562 575 463 
stack 60:    29 354 526 444 244 528 46 
stack 61:    545 339 718 351 727 92 593 
stack 62:    458 499 328 113 524 58 613 
stack 63:    42 350 158 285 699 484 330 
stack 64:    674 82 115 513 711 466 378 
stack 65:    368 70 81 98 43 636 76 
stack 66:    157 187 460 651 552 563 731 
stack 67:    624 702 167 435 423 725 210 
stack 68:    721 8 123 237 468 327 610 
stack 69:    599 215 416 49 265 47 263 
stack 70:    540 175 312 264 346 608 227 
stack 71:    245 199 55 670 235 525 483 
stack 72:    44 605 576 474 160 12 452 
stack 73:    26 90 326 406 554 5 701 
stack 74:    671 649 668 329 440 692 146 
stack 75:    375 337 223 493 125 21 443 
stack 76:    719 551 108 572 661 459 679 
stack 77:    192 86 441 296 647 534 530 
stack 78:    737 620 505 581 319 657 14 
stack 79:    169 628 136 112 80 221 268 
stack 80:    495 398 527 109 247 240 582 
stack 81:    53 686 489 204 352 473 331 
stack 82:    279 733 190 666 139 165 200 
stack 83:    313 145 195 140 291 69 616 
stack 84:    669 188 59 663 267 401 469 
stack 85:    345 120 556 358 676 476 431 
stack 86:    91 141 623 549 634 433 302 
stack 87:    242 172 299 201 224 397 612 
stack 88:    614 311 732 217 447 602 698 
stack 89:    648 404 31 382 205 154 56 
stack 90:    654 284 334 722 742 543 645 
stack 91:    559 631 153 498 603 507 429 
stack 92:    45 627 594 271 387 396 410 
stack 93:    736 196 202 450 13 565 504 
stack 94:    256 569 211 591 343 486 232 
stack 95:    361 72 135 542 730 667 36 
stack 96:    660 233 269 712 438 417 641 
stack 97:    48 412 260 579 600 533 393 
stack 98:    355 259 728 71 128 700 226 
stack 99:    646 685 370 490 494 4 304 
stack 100:    0 340 445 30 168 236 118 
stack 101:    349 303 488 
stack 102:    422 360 219 583 637 448 411 
stack 103:    229 208 383 688 239 254 40 
stack 104:    266 373 478 262 550 592 715 
stack 105:    189 449 548 689 
stack 106:    142 432 496 309 363 68 295 
stack 107:    424 708 471 
stack 108:    491 389 714 
stack 109:    116 
stack 110:    
stack 111:    248 
stack 112:    
stack 113:    
stack 114:    
stack 115:    
stack 116:    
stack 117:    
stack 118:    
