solved with: SP.post_optimization_methods.TabuSearch
time limit: 1800.0 s
time to solve: 413,22 s
objective value: 716564.96

stacks (top to bottom):
stack 0:    375 0 
stack 1:    1 
stack 2:    2 
stack 3:    
stack 4:    4 
stack 5:    5 
stack 6:    
stack 7:    383 472 14 522 385 8 662 
stack 8:    441 43 112 427 252 451 346 
stack 9:    186 184 374 745 387 327 386 
stack 10:    686 29 647 28 593 367 37 
stack 11:    713 115 277 273 702 290 11 
stack 12:    343 26 682 445 265 705 12 
stack 13:    635 251 735 90 298 414 18 
stack 14:    407 235 598 33 440 42 671 
stack 15:    545 476 146 297 521 422 204 
stack 16:    417 71 707 412 17 150 55 
stack 17:    401 722 301 20 747 469 465 
stack 18:    394 338 678 113 324 530 336 
stack 19:    296 715 559 463 255 718 56 
stack 20:    405 109 226 181 288 613 46 
stack 21:    311 24 516 539 307 163 308 
stack 22:    315 547 304 99 549 744 25 
stack 23:    657 100 116 501 371 679 703 
stack 24:    135 141 519 96 749 442 317 
stack 25:    64 742 195 247 118 325 47 
stack 26:    708 408 554 712 359 32 164 
stack 27:    314 746 320 216 558 160 590 
stack 28:    125 36 428 123 272 571 215 
stack 29:    175 491 406 50 543 719 174 
stack 30:    659 91 424 225 608 673 136 
stack 31:    664 609 67 496 151 470 35 
stack 32:    191 607 410 409 423 73 471 
stack 33:    207 533 548 52 619 40 117 
stack 34:    658 483 156 154 625 672 460 
stack 35:    132 419 477 178 161 68 223 
stack 36:    269 49 579 535 695 106 61 
stack 37:    316 591 205 75 706 611 220 
stack 38:    259 38 86 93 479 551 87 
stack 39:    420 556 524 127 487 739 110 
stack 40:    690 714 192 198 448 194 629 
stack 41:    111 421 211 299 349 480 107 
stack 42:    275 612 66 94 696 733 630 
stack 43:    196 633 529 231 588 360 512 
stack 44:    669 344 499 490 309 644 256 
stack 45:    709 573 322 222 310 217 357 
stack 46:    492 550 292 589 171 562 432 
stack 47:    284 158 74 202 661 654 210 
stack 48:    720 478 214 241 139 577 236 
stack 49:    104 286 497 743 326 143 287 
stack 50:    342 76 652 464 356 684 323 
stack 51:    514 500 245 639 689 605 229 
stack 52:    278 332 646 140 560 489 711 
stack 53:    365 582 596 62 453 737 262 
stack 54:    244 723 643 97 249 566 688 
stack 55:    653 458 82 595 159 454 172 
stack 56:    281 197 188 353 321 565 663 
stack 57:    70 531 170 119 274 130 295 
stack 58:    187 98 570 730 681 631 339 
stack 59:    355 446 564 347 81 439 95 
stack 60:    
stack 61:    376 
stack 62:    377 
stack 63:    3 378 
stack 64:    379 
stack 65:    380 7 
stack 66:    381 6 
stack 67:    208 382 9 498 517 398 627 
stack 68:    484 10 13 348 15 27 384 
stack 69:    253 390 683 717 23 182 599 
stack 70:    426 731 388 395 692 541 389 
stack 71:    393 283 44 418 734 557 402 
stack 72:    219 239 438 224 16 434 101 
stack 73:    527 392 57 561 628 352 58 
stack 74:    19 567 415 400 485 623 391 
stack 75:    466 699 729 157 601 65 362 
stack 76:    431 404 486 396 481 351 701 
stack 77:    134 641 21 361 660 155 243 
stack 78:    333 200 680 366 626 233 523 
stack 79:    260 242 645 520 515 467 666 
stack 80:    581 240 576 597 51 397 59 
stack 81:    368 447 685 456 80 291 48 
stack 82:    72 167 617 22 282 403 354 
stack 83:    587 372 618 528 634 621 553 
stack 84:    540 69 300 34 169 31 399 
stack 85:    234 144 495 330 108 665 176 
stack 86:    736 334 622 724 168 293 704 
stack 87:    563 190 30 697 444 575 232 
stack 88:    542 267 687 650 131 193 525 
stack 89:    694 257 280 534 449 728 505 
stack 90:    318 246 624 53 331 145 509 
stack 91:    585 544 537 604 329 230 41 
stack 92:    411 78 77 85 83 63 413 
stack 93:    165 721 433 201 319 675 102 
stack 94:    142 494 507 350 121 455 640 
stack 95:    468 674 340 676 45 302 203 
stack 96:    416 651 147 508 586 180 546 
stack 97:    726 39 638 358 312 189 149 
stack 98:    124 738 335 54 583 435 732 
stack 99:    179 430 305 250 285 603 727 
stack 100:    748 502 594 602 129 264 649 
stack 101:    363 568 526 437 615 488 228 
stack 102:    303 370 89 457 137 425 462 
stack 103:    213 614 503 153 152 341 126 
stack 104:    600 328 452 716 592 578 475 
stack 105:    218 369 459 637 92 84 538 
stack 106:    289 306 436 276 443 698 373 
stack 107:    461 584 474 261 166 148 552 
stack 108:    473 138 248 700 504 122 511 
stack 109:    532 725 670 294 120 364 616 
stack 110:    212 206 237 271 133 103 238 
stack 111:    105 88 429 482 162 655 510 
stack 112:    493 183 513 620 693 677 610 
stack 113:    128 668 177 632 648 506 450 
stack 114:    345 60 199 268 642 636 569 
stack 115:    227 574 266 656 555 667 691 
stack 116:    606 221 114 313 270 258 173 
stack 117:    536 572 710 741 740 79 580 
stack 118:    185 337 254 518 279 263 209 

#####################################################

solved with: SP.post_optimization_methods.HillClimbing
time limit: 1800.0 s
time to solve: 226,68 s
objective value: 716564.96

stacks (top to bottom):
stack 0:    375 0 
stack 1:    1 
stack 2:    2 
stack 3:    
stack 4:    4 
stack 5:    5 
stack 6:    
stack 7:    19 383 417 330 347 12 176 
stack 8:    89 697 78 24 325 8 389 
stack 9:    421 646 86 554 528 360 719 
stack 10:    10 306 707 526 682 56 11 
stack 11:    657 240 731 498 350 388 59 
stack 12:    227 396 69 14 121 80 46 
stack 13:    128 674 392 371 517 101 18 
stack 14:    49 183 436 353 169 127 198 
stack 15:    709 496 199 648 37 397 470 
stack 16:    184 519 576 609 36 745 415 
stack 17:    493 30 680 556 34 180 217 
stack 18:    686 394 738 253 43 520 734 
stack 19:    411 114 366 399 20 439 469 
stack 20:    495 66 481 420 297 516 403 
stack 21:    29 407 131 530 126 644 465 
stack 22:    235 536 699 221 416 222 569 
stack 23:    748 749 96 93 50 506 25 
stack 24:    259 429 85 447 444 551 110 
stack 25:    466 405 60 410 534 567 453 
stack 26:    144 412 276 261 171 204 640 
stack 27:    208 746 574 459 270 273 590 
stack 28:    200 342 714 178 236 727 357 
stack 29:    185 408 344 62 312 521 32 
stack 30:    678 594 146 53 561 279 358 
stack 31:    186 369 341 577 672 512 562 
stack 32:    119 612 326 724 642 103 35 
stack 33:    165 314 130 464 679 733 327 
stack 34:    187 606 462 422 467 660 627 
stack 35:    514 213 54 591 83 413 68 
stack 36:    234 529 658 181 716 571 302 
stack 37:    239 508 693 477 487 706 48 
stack 38:    289 488 443 701 566 663 747 
stack 39:    483 216 304 499 263 87 356 
stack 40:    492 572 79 42 639 671 150 
stack 41:    333 179 583 149 309 603 557 
stack 42:    542 193 313 604 501 129 182 
stack 43:    72 328 109 140 271 226 475 
stack 44:    715 588 245 285 265 538 665 
stack 45:    491 741 364 298 434 684 229 
stack 46:    473 428 458 73 504 423 505 
stack 47:    669 206 82 98 159 744 339 
stack 48:    581 111 64 586 168 75 243 
stack 49:    687 331 154 258 645 656 666 
stack 50:    142 708 77 482 225 290 621 
stack 51:    251 578 730 489 449 322 703 
stack 52:    694 472 451 619 155 164 552 
stack 53:    91 497 735 537 509 631 737 
stack 54:    720 274 438 725 84 307 346 
stack 55:    218 320 299 166 321 301 580 
stack 56:    167 278 332 57 189 543 108 
stack 57:    647 726 105 241 598 689 662 
stack 58:    275 311 670 564 348 232 233 
stack 59:    191 614 743 335 559 120 712 
stack 60:    
stack 61:    376 
stack 62:    377 
stack 63:    3 378 
stack 64:    379 
stack 65:    380 7 
stack 66:    381 6 
stack 67:    382 632 283 9 400 613 386 
stack 68:    13 15 16 27 31 575 55 
stack 69:    363 284 158 390 51 511 384 
stack 70:    527 349 305 250 385 541 117 
stack 71:    393 550 39 115 277 52 402 
stack 72:    260 668 177 387 600 138 409 
stack 73:    635 617 116 160 268 230 47 
stack 74:    124 461 486 139 152 524 194 
stack 75:    370 713 601 626 148 323 391 
stack 76:    404 76 288 395 172 485 203 
stack 77:    26 568 425 535 17 565 605 
stack 78:    334 224 474 513 162 705 629 
stack 79:    532 573 468 406 242 696 432 
stack 80:    607 21 324 398 329 210 354 
stack 81:    246 99 22 23 711 636 238 
stack 82:    214 651 589 266 300 33 704 
stack 83:    690 503 424 282 655 41 673 
stack 84:    38 584 685 677 718 740 293 
stack 85:    401 643 308 173 455 634 616 
stack 86:    70 316 247 205 611 65 362 
stack 87:    446 441 201 137 615 739 291 
stack 88:    318 365 28 518 525 414 58 
stack 89:    257 622 710 190 618 549 454 
stack 90:    343 71 197 721 437 228 106 
stack 91:    175 196 476 195 192 255 359 
stack 92:    125 345 664 548 533 267 418 
stack 93:    355 540 650 717 683 264 448 
stack 94:    419 123 237 676 700 558 317 
stack 95:    484 596 340 592 133 122 45 
stack 96:    545 211 40 352 599 102 262 
stack 97:    280 641 292 372 202 555 702 
stack 98:    303 281 457 723 579 698 220 
stack 99:    659 134 294 722 97 450 688 
stack 100:    587 338 147 625 252 515 163 
stack 101:    494 374 212 597 595 570 272 
stack 102:    188 522 361 336 256 523 553 
stack 103:    426 742 100 582 652 295 209 
stack 104:    507 112 593 654 367 539 44 
stack 105:    135 653 452 67 248 145 728 
stack 106:    736 219 74 113 490 608 630 
stack 107:    296 132 143 480 157 440 319 
stack 108:    368 624 602 427 479 442 510 
stack 109:    633 637 500 463 620 153 649 
stack 110:    207 729 92 460 667 107 95 
stack 111:    315 88 430 63 351 610 691 
stack 112:    585 141 502 547 156 681 287 
stack 113:    431 531 337 231 94 456 628 
stack 114:    478 435 90 215 471 174 223 
stack 115:    286 638 661 151 560 692 310 
stack 116:    269 563 433 445 695 61 81 
stack 117:    104 244 161 732 675 249 373 
stack 118:    170 544 254 118 623 546 136 
