lower bound for relaxed s_ij: 716560.08

#####################################################

solved with: SP.mip_formulations.BinPackingFormulation
time limit: 1800.0 s
time to solve: 1801,41 s (time limit exceeded)
objective value: 716568.58 (not optimal)

stacks (top to bottom):
stack 0:    
stack 1:    376 
stack 2:    377 
stack 3:    378 
stack 4:    379 
stack 5:    380 
stack 6:    
stack 7:    276 466 448 708 208 714 585 
stack 8:    371 8 344 512 511 749 660 
stack 9:    500 125 384 686 734 601 647 
stack 10:    385 10 176 446 305 419 219 
stack 11:    608 370 386 285 517 493 336 
stack 12:    633 533 645 615 574 171 387 
stack 13:    572 651 321 111 388 87 260 
stack 14:    280 270 189 432 196 296 491 
stack 15:    541 390 68 124 231 682 81 
stack 16:    671 629 132 192 75 740 240 
stack 17:    120 392 332 109 502 115 74 
stack 18:    523 335 183 452 236 534 252 
stack 19:    551 90 503 213 299 484 202 
stack 20:    679 552 597 696 640 539 20 
stack 21:    253 247 159 89 226 605 563 
stack 22:    451 460 339 628 22 58 60 
stack 23:    217 94 644 235 672 398 318 
stack 24:    311 558 139 694 147 657 272 
stack 25:    162 435 281 425 329 160 25 
stack 26:    108 26 565 373 415 84 368 
stack 27:    747 95 294 193 496 445 283 
stack 28:    467 282 457 304 587 616 229 
stack 29:    733 555 104 218 237 690 30 
stack 30:    274 38 161 667 566 317 598 
stack 31:    530 310 646 475 300 155 39 
stack 32:    677 490 702 356 341 324 683 
stack 33:    408 550 358 295 146 313 179 
stack 34:    622 351 347 485 590 538 439 
stack 35:    410 613 604 547 479 331 494 
stack 36:    638 369 353 693 362 76 345 
stack 37:    320 412 471 609 200 239 174 
stack 38:    532 536 710 330 730 540 291 
stack 39:    727 243 729 725 306 88 568 
stack 40:    739 689 40 701 548 508 673 
stack 41:    133 86 211 79 564 180 143 
stack 42:    128 514 259 478 150 56 417 
stack 43:    692 516 275 142 263 209 110 
stack 44:    363 198 626 278 206 372 567 
stack 45:    354 188 576 553 212 420 284 
stack 46:    246 288 319 580 118 497 653 
stack 47:    663 662 316 268 504 443 712 
stack 48:    531 334 234 636 105 289 172 
stack 49:    361 92 113 292 459 302 656 
stack 50:    632 242 709 618 165 643 557 
stack 51:    53 480 323 51 697 328 164 
stack 52:    621 145 659 554 449 52 258 
stack 53:    227 225 163 515 264 444 723 
stack 54:    584 680 149 666 454 743 201 
stack 55:    473 438 190 430 700 477 342 
stack 56:    543 348 249 257 210 66 437 
stack 57:    593 297 112 745 175 529 141 
stack 58:    158 255 717 135 595 738 501 
stack 59:    273 748 648 592 664 266 187 
stack 60:    0 1 375 
stack 61:    
stack 62:    3 2 
stack 63:    
stack 64:    4 
stack 65:    5 
stack 66:    381 716 6 
stack 67:    599 7 382 434 624 191 119 
stack 68:    560 325 525 685 45 447 383 
stack 69:    315 535 9 579 472 73 203 
stack 70:    220 736 668 607 691 581 464 
stack 71:    630 11 495 456 741 355 399 
stack 72:    669 12 655 129 241 137 453 
stack 73:    589 186 13 277 102 684 428 
stack 74:    631 14 389 678 482 308 267 
stack 75:    639 746 181 488 635 233 15 
stack 76:    16 393 573 121 359 391 546 
stack 77:    594 96 637 301 476 526 17 
stack 78:    18 570 197 556 106 720 699 
stack 79:    19 461 394 562 293 707 62 
stack 80:    440 661 518 205 603 148 395 
stack 81:    21 462 396 649 238 744 481 
stack 82:    397 140 357 612 77 742 114 
stack 83:    641 519 650 487 167 168 23 
stack 84:    614 314 24 83 513 156 731 
stack 85:    286 337 250 170 623 549 400 
stack 86:    401 687 498 307 718 675 326 
stack 87:    27 596 586 254 279 591 402 
stack 88:    403 28 215 136 524 489 352 
stack 89:    29 152 261 194 195 404 711 
stack 90:    251 569 522 309 269 154 405 
stack 91:    31 244 178 130 55 123 406 
stack 92:    652 407 688 103 32 33 230 
stack 93:    338 126 674 465 719 470 166 
stack 94:    458 157 409 34 627 44 433 
stack 95:    177 367 322 35 327 365 360 
stack 96:    442 333 528 374 222 411 36 
stack 97:    665 634 658 642 695 450 37 
stack 98:    78 413 505 151 606 340 414 
stack 99:    724 610 732 602 499 600 483 
stack 100:    116 99 582 537 521 416 364 
stack 101:    670 520 510 468 577 469 41 
stack 102:    509 42 69 182 542 70 65 
stack 103:    418 486 429 463 346 185 43 
stack 104:    303 617 287 271 256 312 715 
stack 105:    228 216 144 64 561 350 224 
stack 106:    713 127 46 698 349 421 169 
stack 107:    681 101 248 571 422 343 47 
stack 108:    82 48 620 214 107 71 423 
stack 109:    207 49 424 204 72 575 98 
stack 110:    703 199 91 245 134 122 50 
stack 111:    737 426 290 61 366 704 527 
stack 112:    722 474 63 221 131 578 427 
stack 113:    298 80 654 625 232 100 721 
stack 114:    54 59 441 726 153 57 544 
stack 115:    184 93 436 67 223 173 85 
stack 116:    583 117 706 138 431 588 507 
stack 117:    492 262 705 611 735 619 455 
stack 118:    506 97 676 545 728 559 265 

#####################################################

solved with: SP.constructive_heuristics.GeneralHeuristic
time limit: 1800.0 s
time to solve: 0,00 s
objective value: 752411.78

stacks (top to bottom):
stack 0:    99 652 214 710 343 252 331 
stack 1:    27 737 292 669 285 359 144 
stack 2:    246 679 249 441 556 20 711 
stack 3:    286 16 722 303 690 568 272 
stack 4:    638 410 552 13 677 335 455 
stack 5:    671 646 111 137 195 488 544 
stack 6:    468 611 435 341 264 419 444 
stack 7:    325 186 390 576 5 405 84 
stack 8:    338 282 134 266 215 360 427 
stack 9:    500 279 535 241 56 193 100 
stack 10:    152 477 147 317 684 81 164 
stack 11:    78 589 101 8 347 122 142 
stack 12:    571 3 235 672 566 383 542 
stack 13:    594 270 732 211 667 300 715 
stack 14:    403 26 512 213 89 66 284 
stack 15:    369 275 748 577 664 587 166 
stack 16:    354 490 160 640 714 707 110 
stack 17:    348 626 562 69 105 240 37 
stack 18:    320 96 205 514 4 415 507 
stack 19:    692 506 76 469 324 471 678 
stack 20:    509 125 586 447 742 260 423 
stack 21:    31 448 382 446 377 277 60 
stack 22:    133 713 46 38 602 607 540 
stack 23:    220 21 474 416 526 291 169 
stack 24:    487 378 463 515 55 749 352 
stack 25:    650 206 346 511 708 242 498 
stack 26:    385 523 739 274 499 694 557 
stack 27:    633 551 145 210 561 402 590 
stack 28:    681 93 199 345 728 23 699 
stack 29:    371 528 79 57 349 71 233 
stack 30:    451 10 14 138 486 372 606 
stack 31:    251 90 311 217 256 72 313 
stack 32:    19 519 259 364 295 578 318 
stack 33:    462 582 204 404 355 437 414 
stack 34:    9 484 580 657 238 481 482 
stack 35:    631 461 351 549 539 36 136 
stack 36:    49 132 570 323 269 478 534 
stack 37:    629 553 569 48 620 356 106 
stack 38:    157 237 298 63 476 221 398 
stack 39:    218 197 192 290 202 379 87 
stack 40:    301 73 564 453 725 456 70 
stack 41:    250 86 321 642 517 554 565 
stack 42:    639 574 610 696 449 616 47 
stack 43:    632 247 228 676 387 263 209 
stack 44:    473 128 615 409 454 400 653 
stack 45:    525 208 183 258 421 443 43 
stack 46:    458 91 442 558 701 508 479 
stack 47:    555 287 80 495 730 656 575 
stack 48:    543 628 430 330 459 146 687 
stack 49:    467 176 661 522 107 600 527 
stack 50:    7 597 130 319 735 723 546 
stack 51:    583 273 168 135 340 464 98 
stack 52:    188 139 746 185 720 342 682 
stack 53:    680 367 520 24 336 165 417 
stack 54:    424 0 380 617 627 624 102 
stack 55:    480 190 407 548 644 550 155 
stack 56:    54 393 245 719 365 229 230 
stack 57:    184 736 181 579 124 358 376 
stack 58:    254 674 334 52 504 581 547 
stack 59:    560 422 153 154 688 77 686 
stack 60:    82 244 178 425 226 119 604 
stack 61:    541 645 457 175 673 141 267 
stack 62:    53 666 225 388 716 502 6 
stack 63:    724 67 257 743 559 151 50 
stack 64:    695 194 452 538 635 114 741 
stack 65:    315 68 32 118 567 439 660 
stack 66:    510 121 140 659 299 357 265 
stack 67:    177 727 120 339 391 432 131 
stack 68:    243 161 103 685 426 45 307 
stack 69:    521 537 44 88 697 2 625 
stack 70:    381 170 655 268 729 649 428 
stack 71:    530 532 222 309 472 700 654 
stack 72:    117 126 262 322 64 531 524 
stack 73:    18 361 641 297 505 362 411 
stack 74:    408 396 182 744 501 731 326 
stack 75:    353 59 337 374 304 234 25 
stack 76:    288 113 344 236 601 375 489 
stack 77:    158 212 41 605 497 675 491 
stack 78:    693 97 648 58 224 15 712 
stack 79:    733 622 216 412 1 329 201 
stack 80:    614 11 483 704 647 74 721 
stack 81:    397 658 223 460 332 588 529 
stack 82:    689 621 436 12 280 603 174 
stack 83:    533 370 129 591 294 450 179 
stack 84:    42 434 618 740 745 231 289 
stack 85:    40 503 384 395 191 39 399 
stack 86:    149 162 159 227 22 636 470 
stack 87:    703 253 35 619 493 172 643 
stack 88:    207 333 276 189 61 203 219 
stack 89:    651 662 316 306 496 85 232 
stack 90:    599 92 623 420 196 595 718 
stack 91:    438 637 271 401 475 65 598 
stack 92:    29 94 150 691 33 406 368 
stack 93:    418 394 573 465 163 305 350 
stack 94:    536 698 248 726 109 683 239 
stack 95:    584 663 596 278 717 187 200 
stack 96:    492 198 592 609 513 308 156 
stack 97:    104 392 518 123 612 613 283 
stack 98:    608 440 148 302 180 115 143 
stack 99:    747 261 75 668 445 433 585 
stack 100:    116 665 630 312 328 
stack 101:    593 670 702 281 485 709 296 
stack 102:    706 167 429 327 83 293 738 
stack 103:    310 51 34 173 30 17 494 
stack 104:    363 705 466 28 431 373 62 
stack 105:    572 386 127 95 366 734 563 
stack 106:    634 112 389 
stack 107:    108 516 255 
stack 108:    413 545 
stack 109:    171 314 
stack 110:    
stack 111:    
stack 112:    
stack 113:    
stack 114:    
stack 115:    
stack 116:    
stack 117:    
stack 118:    
