lower bound for relaxed s_ij: 716563.7

#####################################################

solved with: SP.mip_formulations.BinPackingFormulation
time limit: 1800.0 s
time to solve: 1801,45 s (time limit exceeded)
objective value: 716563.7 (not optimal)

stacks (top to bottom):
stack 0:    
stack 1:    
stack 2:    377 
stack 3:    
stack 4:    380 
stack 5:    
stack 6:    6 
stack 7:    7 154 499 20 570 681 62 
stack 8:    383 504 434 332 205 344 563 
stack 9:    272 640 427 464 195 9 320 
stack 10:    385 662 31 513 202 727 414 
stack 11:    481 386 283 267 176 673 182 
stack 12:    85 285 474 483 579 531 200 
stack 13:    175 156 59 630 265 520 618 
stack 14:    699 505 368 590 168 14 623 
stack 15:    487 15 217 174 638 131 390 
stack 16:    500 669 546 482 635 288 153 
stack 17:    467 494 707 392 34 567 345 
stack 18:    274 300 227 101 739 191 319 
stack 19:    103 260 529 670 459 363 575 
stack 20:    299 472 397 139 338 395 503 
stack 21:    246 21 600 523 657 298 688 
stack 22:    22 477 242 179 89 289 126 
stack 23:    245 141 312 577 365 625 528 
stack 24:    654 140 643 69 675 732 348 
stack 25:    519 734 525 492 535 478 136 
stack 26:    460 189 181 328 184 501 361 
stack 27:    371 454 442 372 127 142 81 
stack 28:    701 713 601 438 558 243 517 
stack 29:    659 446 441 644 163 149 469 
stack 30:    656 691 463 405 569 356 314 
stack 31:    591 336 466 465 327 684 461 
stack 32:    680 582 355 268 621 308 605 
stack 33:    331 448 433 725 440 147 512 
stack 34:    735 672 455 585 409 325 209 
stack 35:    661 172 471 646 125 251 695 
stack 36:    411 593 514 594 676 161 738 
stack 37:    37 674 315 123 78 307 592 
stack 38:    468 658 632 341 522 629 157 
stack 39:    510 597 480 183 65 148 105 
stack 40:    697 201 316 104 560 72 40 
stack 41:    86 663 297 690 218 270 79 
stack 42:    143 309 207 281 114 715 42 
stack 43:    318 188 177 462 43 304 342 
stack 44:    742 565 353 352 507 449 44 
stack 45:    278 63 648 537 90 526 277 
stack 46:    162 617 121 687 374 313 574 
stack 47:    547 73 692 58 724 422 521 
stack 48:    511 506 48 562 303 82 77 
stack 49:    599 326 170 489 595 730 263 
stack 50:    339 261 99 740 652 117 284 
stack 51:    226 51 602 357 250 185 527 
stack 52:    622 228 196 249 444 199 712 
stack 53:    607 439 366 258 221 130 350 
stack 54:    543 696 566 429 484 108 106 
stack 55:    194 709 498 266 74 571 146 
stack 56:    720 509 432 452 247 264 723 
stack 57:    223 716 436 311 626 116 678 
stack 58:    241 685 255 641 627 533 291 
stack 59:    655 340 639 554 206 609 491 
stack 60:    375 0 
stack 61:    376 1 
stack 62:    2 
stack 63:    378 3 
stack 64:    4 379 
stack 65:    
stack 66:    5 381 408 
stack 67:    550 508 237 225 475 119 382 
stack 68:    287 335 700 612 8 254 384 
stack 69:    354 91 38 324 689 737 450 
stack 70:    337 234 164 10 532 269 552 
stack 71:    12 11 748 476 216 650 259 
stack 72:    240 387 112 273 193 581 370 
stack 73:    556 252 102 642 13 679 388 
stack 74:    389 704 564 137 524 75 197 
stack 75:    610 302 653 282 373 229 214 
stack 76:    719 67 279 186 561 16 391 
stack 77:    718 541 296 587 456 17 359 
stack 78:    115 705 445 166 447 18 393 
stack 79:    443 667 551 568 95 19 394 
stack 80:    310 321 178 580 94 305 493 
stack 81:    396 276 248 187 637 290 244 
stack 82:    256 220 398 129 428 92 64 
stack 83:    145 60 23 620 160 358 292 
stack 84:    24 479 97 399 711 404 743 
stack 85:    557 211 306 53 400 682 25 
stack 86:    401 26 539 473 87 496 135 
stack 87:    645 611 453 70 27 717 402 
stack 88:    364 262 96 538 330 28 403 
stack 89:    435 317 470 437 329 29 343 
stack 90:    30 36 323 171 668 100 158 
stack 91:    710 515 458 606 583 406 545 
stack 92:    549 708 573 457 293 32 407 
stack 93:    219 134 614 233 84 61 33 
stack 94:    213 124 747 613 230 636 559 
stack 95:    516 35 576 253 410 502 347 
stack 96:    596 647 615 530 235 693 628 
stack 97:    107 744 412 651 624 301 133 
stack 98:    334 518 349 132 671 122 413 
stack 99:    98 192 56 68 55 286 39 
stack 100:    686 703 633 694 677 415 664 
stack 101:    231 714 572 41 416 589 544 
stack 102:    417 634 208 736 322 144 548 
stack 103:    222 212 66 418 110 80 180 
stack 104:    485 138 224 88 271 46 419 
stack 105:    45 430 598 420 367 165 151 
stack 106:    351 362 666 631 159 421 47 
stack 107:    608 346 173 603 486 451 257 
stack 108:    423 726 722 295 741 698 702 
stack 109:    553 280 49 424 683 588 109 
stack 110:    534 360 294 745 236 50 425 
stack 111:    665 238 706 488 426 731 232 
stack 112:    729 721 619 616 52 536 111 
stack 113:    83 71 150 190 113 333 57 
stack 114:    167 540 604 239 54 215 118 
stack 115:    120 198 586 660 555 578 210 
stack 116:    728 431 733 369 275 749 746 
stack 117:    76 497 542 204 490 495 649 
stack 118:    169 203 93 152 584 155 128 

#####################################################

solved with: SP.constructive_heuristics.GeneralHeuristic
time limit: 1800.0 s
time to solve: 0,00 s
objective value: 755556.91

stacks (top to bottom):
stack 0:    371 52 83 335 328 688 47 
stack 1:    549 217 630 647 44 394 495 
stack 2:    368 246 299 41 696 597 144 
stack 3:    719 172 439 427 54 16 681 
stack 4:    742 497 430 621 525 695 623 
stack 5:    318 355 53 646 441 529 187 
stack 6:    655 66 212 648 304 679 605 
stack 7:    203 434 542 473 333 727 477 
stack 8:    228 49 204 437 408 113 305 
stack 9:    433 373 613 370 214 384 382 
stack 10:    96 245 619 17 13 730 179 
stack 11:    509 166 276 723 738 356 575 
stack 12:    665 485 608 357 374 104 273 
stack 13:    340 585 537 674 119 180 379 
stack 14:    412 71 61 189 207 254 263 
stack 15:    467 518 38 225 108 32 291 
stack 16:    654 26 483 633 725 606 415 
stack 17:    443 389 145 565 604 583 118 
stack 18:    453 226 208 31 570 89 242 
stack 19:    401 510 278 571 236 425 592 
stack 20:    506 341 601 629 77 271 148 
stack 21:    45 87 577 369 715 197 743 
stack 22:    645 262 686 86 739 297 244 
stack 23:    134 55 692 484 689 531 626 
stack 24:    76 223 479 710 309 129 126 
stack 25:    84 330 190 698 683 42 158 
stack 26:    73 385 455 177 154 466 555 
stack 27:    256 196 147 18 117 186 496 
stack 28:    192 397 582 69 224 288 532 
stack 29:    600 669 240 507 530 14 561 
stack 30:    24 553 310 321 326 100 461 
stack 31:    35 247 634 74 392 402 209 
stack 32:    706 139 193 348 308 343 320 
stack 33:    707 85 643 675 164 303 501 
stack 34:    587 167 386 332 176 6 407 
stack 35:    337 616 470 489 114 595 359 
stack 36:    252 524 75 101 711 625 62 
stack 37:    258 239 22 130 746 259 552 
stack 38:    115 120 475 660 72 548 391 
stack 39:    222 43 34 112 421 202 513 
stack 40:    713 11 593 732 635 380 314 
stack 41:    91 432 617 60 300 523 588 
stack 42:    143 378 199 155 627 544 289 
stack 43:    642 313 451 149 673 413 3 
stack 44:    411 471 398 235 295 424 200 
stack 45:    556 705 238 736 294 183 327 
stack 46:    102 253 744 206 691 491 574 
stack 47:    718 445 680 198 639 717 745 
stack 48:    381 351 285 657 416 535 563 
stack 49:    21 264 28 442 174 46 644 
stack 50:    334 514 163 127 81 367 393 
stack 51:    261 550 447 274 312 150 218 
stack 52:    137 731 631 10 110 419 414 
stack 53:    607 540 703 728 652 157 345 
stack 54:    396 591 27 554 286 338 463 
stack 55:    622 352 124 366 249 94 628 
stack 56:    511 472 685 88 267 520 347 
stack 57:    354 70 12 298 579 624 578 
stack 58:    557 237 538 387 420 323 277 
stack 59:    272 48 610 423 329 650 649 
stack 60:    640 231 162 169 178 580 195 
stack 61:    383 194 302 349 476 737 678 
stack 62:    699 735 336 103 586 65 342 
stack 63:    98 534 462 140 95 358 388 
stack 64:    661 233 508 653 205 677 693 
stack 65:    331 431 229 365 726 584 257 
stack 66:    564 500 456 90 459 269 684 
stack 67:    30 599 281 270 559 185 478 
stack 68:    546 482 663 740 400 153 637 
stack 69:    58 662 666 522 324 581 638 
stack 70:    547 293 539 191 449 109 493 
stack 71:    353 440 152 615 275 79 116 
stack 72:    377 241 51 748 251 64 589 
stack 73:    188 446 234 598 171 57 403 
stack 74:    175 704 265 122 111 567 526 
stack 75:    498 700 422 131 636 301 232 
stack 76:    376 211 429 260 361 182 618 
stack 77:    417 656 63 315 676 78 136 
stack 78:    716 436 464 284 311 533 527 
stack 79:    659 219 59 474 573 418 503 
stack 80:    481 181 620 8 20 641 668 
stack 81:    590 697 322 395 161 25 105 
stack 82:    5 452 409 560 363 512 133 
stack 83:    339 460 364 279 733 230 390 
stack 84:    632 709 488 687 428 690 92 
stack 85:    551 494 15 132 612 671 290 
stack 86:    541 448 515 317 444 712 664 
stack 87:    287 614 562 121 724 283 255 
stack 88:    67 672 346 602 39 40 319 
stack 89:    667 296 721 23 227 406 350 
stack 90:    658 268 566 454 594 492 521 
stack 91:    97 458 170 9 545 210 0 
stack 92:    362 248 33 125 569 307 2 
stack 93:    435 93 280 519 708 50 292 
stack 94:    306 603 316 80 499 142 702 
stack 95:    516 572 68 325 536 609 123 
stack 96:    611 714 543 168 747 344 749 
stack 97:    107 141 99 722 410 528 450 
stack 98:    213 221 215 135 
stack 99:    487 438 558 486 372 29 375 
stack 100:    720 596 504 220 741 128 165 
stack 101:    468 505 37 405 670 517 682 
stack 102:    701 266 360 146 480 469 502 
stack 103:    56 7 426 138 243 201 490 
stack 104:    4 173 465 159 160 216 151 
stack 105:    576 568 729 399 734 82 106 
stack 106:    156 282 404 
stack 107:    694 36 184 250 651 
stack 108:    1 
stack 109:    
stack 110:    457 
stack 111:    19 
stack 112:    
stack 113:    
stack 114:    
stack 115:    
stack 116:    
stack 117:    
stack 118:    
