lower bound for relaxed s_ij: 716566.14

#####################################################

solved with: SP.mip_formulations.BinPackingFormulation
time limit: 1800.0 s
time to solve: 1801,41 s (time limit exceeded)
objective value: 716571.02 (not optimal)

stacks (top to bottom):
stack 0:    375 
stack 1:    0 376 
stack 2:    377 
stack 3:    378 
stack 4:    
stack 5:    5 
stack 6:    
stack 7:    601 274 539 382 286 674 698 
stack 8:    636 369 220 166 716 675 460 
stack 9:    550 206 291 86 653 9 347 
stack 10:    410 114 565 329 302 221 385 
stack 11:    352 669 471 250 254 715 11 
stack 12:    414 421 12 268 467 178 582 
stack 13:    739 518 187 587 216 676 243 
stack 14:    492 717 604 62 682 202 446 
stack 15:    326 229 667 617 15 641 260 
stack 16:    370 450 264 360 311 322 643 
stack 17:    431 194 525 330 295 184 17 
stack 18:    70 19 399 271 240 18 158 
stack 19:    211 394 488 153 251 170 118 
stack 20:    296 663 549 120 373 20 638 
stack 21:    527 439 188 647 233 21 261 
stack 22:    109 150 660 593 455 290 517 
stack 23:    600 331 297 745 317 540 398 
stack 24:    363 231 730 463 198 545 284 
stack 25:    655 490 734 588 511 442 448 
stack 26:    456 470 526 328 627 509 535 
stack 27:    143 668 541 316 537 502 733 
stack 28:    190 319 127 516 434 28 487 
stack 29:    136 586 345 557 318 238 496 
stack 30:    564 312 353 440 528 475 156 
stack 31:    445 230 151 31 279 544 478 
stack 32:    530 561 337 524 173 112 688 
stack 33:    466 33 482 696 554 468 64 
stack 34:    743 650 592 477 199 737 683 
stack 35:    705 731 131 741 609 610 597 
stack 36:    578 742 213 573 575 605 87 
stack 37:    412 645 85 339 283 747 725 
stack 38:    107 749 642 637 335 438 263 
stack 39:    257 54 652 598 234 267 305 
stack 40:    100 415 723 543 92 324 165 
stack 41:    371 139 704 687 95 639 111 
stack 42:    712 417 358 479 644 191 60 
stack 43:    570 613 620 119 140 418 611 
stack 44:    419 666 451 134 249 185 452 
stack 45:    365 491 718 640 45 507 289 
stack 46:    212 469 239 204 372 344 342 
stack 47:    103 362 661 128 658 336 91 
stack 48:    273 308 499 728 692 523 359 
stack 49:    374 424 247 602 462 224 227 
stack 50:    68 678 746 515 293 160 626 
stack 51:    167 497 334 489 506 340 654 
stack 52:    443 123 740 481 61 245 461 
stack 53:    629 262 217 53 546 236 454 
stack 54:    154 579 265 494 157 300 172 
stack 55:    670 512 504 595 278 253 141 
stack 56:    350 702 476 701 368 348 574 
stack 57:    563 453 57 292 223 501 226 
stack 58:    144 532 74 522 551 75 706 
stack 59:    699 304 210 67 444 159 281 
stack 60:    
stack 61:    1 
stack 62:    2 
stack 63:    3 
stack 64:    379 4 
stack 65:    380 381 
stack 66:    6 354 
stack 67:    681 149 357 493 306 7 356 
stack 68:    203 219 383 277 8 657 724 
stack 69:    384 596 122 536 71 349 288 
stack 70:    397 10 729 214 505 618 367 
stack 71:    672 129 608 458 252 386 361 
stack 72:    680 387 429 269 59 174 298 
stack 73:    435 534 388 13 686 548 79 
stack 74:    76 323 14 389 622 547 531 
stack 75:    390 591 707 256 104 428 228 
stack 76:    266 16 391 679 651 619 500 
stack 77:    556 142 486 576 106 152 392 
stack 78:    209 393 355 315 464 275 205 
stack 79:    98 703 521 351 90 635 133 
stack 80:    735 649 218 697 449 395 584 
stack 81:    396 110 208 473 287 192 97 
stack 82:    510 22 567 84 177 313 634 
stack 83:    720 23 612 310 130 366 299 
stack 84:    400 108 437 121 558 529 24 
stack 85:    207 25 566 145 559 433 294 
stack 86:    26 580 259 27 401 480 673 
stack 87:    280 402 606 599 671 272 485 
stack 88:    94 633 404 603 138 403 364 
stack 89:    30 484 441 29 616 332 624 
stack 90:    685 225 571 343 538 583 405 
stack 91:    406 623 560 193 621 338 232 
stack 92:    81 474 73 132 407 327 32 
stack 93:    568 408 321 513 51 628 542 
stack 94:    34 625 572 409 52 577 614 
stack 95:    35 607 689 677 646 630 457 
stack 96:    36 411 325 303 314 301 713 
stack 97:    169 78 585 581 37 553 514 
stack 98:    665 483 662 664 695 413 38 
stack 99:    684 39 182 80 135 533 201 
stack 100:    694 117 40 656 235 146 89 
stack 101:    148 175 66 58 41 161 416 
stack 102:    659 255 503 96 105 155 42 
stack 103:    43 242 181 719 569 459 197 
stack 104:    248 88 632 200 126 102 44 
stack 105:    714 615 562 436 420 700 171 
stack 106:    447 465 115 46 282 101 708 
stack 107:    47 519 176 83 116 738 422 
stack 108:    423 48 648 244 183 168 163 
stack 109:    520 320 99 125 49 72 594 
stack 110:    237 425 69 748 631 732 50 
stack 111:    285 727 589 195 124 709 426 
stack 112:    721 710 164 427 726 711 77 
stack 113:    736 472 333 113 241 180 147 
stack 114:    55 258 552 432 196 162 690 
stack 115:    508 430 186 82 137 495 744 
stack 116:    590 346 65 341 691 307 56 
stack 117:    722 693 222 498 246 93 179 
stack 118:    555 63 309 270 215 276 189 

#####################################################

solved with: SP.constructive_heuristics.GeneralHeuristic
time limit: 1800.0 s
time to solve: 0,00 s
objective value: 752805.68

stacks (top to bottom):
stack 0:    380 34 596 524 343 126 338 
stack 1:    384 565 718 650 543 619 336 
stack 2:    190 265 248 688 584 725 263 
stack 3:    447 670 341 244 708 422 724 
stack 4:    148 220 132 254 373 348 695 
stack 5:    672 591 195 297 356 184 252 
stack 6:    406 292 6 157 646 391 347 
stack 7:    613 35 414 629 360 744 643 
stack 8:    212 532 139 53 295 679 228 
stack 9:    280 555 40 304 147 395 733 
stack 10:    556 561 491 471 188 193 671 
stack 11:    426 130 168 654 278 366 460 
stack 12:    731 397 424 697 541 719 599 
stack 13:    497 709 523 307 593 730 690 
stack 14:    308 449 296 421 277 162 582 
stack 15:    694 521 462 434 602 202 698 
stack 16:    714 323 687 551 473 178 605 
stack 17:    702 221 537 558 29 674 535 
stack 18:    273 402 645 633 577 368 298 
stack 19:    357 306 23 259 439 20 638 
stack 20:    479 382 142 494 58 32 249 
stack 21:    22 716 612 268 433 240 475 
stack 22:    685 110 31 49 552 236 64 
stack 23:    484 12 522 704 592 361 496 
stack 24:    264 515 200 748 161 480 634 
stack 25:    68 649 425 529 652 740 232 
stack 26:    453 225 508 180 335 339 80 
stack 27:    211 417 588 7 137 583 171 
stack 28:    266 721 78 101 72 282 118 
stack 29:    76 39 632 647 538 42 485 
stack 30:    74 257 476 678 83 275 152 
stack 31:    601 734 334 692 187 666 416 
stack 32:    572 291 247 214 715 621 540 
stack 33:    394 13 728 376 575 197 133 
stack 34:    710 415 546 15 452 547 367 
stack 35:    164 115 465 196 50 158 517 
stack 36:    492 154 668 642 173 321 89 
stack 37:    511 420 418 610 28 502 673 
stack 38:    26 131 474 469 499 518 198 
stack 39:    570 207 590 520 723 504 500 
stack 40:    675 720 14 548 581 455 618 
stack 41:    703 623 316 235 67 597 635 
stack 42:    329 562 371 451 608 261 174 
stack 43:    503 604 539 328 631 71 405 
stack 44:    550 82 682 41 289 614 448 
stack 45:    727 213 379 314 11 313 56 
stack 46:    490 10 615 48 427 287 461 
stack 47:    63 717 215 459 227 700 288 
stack 48:    659 218 166 482 303 111 531 
stack 49:    346 150 587 267 545 626 574 
stack 50:    396 312 585 344 726 359 87 
stack 51:    377 456 387 241 315 276 172 
stack 52:    43 705 169 239 653 330 440 
stack 53:    493 441 124 407 627 128 90 
stack 54:    534 73 536 325 191 283 24 
stack 55:    669 25 549 399 86 317 61 
stack 56:    655 393 108 656 701 112 464 
stack 57:    255 662 224 401 332 234 324 
stack 58:    107 337 739 129 689 300 413 
stack 59:    149 437 250 745 9 91 738 
stack 60:    735 194 527 411 104 299 77 
stack 61:    563 609 286 362 487 713 438 
stack 62:    568 498 404 664 85 611 444 
stack 63:    320 125 389 340 657 711 141 
stack 64:    712 564 99 153 75 658 281 
stack 65:    167 419 318 557 528 342 305 
stack 66:    262 231 92 163 183 38 284 
stack 67:    117 370 516 103 327 106 243 
stack 68:    636 84 506 463 18 253 595 
stack 69:    2 409 470 630 160 311 386 
stack 70:    408 52 644 59 201 542 392 
stack 71:    350 400 270 519 364 272 553 
stack 72:    390 122 663 525 509 533 159 
stack 73:    699 566 120 458 372 294 165 
stack 74:    100 55 512 8 478 651 594 
stack 75:    274 483 19 302 388 606 60 
stack 76:    114 381 684 3 102 155 4 
stack 77:    620 589 488 383 729 233 44 
stack 78:    680 667 526 1 119 351 676 
stack 79:    144 412 736 722 222 569 385 
stack 80:    70 309 501 93 135 146 226 
stack 81:    36 203 625 742 279 732 544 
stack 82:    374 365 27 489 0 95 661 
stack 83:    530 358 285 363 616 624 446 
stack 84:    326 410 423 206 217 271 454 
stack 85:    33 94 466 571 576 45 301 
stack 86:    578 109 251 467 134 505 260 
stack 87:    143 81 66 450 375 256 51 
stack 88:    445 331 140 677 513 205 398 
stack 89:    749 269 113 223 355 637 403 
stack 90:    586 65 432 46 648 79 691 
stack 91:    369 96 98 237 127 69 189 
stack 92:    30 219 743 310 353 216 706 
stack 93:    136 177 210 707 560 354 428 
stack 94:    57 681 121 468 21 245 185 
stack 95:    54 62 123 242 181 603 116 
stack 96:    352 435 229 472 182 495 628 
stack 97:    665 5 741 554 457 639 322 
stack 98:    510 607 567 16 640 293 37 
stack 99:    151 573 204 660 192 290 170 
stack 100:    230 378 345 208 481 179 514 
stack 101:    238 683 17 
stack 102:    175 333 429 47 176 138 641 
stack 103:    431 693 747 
stack 104:    579 443 319 88 105 486 442 
stack 105:    617 580 436 559 737 156 
stack 106:    686 145 477 199 97 349 622 
stack 107:    209 430 246 
stack 108:    696 746 598 507 
stack 109:    600 
stack 110:    258 
stack 111:    186 
stack 112:    
stack 113:    
stack 114:    
stack 115:    
stack 116:    
stack 117:    
stack 118:    
