solved with: SP.post_optimization_methods.TabuSearch
time limit: 1800.0 s
time to solve: 296,77 s
objective value: 716580.7

stacks (top to bottom):
stack 0:    0 
stack 1:    1 
stack 2:    2 
stack 3:    378 
stack 4:    4 
stack 5:    381 
stack 6:    6 
stack 7:    434 363 382 349 236 
stack 8:    182 70 17 26 575 40 207 
stack 9:    384 338 386 414 322 632 195 
stack 10:    401 624 119 609 342 642 391 
stack 11:    227 14 731 557 260 83 711 
stack 12:    397 206 347 20 404 387 396 
stack 13:    690 131 388 140 590 398 749 
stack 14:    736 560 330 671 597 149 25 
stack 15:    248 194 390 264 44 177 19 
stack 16:    18 252 625 339 544 487 584 
stack 17:    33 663 22 313 234 714 399 
stack 18:    253 165 476 355 154 726 319 
stack 19:    699 604 742 478 263 406 661 
stack 20:    30 713 428 151 606 413 331 
stack 21:    515 53 147 405 674 676 29 
stack 22:    335 320 706 256 77 148 607 
stack 23:    360 38 461 541 280 715 531 
stack 24:    91 125 465 492 214 284 586 
stack 25:    54 724 36 507 334 326 692 
stack 26:    585 316 303 344 424 240 130 
stack 27:    407 409 233 521 505 415 549 
stack 28:    576 647 716 735 477 741 242 
stack 29:    496 608 718 578 308 479 69 
stack 30:    107 57 291 356 134 317 305 
stack 31:    180 128 346 491 34 529 62 
stack 32:    361 723 480 276 245 266 672 
stack 33:    739 615 295 105 621 455 695 
stack 34:    419 275 437 230 171 551 258 
stack 35:    226 359 702 568 598 281 94 
stack 36:    215 324 220 509 545 274 650 
stack 37:    223 684 734 323 559 174 156 
stack 38:    367 720 622 282 183 534 216 
stack 39:    86 157 441 42 279 637 59 
stack 40:    309 664 725 535 45 539 354 
stack 41:    675 558 462 471 746 46 299 
stack 42:    592 213 595 103 638 426 579 
stack 43:    186 704 627 423 188 641 450 
stack 44:    427 502 172 210 79 628 254 
stack 45:    117 297 603 268 708 588 267 
stack 46:    137 542 743 457 126 170 670 
stack 47:    500 49 202 612 668 146 289 
stack 48:    506 508 191 677 589 516 501 
stack 49:    745 499 705 76 101 262 162 
stack 50:    483 581 678 721 235 111 196 
stack 51:    238 273 696 528 124 431 200 
stack 52:    646 556 693 633 493 694 569 
stack 53:    120 217 522 109 249 246 301 
stack 54:    310 582 97 205 96 669 456 
stack 55:    181 466 106 530 591 197 104 
stack 56:    436 298 662 747 562 285 737 
stack 57:    353 490 683 286 127 703 278 
stack 58:    536 532 229 121 648 482 488 
stack 59:    187 564 610 193 351 155 659 
stack 60:    375 
stack 61:    376 
stack 62:    377 
stack 63:    3 
stack 64:    379 380 
stack 65:    5 
stack 66:    383 11 7 
stack 67:    418 635 574 61 533 269 370 
stack 68:    12 8 555 369 727 293 385 
stack 69:    10 15 547 9 95 16 225 
stack 70:    141 402 416 231 393 72 13 
stack 71:    32 68 250 366 394 272 392 
stack 72:    169 691 657 616 617 601 458 
stack 73:    179 39 325 524 408 389 513 
stack 74:    421 122 271 688 400 744 133 
stack 75:    403 294 175 518 652 412 452 
stack 76:    312 712 653 463 58 300 481 
stack 77:    345 203 435 283 602 748 613 
stack 78:    680 439 740 651 570 21 395 
stack 79:    567 150 23 24 27 410 475 
stack 80:    629 28 566 167 565 232 593 
stack 81:    464 209 306 655 550 88 64 
stack 82:    526 498 639 429 717 417 55 
stack 83:    364 212 73 302 658 184 340 
stack 84:    728 552 619 453 237 425 311 
stack 85:    287 527 422 176 153 332 368 
stack 86:    190 112 729 371 687 65 634 
stack 87:    596 430 700 523 343 78 620 
stack 88:    512 636 255 327 611 136 314 
stack 89:    265 102 35 138 546 667 296 
stack 90:    336 110 733 161 241 645 328 
stack 91:    644 160 259 31 247 571 682 
stack 92:    485 537 548 82 164 118 420 
stack 93:    438 47 251 474 469 443 580 
stack 94:    447 159 698 411 445 66 497 
stack 95:    554 583 709 143 199 288 318 
stack 96:    451 43 261 643 144 357 37 
stack 97:    365 449 448 90 573 685 525 
stack 98:    48 561 489 92 473 63 468 
stack 99:    201 114 623 350 618 374 459 
stack 100:    292 41 654 139 221 681 594 
stack 101:    257 732 84 56 472 85 454 
stack 102:    173 270 115 50 89 116 660 
stack 103:    74 362 433 460 333 129 51 
stack 104:    152 100 80 701 520 158 640 
stack 105:    239 211 352 277 442 358 204 
stack 106:    185 553 208 484 60 142 373 
stack 107:    649 67 446 577 52 494 467 
stack 108:    321 665 630 495 605 538 656 
stack 109:    503 348 432 626 113 304 514 
stack 110:    504 132 192 710 631 93 228 
stack 111:    440 543 178 166 75 168 341 
stack 112:    189 244 563 738 599 673 135 
stack 113:    290 329 730 307 600 98 707 
stack 114:    123 218 198 689 224 372 540 
stack 115:    444 145 722 686 486 697 108 
stack 116:    243 519 510 81 666 587 679 
stack 117:    470 614 511 719 337 99 572 
stack 118:    219 87 222 517 315 71 163 

#####################################################

solved with: SP.post_optimization_methods.HillClimbing
time limit: 1800.0 s
time to solve: 238,52 s
objective value: 716586.76

stacks (top to bottom):
stack 0:    0 
stack 1:    1 
stack 2:    2 
stack 3:    378 
stack 4:    4 
stack 5:    11 
stack 6:    382 
stack 7:    53 387 9 7 571 
stack 8:    457 294 583 208 656 501 484 
stack 9:    131 179 250 23 742 214 317 
stack 10:    14 635 45 119 574 200 660 
stack 11:    141 401 283 517 349 319 318 
stack 12:    464 217 194 253 611 75 549 
stack 13:    388 172 145 557 322 13 19 
stack 14:    306 28 15 271 27 396 94 
stack 15:    416 642 36 332 162 525 393 
stack 16:    18 252 339 26 235 676 296 
stack 17:    203 585 316 476 735 140 148 
stack 18:    32 680 740 46 479 85 304 
stack 19:    427 397 243 582 103 144 24 
stack 20:    139 43 293 224 111 129 529 
stack 21:    365 705 719 539 730 612 299 
stack 22:    566 541 689 31 652 688 673 
stack 23:    120 39 92 343 722 589 59 
stack 24:    273 402 724 748 482 513 258 
stack 25:    490 691 609 685 232 726 370 
stack 26:    367 50 366 404 424 417 29 
stack 27:    80 128 615 554 708 108 71 
stack 28:    102 418 408 425 285 278 749 
stack 29:    123 677 473 494 247 443 301 
stack 30:    421 38 430 465 42 459 575 
stack 31:    186 736 219 114 346 480 413 
stack 32:    33 563 559 279 263 415 66 
stack 33:    312 441 68 709 192 744 216 
stack 34:    434 690 201 350 77 650 580 
stack 35:    449 54 616 648 355 234 168 
stack 36:    700 567 167 245 478 126 534 
stack 37:    336 320 542 191 150 52 468 
stack 38:    345 664 215 290 44 220 546 
stack 39:    560 97 276 623 670 236 188 
stack 40:    684 706 218 125 520 620 340 
stack 41:    522 329 303 286 603 530 88 
stack 42:    436 725 239 496 275 116 640 
stack 43:    527 309 731 136 607 267 634 
stack 44:    112 548 165 342 573 72 289 
stack 45:    227 205 84 199 135 682 184 
stack 46:    502 506 89 255 166 597 600 
stack 47:    176 422 371 466 233 313 645 
stack 48:    699 185 438 226 599 547 487 
stack 49:    485 543 432 159 183 56 551 
stack 50:    537 524 248 716 471 352 326 
stack 51:    189 577 87 622 198 300 55 
stack 52:    532 523 444 581 492 598 679 
stack 53:    718 503 717 151 590 237 737 
stack 54:    364 74 451 630 666 658 467 
stack 55:    649 508 727 134 702 518 695 
stack 56:    244 646 369 447 268 315 540 
stack 57:    592 604 461 280 491 266 331 
stack 58:    511 654 70 510 333 674 586 
stack 59:    157 295 610 453 351 156 628 
stack 60:    375 
stack 61:    376 
stack 62:    377 
stack 63:    3 
stack 64:    379 380 
stack 65:    383 5 
stack 66:    6 381 
stack 67:    321 384 391 127 668 386 692 
stack 68:    8 576 12 555 743 390 398 
stack 69:    446 10 619 259 385 16 34 
stack 70:    362 221 73 643 544 37 681 
stack 71:    160 504 460 17 495 474 392 
stack 72:    47 261 538 426 372 423 412 
stack 73:    169 202 389 146 414 25 368 
stack 74:    110 407 101 606 246 472 60 
stack 75:    553 665 712 618 489 703 593 
stack 76:    22 701 483 122 196 284 51 
stack 77:    298 324 338 395 154 65 269 
stack 78:    30 608 21 570 260 411 399 
stack 79:    394 20 400 637 406 305 594 
stack 80:    403 515 405 302 587 410 711 
stack 81:    287 512 41 595 605 288 104 
stack 82:    173 639 663 429 241 477 83 
stack 83:    536 48 732 715 672 374 170 
stack 84:    265 578 733 178 562 61 138 
stack 85:    644 625 519 486 516 669 475 
stack 86:    100 107 344 153 521 149 633 
stack 87:    124 249 282 741 164 274 64 
stack 88:    500 729 409 493 174 505 204 
stack 89:    728 552 264 35 311 334 158 
stack 90:    109 435 49 657 231 431 314 
stack 91:    223 291 356 627 175 251 420 
stack 92:    137 323 348 591 256 113 565 
stack 93:    212 222 359 358 631 254 456 
stack 94:    624 238 439 197 240 163 142 
stack 95:    596 556 561 330 272 40 225 
stack 96:    440 308 588 277 177 442 659 
stack 97:    720 498 675 281 621 207 641 
stack 98:    696 90 671 445 710 69 601 
stack 99:    629 182 206 638 579 454 195 
stack 100:    325 647 651 636 193 341 667 
stack 101:    745 564 704 132 678 242 118 
stack 102:    419 307 230 98 533 171 714 
stack 103:    67 739 96 78 568 481 130 
stack 104:    353 448 528 746 617 632 707 
stack 105:    86 57 63 653 463 721 62 
stack 106:    181 360 462 723 686 455 450 
stack 107:    270 683 106 655 99 354 328 
stack 108:    499 187 602 262 572 488 133 
stack 109:    152 335 363 211 428 747 613 
stack 110:    361 433 147 81 357 584 514 
stack 111:    526 257 550 337 82 569 694 
stack 112:    76 734 697 105 210 58 531 
stack 113:    115 310 738 79 143 95 469 
stack 114:    180 558 687 297 626 509 497 
stack 115:    470 117 161 693 545 661 452 
stack 116:    713 662 121 535 437 507 458 
stack 117:    614 213 292 347 93 155 228 
stack 118:    190 209 91 229 327 698 373 
