lower bound for relaxed s_ij: 716568.58

#####################################################

solved with: SP.mip_formulations.BinPackingFormulation
time limit: 1800.0 s
time to solve: 1803,93 s (time limit exceeded)
objective value: 720770.09 (not optimal)

stacks (top to bottom):
stack 0:    376 0 16 6 2 1 
stack 1:    8 10 3 11 4 21 9 
stack 2:    25 28 15 32 7 38 19 
stack 3:    29 379 20 17 27 24 12 
stack 4:    51 13 389 381 390 40 33 
stack 5:    382 380 48 36 39 35 18 
stack 6:    383 400 42 5 45 31 23 
stack 7:    72 55 53 37 22 26 63 
stack 8:    60 56 52 50 388 59 57 
stack 9:    70 67 71 69 68 47 46 
stack 10:    81 85 54 464 462 428 439 
stack 11:    88 397 99 76 430 62 95 
stack 12:    384 80 385 94 66 77 79 
stack 13:    82 398 105 91 90 83 75 
stack 14:    405 509 89 111 507 108 98 
stack 15:    518 116 121 436 117 78 87 
stack 16:    125 386 103 92 134 113 408 
stack 17:    435 106 425 146 100 128 112 
stack 18:    450 144 109 141 467 153 123 
stack 19:    137 110 406 409 135 513 473 
stack 20:    459 130 157 114 451 126 412 
stack 21:    115 515 197 195 192 399 478 
stack 22:    472 454 395 150 131 127 154 
stack 23:    118 140 414 391 151 149 152 
stack 24:    469 447 433 168 155 162 525 
stack 25:    522 184 185 183 193 180 147 
stack 26:    165 160 169 526 517 210 536 
stack 27:    535 227 486 214 175 196 500 
stack 28:    471 167 470 186 203 177 211 
stack 29:    502 213 188 527 209 178 207 
stack 30:    508 219 456 221 208 190 225 
stack 31:    217 222 223 202 215 231 201 
stack 32:    475 521 218 205 235 233 181 
stack 33:    506 499 417 212 220 226 216 
stack 34:    448 250 247 245 234 251 237 
stack 35:    505 495 243 265 504 239 402 
stack 36:    246 271 267 262 236 403 266 
stack 37:    572 264 289 241 276 302 582 
stack 38:    285 252 443 292 273 255 270 
stack 39:    294 284 269 410 282 256 275 
stack 40:    295 261 257 304 407 274 260 
stack 41:    423 413 320 254 307 303 272 
stack 42:    283 268 293 314 301 300 281 
stack 43:    318 291 277 306 286 316 312 
stack 44:    319 335 279 330 317 290 416 
stack 45:    332 322 296 280 331 297 326 
stack 46:    418 333 309 324 287 315 340 
stack 47:    350 358 327 308 367 361 364 
stack 48:    337 359 299 346 328 353 352 
stack 49:    345 341 313 368 338 351 343 
stack 50:    347 311 354 369 355 349 512 
stack 51:    372 411 344 342 336 419 373 
stack 52:    492 334 365 374 339 323 490 
stack 53:    362 356 370 455 415 489 360 
stack 54:    501 488 493 348 483 420 487 
stack 55:    511 363 366 357 491 429 484 
stack 56:    482 421 479 474 476 431 460 
stack 57:    432 480 442 453 426 422 371 
stack 58:    465 449 437 427 468 466 434 
stack 59:    457 441 440 446 461 444 438 
stack 60:    375 
stack 61:    
stack 62:    445 424 452 377 
stack 63:    378 
stack 64:    463 
stack 65:    
stack 66:    
stack 67:    
stack 68:    
stack 69:    494 458 485 477 
stack 70:    510 503 520 
stack 71:    497 496 481 
stack 72:    516 514 
stack 73:    394 43 
stack 74:    498 396 392 387 14 
stack 75:    552 529 404 393 
stack 76:    530 547 550 523 541 532 556 
stack 77:    542 546 545 560 553 524 551 
stack 78:    537 539 543 558 559 534 540 
stack 79:    401 566 555 570 528 574 549 
stack 80:    561 563 562 548 538 554 571 
stack 81:    579 573 584 580 577 567 30 
stack 82:    576 575 544 569 564 565 557 
stack 83:    587 568 588 585 583 581 586 
stack 84:    616 590 598 593 594 607 589 
stack 85:    597 605 611 595 603 578 599 
stack 86:    600 606 604 602 596 592 610 
stack 87:    684 671 619 615 591 677 644 
stack 88:    620 614 613 612 609 601 608 
stack 89:    621 629 636 623 622 617 631 
stack 90:    626 637 633 632 627 628 640 
stack 91:    618 654 647 645 651 639 635 
stack 92:    652 634 625 624 658 643 656 
stack 93:    655 649 660 641 648 657 638 
stack 94:    675 683 662 646 659 650 661 
stack 95:    668 663 667 642 630 653 674 
stack 96:    670 678 669 672 679 664 686 
stack 97:    665 705 704 721 666 713 725 
stack 98:    685 698 682 688 673 676 696 
stack 99:    680 702 701 690 706 697 687 
stack 100:    689 710 707 715 700 699 681 
stack 101:    719 709 695 691 708 694 712 
stack 102:    288 723 718 693 714 722 732 
stack 103:    716 703 692 726 727 724 730 
stack 104:    728 711 740 744 736 717 733 
stack 105:    720 746 731 739 734 737 749 
stack 106:    325 321 310 743 748 735 263 
stack 107:    305 278 729 747 745 741 298 
stack 108:    519 230 329 259 742 533 531 
stack 109:    249 258 253 244 232 224 238 
stack 110:    240 242 206 189 248 198 229 
stack 111:    199 182 191 738 204 163 174 
stack 112:    159 194 228 200 176 187 172 
stack 113:    161 179 173 158 156 139 138 
stack 114:    133 171 170 164 166 49 41 
stack 115:    61 148 58 145 143 142 86 
stack 116:    136 44 65 132 124 107 102 
stack 117:    104 34 122 120 84 129 119 
stack 118:    93 97 74 64 101 73 96 

#####################################################

solved with: SP.constructive_heuristics.GeneralHeuristic
time limit: 1800.0 s
time to solve: 0,00 s
objective value: 753532.88

stacks (top to bottom):
stack 0:    716 680 356 370 541 101 176 
stack 1:    726 721 307 215 198 139 531 
stack 2:    689 188 245 354 207 281 485 
stack 3:    563 10 694 687 107 677 96 
stack 4:    372 104 70 22 75 90 138 
stack 5:    227 671 653 122 536 434 129 
stack 6:    570 647 717 639 73 1 722 
stack 7:    423 479 304 456 578 290 353 
stack 8:    482 508 547 642 5 3 151 
stack 9:    728 568 630 447 517 59 49 
stack 10:    116 594 625 698 614 235 147 
stack 11:    519 322 131 419 739 601 172 
stack 12:    692 621 384 629 660 557 533 
stack 13:    249 257 37 709 185 135 583 
stack 14:    535 566 289 54 619 463 481 
stack 15:    347 433 17 196 414 737 238 
stack 16:    454 662 705 381 390 40 9 
stack 17:    685 278 258 606 313 407 63 
stack 18:    25 268 410 220 154 33 438 
stack 19:    72 742 425 565 303 180 298 
stack 20:    15 169 11 140 323 549 733 
stack 21:    590 293 92 241 300 153 429 
stack 22:    161 55 546 218 127 436 468 
stack 23:    93 446 669 31 681 415 6 
stack 24:    465 342 52 551 260 317 437 
stack 25:    720 474 183 233 612 398 34 
stack 26:    345 189 626 604 406 256 628 
stack 27:    250 110 602 550 462 62 120 
stack 28:    65 683 291 346 170 211 487 
stack 29:    305 598 511 383 32 141 113 
stack 30:    130 471 295 80 208 18 686 
stack 31:    472 475 82 597 727 367 520 
stack 32:    616 115 665 704 643 745 631 
stack 33:    240 488 88 309 464 637 340 
stack 34:    199 242 137 738 659 571 674 
stack 35:    382 297 648 532 204 449 608 
stack 36:    261 150 47 336 695 455 228 
stack 37:    386 555 175 748 237 534 431 
stack 38:    418 89 111 403 306 77 312 
stack 39:    634 537 417 118 427 402 387 
stack 40:    480 288 165 539 744 152 302 
stack 41:    561 529 544 605 741 272 473 
stack 42:    401 81 366 714 123 491 14 
stack 43:    542 219 221 691 393 210 360 
stack 44:    206 67 385 186 16 412 231 
stack 45:    703 678 562 269 743 20 497 
stack 46:    663 359 548 42 226 23 244 
stack 47:    620 253 29 708 650 4 316 
stack 48:    675 331 71 595 577 609 74 
stack 49:    424 389 193 747 399 724 617 
stack 50:    552 167 702 48 26 255 444 
stack 51:    579 212 374 527 149 428 19 
stack 52:    395 641 613 162 145 635 540 
stack 53:    319 711 397 328 248 181 187 
stack 54:    294 325 310 422 36 114 46 
stack 55:    44 335 324 706 513 21 732 
stack 56:    61 518 285 121 567 225 2 
stack 57:    254 672 76 314 654 216 64 
stack 58:    450 526 234 338 43 460 640 
stack 59:    432 469 213 543 699 355 86 
stack 60:    710 28 498 693 458 477 512 
stack 61:    405 51 607 478 725 364 749 
stack 62:    376 184 645 525 27 610 556 
stack 63:    611 507 274 483 657 78 164 
stack 64:    667 580 117 636 603 50 644 
stack 65:    411 160 168 554 209 574 416 
stack 66:    283 271 262 330 287 95 339 
stack 67:    159 279 684 718 7 439 408 
stack 68:    426 194 573 69 409 270 371 
stack 69:    332 380 584 651 396 132 224 
stack 70:    723 655 379 736 349 582 30 
stack 71:    146 589 197 656 87 696 730 
stack 72:    217 243 729 664 200 97 263 
stack 73:    350 191 461 282 171 352 373 
stack 74:    230 182 148 682 521 112 201 
stack 75:    457 321 358 624 308 569 452 
stack 76:    530 173 365 301 581 734 12 
stack 77:    486 538 247 715 369 142 377 
stack 78:    329 344 267 299 558 391 466 
stack 79:    341 85 315 735 496 38 174 
stack 80:    125 264 144 311 134 528 357 
stack 81:    459 56 39 239 679 177 585 
stack 82:    495 8 337 292 108 388 375 
stack 83:    652 106 666 192 202 128 676 
stack 84:    576 719 280 445 564 451 343 
stack 85:    348 400 649 499 45 638 35 
stack 86:    746 545 205 203 57 79 229 
stack 87:    179 413 493 430 286 24 143 
stack 88:    593 109 500 627 633 232 490 
stack 89:    492 334 394 501 668 707 275 
stack 90:    362 68 470 126 503 713 158 
stack 91:    575 0 523 524 98 697 156 
stack 92:    259 453 60 284 504 58 351 
stack 93:    670 441 740 588 190 420 392 
stack 94:    509 443 195 510 326 91 119 
stack 95:    363 494 103 178 514 102 599 
stack 96:    421 296 252 13 327 658 222 
stack 97:    442 572 618 266 712 166 41 
stack 98:    506 320 378 53 553 560 94 
stack 99:    99 236 592 155 559 368 276 
stack 100:    505 448 700 596 622 476 661 
stack 101:    440 435 223 100 105 586 484 
stack 102:    136 318 731 277 673 646 404 
stack 103:    701 265 690 273 688 66 361 
stack 104:    133 600 522 502 587 124 489 
stack 105:    623 163 84 
stack 106:    214 251 516 632 467 
stack 107:    515 83 
stack 108:    246 615 591 
stack 109:    333 157 
stack 110:    
stack 111:    
stack 112:    
stack 113:    
stack 114:    
stack 115:    
stack 116:    
stack 117:    
stack 118:    
