solved with: SP.post_optimization_methods.TabuSearch
time limit: 1800.0 s
time to solve: 385,97 s
objective value: 716557.64

stacks (top to bottom):
stack 0:    
stack 1:    376 
stack 2:    377 
stack 3:    
stack 4:    379 
stack 5:    
stack 6:    
stack 7:    385 540 335 745 388 382 363 
stack 8:    26 15 277 188 386 495 116 
stack 9:    294 308 22 731 393 384 670 
stack 10:    612 366 391 675 10 580 14 
stack 11:    218 635 323 12 532 20 159 
stack 12:    661 266 394 417 19 204 356 
stack 13:    412 568 128 689 696 554 202 
stack 14:    401 717 17 707 83 641 727 
stack 15:    136 627 148 29 63 404 260 
stack 16:    112 716 293 16 748 625 656 
stack 17:    637 464 649 695 196 509 36 
stack 18:    506 505 523 274 477 122 639 
stack 19:    458 480 95 539 631 507 560 
stack 20:    455 397 329 686 242 718 527 
stack 21:    608 334 721 488 76 403 533 
stack 22:    233 291 309 262 450 33 342 
stack 23:    671 156 736 610 24 624 515 
stack 24:    448 399 127 90 683 652 426 
stack 25:    510 210 513 494 67 238 66 
stack 26:    626 44 701 249 212 531 160 
stack 27:    374 257 628 118 594 304 551 
stack 28:    744 32 615 423 712 141 55 
stack 29:    173 584 690 39 125 53 433 
stack 30:    129 162 522 418 183 103 45 
stack 31:    85 121 430 326 62 636 420 
stack 32:    546 586 632 654 254 482 320 
stack 33:    547 647 239 327 50 130 146 
stack 34:    351 115 664 534 253 40 311 
stack 35:    252 714 592 61 324 481 619 
stack 36:    49 285 213 48 550 730 65 
stack 37:    145 666 485 597 369 241 667 
stack 38:    542 693 299 165 350 706 361 
stack 39:    419 688 175 352 303 577 428 
stack 40:    172 595 528 271 569 642 561 
stack 41:    634 114 462 71 222 106 555 
stack 42:    52 259 459 97 461 436 558 
stack 43:    124 217 476 713 93 604 468 
stack 44:    167 545 579 276 94 538 741 
stack 45:    434 258 47 151 117 265 370 
stack 46:    574 191 203 427 548 556 653 
stack 47:    359 543 570 640 219 582 77 
stack 48:    740 432 368 261 479 235 360 
stack 49:    681 708 168 728 467 447 298 
stack 50:    256 268 301 517 738 599 182 
stack 51:    216 590 263 499 144 113 166 
stack 52:    536 365 321 526 152 251 575 
stack 53:    565 255 452 134 333 549 88 
stack 54:    80 742 337 463 733 439 552 
stack 55:    341 325 487 678 209 282 511 
stack 56:    520 668 153 98 330 437 676 
stack 57:    315 319 596 519 524 64 286 
stack 58:    563 310 194 662 205 566 171 
stack 59:    651 749 613 617 496 576 663 
stack 60:    375 0 
stack 61:    1 
stack 62:    2 
stack 63:    3 
stack 64:    4 378 
stack 65:    5 380 
stack 66:    381 8 6 
stack 67:    264 105 100 181 398 367 7 
stack 68:    407 655 435 11 389 516 383 
stack 69:    720 588 9 406 13 42 444 
stack 70:    400 422 503 27 18 390 362 
stack 71:    248 74 457 443 133 396 295 
stack 72:    28 650 726 387 283 402 232 
stack 73:    357 300 672 622 491 411 200 
stack 74:    290 273 395 601 109 492 392 
stack 75:    724 195 680 185 567 572 187 
stack 76:    37 157 616 425 410 694 164 
stack 77:    371 23 502 244 372 307 306 
stack 78:    43 747 135 245 449 302 348 
stack 79:    240 89 34 69 438 297 317 
stack 80:    705 345 177 719 621 732 138 
stack 81:    358 606 296 21 328 429 679 
stack 82:    704 72 269 373 225 289 587 
stack 83:    514 692 638 231 314 405 416 
stack 84:    215 280 230 30 673 246 529 
stack 85:    119 110 25 355 408 600 31 
stack 86:    346 143 149 243 465 456 453 
stack 87:    484 102 91 602 41 82 646 
stack 88:    700 197 431 150 211 75 645 
stack 89:    35 593 126 78 409 722 629 
stack 90:    229 739 54 176 470 611 469 
stack 91:    442 347 544 483 535 623 633 
stack 92:    58 475 336 206 139 466 486 
stack 93:    169 665 658 270 214 557 120 
stack 94:    331 104 59 614 677 504 445 
stack 95:    500 460 571 414 478 207 107 
stack 96:    413 682 46 415 687 657 424 
stack 97:    734 190 223 137 564 38 729 
stack 98:    189 518 108 703 691 553 709 
stack 99:    598 490 711 618 81 451 685 
stack 100:    591 684 201 699 589 573 521 
stack 101:    284 322 353 473 56 174 250 
stack 102:    605 154 421 57 272 198 193 
stack 103:    192 163 316 581 630 660 698 
stack 104:    278 287 697 142 79 186 497 
stack 105:    735 585 178 161 180 454 96 
stack 106:    221 140 643 338 737 92 715 
stack 107:    68 70 123 349 472 101 559 
stack 108:    179 723 644 471 247 275 305 
stack 109:    51 364 441 578 512 184 155 
stack 110:    343 648 267 440 607 344 288 
stack 111:    743 710 279 292 489 158 131 
stack 112:    446 84 236 339 537 674 226 
stack 113:    86 170 725 199 147 498 541 
stack 114:    501 281 609 332 318 237 659 
stack 115:    702 208 354 746 111 525 132 
stack 116:    340 73 220 87 620 474 493 
stack 117:    99 60 530 234 227 224 562 
stack 118:    313 583 508 312 228 669 603 

#####################################################

solved with: SP.post_optimization_methods.HillClimbing
time limit: 1800.0 s
time to solve: 210,01 s
objective value: 716560.08

stacks (top to bottom):
stack 0:    
stack 1:    376 
stack 2:    377 
stack 3:    
stack 4:    379 
stack 5:    
stack 6:    388 
stack 7:    716 503 398 259 466 384 562 
stack 8:    744 19 15 163 9 383 96 
stack 9:    310 11 746 414 393 552 444 
stack 10:    747 301 270 253 257 10 182 
stack 11:    218 51 12 372 56 328 727 
stack 12:    455 27 655 476 394 249 428 
stack 13:    395 588 409 722 226 636 525 
stack 14:    612 371 671 198 423 277 509 
stack 15:    240 151 391 477 532 687 286 
stack 16:    448 543 16 637 309 405 302 
stack 17:    23 457 17 447 467 98 404 
stack 18:    54 129 556 443 370 396 541 
stack 19:    233 506 162 67 678 549 141 
stack 20:    340 514 341 720 732 642 200 
stack 21:    598 648 618 363 304 533 411 
stack 22:    26 500 337 78 344 537 180 
stack 23:    547 347 296 433 53 737 669 
stack 24:    52 634 487 247 657 187 159 
stack 25:    189 608 345 114 650 108 138 
stack 26:    112 365 350 34 706 230 587 
stack 27:    329 686 204 31 511 527 639 
stack 28:    278 615 175 219 139 410 712 
stack 29:    167 597 626 44 654 607 312 
stack 30:    281 692 273 368 220 160 326 
stack 31:    258 425 199 164 683 282 603 
stack 32:    700 35 513 255 325 184 311 
stack 33:    734 621 41 646 82 420 493 
stack 34:    201 61 601 437 306 38 645 
stack 35:    47 418 69 242 109 492 132 
stack 36:    413 135 203 611 535 342 619 
stack 37:    412 86 323 291 696 426 250 
stack 38:    276 369 582 622 188 572 718 
stack 39:    229 431 192 84 95 531 42 
stack 40:    602 422 349 596 181 690 88 
stack 41:    693 293 540 274 539 454 729 
stack 42:    563 520 490 432 123 585 429 
stack 43:    59 427 738 659 348 131 65 
stack 44:    569 190 463 571 631 62 561 
stack 45:    154 105 471 152 489 456 77 
stack 46:    206 136 339 212 63 600 64 
stack 47:    315 332 483 292 289 155 118 
stack 48:    358 528 643 703 113 228 107 
stack 49:    319 195 593 675 497 445 495 
stack 50:    313 446 267 126 573 630 715 
stack 51:    343 748 300 613 316 436 193 
stack 52:    357 252 94 567 610 577 599 
stack 53:    351 128 153 122 464 491 55 
stack 54:    591 518 661 227 632 76 507 
stack 55:    119 169 664 697 658 183 451 
stack 56:    701 178 223 360 461 146 305 
stack 57:    536 708 526 117 625 245 469 
stack 58:    355 285 213 576 468 144 92 
stack 59:    331 574 704 517 186 656 660 
stack 60:    375 0 
stack 61:    1 
stack 62:    2 
stack 63:    3 
stack 64:    4 378 
stack 65:    5 380 
stack 66:    381 6 
stack 67:    735 185 8 389 386 382 7 
stack 68:    401 665 79 614 653 390 297 
stack 69:    651 595 49 271 406 402 670 
stack 70:    197 385 18 134 127 416 251 
stack 71:    99 102 719 338 726 709 14 
stack 72:    28 742 25 387 283 482 13 
stack 73:    150 216 627 211 408 459 392 
stack 74:    397 635 165 707 241 20 629 
stack 75:    32 522 736 578 272 695 555 
stack 76:    435 617 589 620 307 558 260 
stack 77:    221 460 87 403 731 524 161 
stack 78:    37 168 494 24 275 66 36 
stack 79:    115 399 72 441 74 594 575 
stack 80:    400 231 583 263 22 207 48 
stack 81:    85 353 714 21 334 308 111 
stack 82:    91 80 140 137 93 733 298 
stack 83:    321 502 57 81 623 101 33 
stack 84:    724 268 579 407 29 673 202 
stack 85:    668 510 592 352 303 481 320 
stack 86:    110 417 479 674 478 106 676 
stack 87:    264 314 415 30 330 498 232 
stack 88:    640 584 721 254 97 75 564 
stack 89:    666 256 711 472 557 624 685 
stack 90:    434 336 662 741 246 581 238 
stack 91:    705 179 70 590 499 566 196 
stack 92:    374 43 104 40 130 367 515 
stack 93:    743 419 568 689 438 170 698 
stack 94:    210 173 121 194 39 354 663 
stack 95:    60 530 234 177 236 560 691 
stack 96:    682 191 46 50 327 265 449 
stack 97:    484 565 294 125 430 222 147 
stack 98:    58 346 287 548 143 176 237 
stack 99:    124 702 488 474 550 730 166 
stack 100:    100 749 148 235 604 224 288 
stack 101:    145 681 215 364 335 694 120 
stack 102:    605 508 538 473 90 174 45 
stack 103:    740 688 644 333 244 424 521 
stack 104:    421 523 505 570 672 480 83 
stack 105:    545 519 586 171 462 205 71 
stack 106:    475 157 156 544 452 680 512 
stack 107:    322 684 638 266 440 641 559 
stack 108:    359 606 73 516 324 356 667 
stack 109:    616 546 723 699 261 486 362 
stack 110:    485 717 725 450 649 652 554 
stack 111:    710 534 149 279 142 677 214 
stack 112:    739 217 103 133 628 504 295 
stack 113:    172 442 208 713 496 439 553 
stack 114:    68 89 728 633 317 158 551 
stack 115:    284 609 366 280 465 745 116 
stack 116:    501 248 262 361 209 529 453 
stack 117:    290 647 239 243 373 269 679 
stack 118:    542 458 318 299 470 225 580 
