lower bound for relaxed s_ij: 716546.7

#####################################################

solved with: SP.mip_formulations.BinPackingFormulation
time limit: 1800.0 s
time to solve: 1800,71 s (time limit exceeded)
objective value: 721900.79 (not optimal)

stacks (top to bottom):
stack 0:    10 16 
stack 1:    11 4 376 375 17 2 
stack 2:    387 12 377 32 26 6 
stack 3:    22 379 14 13 39 30 34 
stack 4:    390 60 54 5 28 8 37 
stack 5:    41 386 3 25 392 42 394 
stack 6:    24 38 47 65 57 19 23 
stack 7:    9 67 64 393 27 20 33 
stack 8:    46 381 51 29 395 380 398 
stack 9:    31 74 72 55 43 75 70 
stack 10:    424 61 388 40 397 396 79 
stack 11:    141 105 118 459 80 45 104 
stack 12:    440 73 406 90 84 401 71 
stack 13:    382 102 100 53 94 77 139 
stack 14:    93 86 115 101 89 98 92 
stack 15:    114 108 87 117 49 130 109 
stack 16:    116 121 120 58 97 110 103 
stack 17:    140 426 124 56 122 133 132 
stack 18:    157 571 543 527 524 81 550 
stack 19:    389 99 137 119 448 138 125 
stack 20:    150 147 144 126 111 136 131 
stack 21:    445 399 434 127 410 123 145 
stack 22:    468 453 113 427 384 409 429 
stack 23:    205 173 151 134 149 129 428 
stack 24:    166 165 158 155 433 135 172 
stack 25:    501 199 152 506 196 169 191 
stack 26:    197 449 431 181 179 171 161 
stack 27:    183 416 177 176 194 154 204 
stack 28:    189 182 188 168 184 198 159 
stack 29:    209 202 226 463 438 192 207 
stack 30:    211 213 200 430 224 418 419 
stack 31:    222 227 225 465 215 214 223 
stack 32:    246 253 217 585 443 212 520 
stack 33:    455 441 206 471 230 228 232 
stack 34:    493 244 490 480 484 218 510 
stack 35:    238 505 516 458 251 243 260 
stack 36:    255 451 242 266 249 241 494 
stack 37:    460 252 276 256 247 411 237 
stack 38:    412 257 270 496 404 261 470 
stack 39:    414 280 269 278 273 272 264 
stack 40:    420 301 439 292 271 258 302 
stack 41:    400 407 297 305 306 279 405 
stack 42:    317 307 299 316 284 287 283 
stack 43:    417 321 303 315 288 319 313 
stack 44:    331 345 300 344 291 337 334 
stack 45:    325 324 311 312 293 328 309 
stack 46:    335 332 355 290 310 322 318 
stack 47:    294 314 359 340 370 374 347 
stack 48:    336 323 330 329 327 308 304 
stack 49:    342 333 348 358 326 362 350 
stack 50:    320 361 354 372 338 367 352 
stack 51:    369 363 368 341 339 366 360 
stack 52:    498 371 413 353 346 364 548 
stack 53:    584 576 541 356 349 351 593 
stack 54:    521 530 499 479 514 373 415 
stack 55:    343 365 357 421 466 504 486 
stack 56:    579 385 408 383 462 423 620 
stack 57:    464 447 454 457 436 442 425 
stack 58:    461 513 450 422 437 512 503 
stack 59:    492 472 483 489 482 446 435 
stack 60:    0 
stack 61:    1 
stack 62:    444 
stack 63:    378 432 
stack 64:    
stack 65:    469 456 
stack 66:    
stack 67:    475 474 481 476 452 
stack 68:    7 477 473 478 
stack 69:    508 
stack 70:    497 491 
stack 71:    467 500 
stack 72:    509 487 502 485 507 488 
stack 73:    391 518 495 
stack 74:    525 555 544 523 540 
stack 75:    535 534 532 533 519 511 15 
stack 76:    529 517 526 522 
stack 77:    18 641 617 627 515 547 
stack 78:    549 21 538 402 542 546 528 
stack 79:    537 558 573 536 545 539 531 
stack 80:    565 569 554 564 553 551 560 
stack 81:    566 559 557 562 568 552 556 
stack 82:    590 589 563 561 594 567 572 
stack 83:    570 597 598 575 577 35 
stack 84:    583 582 587 595 591 586 578 
stack 85:    652 645 574 605 592 403 
stack 86:    602 614 609 608 604 603 642 
stack 87:    580 606 601 600 599 610 621 
stack 88:    623 613 588 611 607 626 616 
stack 89:    628 615 596 612 619 625 581 
stack 90:    678 683 684 618 680 677 650 
stack 91:    649 629 656 648 633 622 644 
stack 92:    654 624 663 665 662 632 659 
stack 93:    630 631 646 635 634 669 670 
stack 94:    639 647 640 643 636 651 637 
stack 95:    660 657 653 672 661 655 671 
stack 96:    691 686 638 687 664 694 693 
stack 97:    697 675 658 681 666 667 36 
stack 98:    706 705 699 668 698 701 704 
stack 99:    726 730 721 744 719 676 696 
stack 100:    685 673 688 695 703 700 707 
stack 101:    732 718 712 725 674 702 720 
stack 102:    708 714 682 711 679 692 710 
stack 103:    731 735 727 690 729 717 724 
stack 104:    740 715 689 733 728 716 713 
stack 105:    747 734 286 739 742 723 722 
stack 106:    295 743 737 709 296 267 298 
stack 107:    289 285 738 281 746 736 259 
stack 108:    745 741 749 274 262 282 277 
stack 109:    250 275 268 265 235 748 263 
stack 110:    254 229 216 245 239 234 248 
stack 111:    221 185 236 231 233 210 203 
stack 112:    52 220 208 219 240 201 195 
stack 113:    186 190 187 175 156 163 162 
stack 114:    174 112 193 170 160 180 178 
stack 115:    148 153 68 96 78 142 128 
stack 116:    91 85 107 106 44 95 69 
stack 117:    164 63 50 48 83 66 167 
stack 118:    88 146 143 76 82 62 59 

#####################################################

solved with: SP.constructive_heuristics.GeneralHeuristic
time limit: 1800.0 s
time to solve: 0,00 s
objective value: 753611.66

stacks (top to bottom):
stack 0:    390 687 102 280 108 306 248 
stack 1:    1 708 4 361 139 696 504 
stack 2:    61 715 741 746 531 107 352 
stack 3:    579 299 549 663 382 539 704 
stack 4:    63 654 474 552 646 195 201 
stack 5:    317 325 182 55 444 717 282 
stack 6:    18 50 67 47 622 469 486 
stack 7:    190 355 611 290 10 733 70 
stack 8:    345 209 571 141 253 515 234 
stack 9:    565 100 20 373 709 19 44 
stack 10:    745 101 115 379 184 71 219 
stack 11:    197 381 602 612 711 220 644 
stack 12:    148 706 483 514 615 388 383 
stack 13:    301 684 177 433 330 239 95 
stack 14:    546 414 648 656 608 158 305 
stack 15:    9 730 581 701 415 642 240 
stack 16:    174 479 624 596 657 90 610 
stack 17:    344 202 393 668 410 722 263 
stack 18:    678 417 88 726 574 196 510 
stack 19:    613 647 349 98 651 296 374 
stack 20:    99 38 609 138 500 180 749 
stack 21:    617 460 51 629 27 666 34 
stack 22:    113 562 600 494 133 635 411 
stack 23:    144 714 16 688 179 218 283 
stack 24:    584 400 181 463 212 506 547 
stack 25:    641 54 12 413 291 302 337 
stack 26:    140 22 582 124 249 230 560 
stack 27:    472 68 236 430 42 577 310 
stack 28:    250 658 585 700 83 693 274 
stack 29:    525 73 523 422 595 161 423 
stack 30:    566 385 314 690 340 351 625 
stack 31:    229 187 683 517 118 32 142 
stack 32:    628 185 580 588 40 488 360 
stack 33:    534 224 109 366 454 545 69 
stack 34:    295 542 554 226 416 192 260 
stack 35:    743 217 567 326 304 702 364 
stack 36:    623 399 29 495 589 125 245 
stack 37:    275 740 440 626 149 328 672 
stack 38:    645 719 346 529 618 550 167 
stack 39:    482 127 375 171 458 634 36 
stack 40:    265 170 257 397 43 429 59 
stack 41:    292 155 17 273 674 592 128 
stack 42:    21 268 686 166 264 261 145 
stack 43:    378 91 294 575 256 33 228 
stack 44:    333 285 718 293 89 591 243 
stack 45:    527 117 49 448 207 169 442 
stack 46:    447 489 725 327 77 233 620 
stack 47:    31 490 484 661 716 586 637 
stack 48:    576 82 238 276 419 30 78 
stack 49:    731 453 497 72 597 568 724 
stack 50:    0 150 200 56 178 496 313 
stack 51:    157 64 742 518 553 2 405 
stack 52:    521 492 41 559 695 643 6 
stack 53:    221 408 396 601 214 131 347 
stack 54:    691 48 24 638 129 92 512 
stack 55:    52 246 543 5 105 81 677 
stack 56:    146 216 660 532 449 269 377 
stack 57:    426 689 356 639 13 58 75 
stack 58:    286 640 225 519 404 470 707 
stack 59:    112 205 368 39 365 421 96 
stack 60:    186 420 387 60 744 329 362 
stack 61:    697 705 348 662 65 322 437 
stack 62:    499 231 739 222 312 97 471 
stack 63:    307 386 451 25 555 631 485 
stack 64:    160 563 614 728 163 367 106 
stack 65:    513 682 173 168 398 604 319 
stack 66:    153 491 3 242 606 556 262 
stack 67:    300 501 371 271 358 191 204 
stack 68:    46 538 699 137 135 723 650 
stack 69:    189 727 735 213 480 130 436 
stack 70:    475 424 533 227 653 370 465 
stack 71:    530 434 320 284 110 669 403 
stack 72:    11 14 630 316 607 341 66 
stack 73:    412 164 481 111 736 729 35 
stack 74:    376 619 297 279 37 478 162 
stack 75:    685 558 266 188 692 136 621 
stack 76:    335 406 587 84 288 616 425 
stack 77:    331 199 632 681 154 659 334 
stack 78:    583 477 564 395 401 309 670 
stack 79:    557 244 487 544 270 713 210 
stack 80:    537 446 183 594 438 28 748 
stack 81:    255 509 573 679 516 237 232 
stack 82:    498 541 665 176 456 522 720 
stack 83:    193 87 633 372 572 26 104 
stack 84:    7 721 467 459 45 676 15 
stack 85:    649 165 119 394 318 710 132 
stack 86:    76 441 126 505 655 156 671 
stack 87:    235 673 536 120 134 62 503 
stack 88:    468 324 74 359 452 409 247 
stack 89:    281 391 712 380 698 308 338 
stack 90:    342 535 734 402 732 418 599 
stack 91:    211 455 116 598 384 215 277 
stack 92:    652 445 252 53 431 287 462 
stack 93:    147 315 251 57 578 457 466 
stack 94:    461 303 528 428 175 267 203 
stack 95:    114 737 473 272 94 526 548 
stack 96:    332 439 524 353 152 667 123 
stack 97:    85 450 747 464 323 443 605 
stack 98:    343 369 206 363 151 427 79 
stack 99:    336 121 241 103 357 159 223 
stack 100:    289 321 627 258 508 350 298 
stack 101:    122 703 540 435 694 208 520 
stack 102:    93 86 493 432 502 507 259 
stack 103:    570 476 593 
stack 104:    143 389 738 561 8 511 603 
stack 105:    254 590 569 407 354 172 680 
stack 106:    675 551 339 636 23 
stack 107:    392 198 
stack 108:    278 194 
stack 109:    311 664 
stack 110:    
stack 111:    80 
stack 112:    
stack 113:    
stack 114:    
stack 115:    
stack 116:    
stack 117:    
stack 118:    
