lower bound for relaxed s_ij: 716549.14

#####################################################

solved with: SP.mip_formulations.BinPackingFormulation
time limit: 1800.0 s
time to solve: 1840,34 s (time limit exceeded)
objective value: 721033.02 (not optimal)

stacks (top to bottom):
stack 0:    8 376 10 
stack 1:    9 3 11 0 14 5 
stack 2:    15 378 16 382 20 17 19 
stack 3:    32 30 22 1 2 21 31 
stack 4:    415 389 404 413 406 399 23 
stack 5:    45 34 381 49 25 44 24 
stack 6:    388 50 52 394 27 380 55 
stack 7:    29 57 63 53 69 62 54 
stack 8:    47 66 60 68 26 74 35 
stack 9:    41 80 71 398 395 77 72 
stack 10:    84 73 65 61 58 88 87 
stack 11:    76 67 386 82 78 79 83 
stack 12:    99 85 100 46 384 70 375 
stack 13:    478 92 94 89 102 379 441 
stack 14:    421 90 75 391 93 98 96 
stack 15:    433 422 397 451 408 97 115 
stack 16:    132 402 103 114 110 133 117 
stack 17:    111 120 468 125 112 390 135 
stack 18:    405 385 153 107 154 137 119 
stack 19:    409 136 108 437 429 387 139 
stack 20:    140 128 148 116 131 127 149 
stack 21:    159 118 156 485 481 146 130 
stack 22:    164 160 129 416 145 453 141 
stack 23:    180 174 144 161 183 138 407 
stack 24:    476 403 152 147 475 473 175 
stack 25:    459 177 479 163 484 162 449 
stack 26:    181 178 197 173 169 195 193 
stack 27:    211 221 236 166 461 232 194 
stack 28:    199 190 469 462 438 182 188 
stack 29:    204 200 209 171 212 210 198 
stack 30:    189 446 213 203 191 214 202 
stack 31:    229 208 419 220 465 458 224 
stack 32:    435 456 239 454 219 234 205 
stack 33:    500 248 222 252 231 215 223 
stack 34:    225 249 233 253 242 237 228 
stack 35:    273 243 265 285 262 238 653 
stack 36:    514 488 266 260 226 250 259 
stack 37:    290 255 241 501 272 261 401 
stack 38:    244 284 282 267 256 528 297 
stack 39:    302 288 240 526 525 467 269 
stack 40:    278 270 257 280 264 274 286 
stack 41:    707 246 281 306 569 694 693 
stack 42:    659 332 330 258 340 313 585 
stack 43:    411 424 298 292 283 410 276 
stack 44:    304 314 295 277 450 323 311 
stack 45:    318 315 307 316 289 312 309 
stack 46:    613 321 317 279 310 337 333 
stack 47:    319 341 335 327 291 338 324 
stack 48:    326 345 336 347 346 328 325 
stack 49:    357 344 354 329 331 507 339 
stack 50:    372 363 351 369 342 371 355 
stack 51:    368 356 427 365 353 374 373 
stack 52:    428 417 359 343 361 349 426 
stack 53:    630 583 352 412 681 623 597 
stack 54:    570 366 358 540 511 537 512 
stack 55:    504 370 350 425 414 362 477 
stack 56:    499 364 535 492 493 445 539 
stack 57:    466 430 489 447 480 367 448 
stack 58:    474 463 464 471 460 440 486 
stack 59:    432 420 423 431 439 434 442 
stack 60:    
stack 61:    
stack 62:    443 436 
stack 63:    377 
stack 64:    4 
stack 65:    494 505 444 
stack 66:    472 6 
stack 67:    483 7 
stack 68:    383 510 487 452 
stack 69:    457 455 519 
stack 70:    497 506 
stack 71:    470 496 544 524 508 
stack 72:    502 490 498 12 
stack 73:    571 562 482 520 491 13 
stack 74:    503 513 521 495 
stack 75:    532 523 518 516 527 
stack 76:    543 531 541 515 546 
stack 77:    522 536 542 533 393 18 
stack 78:    557 530 566 561 549 558 
stack 79:    553 538 548 552 534 550 545 
stack 80:    555 551 611 568 392 
stack 81:    591 579 578 577 547 559 
stack 82:    628 621 556 615 590 606 
stack 83:    400 601 582 576 573 565 396 
stack 84:    589 581 588 564 574 563 580 
stack 85:    592 610 608 586 595 567 596 
stack 86:    594 598 584 618 572 575 600 
stack 87:    529 603 593 622 620 599 28 
stack 88:    619 605 587 624 634 602 
stack 89:    656 643 636 612 647 627 641 
stack 90:    650 517 626 629 617 604 418 
stack 91:    625 43 40 660 607 666 33 
stack 92:    662 676 645 631 661 637 36 
stack 93:    669 654 690 642 633 609 684 
stack 94:    672 639 638 658 632 688 685 
stack 95:    679 635 706 652 648 675 649 
stack 96:    682 680 692 663 670 651 640 
stack 97:    644 678 677 703 37 38 
stack 98:    691 664 697 701 668 657 704 
stack 99:    686 667 689 671 695 696 673 
stack 100:    708 687 715 683 674 709 702 
stack 101:    730 710 699 698 39 722 725 
stack 102:    728 714 700 726 723 718 716 
stack 103:    735 727 717 736 731 729 720 
stack 104:    737 744 741 705 734 732 713 
stack 105:    711 738 721 712 747 655 646 
stack 106:    665 560 509 719 554 740 614 
stack 107:    749 745 748 724 746 743 305 
stack 108:    322 739 334 733 296 301 299 
stack 109:    254 742 616 320 348 303 360 
stack 110:    300 230 308 42 268 287 227 
stack 111:    275 245 235 271 294 263 293 
stack 112:    157 251 172 247 206 101 207 
stack 113:    217 216 167 218 184 196 168 
stack 114:    192 201 170 185 51 187 155 
stack 115:    186 179 95 48 176 134 158 
stack 116:    150 165 122 151 121 56 64 
stack 117:    86 126 142 143 81 104 91 
stack 118:    124 113 123 109 106 105 59 

#####################################################

solved with: SP.constructive_heuristics.GeneralHeuristic
time limit: 1800.0 s
time to solve: 0,00 s
objective value: 754866.08

stacks (top to bottom):
stack 0:    322 656 678 598 110 731 585 
stack 1:    47 651 610 435 456 519 473 
stack 2:    411 419 563 191 292 673 218 
stack 3:    244 332 689 636 234 184 227 
stack 4:    476 571 628 742 317 17 392 
stack 5:    150 251 483 219 609 723 623 
stack 6:    329 622 173 197 141 176 681 
stack 7:    420 503 637 54 223 569 33 
stack 8:    41 397 358 556 87 312 685 
stack 9:    478 99 49 112 446 323 492 
stack 10:    246 644 103 107 21 117 263 
stack 11:    90 479 243 436 590 688 725 
stack 12:    151 319 308 208 114 477 440 
stack 13:    11 543 593 278 239 404 527 
stack 14:    42 109 472 629 501 647 709 
stack 15:    45 249 111 295 71 269 393 
stack 16:    300 159 272 345 552 395 328 
stack 17:    231 362 57 313 74 134 158 
stack 18:    749 94 452 414 281 306 412 
stack 19:    211 61 746 20 508 599 658 
stack 20:    430 48 298 454 212 507 720 
stack 21:    95 377 185 699 97 98 649 
stack 22:    174 284 589 100 605 145 10 
stack 23:    459 697 515 202 380 545 39 
stack 24:    8 423 462 70 138 119 442 
stack 25:    352 703 53 69 694 293 91 
stack 26:    625 728 15 531 506 450 64 
stack 27:    562 455 712 544 311 747 722 
stack 28:    372 165 680 560 645 444 18 
stack 29:    613 302 75 620 698 675 606 
stack 30:    245 334 497 715 277 627 580 
stack 31:    217 170 378 608 748 541 666 
stack 32:    86 692 502 536 498 371 632 
stack 33:    428 118 27 346 493 247 6 
stack 34:    275 643 255 189 513 214 115 
stack 35:    357 34 717 89 674 387 367 
stack 36:    254 660 271 480 335 617 568 
stack 37:    421 164 457 131 559 193 426 
stack 38:    113 415 14 732 171 550 299 
stack 39:    509 122 341 578 127 149 713 
stack 40:    405 182 220 63 26 286 339 
stack 41:    730 222 304 29 154 575 614 
stack 42:    581 102 79 696 142 59 434 
stack 43:    662 584 256 261 600 338 693 
stack 44:    192 433 403 93 96 232 729 
stack 45:    351 488 388 73 389 668 296 
stack 46:    682 514 200 603 314 253 565 
stack 47:    235 280 343 595 369 88 162 
stack 48:    400 538 67 365 183 634 324 
stack 49:    735 163 721 496 655 537 486 
stack 50:    144 1 267 485 465 139 511 
stack 51:    665 719 85 161 494 373 597 
stack 52:    447 16 586 523 260 226 521 
stack 53:    711 464 664 78 416 390 7 
stack 54:    106 741 705 394 526 481 325 
stack 55:    650 201 611 652 238 198 520 
stack 56:    654 621 639 567 147 524 104 
stack 57:    424 65 701 224 398 276 44 
stack 58:    92 553 548 242 125 336 297 
stack 59:    583 744 417 573 384 68 348 
stack 60:    707 167 50 116 516 265 285 
stack 61:    157 594 241 431 156 726 169 
stack 62:    626 268 670 607 120 35 539 
stack 63:    230 557 677 425 549 62 36 
stack 64:    555 288 273 734 525 195 646 
stack 65:    737 43 708 326 340 137 38 
stack 66:    489 264 315 535 540 28 196 
stack 67:    474 518 451 349 648 23 175 
stack 68:    216 683 409 587 25 468 733 
stack 69:    179 344 738 422 279 105 207 
stack 70:    330 686 190 82 22 624 453 
stack 71:    570 363 178 484 413 331 449 
stack 72:    727 522 129 181 160 2 205 
stack 73:    152 635 166 482 259 168 333 
stack 74:    136 438 469 618 561 401 301 
stack 75:    591 579 691 266 577 327 283 
stack 76:    370 687 229 386 467 471 337 
stack 77:    368 427 121 270 204 250 554 
stack 78:    140 221 240 470 391 679 360 
stack 79:    745 663 529 376 441 546 374 
stack 80:    499 186 402 631 572 407 12 
stack 81:    209 52 58 533 77 684 445 
stack 82:    124 601 381 582 671 80 19 
stack 83:    123 359 318 542 316 355 491 
stack 84:    132 153 566 215 640 31 396 
stack 85:    248 76 108 60 347 56 143 
stack 86:    84 66 408 657 289 461 475 
stack 87:    669 490 642 148 382 5 262 
stack 88:    466 710 9 517 510 602 558 
stack 89:    500 350 252 676 135 37 187 
stack 90:    233 203 291 55 718 206 702 
stack 91:    383 177 690 700 458 534 130 
stack 92:    739 0 342 399 615 287 4 
stack 93:    366 310 596 653 13 448 81 
stack 94:    225 588 46 495 704 72 512 
stack 95:    356 32 199 505 661 379 155 
stack 96:    592 40 574 146 616 320 305 
stack 97:    630 487 576 30 213 237 641 
stack 98:    463 672 364 443 638 194 309 
stack 99:    3 282 437 439 743 83 460 
stack 100:    619 432 530 188 375 133 528 
stack 101:    659 354 547 128 551 361 101 
stack 102:    126 257 633 418 294 24 716 
stack 103:    172 724 307 406 210 706 303 
stack 104:    180 385 612 695 604 274 740 
stack 105:    321 236 
stack 106:    504 667 736 564 
stack 107:    290 228 353 51 
stack 108:    714 429 410 
stack 109:    532 
stack 110:    258 
stack 111:    
stack 112:    
stack 113:    
stack 114:    
stack 115:    
stack 116:    
stack 117:    
stack 118:    
