solved with: SP.post_optimization_methods.TabuSearch
time limit: 1800.0 s
time to solve: 338,12 s
objective value: 716580.7

stacks (top to bottom):
stack 0:    0 
stack 1:    1 
stack 2:    
stack 3:    3 
stack 4:    4 
stack 5:    
stack 6:    6 
stack 7:    7 391 347 587 8 722 198 
stack 8:    101 93 384 340 25 424 9 
stack 9:    388 385 634 10 727 530 389 
stack 10:    14 260 327 390 664 35 19 
stack 11:    724 348 274 194 714 288 13 
stack 12:    97 507 703 28 18 419 98 
stack 13:    411 183 398 15 473 660 706 
stack 14:    593 420 75 16 488 676 725 
stack 15:    33 157 63 595 399 432 498 
stack 16:    604 479 42 23 40 583 291 
stack 17:    284 575 429 609 237 344 641 
stack 18:    331 718 314 656 425 396 560 
stack 19:    66 578 439 505 513 402 397 
stack 20:    632 230 653 330 294 189 178 
stack 21:    313 366 216 412 637 193 283 
stack 22:    174 562 499 516 731 37 361 
stack 23:    272 446 135 658 302 591 700 
stack 24:    607 567 668 325 490 258 546 
stack 25:    463 350 289 662 77 624 180 
stack 26:    561 364 131 123 318 401 27 
stack 27:    680 504 44 69 459 702 422 
stack 28:    410 171 619 455 661 29 248 
stack 29:    647 493 349 492 681 531 741 
stack 30:    555 76 259 370 113 356 52 
stack 31:    204 559 124 235 31 80 584 
stack 32:    247 287 464 179 471 480 190 
stack 33:    557 627 249 723 48 548 253 
stack 34:    547 737 601 39 618 497 60 
stack 35:    159 152 140 470 509 111 363 
stack 36:    415 72 322 418 319 461 104 
stack 37:    53 45 428 145 440 211 566 
stack 38:    161 713 58 482 127 333 445 
stack 39:    581 599 74 640 270 315 605 
stack 40:    598 568 301 154 416 649 118 
stack 41:    238 278 699 336 173 220 300 
stack 42:    707 477 244 43 739 433 94 
stack 43:    514 525 206 611 692 551 186 
stack 44:    517 306 205 659 167 242 316 
stack 45:    371 688 687 271 430 197 254 
stack 46:    357 234 483 535 312 717 747 
stack 47:    693 354 434 346 740 527 716 
stack 48:    82 351 508 122 476 616 184 
stack 49:    232 215 745 255 565 628 87 
stack 50:    136 643 675 176 617 83 539 
stack 51:    141 726 728 528 614 286 268 
stack 52:    491 219 201 209 543 682 460 
stack 53:    343 746 202 146 652 502 107 
stack 54:    61 217 451 324 457 698 188 
stack 55:    181 570 262 142 495 71 250 
stack 56:    613 293 631 297 447 273 563 
stack 57:    335 521 117 639 744 353 532 
stack 58:    309 541 673 59 519 665 671 
stack 59:    84 465 373 187 112 630 65 
stack 60:    375 
stack 61:    377 376 
stack 62:    2 
stack 63:    378 
stack 64:    380 379 
stack 65:    381 
stack 66:    383 5 
stack 67:    394 22 683 185 156 382 11 
stack 68:    245 506 597 38 577 99 369 
stack 69:    441 454 137 26 162 85 147 
stack 70:    684 203 281 650 386 736 569 
stack 71:    252 393 738 337 263 12 387 
stack 72:    400 21 119 264 414 709 534 
stack 73:    223 742 32 151 191 590 360 
stack 74:    450 17 518 582 594 588 342 
stack 75:    395 685 295 109 435 89 625 
stack 76:    292 442 126 408 423 536 24 
stack 77:    352 550 91 134 128 456 392 
stack 78:    576 20 102 407 149 748 635 
stack 79:    586 90 666 368 208 496 231 
stack 80:    404 138 34 36 367 409 711 
stack 81:    522 553 730 701 282 305 221 
stack 82:    49 334 30 564 729 467 86 
stack 83:    160 574 133 310 406 472 413 
stack 84:    304 50 743 326 298 92 572 
stack 85:    612 537 708 266 51 686 608 
stack 86:    46 321 589 110 638 257 426 
stack 87:    646 690 121 195 405 210 403 
stack 88:    276 269 55 510 494 501 645 
stack 89:    108 615 144 332 421 606 41 
stack 90:    552 663 678 261 317 130 677 
stack 91:    648 170 47 417 239 95 240 
stack 92:    696 484 512 623 56 592 475 
stack 93:    626 669 667 674 73 468 277 
stack 94:    226 697 267 481 431 448 452 
stack 95:    345 311 372 515 443 303 213 
stack 96:    246 549 655 114 436 636 275 
stack 97:    155 642 153 734 544 212 362 
stack 98:    129 125 556 529 657 328 199 
stack 99:    721 672 600 265 474 466 290 
stack 100:    486 485 596 233 222 158 196 
stack 101:    228 670 339 610 103 308 444 
stack 102:    358 323 192 489 710 285 735 
stack 103:    526 280 67 571 359 621 166 
stack 104:    603 580 540 218 689 165 720 
stack 105:    116 169 585 256 538 54 620 
stack 106:    251 132 164 62 296 449 148 
stack 107:    225 503 338 554 168 520 558 
stack 108:    177 139 462 172 365 573 719 
stack 109:    100 175 629 749 243 437 691 
stack 110:    511 427 96 579 307 115 105 
stack 111:    733 453 227 68 320 622 654 
stack 112:    81 374 524 355 715 545 299 
stack 113:    487 679 78 106 341 236 241 
stack 114:    70 712 500 478 150 542 79 
stack 115:    644 523 143 602 279 163 224 
stack 116:    200 207 229 57 705 469 533 
stack 117:    214 88 182 438 694 695 651 
stack 118:    732 704 633 64 120 458 329 

#####################################################

solved with: SP.post_optimization_methods.HillClimbing
time limit: 1800.0 s
time to solve: 233,23 s
objective value: 716580.7

stacks (top to bottom):
stack 0:    0 
stack 1:    1 
stack 2:    
stack 3:    3 
stack 4:    4 
stack 5:    
stack 6:    6 
stack 7:    100 281 462 382 8 635 11 
stack 8:    93 155 383 126 467 353 166 
stack 9:    218 385 388 393 10 495 530 
stack 10:    349 96 217 618 390 26 389 
stack 11:    83 122 714 305 739 628 13 
stack 12:    667 578 57 703 18 95 248 
stack 13:    121 398 15 135 606 184 24 
stack 14:    358 415 504 401 494 356 29 
stack 15:    524 612 298 51 271 239 719 
stack 16:    745 420 169 692 405 328 488 
stack 17:    66 575 260 167 408 502 609 
stack 18:    704 75 249 723 112 425 472 
stack 19:    246 450 97 469 241 37 191 
stack 20:    395 22 629 30 616 34 257 
stack 21:    411 633 500 69 259 558 641 
stack 22:    562 424 657 731 419 268 700 
stack 23:    45 679 707 428 50 310 546 
stack 24:    644 737 627 139 656 85 243 
stack 25:    648 232 668 515 551 303 180 
stack 26:    159 219 597 32 76 210 403 
stack 27:    721 631 285 699 111 432 198 
stack 28:    557 146 417 596 338 608 168 
stack 29:    131 680 538 149 695 151 199 
stack 30:    70 726 579 318 187 412 104 
stack 31:    547 203 44 459 620 461 423 
stack 32:    350 225 663 315 489 178 130 
stack 33:    272 642 125 144 201 658 651 
stack 34:    491 374 514 154 473 190 329 
stack 35:    479 143 748 319 676 302 725 
stack 36:    170 586 47 202 600 708 278 
stack 37:    522 453 553 672 435 571 127 
stack 38:    228 670 576 339 185 682 654 
stack 39:    200 343 655 705 52 533 747 
stack 40:    526 354 234 209 55 543 430 
stack 41:    307 106 611 542 433 213 592 
stack 42:    223 513 67 694 621 460 563 
stack 43:    252 238 208 261 253 173 363 
stack 44:    81 511 174 371 330 262 554 
stack 45:    603 175 733 287 308 691 283 
stack 46:    613 345 523 427 715 369 590 
stack 47:    593 177 465 555 162 709 98 
stack 48:    289 599 63 541 165 220 118 
stack 49:    309 746 58 91 138 211 117 
stack 50:    646 54 499 301 346 572 702 
stack 51:    306 352 688 476 189 665 242 
stack 52:    373 478 434 89 437 365 457 
stack 53:    247 109 179 274 701 237 197 
stack 54:    517 355 244 102 347 94 275 
stack 55:    643 82 570 157 142 531 107 
stack 56:    506 314 182 484 585 115 286 
stack 57:    123 718 222 456 588 698 193 
stack 58:    108 666 485 297 496 336 475 
stack 59:    265 172 482 560 444 660 342 
stack 60:    375 
stack 61:    377 376 
stack 62:    2 
stack 63:    378 
stack 64:    380 379 
stack 65:    381 
stack 66:    9 5 
stack 67:    394 7 114 391 595 409 12 
stack 68:    384 171 535 235 99 41 277 
stack 69:    410 483 556 619 661 455 31 
stack 70:    226 518 386 569 27 468 188 
stack 71:    581 738 337 270 19 422 387 
stack 72:    214 16 749 282 451 324 290 
stack 73:    116 17 14 662 743 396 498 
stack 74:    46 110 440 630 638 163 221 
stack 75:    340 194 454 399 671 392 452 
stack 76:    215 486 68 404 292 35 711 
stack 77:    331 696 512 255 233 56 414 
stack 78:    88 28 20 407 582 397 722 
stack 79:    626 439 598 229 366 510 614 
stack 80:    25 164 664 474 296 458 449 
stack 81:    21 400 402 325 418 120 300 
stack 82:    245 49 23 134 266 231 316 
stack 83:    230 364 617 713 697 481 240 
stack 84:    580 192 678 519 74 710 625 
stack 85:    204 574 406 133 344 706 413 
stack 86:    304 299 501 528 312 527 360 
stack 87:    669 321 145 712 78 545 224 
stack 88:    525 39 601 92 497 158 622 
stack 89:    685 42 205 564 137 105 716 
stack 90:    276 195 372 623 516 113 361 
stack 91:    540 33 689 640 503 720 36 
stack 92:    683 327 566 464 128 103 645 
stack 93:    632 313 567 295 326 729 359 
stack 94:    549 280 256 429 521 320 62 
stack 95:    493 550 251 206 370 416 333 
stack 96:    293 634 59 673 40 583 605 
stack 97:    561 559 38 124 744 148 584 
stack 98:    357 160 269 438 565 86 87 
stack 99:    284 507 652 659 43 445 536 
stack 100:    463 508 334 471 132 686 624 
stack 101:    615 183 690 577 332 421 258 
stack 102:    552 263 71 367 741 426 520 
stack 103:    129 684 492 681 48 291 60 
stack 104:    589 505 490 341 573 147 636 
stack 105:    101 152 470 140 509 727 431 
stack 106:    53 610 637 594 736 443 717 
stack 107:    323 294 267 548 735 677 273 
stack 108:    136 351 675 176 368 539 250 
stack 109:    647 161 181 77 196 288 534 
stack 110:    653 90 687 480 649 80 254 
stack 111:    604 607 227 730 724 537 447 
stack 112:    446 153 734 544 212 79 362 
stack 113:    568 436 742 150 73 236 448 
stack 114:    732 311 335 84 216 529 674 
stack 115:    477 141 119 650 279 156 186 
stack 116:    487 207 728 602 72 639 317 
stack 117:    693 322 264 740 587 466 591 
stack 118:    61 348 64 441 442 532 65 
