solved with: SP.post_optimization_methods.TabuSearch
time limit: 1800.0 s
time to solve: 316,55 s
objective value: 716557.64

stacks (top to bottom):
stack 0:    
stack 1:    
stack 2:    2 
stack 3:    
stack 4:    379 
stack 5:    380 
stack 6:    381 
stack 7:    55 103 382 315 649 75 
stack 8:    388 554 384 8 674 13 295 
stack 9:    277 20 16 15 749 12 394 
stack 10:    11 647 49 293 303 272 456 
stack 11:    27 657 276 119 328 268 281 
stack 12:    289 329 44 92 116 402 577 
stack 13:    391 29 95 102 468 353 256 
stack 14:    200 374 236 407 331 403 675 
stack 15:    247 69 260 24 645 642 354 
stack 16:    337 713 740 109 677 478 559 
stack 17:    408 30 525 313 417 537 542 
stack 18:    266 271 659 273 594 106 366 
stack 19:    317 728 125 259 652 188 528 
stack 20:    167 33 67 344 434 25 288 
stack 21:    336 21 507 214 429 662 444 
stack 22:    573 511 165 291 479 137 84 
stack 23:    251 52 523 108 706 362 280 
stack 24:    701 411 279 83 62 447 683 
stack 25:    241 28 297 26 583 536 534 
stack 26:    342 197 521 31 98 246 463 
stack 27:    712 658 597 593 184 335 475 
stack 28:    365 218 692 32 294 738 234 
stack 29:    199 446 233 547 113 404 324 
stack 30:    623 565 46 711 252 737 430 
stack 31:    207 40 309 267 369 37 147 
stack 32:    563 43 590 544 748 198 485 
stack 33:    488 461 442 34 338 39 409 
stack 34:    42 545 302 155 121 733 532 
stack 35:    180 139 306 143 477 242 132 
stack 36:    672 134 136 730 489 368 235 
stack 37:    219 476 490 204 566 682 599 
stack 38:    193 80 179 79 611 641 604 
stack 39:    670 215 94 201 414 450 530 
stack 40:    571 432 632 634 323 499 105 
stack 41:    210 695 742 569 128 349 153 
stack 42:    71 262 427 173 465 655 431 
stack 43:    178 299 480 650 232 451 495 
stack 44:    464 678 360 205 48 99 708 
stack 45:    286 681 663 347 629 673 448 
stack 46:    638 117 555 639 216 222 150 
stack 47:    568 732 558 56 174 320 149 
stack 48:    151 621 261 274 586 625 603 
stack 49:    557 146 63 615 436 88 628 
stack 50:    191 318 510 718 739 698 72 
stack 51:    487 59 435 159 656 518 169 
stack 52:    502 484 736 319 493 283 428 
stack 53:    115 580 704 312 250 685 90 
stack 54:    716 310 87 433 221 300 459 
stack 55:    549 257 350 152 574 497 278 
stack 56:    111 311 668 486 364 729 509 
stack 57:    352 469 245 157 89 124 578 
stack 58:    576 275 93 519 355 646 496 
stack 59:    676 217 522 467 346 66 292 
stack 60:    375 0 
stack 61:    1 376 
stack 62:    377 
stack 63:    378 3 
stack 64:    4 
stack 65:    5 
stack 66:    10 9 6 
stack 67:    14 7 420 635 228 393 230 
stack 68:    269 96 383 661 396 123 107 
stack 69:    385 373 401 158 386 400 455 
stack 70:    144 531 526 18 723 387 553 
stack 71:    333 170 440 550 540 19 38 
stack 72:    687 598 392 591 622 17 398 
stack 73:    640 264 163 721 164 607 457 
stack 74:    192 539 654 389 504 186 390 
stack 75:    694 308 561 202 305 45 161 
stack 76:    340 162 483 747 224 602 127 
stack 77:    35 325 541 399 78 471 691 
stack 78:    22 351 506 546 122 135 154 
stack 79:    290 142 643 330 562 415 395 
stack 80:    23 76 667 410 397 608 416 
stack 81:    743 612 423 648 684 412 680 
stack 82:    731 516 227 258 284 535 240 
stack 83:    356 633 587 176 669 36 345 
stack 84:    560 529 744 225 253 614 690 
stack 85:    466 229 508 50 613 527 406 
stack 86:    458 282 584 500 705 727 533 
stack 87:    735 722 53 73 619 363 717 
stack 88:    702 665 741 512 627 82 327 
stack 89:    212 439 249 472 624 422 357 
stack 90:    341 696 138 700 419 405 418 
stack 91:    237 498 58 688 746 543 462 
stack 92:    425 515 296 194 332 703 605 
stack 93:    91 693 699 61 112 41 714 
stack 94:    616 503 145 244 592 653 97 
stack 95:    130 443 413 126 666 51 438 
stack 96:    263 618 644 239 548 255 370 
stack 97:    182 482 47 156 65 664 133 
stack 98:    517 307 206 581 454 617 437 
stack 99:    343 54 441 208 190 582 492 
stack 100:    203 361 114 460 110 421 185 
stack 101:    610 85 304 671 636 606 707 
stack 102:    689 314 575 564 213 445 551 
stack 103:    160 211 334 601 339 248 171 
stack 104:    651 424 452 626 426 209 589 
stack 105:    686 238 270 348 223 100 372 
stack 106:    359 141 195 254 588 720 710 
stack 107:    118 129 524 301 474 470 513 
stack 108:    481 120 572 148 556 322 131 
stack 109:    505 719 231 567 81 449 726 
stack 110:    595 104 172 585 600 183 660 
stack 111:    285 298 609 514 630 287 68 
stack 112:    177 140 367 709 715 620 491 
stack 113:    371 520 637 265 70 579 74 
stack 114:    175 745 187 168 316 321 697 
stack 115:    453 494 596 226 64 734 552 
stack 116:    196 166 60 631 570 57 501 
stack 117:    181 538 101 77 725 326 724 
stack 118:    473 86 358 679 243 189 220 

#####################################################

solved with: SP.post_optimization_methods.HillClimbing
time limit: 1800.0 s
time to solve: 267,12 s
objective value: 716557.64

stacks (top to bottom):
stack 0:    
stack 1:    
stack 2:    2 
stack 3:    
stack 4:    379 
stack 5:    380 
stack 6:    381 
stack 7:    203 382 249 426 128 100 
stack 8:    217 333 13 228 579 12 394 
stack 9:    464 575 413 446 61 15 268 
stack 10:    388 385 549 92 392 581 541 
stack 11:    678 607 113 656 570 395 398 
stack 12:    488 343 41 32 677 393 518 
stack 13:    391 108 328 410 323 459 445 
stack 14:    85 272 40 127 727 37 19 
stack 15:    442 282 123 265 149 24 450 
stack 16:    229 22 635 70 546 131 38 
stack 17:    200 516 236 591 594 150 429 
stack 18:    560 350 50 315 232 400 463 
stack 19:    487 179 637 715 609 184 185 
stack 20:    716 286 264 176 65 344 25 
stack 21:    732 452 119 303 422 403 283 
stack 22:    311 285 254 195 506 155 183 
stack 23:    49 520 122 234 137 412 492 
stack 24:    334 83 62 631 98 683 45 
stack 25:    668 601 81 740 51 491 421 
stack 26:    181 374 258 271 402 222 331 
stack 27:    196 163 739 718 124 733 153 
stack 28:    411 341 34 367 671 737 68 
stack 29:    544 592 320 625 240 372 345 
stack 30:    618 312 565 643 243 526 608 
stack 31:    42 52 206 275 519 586 697 
stack 32:    63 585 449 419 698 324 169 
stack 33:    115 432 529 174 288 475 540 
stack 34:    129 595 615 621 291 593 418 
stack 35:    342 35 629 164 132 281 680 
stack 36:    731 336 548 709 636 614 235 
stack 37:    219 704 358 483 204 39 364 
stack 38:    573 522 189 109 60 208 559 
stack 39:    728 361 490 711 77 533 230 
stack 40:    71 94 654 205 72 477 645 
stack 41:    563 352 141 435 170 496 530 
stack 42:    371 742 201 634 270 46 327 
stack 43:    104 157 101 255 486 74 335 
stack 44:    269 659 650 116 209 431 707 
stack 45:    568 266 695 47 566 600 509 
stack 46:    356 93 590 332 173 274 664 
stack 47:    424 454 646 578 248 729 724 
stack 48:    151 610 263 211 658 54 202 
stack 49:    686 712 146 360 725 682 437 
stack 50:    672 207 125 187 69 500 434 
stack 51:    212 142 627 512 110 121 366 
stack 52:    554 308 301 441 550 161 710 
stack 53:    623 638 214 688 451 535 444 
stack 54:    365 180 293 674 298 294 370 
stack 55:    307 182 498 507 349 357 734 
stack 56:    458 473 86 469 685 316 295 
stack 57:    279 353 88 186 90 135 220 
stack 58:    193 340 696 564 572 588 720 
stack 59:    524 165 440 479 438 66 543 
stack 60:    375 0 
stack 61:    1 376 
stack 62:    377 
stack 63:    378 3 
stack 64:    4 
stack 65:    5 
stack 66:    10 9 6 
stack 67:    118 7 427 653 224 107 133 
stack 68:    383 443 384 8 396 705 399 
stack 69:    21 508 16 296 198 617 154 
stack 70:    14 215 741 29 386 267 287 
stack 71:    11 561 511 213 387 415 190 
stack 72:    79 468 225 260 48 17 406 
stack 73:    318 245 172 18 467 499 599 
stack 74:    689 692 547 389 397 390 416 
stack 75:    218 510 106 259 537 428 354 
stack 76:    23 484 330 306 713 583 292 
stack 77:    743 329 587 56 355 95 156 
stack 78:    55 210 237 746 465 455 708 
stack 79:    28 297 534 723 514 536 84 
stack 80:    251 20 624 747 102 280 589 
stack 81:    401 197 580 414 407 489 226 
stack 82:    111 359 584 26 339 620 404 
stack 83:    27 555 598 167 706 221 417 
stack 84:    199 721 261 606 256 690 542 
stack 85:    277 576 310 482 577 493 409 
stack 86:    276 632 152 433 252 430 528 
stack 87:    571 735 351 748 33 730 675 
stack 88:    43 503 699 504 749 660 36 
stack 89:    30 476 460 300 602 105 246 
stack 90:    247 647 31 436 532 405 642 
stack 91:    722 53 562 700 73 619 553 
stack 92:    317 494 44 439 613 652 622 
stack 93:    408 59 521 423 143 648 326 
stack 94:    681 702 539 663 233 448 691 
stack 95:    337 192 238 168 369 147 552 
stack 96:    657 687 661 89 531 309 242 
stack 97:    290 158 347 262 420 738 305 
stack 98:    96 644 679 114 495 64 513 
stack 99:    299 103 244 67 497 456 457 
stack 100:    633 227 257 480 136 58 649 
stack 101:    515 425 134 145 574 78 630 
stack 102:    177 191 719 567 231 112 726 
stack 103:    466 80 611 641 348 97 99 
stack 104:    373 289 117 140 75 662 368 
stack 105:    517 502 523 284 626 527 485 
stack 106:    130 745 616 138 362 471 717 
stack 107:    453 597 474 363 684 551 501 
stack 108:    670 481 120 148 322 556 470 
stack 109:    693 525 736 667 703 278 338 
stack 110:    194 162 558 76 319 223 605 
stack 111:    91 569 639 216 472 82 302 
stack 112:    505 676 139 538 346 159 447 
stack 113:    557 694 239 744 321 171 603 
stack 114:    178 241 461 126 666 57 628 
stack 115:    175 640 612 314 250 313 655 
stack 116:    701 304 166 714 673 478 582 
stack 117:    160 665 325 87 596 253 604 
stack 118:    144 651 545 273 669 188 462 
