lower bound for relaxed s_ij: 716568.58

#####################################################

solved with: SP.mip_formulations.BinPackingFormulation
time limit: 1800.0 s
time to solve: 1691,20 s
objective value: 716574.64

stacks (top to bottom):
stack 0:    
stack 1:    376 
stack 2:    
stack 3:    3 
stack 4:    379 
stack 5:    6 
stack 6:    381 
stack 7:    59 734 603 316 135 218 727 
stack 8:    663 608 332 20 534 261 444 
stack 9:    308 655 65 251 118 217 743 
stack 10:    544 287 457 716 334 49 529 
stack 11:    722 439 260 327 341 154 386 
stack 12:    345 487 714 12 720 191 387 
stack 13:    187 553 513 369 150 485 13 
stack 14:    649 470 493 698 14 427 448 
stack 15:    326 631 537 365 733 216 166 
stack 16:    178 85 450 161 200 559 159 
stack 17:    653 681 474 79 168 464 645 
stack 18:    411 172 293 281 224 484 443 
stack 19:    114 171 66 201 105 635 664 
stack 20:    301 21 506 147 496 669 459 
stack 21:    476 692 325 317 185 272 547 
stack 22:    22 374 255 76 723 548 633 
stack 23:    173 309 279 275 660 565 693 
stack 24:    463 310 568 531 400 265 95 
stack 25:    614 356 219 517 590 125 563 
stack 26:    198 270 437 299 401 516 475 
stack 27:    294 368 452 670 467 90 536 
stack 28:    212 322 295 319 558 446 300 
stack 29:    29 472 707 288 489 328 546 
stack 30:    302 296 530 623 30 616 140 
stack 31:    683 550 512 360 500 491 110 
stack 32:    73 555 542 575 424 587 515 
stack 33:    609 740 584 451 499 354 338 
stack 34:    569 503 747 213 157 141 331 
stack 35:    497 127 708 690 242 744 651 
stack 36:    611 510 124 549 132 685 552 
stack 37:    492 373 259 116 357 69 37 
stack 38:    557 717 292 597 585 580 561 
stack 39:    62 619 687 366 468 39 638 
stack 40:    186 572 162 469 86 223 415 
stack 41:    694 735 691 117 50 579 739 
stack 42:    199 229 337 128 80 74 188 
stack 43:    167 102 465 277 490 330 240 
stack 44:    671 146 713 230 113 351 661 
stack 45:    257 539 203 142 78 659 359 
stack 46:    64 130 46 711 600 342 248 
stack 47:    665 478 103 207 202 422 361 
stack 48:    263 318 673 262 641 372 249 
stack 49:    286 508 674 247 606 522 709 
stack 50:    745 656 290 233 189 438 315 
stack 51:    601 473 336 238 571 643 426 
stack 52:    350 347 101 684 282 193 112 
stack 53:    268 728 567 676 93 305 53 
stack 54:    429 551 436 54 636 273 244 
stack 55:    732 607 303 511 280 455 313 
stack 56:    545 706 304 180 363 431 514 
stack 57:    718 137 741 232 482 236 151 
stack 58:    458 697 285 605 554 696 620 
stack 59:    593 527 264 675 672 647 160 
stack 60:    375 0 
stack 61:    1 377 
stack 62:    2 
stack 63:    4 378 
stack 64:    
stack 65:    5 380 
stack 66:    123 
stack 67:    156 535 307 731 477 7 382 
stack 68:    183 577 8 453 383 364 106 
stack 69:    384 618 689 632 9 523 543 
stack 70:    385 297 196 564 11 10 107 
stack 71:    639 94 221 480 241 184 136 
stack 72:    519 724 599 680 440 228 195 
stack 73:    583 498 176 98 594 388 449 
stack 74:    81 96 389 253 390 748 246 
stack 75:    362 267 88 271 588 16 15 
stack 76:    245 56 391 340 174 311 442 
stack 77:    17 392 746 129 126 688 61 
stack 78:    393 726 109 77 145 494 18 
stack 79:    592 19 394 595 346 256 703 
stack 80:    395 702 278 306 634 591 211 
stack 81:    396 622 284 97 483 397 235 
stack 82:    715 67 589 358 190 324 662 
stack 83:    344 23 258 398 637 646 617 
stack 84:    163 666 148 237 538 24 399 
stack 85:    121 25 507 231 355 177 26 
stack 86:    668 441 613 208 749 654 269 
stack 87:    222 138 518 466 75 27 402 
stack 88:    520 403 481 701 323 28 610 
stack 89:    471 139 314 509 501 404 640 
stack 90:    52 570 164 526 343 274 405 
stack 91:    540 31 525 209 197 556 406 
stack 92:    407 695 576 239 32 433 57 
stack 93:    626 505 408 33 122 598 462 
stack 94:    495 409 34 175 82 629 628 
stack 95:    410 502 602 504 120 115 35 
stack 96:    36 621 679 686 736 625 532 
stack 97:    682 412 528 486 276 648 624 
stack 98:    38 413 312 652 627 220 92 
stack 99:    414 352 430 204 434 642 89 
stack 100:    560 371 111 339 658 40 612 
stack 101:    677 214 68 41 333 70 416 
stack 102:    742 417 42 630 533 541 657 
stack 103:    91 348 84 43 596 58 418 
stack 104:    419 206 165 700 644 44 615 
stack 105:    420 158 45 730 461 181 108 
stack 106:    335 421 179 133 144 566 298 
stack 107:    194 329 134 87 349 47 63 
stack 108:    291 435 226 562 131 423 48 
stack 109:    155 454 169 721 227 104 225 
stack 110:    320 737 425 710 582 250 149 
stack 111:    667 254 51 152 210 71 170 
stack 112:    243 252 72 460 99 182 100 
stack 113:    581 712 729 725 428 479 83 
stack 114:    321 353 678 573 289 60 699 
stack 115:    719 55 650 738 447 704 367 
stack 116:    370 119 215 445 143 521 604 
stack 117:    192 432 153 456 574 234 205 
stack 118:    283 705 578 524 586 266 488 

#####################################################

solved with: SP.constructive_heuristics.GeneralHeuristic
time limit: 1800.0 s
time to solve: 0,00 s
objective value: 752369.36

stacks (top to bottom):
stack 0:    542 165 197 632 113 177 676 
stack 1:    88 614 11 176 702 390 382 
stack 2:    308 684 58 74 500 620 652 
stack 3:    419 293 210 149 711 547 387 
stack 4:    707 613 507 489 32 630 364 
stack 5:    458 322 472 660 564 171 496 
stack 6:    592 619 273 174 218 191 388 
stack 7:    537 518 75 237 328 54 276 
stack 8:    6 38 277 234 670 696 211 
stack 9:    192 666 551 13 587 140 634 
stack 10:    665 639 555 746 424 232 61 
stack 11:    101 219 530 680 607 136 53 
stack 12:    396 356 153 704 108 14 647 
stack 13:    138 362 697 264 413 160 532 
stack 14:    545 745 287 474 72 360 28 
stack 15:    742 141 402 299 446 516 595 
stack 16:    411 631 341 99 63 511 657 
stack 17:    718 621 572 231 86 571 637 
stack 18:    279 242 274 143 459 405 645 
stack 19:    154 185 45 682 8 48 250 
stack 20:    229 282 125 39 90 561 313 
stack 21:    321 263 437 635 662 566 220 
stack 22:    267 181 9 204 228 427 225 
stack 23:    111 137 12 689 538 144 426 
stack 24:    167 169 104 531 488 556 591 
stack 25:    320 476 417 340 0 244 748 
stack 26:    183 348 498 706 589 397 617 
stack 27:    294 224 132 541 236 598 624 
stack 28:    254 588 46 430 188 406 727 
stack 29:    187 119 268 1 445 558 648 
stack 30:    370 622 435 447 499 16 315 
stack 31:    270 353 506 699 700 482 18 
stack 32:    653 55 422 332 65 723 401 
stack 33:    79 272 654 107 434 89 269 
stack 34:    172 297 714 202 5 726 37 
stack 35:    139 509 51 650 460 118 184 
stack 36:    463 465 280 625 359 627 92 
stack 37:    127 309 708 203 546 525 703 
stack 38:    198 36 146 485 40 477 311 
stack 39:    519 43 22 327 69 562 428 
stack 40:    68 222 163 407 70 452 484 
stack 41:    23 97 738 317 168 367 552 
stack 42:    259 260 692 80 394 217 383 
stack 43:    301 690 238 307 261 355 83 
stack 44:    17 96 526 133 559 739 610 
stack 45:    667 470 123 145 585 98 744 
stack 46:    81 59 583 414 157 147 106 
stack 47:    493 283 576 501 175 306 195 
stack 48:    62 373 281 567 117 640 543 
stack 49:    357 596 221 461 130 578 580 
stack 50:    487 391 156 457 453 529 438 
stack 51:    214 393 347 148 358 57 35 
stack 52:    344 687 611 193 582 338 725 
stack 53:    333 732 550 721 368 342 265 
stack 54:    326 403 674 577 451 33 568 
stack 55:    91 724 19 34 349 266 479 
stack 56:    371 560 570 715 255 686 278 
stack 57:    194 271 134 454 227 354 491 
stack 58:    557 717 343 103 377 533 235 
stack 59:    199 314 66 190 691 716 586 
stack 60:    150 186 539 663 515 644 386 
stack 61:    67 656 180 44 651 643 82 
stack 62:    302 158 705 524 605 372 249 
stack 63:    683 593 590 425 701 400 467 
stack 64:    432 436 517 412 606 251 464 
stack 65:    243 510 87 490 449 448 604 
stack 66:    719 31 679 363 720 494 523 
stack 67:    384 319 565 288 603 469 26 
stack 68:    318 21 290 608 49 554 246 
stack 69:    212 503 573 475 380 563 159 
stack 70:    385 350 398 142 528 300 115 
stack 71:    178 712 252 128 600 638 240 
stack 72:    41 626 508 25 209 24 514 
stack 73:    677 376 164 162 374 339 433 
stack 74:    420 247 230 216 673 444 351 
stack 75:    520 601 736 166 462 256 298 
stack 76:    681 291 502 239 440 709 305 
stack 77:    173 52 678 3 126 669 664 
stack 78:    492 735 408 599 205 248 743 
stack 79:    495 468 285 102 710 574 628 
stack 80:    29 694 213 289 60 179 7 
stack 81:    233 734 189 597 486 30 105 
stack 82:    540 366 395 93 71 633 536 
stack 83:    284 466 713 733 20 208 316 
stack 84:    215 478 389 378 10 352 661 
stack 85:    155 441 258 226 152 337 131 
stack 86:    429 740 698 483 730 481 423 
stack 87:    569 275 421 575 415 324 616 
stack 88:    286 94 207 535 241 431 110 
stack 89:    335 116 161 323 47 443 399 
stack 90:    56 450 584 549 685 672 675 
stack 91:    73 196 292 2 636 262 659 
stack 92:    649 84 737 504 658 615 170 
stack 93:    392 513 129 693 331 646 612 
stack 94:    505 609 77 42 334 579 521 
stack 95:    722 410 581 729 124 303 346 
stack 96:    527 15 418 642 95 442 455 
stack 97:    553 369 114 409 182 112 416 
stack 98:    618 206 361 534 548 594 731 
stack 99:    668 623 480 78 200 375 629 
stack 100:    295 655 741 365 473 688 223 
stack 101:    728 544 109 336 135 253 151 
stack 102:    64 602 120 456 100 330 312 
stack 103:    471 245 296 329 522 404 379 
stack 104:    4 257 27 76 201 50 749 
stack 105:    345 121 439 671 747 
stack 106:    310 85 695 325 641 122 
stack 107:    381 304 
stack 108:    512 
stack 109:    
stack 110:    497 
stack 111:    
stack 112:    
stack 113:    
stack 114:    
stack 115:    
stack 116:    
stack 117:    
stack 118:    
