lower bound for relaxed s_ij: 716567.4

#####################################################

solved with: SP.mip_formulations.BinPackingFormulation
time limit: 1800.0 s
time to solve: 1804,79 s (time limit exceeded)
objective value: 721020.9 (not optimal)

stacks (top to bottom):
stack 0:    12 380 
stack 1:    1 11 19 6 18 13 0 
stack 2:    21 376 29 4 377 24 38 
stack 3:    2 25 9 8 30 22 3 
stack 4:    28 387 31 41 388 16 379 
stack 5:    5 386 378 64 17 67 34 
stack 6:    411 33 15 32 61 396 389 
stack 7:    48 39 382 49 35 47 43 
stack 8:    59 397 60 23 425 65 14 
stack 9:    390 51 56 44 384 83 62 
stack 10:    89 91 52 398 57 391 79 
stack 11:    385 87 55 84 72 86 95 
stack 12:    71 394 392 99 78 101 98 
stack 13:    119 106 393 76 108 92 97 
stack 14:    58 472 439 158 492 405 127 
stack 15:    121 123 125 94 117 74 70 
stack 16:    409 408 77 113 107 403 116 
stack 17:    93 459 131 114 81 102 100 
stack 18:    112 453 115 85 417 155 133 
stack 19:    134 105 129 130 128 126 110 
stack 20:    138 157 136 143 135 111 118 
stack 21:    147 137 139 427 399 145 426 
stack 22:    407 153 150 406 152 432 154 
stack 23:    171 183 173 159 170 151 180 
stack 24:    163 491 455 175 470 169 156 
stack 25:    172 375 168 184 161 191 181 
stack 26:    179 467 146 176 479 195 471 
stack 27:    198 498 464 454 190 177 202 
stack 28:    201 452 200 192 188 193 204 
stack 29:    208 213 189 211 178 209 422 
stack 30:    505 205 486 248 225 510 182 
stack 31:    221 217 207 206 224 216 220 
stack 32:    463 255 473 218 449 447 210 
stack 33:    466 458 212 230 242 226 252 
stack 34:    231 507 483 258 219 509 503 
stack 35:    239 514 264 232 244 285 288 
stack 36:    253 240 233 245 227 443 260 
stack 37:    482 254 266 236 261 271 228 
stack 38:    530 496 237 315 330 523 550 
stack 39:    268 404 272 270 269 235 250 
stack 40:    549 259 262 292 273 525 419 
stack 41:    475 284 493 283 281 298 287 
stack 42:    416 276 303 299 293 480 460 
stack 43:    340 304 277 296 326 319 291 
stack 44:    499 286 341 337 328 415 312 
stack 45:    295 279 322 316 324 323 309 
stack 46:    313 297 364 314 355 360 350 
stack 47:    333 321 302 331 300 334 332 
stack 48:    327 347 346 308 339 325 338 
stack 49:    357 353 414 329 320 348 342 
stack 50:    344 343 362 366 318 365 361 
stack 51:    354 352 359 349 367 370 358 
stack 52:    374 310 368 356 371 372 363 
stack 53:    583 521 335 373 410 543 533 
stack 54:    515 421 420 345 512 412 518 
stack 55:    429 502 413 418 490 476 428 
stack 56:    487 436 465 457 469 444 506 
stack 57:    481 468 369 462 489 484 461 
stack 58:    456 450 448 434 451 445 433 
stack 59:    440 441 437 442 430 435 438 
stack 60:    424 
stack 61:    
stack 62:    
stack 63:    477 431 
stack 64:    
stack 65:    
stack 66:    446 494 
stack 67:    381 478 474 383 
stack 68:    7 
stack 69:    488 
stack 70:    400 501 495 10 
stack 71:    497 500 485 517 513 
stack 72:    504 
stack 73:    395 20 531 534 
stack 74:    511 540 539 508 
stack 75:    522 526 520 535 519 
stack 76:    560 529 557 556 516 551 536 
stack 77:    552 548 558 527 547 542 544 
stack 78:    27 528 563 559 546 401 402 
stack 79:    564 545 537 524 554 538 561 
stack 80:    568 555 553 565 541 573 574 
stack 81:    612 532 590 567 587 582 599 
stack 82:    578 570 572 562 571 566 575 
stack 83:    26 577 597 581 569 591 585 
stack 84:    601 594 610 603 576 580 623 
stack 85:    605 586 598 584 602 606 588 
stack 86:    625 619 596 579 593 624 613 
stack 87:    600 618 604 589 617 607 615 
stack 88:    654 592 662 633 657 637 659 
stack 89:    611 616 621 595 634 620 614 
stack 90:    630 648 632 631 608 644 649 
stack 91:    622 626 673 627 609 638 675 
stack 92:    651 635 639 655 640 656 628 
stack 93:    636 664 661 650 641 646 629 
stack 94:    663 671 642 670 660 645 647 
stack 95:    669 665 653 672 643 674 667 
stack 96:    689 680 678 682 695 652 684 
stack 97:    668 688 681 694 676 686 679 
stack 98:    677 718 685 658 692 700 690 
stack 99:    698 693 701 691 708 687 702 
stack 100:    725 683 722 715 699 666 723 
stack 101:    724 733 717 696 711 709 739 
stack 102:    726 714 706 705 703 721 713 
stack 103:    729 710 697 720 707 727 704 
stack 104:    734 732 730 716 728 712 719 
stack 105:    311 736 731 275 746 336 317 
stack 106:    263 282 735 301 741 743 267 
stack 107:    280 251 294 737 307 738 229 
stack 108:    186 742 740 222 744 745 748 
stack 109:    306 289 747 749 351 305 423 
stack 110:    36 249 290 265 223 278 256 
stack 111:    243 257 274 247 246 214 203 
stack 112:    215 187 241 234 238 165 167 
stack 113:    197 196 174 199 166 162 103 
stack 114:    50 164 185 149 194 148 160 
stack 115:    96 53 37 109 104 69 63 
stack 116:    141 40 144 46 142 122 54 
stack 117:    90 132 124 140 120 42 45 
stack 118:    82 75 88 68 66 73 80 

#####################################################

solved with: SP.constructive_heuristics.GeneralHeuristic
time limit: 1800.0 s
time to solve: 0,00 s
objective value: 755611.45

stacks (top to bottom):
stack 0:    605 501 631 16 575 142 490 
stack 1:    456 466 540 553 367 621 702 
stack 2:    487 693 281 108 720 633 305 
stack 3:    174 539 681 629 444 336 317 
stack 4:    374 411 673 370 676 628 156 
stack 5:    36 560 744 300 504 319 659 
stack 6:    464 173 207 706 349 534 542 
stack 7:    385 157 48 369 332 645 194 
stack 8:    306 153 558 427 8 79 191 
stack 9:    26 303 106 390 366 117 746 
stack 10:    658 328 337 17 576 242 100 
stack 11:    344 41 566 748 22 614 476 
stack 12:    442 274 333 368 653 236 675 
stack 13:    594 661 221 616 81 67 743 
stack 14:    112 703 260 728 111 214 686 
stack 15:    280 636 177 376 477 516 582 
stack 16:    450 240 33 150 129 125 602 
stack 17:    50 729 716 655 83 348 585 
stack 18:    340 528 643 209 228 657 42 
stack 19:    478 581 248 474 711 535 271 
stack 20:    253 549 463 277 116 510 120 
stack 21:    198 239 730 472 78 64 656 
stack 22:    186 11 241 482 343 447 713 
stack 23:    282 354 339 143 72 226 210 
stack 24:    514 498 458 87 641 227 30 
stack 25:    603 247 436 163 91 406 178 
stack 26:    440 308 496 176 719 679 423 
stack 27:    537 527 105 331 213 424 517 
stack 28:    663 420 208 407 640 509 162 
stack 29:    164 548 283 92 154 525 167 
stack 30:    301 53 115 452 551 567 536 
stack 31:    96 1 289 724 107 592 684 
stack 32:    555 378 245 62 634 165 433 
stack 33:    611 732 596 284 712 721 591 
stack 34:    327 685 286 98 288 220 484 
stack 35:    2 276 362 559 672 460 140 
stack 36:    668 171 651 650 389 620 229 
stack 37:    187 564 147 290 725 266 43 
stack 38:    521 578 697 399 617 309 166 
stack 39:    58 297 439 580 127 109 599 
stack 40:    622 114 47 324 418 68 518 
stack 41:    82 500 113 654 704 513 383 
stack 42:    124 491 597 508 638 503 312 
stack 43:    734 529 44 604 372 189 550 
stack 44:    311 294 531 556 325 293 380 
stack 45:    600 577 205 682 749 273 291 
stack 46:    515 12 75 619 648 607 519 
stack 47:    689 409 696 110 649 533 160 
stack 48:    395 346 5 4 202 69 199 
stack 49:    590 295 212 635 268 18 95 
stack 50:    570 630 387 710 470 462 10 
stack 51:    441 467 664 23 465 145 623 
stack 52:    217 279 565 192 338 275 118 
stack 53:    357 321 56 52 665 184 615 
stack 54:    522 733 569 128 74 637 410 
stack 55:    215 46 307 20 610 152 161 
stack 56:    28 404 258 642 671 700 415 
stack 57:    190 19 329 39 639 195 538 
stack 58:    446 341 741 219 252 330 104 
stack 59:    159 316 170 459 722 687 13 
stack 60:    468 299 493 269 480 250 469 
stack 61:    263 310 701 233 270 443 122 
stack 62:    742 37 137 475 608 70 80 
stack 63:    313 136 347 692 377 155 587 
stack 64:    718 146 359 554 102 38 267 
stack 65:    481 249 388 449 261 182 73 
stack 66:    545 206 320 360 103 723 461 
stack 67:    532 138 454 392 264 494 285 
stack 68:    375 304 717 335 674 727 422 
stack 69:    381 429 530 552 25 334 543 
stack 70:    141 243 511 201 314 355 224 
stack 71:    583 400 740 131 435 507 417 
stack 72:    726 356 9 86 223 588 544 
stack 73:    61 486 563 130 363 708 647 
stack 74:    257 89 586 526 57 662 402 
stack 75:    251 416 40 431 29 14 203 
stack 76:    90 437 231 397 384 358 457 
stack 77:    197 705 93 483 547 54 506 
stack 78:    737 413 625 139 76 690 471 
stack 79:    144 51 524 265 683 200 479 
stack 80:    134 473 562 342 426 574 351 
stack 81:    386 541 688 272 204 88 419 
stack 82:    680 669 485 296 520 365 428 
stack 83:    172 618 579 218 396 707 298 
stack 84:    119 747 168 259 403 292 652 
stack 85:    736 557 99 85 216 350 7 
stack 86:    196 497 745 211 0 489 63 
stack 87:    714 421 455 589 432 584 660 
stack 88:    71 364 158 738 244 492 24 
stack 89:    453 55 715 425 193 694 624 
stack 90:    698 322 430 49 412 401 148 
stack 91:    414 149 627 31 572 609 123 
stack 92:    677 394 84 188 731 445 3 
stack 93:    505 121 695 262 373 379 709 
stack 94:    448 185 451 371 632 667 512 
stack 95:    601 499 59 183 237 666 133 
stack 96:    21 135 6 382 646 488 606 
stack 97:    246 234 626 691 175 571 326 
stack 98:    434 318 287 644 181 256 739 
stack 99:    735 222 495 235 523 561 613 
stack 100:    27 408 398 94 598 126 361 
stack 101:    568 353 60 151 595 670 438 
stack 102:    612 179 230 65 573 169 34 
stack 103:    15 255 393 345 323 238 278 
stack 104:    132 352 699 35 180 101 45 
stack 105:    502 254 225 66 546 
stack 106:    232 315 405 
stack 107:    32 77 
stack 108:    678 391 
stack 109:    302 593 97 
stack 110:    
stack 111:    
stack 112:    
stack 113:    
stack 114:    
stack 115:    
stack 116:    
stack 117:    
stack 118:    
