solved with: SP.post_optimization_methods.TabuSearch
time limit: 1800.0 s
time to solve: 453,38 s
objective value: 716571.02

stacks (top to bottom):
stack 0:    375 0 
stack 1:    1 
stack 2:    2 
stack 3:    
stack 4:    
stack 5:    
stack 6:    381 8 
stack 7:    7 17 139 229 620 590 383 
stack 8:    146 359 598 554 327 80 390 
stack 9:    384 288 391 13 230 426 18 
stack 10:    260 22 16 374 544 224 701 
stack 11:    12 743 386 75 393 614 498 
stack 12:    287 739 387 133 565 161 31 
stack 13:    52 276 546 308 25 33 659 
stack 14:    404 733 23 628 298 369 514 
stack 15:    408 560 197 214 74 242 40 
stack 16:    70 100 413 402 401 29 633 
stack 17:    647 648 177 128 613 627 612 
stack 18:    428 207 610 274 403 21 508 
stack 19:    198 501 506 355 609 643 20 
stack 20:    142 604 423 465 26 270 631 
stack 21:    45 397 515 735 478 709 518 
stack 22:    606 51 132 241 570 83 591 
stack 23:    278 524 263 526 407 109 174 
stack 24:    279 464 448 78 660 509 196 
stack 25:    732 104 326 63 114 422 249 
stack 26:    653 192 140 525 443 81 183 
stack 27:    302 282 194 730 284 731 306 
stack 28:    43 117 372 642 162 216 205 
stack 29:    170 256 193 343 707 354 589 
stack 30:    234 538 325 728 336 411 406 
stack 31:    268 222 441 273 469 436 37 
stack 32:    55 417 696 679 328 159 629 
stack 33:    742 300 190 237 676 202 191 
stack 34:    115 513 675 638 156 682 158 
stack 35:    421 153 50 689 456 474 630 
stack 36:    714 749 727 459 65 36 672 
stack 37:    86 365 123 703 218 68 46 
stack 38:    449 561 221 684 442 748 258 
stack 39:    608 138 636 340 710 686 463 
stack 40:    616 239 255 562 358 148 345 
stack 41:    181 47 471 595 368 41 113 
stack 42:    654 184 59 301 564 577 734 
stack 43:    520 663 492 532 76 738 272 
stack 44:    290 223 353 342 670 373 360 
stack 45:    58 261 491 580 587 96 248 
stack 46:    652 488 704 303 204 349 576 
stack 47:    111 685 108 126 185 555 269 
stack 48:    341 225 657 665 718 163 618 
stack 49:    307 600 251 480 122 669 357 
stack 50:    717 674 438 458 475 693 601 
stack 51:    529 236 712 320 603 747 124 
stack 52:    212 305 578 79 575 632 120 
stack 53:    557 500 271 167 533 186 572 
stack 54:    700 466 740 439 313 553 316 
stack 55:    244 286 476 66 291 723 121 
stack 56:    169 371 219 144 649 331 119 
stack 57:    516 91 231 451 559 596 551 
stack 58:    567 683 702 558 344 64 607 
stack 59:    726 594 593 171 90 182 489 
stack 60:    376 
stack 61:    
stack 62:    377 
stack 63:    3 378 
stack 64:    379 4 
stack 65:    380 
stack 66:    6 5 
stack 67:    382 433 48 164 495 388 510 
stack 68:    389 453 385 332 38 285 28 
stack 69:    410 88 9 42 399 250 11 
stack 70:    311 625 668 15 30 10 94 
stack 71:    543 398 503 586 444 688 396 
stack 72:    294 517 27 626 395 211 92 
stack 73:    622 257 721 394 208 246 725 
stack 74:    53 84 664 519 77 452 14 
stack 75:    243 392 155 335 409 698 493 
stack 76:    235 646 477 635 24 19 484 
stack 77:    400 143 547 468 667 217 430 
stack 78:    206 716 178 34 746 330 319 
stack 79:    264 640 71 540 363 482 425 
stack 80:    370 713 605 641 82 711 324 
stack 81:    427 437 337 531 129 293 350 
stack 82:    573 687 483 473 134 720 362 
stack 83:    571 35 145 450 535 497 118 
stack 84:    265 414 137 550 405 361 690 
stack 85:    168 487 602 323 568 317 157 
stack 86:    536 592 445 566 73 420 266 
stack 87:    215 297 150 44 103 624 467 
stack 88:    188 67 691 681 213 106 314 
stack 89:    61 435 585 470 57 737 460 
stack 90:    339 179 54 289 496 666 412 
stack 91:    189 39 259 680 283 102 462 
stack 92:    56 32 69 454 356 296 180 
stack 93:    116 416 650 724 505 695 552 
stack 94:    542 486 352 125 528 457 228 
stack 95:    534 199 583 527 617 99 745 
stack 96:    329 658 334 160 299 220 472 
stack 97:    574 72 418 304 87 447 431 
stack 98:    741 584 432 556 135 615 173 
stack 99:    537 233 240 348 309 176 165 
stack 100:    415 321 281 461 203 346 655 
stack 101:    187 541 706 656 419 744 322 
stack 102:    131 634 644 673 112 588 127 
stack 103:    494 511 252 267 523 262 105 
stack 104:    507 661 275 671 245 310 424 
stack 105:    232 247 152 729 434 522 85 
stack 106:    226 499 512 254 154 49 347 
stack 107:    621 141 151 699 62 637 719 
stack 108:    429 446 597 736 569 318 694 
stack 109:    455 530 200 364 238 130 147 
stack 110:    201 210 367 366 440 97 89 
stack 111:    678 292 280 677 645 611 338 
stack 112:    623 101 136 295 545 479 619 
stack 113:    253 502 166 548 175 705 195 
stack 114:    98 95 579 708 277 651 722 
stack 115:    582 110 312 697 504 563 485 
stack 116:    481 93 227 521 107 692 60 
stack 117:    149 549 715 490 639 662 539 
stack 118:    599 315 172 333 581 209 351 

#####################################################

solved with: SP.post_optimization_methods.HillClimbing
time limit: 1800.0 s
time to solve: 236,33 s
objective value: 716571.02

stacks (top to bottom):
stack 0:    375 0 
stack 1:    1 
stack 2:    2 
stack 3:    
stack 4:    
stack 5:    
stack 6:    381 8 
stack 7:    84 315 149 7 17 731 11 
stack 8:    573 39 704 9 527 214 10 
stack 9:    621 384 459 391 535 659 612 
stack 10:    201 386 385 76 579 24 662 
stack 11:    22 95 743 450 482 366 20 
stack 12:    206 170 622 387 177 67 655 
stack 13:    136 708 395 18 242 692 31 
stack 14:    741 404 428 193 689 161 474 
stack 15:    604 561 697 151 21 555 744 
stack 16:    189 145 401 48 301 68 462 
stack 17:    481 307 668 185 554 518 105 
stack 18:    410 661 413 521 111 25 33 
stack 19:    592 653 594 139 29 164 399 
stack 20:    534 52 483 200 464 688 97 
stack 21:    45 511 397 515 542 737 396 
stack 22:    240 402 42 159 510 81 690 
stack 23:    236 645 66 403 523 514 272 
stack 24:    415 275 126 738 262 90 607 
stack 25:    488 652 271 643 563 316 228 
stack 26:    735 636 503 312 325 506 158 
stack 27:    56 194 140 32 581 498 163 
stack 28:    234 646 116 608 217 553 362 
stack 29:    278 207 63 565 213 249 722 
stack 30:    215 418 61 175 656 254 522 
stack 31:    268 138 632 191 270 318 130 
stack 32:    98 520 313 367 204 360 591 
stack 33:    53 131 476 169 729 259 176 
stack 34:    600 47 569 128 122 120 147 
stack 35:    35 673 283 609 160 590 183 
stack 36:    290 583 593 87 327 711 463 
stack 37:    55 685 480 470 617 504 37 
stack 38:    263 586 150 44 188 575 497 
stack 39:    232 153 41 162 533 127 627 
stack 40:    235 276 469 135 461 109 60 
stack 41:    181 335 501 74 125 570 80 
stack 42:    466 640 374 680 167 440 479 
stack 43:    647 82 285 299 576 85 725 
stack 44:    143 433 423 103 154 747 485 
stack 45:    142 427 166 223 332 49 489 
stack 46:    502 101 486 530 354 589 638 
stack 47:    365 599 540 77 117 78 651 
stack 48:    749 739 104 137 610 611 180 
stack 49:    547 199 657 667 229 701 430 
stack 50:    311 537 703 258 559 451 460 
stack 51:    292 727 732 677 675 94 113 
stack 52:    184 187 543 492 715 334 134 
stack 53:    71 516 706 605 712 57 596 
stack 54:    713 665 509 642 508 92 467 
stack 55:    654 371 197 490 728 267 118 
stack 56:    353 265 321 491 686 693 447 
stack 57:    155 295 500 545 303 626 171 
stack 58:    524 714 227 733 255 266 269 
stack 59:    107 546 580 358 156 587 238 
stack 60:    376 
stack 61:    
stack 62:    377 
stack 63:    3 378 
stack 64:    379 4 
stack 65:    380 
stack 66:    6 5 
stack 67:    382 393 14 388 720 457 383 
stack 68:    110 251 670 614 38 355 603 
stack 69:    12 260 16 221 454 666 46 
stack 70:    389 226 261 13 475 28 357 
stack 71:    678 414 129 364 26 682 456 
stack 72:    417 392 15 27 641 434 390 
stack 73:    429 23 671 274 208 394 211 
stack 74:    449 339 112 75 635 19 412 
stack 75:    326 616 256 343 598 288 65 
stack 76:    91 663 342 585 633 406 472 
stack 77:    421 398 79 308 202 672 62 
stack 78:    584 716 676 331 424 345 314 
stack 79:    623 294 487 441 567 558 306 
stack 80:    400 58 416 291 683 422 203 
stack 81:    625 352 419 336 411 660 186 
stack 82:    408 438 513 407 615 157 734 
stack 83:    233 247 658 231 409 205 631 
stack 84:    574 146 529 710 281 293 322 
stack 85:    544 277 368 405 83 361 347 
stack 86:    198 359 280 34 133 319 630 
stack 87:    115 179 284 718 373 349 572 
stack 88:    455 650 471 724 478 624 40 
stack 89:    370 541 538 30 550 99 182 
stack 90:    287 628 369 745 448 552 528 
stack 91:    253 746 699 64 694 613 431 
stack 92:    168 190 473 458 245 317 681 
stack 93:    687 452 220 695 144 372 216 
stack 94:    437 531 517 526 298 420 618 
stack 95:    237 597 736 709 173 426 36 
stack 96:    72 219 152 505 230 346 96 
stack 97:    43 644 566 730 620 124 351 
stack 98:    212 446 556 465 340 568 719 
stack 99:    302 88 525 69 54 218 224 
stack 100:    305 717 297 246 330 174 619 
stack 101:    519 679 210 328 102 250 425 
stack 102:    70 532 348 634 477 748 539 
stack 103:    86 468 59 304 495 89 443 
stack 104:    108 273 444 436 588 637 248 
stack 105:    225 172 289 73 309 209 338 
stack 106:    432 178 721 114 50 344 601 
stack 107:    244 282 329 740 696 165 629 
stack 108:    582 684 439 442 363 356 195 
stack 109:    51 499 602 702 691 562 723 
stack 110:    536 548 243 549 141 595 119 
stack 111:    286 435 560 578 512 698 551 
stack 112:    264 222 494 323 310 669 121 
stack 113:    279 257 648 239 707 148 106 
stack 114:    571 664 333 123 445 564 577 
stack 115:    100 341 453 300 674 296 493 
stack 116:    507 742 93 705 252 649 350 
stack 117:    557 700 726 192 496 639 484 
stack 118:    606 337 132 320 241 324 196 
