lower bound for relaxed s_ij: 716562.52

#####################################################

solved with: SP.mip_formulations.BinPackingFormulation
time limit: 1800.0 s
time to solve: 1726,27 s
objective value: 716564.96

stacks (top to bottom):
stack 0:    376 
stack 1:    
stack 2:    377 
stack 3:    378 
stack 4:    379 4 
stack 5:    
stack 6:    6 
stack 7:    636 544 512 594 573 546 72 
stack 8:    710 444 676 359 8 446 150 
stack 9:    695 524 211 146 9 255 458 
stack 10:    385 320 204 80 209 685 83 
stack 11:    300 671 256 106 259 386 96 
stack 12:    648 340 304 578 430 85 77 
stack 13:    95 229 316 166 246 308 358 
stack 14:    121 505 257 663 306 638 142 
stack 15:    533 71 401 329 350 281 349 
stack 16:    483 105 600 82 641 237 203 
stack 17:    666 635 370 448 553 443 288 
stack 18:    714 597 536 587 394 262 564 
stack 19:    660 535 87 270 181 230 145 
stack 20:    571 20 234 170 616 212 425 
stack 21:    526 435 342 567 471 318 244 
stack 22:    515 22 127 496 97 397 455 
stack 23:    60 24 574 298 356 653 155 
stack 24:    494 103 625 64 463 328 399 
stack 25:    456 218 51 516 207 158 622 
stack 26:    345 333 254 523 474 185 183 
stack 27:    654 478 686 465 235 550 323 
stack 28:    655 433 604 554 180 718 681 
stack 29:    322 175 102 261 221 59 154 
stack 30:    529 268 68 451 728 372 514 
stack 31:    503 462 210 746 286 214 341 
stack 32:    125 258 38 614 502 157 295 
stack 33:    739 539 327 719 510 479 560 
stack 34:    674 299 190 596 508 138 482 
stack 35:    646 569 74 650 543 410 238 
stack 36:    131 549 223 531 530 197 579 
stack 37:    477 627 511 667 37 734 629 
stack 38:    730 178 689 206 467 373 91 
stack 39:    228 330 301 620 485 481 39 
stack 40:    205 165 129 61 353 584 40 
stack 41:    355 55 280 643 416 136 225 
stack 42:    86 141 701 682 46 704 687 
stack 43:    418 581 547 290 690 711 132 
stack 44:    658 282 117 670 289 57 69 
stack 45:    700 721 88 364 128 445 45 
stack 46:    133 63 66 54 357 227 722 
stack 47:    506 422 640 605 92 312 603 
stack 48:    200 613 749 499 250 528 351 
stack 49:    112 735 624 680 464 591 367 
stack 50:    696 264 697 278 339 283 160 
stack 51:    215 291 273 491 302 580 224 
stack 52:    436 52 195 532 243 518 555 
stack 53:    232 169 293 354 742 263 609 
stack 54:    303 507 174 713 649 176 110 
stack 55:    729 637 693 645 368 104 135 
stack 56:    469 294 252 621 431 182 325 
stack 57:    489 525 626 611 557 120 447 
stack 58:    453 534 551 441 630 194 476 
stack 59:    460 81 134 70 684 545 346 
stack 60:    0 375 
stack 61:    1 
stack 62:    2 
stack 63:    3 
stack 64:    
stack 65:    380 5 
stack 66:    309 381 
stack 67:    382 149 7 509 736 473 124 
stack 68:    193 698 383 143 98 678 18 
stack 69:    253 222 67 319 317 384 118 
stack 70:    484 486 601 679 437 260 10 
stack 71:    631 31 450 617 111 179 11 
stack 72:    12 720 475 519 334 219 387 
stack 73:    388 242 677 343 570 116 13 
stack 74:    513 311 470 14 389 672 156 
stack 75:    504 390 15 16 162 76 152 
stack 76:    495 196 305 683 501 391 662 
stack 77:    17 716 661 565 559 347 392 
stack 78:    393 19 548 93 707 233 592 
stack 79:    366 692 566 540 292 395 541 
stack 80:    324 527 336 122 374 201 461 
stack 81:    440 251 498 287 396 21 537 
stack 82:    449 691 552 363 608 274 58 
stack 83:    284 186 23 715 202 558 398 
stack 84:    572 651 62 245 220 400 348 
stack 85:    25 439 310 583 421 326 472 
stack 86:    192 26 272 362 561 599 459 
stack 87:    733 27 335 109 402 647 595 
stack 88:    403 708 673 78 73 29 28 
stack 89:    688 315 492 236 404 314 177 
stack 90:    30 633 517 497 187 173 405 
stack 91:    406 656 563 731 488 665 628 
stack 92:    65 586 602 538 113 32 407 
stack 93:    408 33 740 297 241 216 153 
stack 94:    167 34 466 409 371 239 487 
stack 95:    191 442 652 588 582 35 36 
stack 96:    694 607 618 703 248 411 285 
stack 97:    542 369 732 198 452 321 412 
stack 98:    724 668 413 738 427 657 89 
stack 99:    414 148 598 130 642 53 275 
stack 100:    500 415 669 279 644 612 217 
stack 101:    577 151 664 352 634 84 41 
stack 102:    709 213 417 744 90 568 42 
stack 103:    576 75 419 610 360 43 593 
stack 104:    266 585 44 493 556 438 184 
stack 105:    277 420 434 699 164 338 522 
stack 106:    619 161 144 267 172 575 140 
stack 107:    47 590 188 126 114 171 457 
stack 108:    119 423 723 706 137 48 94 
stack 109:    424 101 107 745 199 747 49 
stack 110:    50 748 123 743 226 147 562 
stack 111:    426 725 337 189 727 659 615 
stack 112:    99 702 269 168 265 623 108 
stack 113:    726 589 208 100 741 712 428 
stack 114:    240 468 231 737 429 365 247 
stack 115:    705 313 490 344 271 361 159 
stack 116:    331 480 717 139 521 79 56 
stack 117:    432 296 606 675 639 307 332 
stack 118:    163 520 115 454 276 249 632 

#####################################################

solved with: SP.constructive_heuristics.GeneralHeuristic
time limit: 1800.0 s
time to solve: 0,00 s
objective value: 753593.48

stacks (top to bottom):
stack 0:    366 148 549 190 314 40 373 
stack 1:    86 677 355 408 81 209 212 
stack 2:    735 361 268 415 468 8 323 
stack 3:    213 251 208 100 109 528 541 
stack 4:    277 435 101 601 465 179 135 
stack 5:    475 639 334 497 712 402 120 
stack 6:    343 215 282 659 609 603 562 
stack 7:    27 220 236 123 207 707 657 
stack 8:    673 64 732 573 358 443 147 
stack 9:    483 533 596 482 219 687 455 
stack 10:    403 551 684 430 170 187 152 
stack 11:    99 572 695 305 335 4 43 
stack 12:    542 311 31 19 16 516 154 
stack 13:    22 606 206 308 182 647 247 
stack 14:    708 103 496 719 57 467 263 
stack 15:    229 567 195 114 265 162 622 
stack 16:    449 406 185 136 530 628 110 
stack 17:    705 423 489 88 339 438 160 
stack 18:    440 529 359 627 587 51 279 
stack 19:    331 651 294 558 401 348 427 
stack 20:    78 327 144 428 347 638 386 
stack 21:    116 186 721 715 104 697 389 
stack 22:    696 442 589 139 546 79 678 
stack 23:    193 55 54 658 307 53 227 
stack 24:    271 214 548 711 171 5 595 
stack 25:    409 371 134 161 625 675 626 
stack 26:    62 581 745 368 594 616 288 
stack 27:    539 246 328 274 360 59 145 
stack 28:    382 393 379 636 604 663 295 
stack 29:    597 50 724 457 644 217 96 
stack 30:    544 588 319 554 0 451 446 
stack 31:    453 531 481 699 727 557 69 
stack 32:    280 122 92 383 198 98 89 
stack 33:    3 304 309 395 487 124 685 
stack 34:    703 645 501 690 532 400 583 
stack 35:    228 24 151 189 336 416 615 
stack 36:    345 284 60 330 223 66 407 
stack 37:    503 620 322 641 80 351 593 
stack 38:    484 340 248 199 635 201 514 
stack 39:    388 714 105 20 82 399 522 
stack 40:    315 669 174 550 262 392 216 
stack 41:    709 432 196 128 377 36 405 
stack 42:    133 691 192 117 474 197 156 
stack 43:    300 426 524 127 535 90 338 
stack 44:    498 605 369 316 741 33 259 
stack 45:    296 390 70 565 85 41 740 
stack 46:    126 746 421 329 410 502 612 
stack 47:    61 666 602 505 547 38 511 
stack 48:    131 540 39 568 561 665 476 
stack 49:    65 418 264 269 718 226 556 
stack 50:    624 52 240 115 231 668 283 
stack 51:    95 655 469 563 138 508 312 
stack 52:    107 693 621 188 278 461 662 
stack 53:    333 7 17 68 44 454 10 
stack 54:    534 378 168 321 48 173 537 
stack 55:    112 494 523 291 704 584 367 
stack 56:    720 619 87 35 106 728 153 
stack 57:    242 506 723 519 353 599 18 
stack 58:    210 736 204 623 250 91 83 
stack 59:    513 287 252 158 445 429 150 
stack 60:    733 310 608 458 11 285 632 
stack 61:    303 577 701 6 13 510 194 
stack 62:    163 113 439 71 257 258 560 
stack 63:    576 460 97 452 203 332 325 
stack 64:    710 674 725 372 493 472 108 
stack 65:    380 23 178 202 738 713 737 
stack 66:    34 634 488 302 177 155 722 
stack 67:    396 245 364 569 260 276 132 
stack 68:    462 646 536 159 394 233 650 
stack 69:    495 631 25 654 486 470 72 
stack 70:    266 301 299 739 598 356 76 
stack 71:    571 730 600 683 270 256 681 
stack 72:    729 436 477 717 517 137 447 
stack 73:    504 679 326 157 21 341 94 
stack 74:    385 352 175 9 661 58 743 
stack 75:    700 125 456 243 448 375 249 
stack 76:    30 664 552 525 545 140 184 
stack 77:    515 485 643 682 130 273 611 
stack 78:    671 129 342 578 172 2 224 
stack 79:    570 512 706 653 346 459 649 
stack 80:    694 434 292 749 320 29 241 
stack 81:    26 84 363 579 42 275 183 
stack 82:    75 607 232 450 166 491 164 
stack 83:    119 63 289 397 642 244 28 
stack 84:    47 698 239 689 306 431 521 
stack 85:    586 478 590 180 74 748 238 
stack 86:    526 324 298 670 731 630 387 
stack 87:    433 660 121 422 437 281 734 
stack 88:    313 520 218 37 667 672 176 
stack 89:    67 102 463 716 143 237 354 
stack 90:    420 169 492 471 15 111 499 
stack 91:    253 165 466 610 32 384 742 
stack 92:    444 507 464 413 398 425 45 
stack 93:    676 617 317 235 543 555 580 
stack 94:    141 692 566 255 404 349 591 
stack 95:    637 344 680 93 553 77 297 
stack 96:    648 254 211 702 149 261 411 
stack 97:    424 222 633 337 357 744 479 
stack 98:    414 293 559 221 181 118 473 
stack 99:    656 272 46 225 230 564 
stack 100:    688 585 618 652 686 381 365 
stack 101:    205 234 14 412 575 629 1 
stack 102:    200 417 73 374 726 267 376 
stack 103:    167 146 419 613 391 142 56 
stack 104:    490 500 480 538 290 318 592 
stack 105:    527 191 441 
stack 106:    574 
stack 107:    509 362 
stack 108:    12 582 286 747 350 518 
stack 109:    640 370 49 
stack 110:    614 
stack 111:    
stack 112:    
stack 113:    
stack 114:    
stack 115:    
stack 116:    
stack 117:    
stack 118:    
