solved with: SP.post_optimization_methods.TabuSearch
time limit: 1800.0 s
time to solve: 365,96 s
objective value: 716571.02

stacks (top to bottom):
stack 0:    375 
stack 1:    376 
stack 2:    
stack 3:    378 
stack 4:    4 
stack 5:    
stack 6:    381 6 
stack 7:    157 21 661 295 635 509 7 
stack 8:    11 608 16 8 711 191 476 
stack 9:    390 56 9 607 117 396 69 
stack 10:    201 207 337 328 242 17 14 
stack 11:    15 673 92 566 418 88 22 
stack 12:    610 274 387 41 398 653 675 
stack 13:    734 19 221 616 143 405 743 
stack 14:    498 112 459 60 728 260 18 
stack 15:    239 636 394 494 176 479 229 
stack 16:    240 134 393 482 371 370 687 
stack 17:    280 31 627 123 609 572 228 
stack 18:    411 577 669 340 720 43 746 
stack 19:    37 735 578 581 478 474 271 
stack 20:    549 253 463 399 665 672 708 
stack 21:    414 603 247 233 129 410 422 
stack 22:    400 265 552 475 323 713 319 
stack 23:    579 604 343 189 108 178 739 
stack 24:    132 53 353 725 697 602 615 
stack 25:    374 744 333 425 238 95 148 
stack 26:    263 215 307 693 163 722 574 
stack 27:    502 318 504 287 161 535 45 
stack 28:    611 146 641 135 646 588 606 
stack 29:    663 301 548 44 283 213 326 
stack 30:    730 718 454 531 85 492 34 
stack 31:    289 592 107 695 614 585 42 
stack 32:    497 745 427 363 225 261 120 
stack 33:    149 321 47 62 169 591 419 
stack 34:    416 568 499 81 483 480 330 
stack 35:    302 367 348 542 97 645 647 
stack 36:    198 706 651 48 699 681 716 
stack 37:    87 55 115 316 452 703 567 
stack 38:    737 413 625 76 470 523 679 
stack 39:    339 329 639 320 195 98 103 
stack 40:    310 621 634 721 702 518 80 
stack 41:    583 113 654 704 513 748 256 
stack 42:    282 726 51 597 508 638 599 
stack 43:    601 59 183 237 576 666 127 
stack 44:    456 257 556 159 322 258 325 
stack 45:    612 347 179 230 188 573 122 
stack 46:    241 75 648 617 633 519 70 
stack 47:    689 174 630 366 110 649 684 
stack 48:    448 605 89 596 493 248 469 
stack 49:    515 308 650 49 688 547 162 
stack 50:    714 537 290 465 342 140 659 
stack 51:    441 540 458 467 192 102 438 
stack 52:    311 446 177 741 692 582 109 
stack 53:    564 698 495 589 571 116 298 
stack 54:    172 678 500 682 717 277 209 
stack 55:    619 710 362 236 575 165 512 
stack 56:    187 468 65 202 503 267 166 
stack 57:    487 436 586 254 66 686 533 
stack 58:    481 200 72 252 133 101 461 
stack 59:    437 557 170 349 671 227 167 
stack 60:    1 
stack 61:    0 
stack 62:    2 377 
stack 63:    3 
stack 64:    379 
stack 65:    5 380 
stack 66:    382 
stack 67:    440 385 264 392 78 444 623 
stack 68:    304 528 335 644 391 383 10 
stack 69:    26 12 25 345 384 361 305 
stack 70:    668 355 551 224 24 155 285 
stack 71:    357 386 131 23 507 293 417 
stack 72:    28 455 388 670 389 13 544 
stack 73:    96 496 39 216 100 719 38 
stack 74:    197 529 185 524 284 632 709 
stack 75:    171 685 29 431 477 628 415 
stack 76:    555 397 231 595 83 457 613 
stack 77:    243 395 344 705 93 272 54 
stack 78:    251 511 359 404 642 30 490 
stack 79:    701 618 643 662 79 181 543 
stack 80:    594 20 451 558 562 707 426 
stack 81:    532 554 541 712 118 142 401 
stack 82:    27 32 680 485 365 182 723 
stack 83:    327 58 286 587 656 694 489 
stack 84:    61 747 168 259 403 292 402 
stack 85:    190 232 315 67 538 104 63 
stack 86:    124 153 486 563 130 674 546 
stack 87:    742 421 150 406 584 559 660 
stack 88:    276 249 570 222 91 491 235 
stack 89:    90 40 683 52 356 312 624 
stack 90:    246 545 593 269 358 488 620 
stack 91:    186 299 407 655 412 68 351 
stack 92:    505 409 331 184 424 517 484 
stack 93:    33 724 121 408 696 262 373 
stack 94:    136 664 553 114 35 214 203 
stack 95:    677 36 354 173 731 445 462 
stack 96:    420 208 368 526 94 449 652 
stack 97:    234 691 527 175 211 428 423 
stack 98:    217 279 268 565 338 275 160 
stack 99:    453 435 715 193 629 360 550 
stack 100:    50 105 218 569 598 126 223 
stack 101:    294 46 466 430 180 156 336 
stack 102:    138 297 364 472 99 738 580 
stack 103:    303 128 667 74 637 657 194 
stack 104:    164 206 536 226 288 471 73 
stack 105:    600 119 733 205 749 273 291 
stack 106:    313 736 590 658 516 350 220 
stack 107:    450 77 281 631 145 250 111 
stack 108:    732 560 346 534 640 204 334 
stack 109:    147 106 432 266 372 460 332 
stack 110:    82 521 255 522 139 473 278 
stack 111:    71 439 158 314 341 64 219 
stack 112:    141 212 244 700 676 199 317 
stack 113:    429 442 626 152 300 57 86 
stack 114:    144 501 443 324 690 561 210 
stack 115:    530 464 514 352 84 369 525 
stack 116:    306 622 740 270 245 154 433 
stack 117:    196 137 151 539 447 309 506 
stack 118:    434 729 125 727 510 520 296 

#####################################################

solved with: SP.post_optimization_methods.HillClimbing
time limit: 1800.0 s
time to solve: 218,99 s
objective value: 716571.02

stacks (top to bottom):
stack 0:    375 
stack 1:    376 
stack 2:    
stack 3:    378 
stack 4:    4 
stack 5:    
stack 6:    381 6 
stack 7:    215 386 35 382 65 384 7 
stack 8:    11 605 390 153 52 8 191 
stack 9:    247 475 387 9 108 117 16 
stack 10:    90 12 552 25 102 14 330 
stack 11:    15 409 41 260 324 748 22 
stack 12:    714 421 589 236 300 660 278 
stack 13:    594 663 616 221 452 258 67 
stack 14:    498 183 39 329 635 405 24 
stack 15:    464 21 264 439 17 155 656 
stack 16:    26 234 398 218 470 426 351 
stack 17:    456 395 515 232 328 516 176 
stack 18:    450 240 33 150 125 471 166 
stack 19:    451 333 248 474 422 711 271 
stack 20:    549 408 61 277 510 116 535 
stack 21:    313 494 85 315 350 104 423 
stack 22:    171 511 651 23 72 83 338 
stack 23:    374 400 231 206 170 743 160 
stack 24:    132 658 314 431 29 78 417 
stack 25:    611 321 106 501 593 323 462 
stack 26:    251 430 322 534 547 412 42 
stack 27:    96 37 207 55 507 193 214 
stack 28:    311 437 407 265 443 54 68 
stack 29:    164 541 671 629 100 133 746 
stack 30:    496 230 551 567 180 415 719 
stack 31:    32 724 682 704 287 70 361 
stack 32:    56 44 91 94 128 126 727 
stack 33:    144 436 527 213 517 424 550 
stack 34:    138 556 465 457 447 332 623 
stack 35:    449 632 559 672 584 142 506 
stack 36:    141 718 668 738 492 479 199 
stack 37:    280 299 725 701 266 110 518 
stack 38:    560 112 217 349 536 226 538 
stack 39:    446 58 297 244 580 127 109 
stack 40:    742 524 114 200 47 418 679 
stack 41:    440 601 530 458 115 666 723 
stack 42:    568 185 303 621 334 702 476 
stack 43:    734 187 163 697 372 707 512 
stack 44:    661 641 531 325 728 721 489 
stack 45:    310 367 342 460 118 585 659 
stack 46:    578 558 363 617 486 645 444 
stack 47:    626 625 745 371 281 57 317 
stack 48:    136 364 477 242 202 628 523 
stack 49:    441 307 744 619 640 216 694 
stack 50:    50 680 669 485 365 79 652 
stack 51:    179 453 553 84 445 275 103 
stack 52:    339 279 159 565 573 655 675 
stack 53:    357 276 526 598 620 614 647 
stack 54:    583 521 522 121 569 74 637 
stack 55:    82 654 113 592 633 662 649 
stack 56:    301 610 152 178 184 709 684 
stack 57:    308 190 540 316 639 587 195 
stack 58:    600 577 717 107 695 749 291 
stack 59:    282 722 483 320 272 687 120 
stack 60:    1 
stack 61:    0 
stack 62:    2 377 
stack 63:    3 
stack 64:    379 
stack 65:    5 380 
stack 66:    644 
stack 67:    198 385 454 392 355 237 285 
stack 68:    747 205 335 383 574 401 10 
stack 69:    413 482 399 504 161 713 461 
stack 70:    487 448 729 716 348 86 203 
stack 71:    36 740 435 404 389 69 45 
stack 72:    726 468 149 393 586 223 544 
stack 73:    411 356 388 130 13 708 469 
stack 74:    677 529 89 396 391 209 410 
stack 75:    27 434 274 28 331 362 140 
stack 76:    354 394 467 397 49 358 602 
stack 77:    53 20 93 705 19 131 480 
stack 78:    545 345 139 169 18 402 739 
stack 79:    416 173 664 60 425 156 561 
stack 80:    294 514 87 703 188 227 30 
stack 81:    532 636 201 177 582 484 686 
stack 82:    344 710 76 283 520 167 525 
stack 83:    71 685 158 741 341 219 599 
stack 84:    463 168 259 403 519 419 428 
stack 85:    290 691 631 571 643 88 309 
stack 86:    429 40 603 270 97 615 319 
stack 87:    590 295 146 268 192 539 543 
stack 88:    75 147 134 596 562 225 433 
stack 89:    612 473 455 406 665 366 162 
stack 90:    555 736 557 337 99 692 38 
stack 91:    627 31 123 609 572 634 606 
stack 92:    241 284 370 154 165 591 63 
stack 93:    505 733 373 262 696 273 292 
stack 94:    732 59 730 472 64 676 34 
stack 95:    414 135 642 646 488 43 95 
stack 96:    327 286 576 252 98 288 220 
stack 97:    689 500 528 340 211 228 194 
stack 98:    306 46 427 318 181 80 533 
stack 99:    735 222 495 235 145 204 326 
stack 100:    253 497 77 648 566 250 613 
stack 101:    420 81 554 151 595 670 438 
stack 102:    737 246 51 618 302 298 122 
stack 103:    622 255 368 575 238 490 305 
stack 104:    48 352 688 699 360 210 73 
stack 105:    196 289 304 674 182 261 546 
stack 106:    172 678 493 129 92 720 607 
stack 107:    499 353 604 254 653 478 111 
stack 108:    239 157 346 347 293 66 256 
stack 109:    481 466 650 459 143 224 229 
stack 110:    263 212 715 681 269 712 312 
stack 111:    698 208 683 548 673 175 581 
stack 112:    243 706 359 245 62 588 148 
stack 113:    564 137 233 731 700 101 509 
stack 114:    442 693 249 537 189 432 667 
stack 115:    119 579 343 563 296 513 657 
stack 116:    257 570 124 491 597 503 638 
stack 117:    186 502 369 508 690 336 267 
stack 118:    197 174 630 105 608 542 624 
