solved with: SP.post_optimization_methods.TabuSearch
time limit: 1800.0 s
time to solve: 358,69 s
objective value: 716563.7

stacks (top to bottom):
stack 0:    0 
stack 1:    376 
stack 2:    
stack 3:    
stack 4:    
stack 5:    380 
stack 6:    
stack 7:    695 382 560 383 410 107 394 
stack 8:    9 610 294 14 280 702 10 
stack 9:    687 653 515 384 12 748 680 
stack 10:    181 556 389 35 438 717 80 
stack 11:    125 579 286 16 25 543 600 
stack 12:    649 390 365 607 238 116 343 
stack 13:    352 724 111 247 630 110 118 
stack 14:    608 195 15 507 690 431 23 
stack 15:    21 260 94 486 40 17 647 
stack 16:    658 276 36 663 713 674 744 
stack 17:    433 216 629 733 585 396 251 
stack 18:    601 404 395 582 79 29 509 
stack 19:    374 415 34 400 605 569 132 
stack 20:    142 219 669 213 497 167 26 
stack 21:    184 339 592 401 671 399 282 
stack 22:    306 740 534 270 627 706 626 
stack 23:    453 262 580 283 645 521 426 
stack 24:    540 615 119 204 461 745 522 
stack 25:    346 172 373 244 351 632 51 
stack 26:    700 74 688 147 558 241 675 
stack 27:    405 539 28 64 263 60 609 
stack 28:    56 666 348 359 224 616 298 
stack 29:    741 239 108 253 634 257 302 
stack 30:    714 232 701 327 126 120 98 
stack 31:    202 468 586 158 105 719 490 
stack 32:    37 148 38 678 557 434 547 
stack 33:    529 659 332 633 525 296 506 
stack 34:    476 275 249 734 228 628 637 
stack 35:    273 483 574 595 738 472 551 
stack 36:    731 578 123 567 636 169 623 
stack 37:    606 134 471 444 749 72 454 
stack 38:    308 269 305 413 681 621 76 
stack 39:    722 727 449 67 531 619 511 
stack 40:    496 577 642 84 177 735 742 
stack 41:    499 739 648 81 316 718 479 
stack 42:    618 689 446 93 54 97 670 
stack 43:    478 427 559 746 301 419 254 
stack 44:    599 692 95 625 183 50 588 
stack 45:    311 78 696 299 568 165 347 
stack 46:    304 48 112 591 462 594 673 
stack 47:    121 549 566 100 164 207 115 
stack 48:    201 345 646 596 686 248 63 
stack 49:    572 465 171 322 452 504 640 
stack 50:    222 480 325 53 372 548 145 
stack 51:    342 370 464 291 258 685 331 
stack 52:    190 268 314 225 212 236 231 
stack 53:    491 265 106 182 180 712 200 
stack 54:    364 58 482 432 192 287 477 
stack 55:    315 256 546 723 285 139 368 
stack 56:    96 278 481 230 334 288 631 
stack 57:    102 545 205 57 660 743 245 
stack 58:    366 336 475 367 92 293 581 
stack 59:    135 565 349 117 326 104 683 
stack 60:    375 
stack 61:    1 
stack 62:    377 
stack 63:    2 3 378 4 
stack 64:    379 
stack 65:    5 
stack 66:    6 7 381 
stack 67:    656 144 385 447 498 493 8 
stack 68:    279 355 176 388 41 386 11 
stack 69:    402 20 474 593 411 156 19 
stack 70:    203 523 357 261 267 246 573 
stack 71:    387 361 635 234 541 13 32 
stack 72:    393 550 360 604 363 208 391 
stack 73:    430 487 576 75 77 250 277 
stack 74:    417 598 27 240 494 484 439 
stack 75:    103 407 209 654 62 166 443 
stack 76:    703 403 555 392 362 708 324 
stack 77:    22 397 470 736 163 214 295 
stack 78:    710 652 18 721 643 502 31 
stack 79:    458 408 715 323 47 30 450 
stack 80:    356 583 303 728 562 488 49 
stack 81:    85 445 662 317 33 101 421 
stack 82:    398 697 554 309 358 516 705 
stack 83:    698 24 460 252 44 46 732 
stack 84:    198 424 542 737 519 170 617 
stack 85:    729 638 425 505 709 178 693 
stack 86:    42 191 122 162 259 151 528 
stack 87:    271 726 510 704 338 220 514 
stack 88:    457 679 149 614 518 319 469 
stack 89:    185 587 530 73 138 211 561 
stack 90:    153 174 437 589 140 451 45 
stack 91:    435 199 335 406 290 175 639 
stack 92:    602 420 612 590 160 281 463 
stack 93:    667 513 68 333 500 517 489 
stack 94:    39 70 187 312 274 409 520 
stack 95:    716 563 61 196 473 197 300 
stack 96:    89 651 159 503 533 684 665 
stack 97:    297 501 730 65 412 155 52 
stack 98:    59 622 694 720 655 131 414 
stack 99:    423 329 284 157 676 194 416 
stack 100:    467 536 43 186 682 527 535 
stack 101:    266 69 524 320 664 150 129 
stack 102:    429 128 136 571 418 672 448 
stack 103:    229 310 133 146 650 307 215 
stack 104:    221 691 255 466 127 328 206 
stack 105:    340 210 369 91 193 455 624 
stack 106:    597 237 124 544 512 564 161 
stack 107:    55 422 233 113 321 620 537 
stack 108:    109 188 242 86 154 179 87 
stack 109:    553 428 611 436 575 66 677 
stack 110:    711 289 243 272 337 130 508 
stack 111:    661 114 173 143 459 90 495 
stack 112:    82 707 330 99 137 584 747 
stack 113:    83 226 644 603 441 641 217 
stack 114:    354 353 456 440 485 318 223 
stack 115:    570 552 218 538 442 264 613 
stack 116:    725 168 292 668 699 526 227 
stack 117:    344 492 341 71 235 371 350 
stack 118:    657 313 141 189 532 88 152 

#####################################################

solved with: SP.post_optimization_methods.HillClimbing
time limit: 1800.0 s
time to solve: 207,49 s
objective value: 716563.7

stacks (top to bottom):
stack 0:    0 
stack 1:    376 
stack 2:    
stack 3:    
stack 4:    
stack 5:    380 
stack 6:    
stack 7:    382 383 402 384 411 526 10 
stack 8:    542 671 20 13 394 680 522 
stack 9:    389 587 428 441 442 11 748 
stack 10:    93 181 635 16 223 19 49 
stack 11:    725 688 92 220 25 12 683 
stack 12:    56 43 393 329 682 284 504 
stack 13:    260 397 481 256 614 288 617 
stack 14:    195 390 239 654 225 396 431 
stack 15:    423 232 513 427 422 511 502 
stack 16:    505 320 709 494 684 180 624 
stack 17:    415 737 398 739 131 317 206 
stack 18:    480 174 146 437 589 357 211 
stack 19:    354 364 37 697 471 704 156 
stack 20:    27 598 240 117 484 324 331 
stack 21:    610 399 234 579 212 418 631 
stack 22:    572 201 503 135 533 500 732 
stack 23:    458 290 406 175 565 686 77 
stack 24:    403 28 178 410 699 137 104 
stack 25:    59 501 662 642 338 145 517 
stack 26:    65 140 196 559 409 44 488 
stack 27:    360 408 715 264 323 132 98 
stack 28:    78 339 299 557 328 508 350 
stack 29:    89 114 412 33 451 421 31 
stack 30:    435 55 159 566 113 426 207 
stack 31:    102 633 506 296 525 88 634 
stack 32:    202 315 340 669 707 668 670 
stack 33:    539 286 213 139 518 169 414 
stack 34:    184 289 279 168 664 466 706 
stack 35:    618 695 649 519 82 119 130 
stack 36:    268 612 257 663 81 674 217 
stack 37:    39 187 312 265 305 520 46 
stack 38:    266 179 717 472 258 349 537 
stack 39:    599 692 487 460 47 50 747 
stack 40:    656 657 189 530 203 585 632 
stack 41:    608 356 583 507 319 718 600 
stack 42:    691 628 247 367 333 71 509 
stack 43:    85 188 291 154 177 322 582 
stack 44:    652 86 138 434 101 63 51 
stack 45:    262 74 574 558 454 45 477 
stack 46:    313 710 666 109 544 527 277 
stack 47:    478 176 310 162 330 280 495 
stack 48:    69 335 538 252 347 637 626 
stack 49:    94 577 475 474 482 298 254 
stack 50:    433 465 605 678 152 469 193 
stack 51:    689 552 510 344 108 253 623 
stack 52:    468 103 209 334 62 166 647 
stack 53:    711 457 429 740 497 64 648 
stack 54:    271 456 149 636 163 105 489 
stack 55:    275 230 546 723 110 285 368 
stack 56:    638 300 164 645 87 321 115 
stack 57:    536 597 237 512 161 564 157 
stack 58:    308 499 61 133 611 493 448 
stack 59:    606 553 575 274 362 531 120 
stack 60:    375 
stack 61:    1 
stack 62:    377 
stack 63:    2 3 4 378 
stack 64:    379 
stack 65:    5 
stack 66:    6 7 381 
stack 67:    703 190 385 436 400 150 395 
stack 68:    447 388 392 591 24 675 8 
stack 69:    48 228 9 590 14 26 250 
stack 70:    304 659 15 407 571 607 391 
stack 71:    570 464 523 197 438 681 386 
stack 72:    430 387 550 224 363 208 80 
stack 73:    560 294 630 341 443 281 295 
stack 74:    405 143 301 708 233 462 76 
stack 75:    741 170 736 259 581 107 573 
stack 76:    21 128 148 486 17 728 282 
stack 77:    22 470 219 60 241 214 548 
stack 78:    342 445 700 35 18 721 343 
stack 79:    540 602 420 306 276 365 463 
stack 80:    243 210 36 369 713 32 23 
stack 81:    198 134 404 541 372 609 613 
stack 82:    34 401 309 38 745 227 118 
stack 83:    417 370 625 75 90 194 588 
stack 84:    731 483 696 440 627 641 543 
stack 85:    221 453 496 603 629 293 719 
stack 86:    374 467 601 515 643 127 29 
stack 87:    446 141 651 129 498 521 30 
stack 88:    222 41 425 218 646 215 528 
stack 89:    346 269 729 701 621 413 620 
stack 90:    714 242 738 473 267 619 248 
stack 91:    226 345 524 100 261 569 616 
stack 92:    255 352 292 40 733 693 416 
stack 93:    687 653 698 746 419 561 326 
stack 94:    592 153 449 568 66 665 516 
stack 95:    83 42 534 690 303 251 231 
stack 96:    679 586 655 351 672 236 455 
stack 97:    355 229 73 650 307 742 594 
stack 98:    722 532 144 125 730 112 735 
stack 99:    249 136 272 337 316 744 246 
stack 100:    199 186 124 576 327 439 535 
stack 101:    424 278 167 160 91 116 640 
stack 102:    297 622 122 554 287 485 318 
stack 103:    311 332 726 205 724 263 97 
stack 104:    529 366 580 563 54 492 514 
stack 105:    173 270 192 99 749 452 547 
stack 106:    185 720 216 58 204 72 450 
stack 107:    353 734 111 57 53 479 200 
stack 108:    556 142 549 67 551 235 79 
stack 109:    661 191 158 432 593 155 52 
stack 110:    359 172 595 373 244 461 238 
stack 111:    70 578 84 567 325 358 673 
stack 112:    716 336 361 555 283 459 371 
stack 113:    348 667 95 126 676 685 639 
stack 114:    273 644 314 444 171 68 151 
stack 115:    491 604 182 106 712 183 705 
stack 116:    727 147 165 121 702 490 302 
stack 117:    96 694 658 615 596 584 677 
stack 118:    476 545 123 660 743 245 562 
