solved with: SP.post_optimization_methods.TabuSearch
time limit: 1800.0 s
time to solve: 357,77 s
objective value: 716564.96

stacks (top to bottom):
stack 0:    375 
stack 1:    1 2 
stack 2:    
stack 3:    3 
stack 4:    
stack 5:    5 
stack 6:    381 
stack 7:    345 573 547 396 20 405 89 
stack 8:    506 298 196 10 49 25 126 
stack 9:    460 689 749 722 596 96 19 
stack 10:    322 385 143 103 260 368 447 
stack 11:    386 207 653 367 202 76 470 
stack 12:    167 490 109 604 558 26 17 
stack 13:    47 388 390 399 615 723 409 
stack 14:    280 720 45 27 176 394 14 
stack 15:    250 569 339 665 635 562 16 
stack 16:    705 366 445 439 623 744 163 
stack 17:    43 371 639 124 318 18 590 
stack 18:    418 152 398 567 523 704 502 
stack 19:    204 107 82 93 400 410 180 
stack 20:    666 52 32 451 102 746 674 
stack 21:    647 508 235 150 440 145 655 
stack 22:    360 605 593 571 334 37 608 
stack 23:    56 586 422 572 23 105 636 
stack 24:    36 282 688 469 283 695 222 
stack 25:    333 55 545 401 606 510 537 
stack 26:    663 223 561 691 476 731 415 
stack 27:    513 108 179 210 481 444 602 
stack 28:    341 522 495 660 327 132 60 
stack 29:    643 110 680 362 219 698 201 
stack 30:    120 524 287 302 259 337 151 
stack 31:    35 729 357 193 641 363 127 
stack 32:    148 136 134 34 255 503 244 
stack 33:    552 416 471 309 69 224 51 
stack 34:    41 721 458 634 203 46 111 
stack 35:    184 478 231 248 732 432 114 
stack 36:    289 733 264 566 501 425 464 
stack 37:    465 129 39 452 98 159 437 
stack 38:    350 243 715 419 249 192 305 
stack 39:    414 175 169 237 741 48 172 
stack 40:    50 73 104 99 436 575 66 
stack 41:    675 701 717 716 709 149 324 
stack 42:    75 352 711 601 251 725 313 
stack 43:    584 162 91 209 241 90 68 
stack 44:    147 245 138 683 95 534 477 
stack 45:    140 320 467 130 493 80 84 
stack 46:    577 343 692 178 279 591 296 
stack 47:    520 703 592 269 271 679 273 
stack 48:    632 556 459 748 358 292 544 
stack 49:    463 374 589 116 678 595 668 
stack 50:    448 212 479 315 714 667 349 
stack 51:    690 597 226 200 546 694 610 
stack 52:    344 560 540 53 310 274 199 
stack 53:    538 576 530 206 713 228 335 
stack 54:    446 483 517 650 624 433 181 
stack 55:    542 290 194 288 263 77 218 
stack 56:    284 174 642 438 570 351 369 
stack 57:    500 621 365 435 518 195 306 
stack 58:    664 629 321 58 563 548 359 
stack 59:    361 528 710 616 74 285 484 
stack 60:    0 
stack 61:    376 
stack 62:    377 
stack 63:    378 
stack 64:    379 4 
stack 65:    380 
stack 66:    6 382 
stack 67:    383 8 9 7 526 426 13 
stack 68:    234 139 384 487 168 430 587 
stack 69:    59 323 519 651 115 11 22 
stack 70:    402 630 568 355 217 389 301 
stack 71:    328 413 393 412 281 12 118 
stack 72:    638 15 462 397 387 133 373 
stack 73:    33 392 131 395 649 531 472 
stack 74:    391 407 648 594 57 509 541 
stack 75:    707 427 404 421 291 21 154 
stack 76:    262 348 62 708 496 303 30 
stack 77:    24 645 190 256 258 128 521 
stack 78:    300 31 314 743 411 254 189 
stack 79:    468 626 512 86 61 617 515 
stack 80:    165 588 307 261 232 122 257 
stack 81:    693 67 580 336 325 81 94 
stack 82:    187 424 449 677 227 505 682 
stack 83:    619 185 70 657 242 87 527 
stack 84:    106 166 611 662 277 582 637 
stack 85:    652 456 658 719 268 406 453 
stack 86:    29 158 63 40 354 317 121 
stack 87:    28 712 299 529 329 191 420 
stack 88:    230 157 726 574 403 620 97 
stack 89:    311 340 607 492 507 633 188 
stack 90:    408 342 737 670 225 706 728 
stack 91:    246 112 330 295 747 370 429 
stack 92:    742 441 270 696 654 92 423 
stack 93:    661 38 240 498 216 480 533 
stack 94:    44 308 727 554 609 739 431 
stack 95:    543 504 156 364 461 482 466 
stack 96:    297 656 272 238 676 123 735 
stack 97:    613 239 135 331 628 347 627 
stack 98:    684 598 286 583 417 144 736 
stack 99:    550 565 205 553 687 208 312 
stack 100:    555 161 700 474 443 356 294 
stack 101:    346 612 557 699 428 304 236 
stack 102:    539 372 252 42 614 525 160 
stack 103:    640 101 353 455 253 72 486 
stack 104:    603 532 275 83 183 457 473 
stack 105:    724 171 686 578 278 164 549 
stack 106:    155 267 745 247 618 536 494 
stack 107:    600 488 671 535 332 485 229 
stack 108:    434 220 625 113 491 514 442 
stack 109:    599 564 559 88 54 125 266 
stack 110:    198 489 644 581 213 734 622 
stack 111:    672 516 141 511 214 454 697 
stack 112:    197 631 338 137 64 65 71 
stack 113:    718 177 497 211 740 669 79 
stack 114:    146 319 738 221 117 182 681 
stack 115:    119 78 475 579 316 215 186 
stack 116:    659 85 233 153 100 702 142 
stack 117:    673 585 450 173 170 326 685 
stack 118:    551 646 293 499 276 730 265 

#####################################################

solved with: SP.post_optimization_methods.HillClimbing
time limit: 1800.0 s
time to solve: 265,62 s
objective value: 716562.52

stacks (top to bottom):
stack 0:    375 
stack 1:    1 2 
stack 2:    
stack 3:    3 
stack 4:    
stack 5:    5 
stack 6:    
stack 7:    414 720 139 411 7 382 22 
stack 8:    621 435 401 77 732 405 549 
stack 9:    546 569 183 296 37 151 186 
stack 10:    733 280 499 352 104 211 562 
stack 11:    705 140 386 11 387 735 369 
stack 12:    592 255 283 394 604 26 133 
stack 13:    388 169 48 390 190 582 94 
stack 14:    148 490 157 355 395 126 16 
stack 15:    391 397 372 295 17 313 160 
stack 16:    297 85 560 32 609 406 587 
stack 17:    538 207 635 747 702 68 257 
stack 18:    402 707 639 626 734 260 19 
stack 19:    513 672 175 107 166 458 400 
stack 20:    663 47 646 691 281 410 74 
stack 21:    613 524 547 263 731 236 602 
stack 22:    348 235 508 237 413 655 728 
stack 23:    270 153 676 164 292 415 180 
stack 24:    155 35 282 605 225 117 30 
stack 25:    407 101 563 213 331 420 215 
stack 26:    727 329 112 102 482 306 285 
stack 27:    28 73 488 49 715 254 229 
stack 28:    171 467 33 476 574 623 426 
stack 29:    184 434 556 573 545 452 432 
stack 30:    619 293 505 176 455 503 575 
stack 31:    323 86 61 168 502 525 266 
stack 32:    136 59 342 606 616 515 218 
stack 33:    703 670 469 660 46 484 431 
stack 34:    555 357 653 40 445 288 188 
stack 35:    38 687 479 177 497 310 725 
stack 36:    517 615 481 203 87 111 537 
stack 37:    250 226 246 617 628 66 71 
stack 38:    344 543 69 461 688 192 667 
stack 39:    632 321 39 113 42 430 544 
stack 40:    666 362 131 374 620 439 356 
stack 41:    91 586 287 127 368 324 337 
stack 42:    152 353 651 53 423 80 608 
stack 43:    227 518 354 358 557 477 202 
stack 44:    539 134 729 474 722 278 528 
stack 45:    550 565 45 316 695 746 79 
stack 46:    150 119 561 75 571 182 301 
stack 47:    298 492 644 64 614 429 591 
stack 48:    643 529 581 748 195 279 105 
stack 49:    659 245 120 241 137 612 486 
stack 50:    480 224 219 221 199 347 51 
stack 51:    216 600 208 719 251 558 678 
stack 52:    239 462 162 346 491 699 428 
stack 53:    300 70 526 536 181 154 172 
stack 54:    584 220 465 58 572 709 447 
stack 55:    742 441 460 55 302 470 373 
stack 56:    174 191 588 114 149 622 442 
stack 57:    512 340 193 530 290 232 118 
stack 58:    684 552 196 341 144 336 258 
stack 59:    319 564 559 194 438 88 97 
stack 60:    0 
stack 61:    376 
stack 62:    377 
stack 63:    378 
stack 64:    379 4 
stack 65:    380 
stack 66:    6 9 381 
stack 67:    371 500 187 385 384 115 12 
stack 68:    542 383 363 8 704 248 466 
stack 69:    449 314 10 671 312 335 637 
stack 70:    350 392 475 364 389 668 13 
stack 71:    603 393 650 18 399 25 21 
stack 72:    642 675 367 370 65 14 685 
stack 73:    50 44 578 200 242 674 244 
stack 74:    15 507 34 272 738 57 509 
stack 75:    275 398 696 692 178 534 159 
stack 76:    647 721 496 267 24 693 294 
stack 77:    63 680 631 307 548 305 349 
stack 78:    577 689 129 625 422 23 437 
stack 79:    29 308 345 396 90 20 259 
stack 80:    468 108 83 243 567 457 76 
stack 81:    31 553 649 265 425 81 527 
stack 82:    597 165 745 417 519 27 304 
stack 83:    638 284 361 540 714 593 351 
stack 84:    551 78 404 412 228 744 697 
stack 85:    198 103 109 654 247 485 359 
stack 86:    289 95 309 700 366 238 595 
stack 87:    62 456 189 589 419 303 610 
stack 88:    424 36 630 568 403 451 132 
stack 89:    146 110 52 698 535 570 60 
stack 90:    328 262 501 315 682 409 454 
stack 91:    204 741 427 611 421 277 214 
stack 92:    532 322 718 67 291 736 325 
stack 93:    43 408 41 446 585 450 173 
stack 94:    231 197 504 217 679 739 274 
stack 95:    478 416 677 252 100 123 334 
stack 96:    234 520 418 511 128 730 253 
stack 97:    506 230 185 269 601 54 453 
stack 98:    333 711 579 726 737 249 327 
stack 99:    212 495 694 436 487 710 533 
stack 100:    708 583 130 590 634 444 633 
stack 101:    106 82 662 145 318 210 472 
stack 102:    690 205 286 657 580 256 531 
stack 103:    498 264 516 141 493 706 72 
stack 104:    652 483 645 276 464 433 494 
stack 105:    320 576 143 683 317 142 261 
stack 106:    240 93 440 624 618 84 163 
stack 107:    167 179 658 566 156 92 510 
stack 108:    661 712 665 338 681 723 669 
stack 109:    365 607 656 749 330 636 473 
stack 110:    448 599 339 523 596 121 89 
stack 111:    724 629 648 209 514 122 201 
stack 112:    311 686 206 522 161 641 99 
stack 113:    673 124 271 743 268 222 541 
stack 114:    640 471 489 233 554 332 273 
stack 115:    343 701 594 135 716 717 627 
stack 116:    664 360 147 138 56 98 96 
stack 117:    158 598 299 459 443 116 521 
stack 118:    463 223 713 170 740 326 125 
