lower bound for relaxed s_ij: 716558.9

#####################################################

solved with: SP.mip_formulations.BinPackingFormulation
time limit: 1800.0 s
time to solve: 1778,44 s
objective value: 716562.52

stacks (top to bottom):
stack 0:    
stack 1:    1 
stack 2:    2 
stack 3:    
stack 4:    379 
stack 5:    380 
stack 6:    6 
stack 7:    292 601 128 480 650 663 653 
stack 8:    658 124 464 322 535 654 365 
stack 9:    83 442 254 287 475 301 274 
stack 10:    614 585 677 534 119 385 347 
stack 11:    537 536 603 689 474 118 740 
stack 12:    446 323 731 282 234 122 150 
stack 13:    306 705 303 388 240 206 565 
stack 14:    96 587 716 346 318 509 389 
stack 15:    325 177 343 433 584 510 695 
stack 16:    302 286 247 321 520 354 391 
stack 17:    17 251 172 635 218 297 222 
stack 18:    451 617 471 18 583 189 562 
stack 19:    332 281 675 732 394 235 232 
stack 20:    237 432 275 459 20 600 680 
stack 21:    248 530 175 126 88 608 224 
stack 22:    163 540 312 461 308 115 462 
stack 23:    227 515 435 596 106 496 348 
stack 24:    710 591 367 606 349 373 630 
stack 25:    81 229 698 671 305 288 85 
stack 26:    465 320 358 684 195 86 484 
stack 27:    402 466 404 529 137 91 522 
stack 28:    613 357 638 276 69 36 519 
stack 29:    651 97 214 142 641 110 467 
stack 30:    241 676 589 622 528 405 666 
stack 31:    581 447 335 730 506 341 309 
stack 32:    32 418 242 568 316 460 564 
stack 33:    588 158 135 643 255 668 682 
stack 34:    495 639 123 193 647 156 98 
stack 35:    685 664 351 166 633 334 290 
stack 36:    657 295 532 637 491 307 655 
stack 37:    220 711 37 578 319 570 215 
stack 38:    39 605 610 445 230 733 552 
stack 39:    414 538 424 162 59 715 703 
stack 40:    644 359 250 645 512 205 734 
stack 41:    66 619 648 440 272 625 92 
stack 42:    735 696 737 557 526 259 152 
stack 43:    371 340 127 575 264 256 344 
stack 44:    742 561 531 422 44 683 208 
stack 45:    353 527 553 45 611 580 485 
stack 46:    339 670 672 421 231 153 333 
stack 47:    569 360 667 560 524 517 73 
stack 48:    550 108 623 604 310 48 82 
stack 49:    49 640 194 338 258 244 89 
stack 50:    62 457 692 456 720 455 616 
stack 51:    139 586 426 141 566 554 144 
stack 52:    140 161 134 64 686 678 355 
stack 53:    116 721 476 131 594 525 374 
stack 54:    483 434 576 513 326 129 277 
stack 55:    453 469 719 701 642 599 563 
stack 56:    151 238 602 502 717 463 508 
stack 57:    632 441 718 436 626 171 74 
stack 58:    179 706 707 523 723 493 444 
stack 59:    547 546 494 90 113 249 159 
stack 60:    0 375 
stack 61:    376 377 
stack 62:    
stack 63:    3 378 
stack 64:    4 
stack 65:    5 
stack 66:    381 7 
stack 67:    382 261 555 699 693 505 72 
stack 68:    556 497 8 661 383 468 168 
stack 69:    713 317 615 384 100 196 9 
stack 70:    369 544 473 102 430 10 687 
stack 71:    11 386 724 688 284 482 246 
stack 72:    545 387 331 13 245 691 12 
stack 73:    57 15 221 542 503 14 19 
stack 74:    674 624 71 145 438 197 499 
stack 75:    533 16 395 280 178 79 390 
stack 76:    392 518 278 198 700 607 448 
stack 77:    362 263 729 225 490 192 226 
stack 78:    746 109 101 315 393 279 516 
stack 79:    183 479 199 185 296 260 612 
stack 80:    300 203 573 257 504 478 396 
stack 81:    598 486 679 621 356 21 167 
stack 82:    425 511 267 738 22 160 397 
stack 83:    500 104 398 23 514 498 265 
stack 84:    399 304 366 77 567 652 24 
stack 85:    628 211 201 400 25 539 209 
stack 86:    26 401 620 289 70 164 136 
stack 87:    28 270 702 579 107 27 368 
stack 88:    314 212 662 649 403 210 148 
stack 89:    253 681 609 313 184 29 187 
stack 90:    673 299 634 223 243 216 30 
stack 91:    266 406 481 492 147 31 669 
stack 92:    452 61 190 204 697 704 407 
stack 93:    33 337 590 572 541 329 408 
stack 94:    34 352 636 228 217 409 454 
stack 95:    342 330 233 117 271 410 35 
stack 96:    714 712 665 722 291 411 169 
stack 97:    507 543 443 202 298 412 293 
stack 98:    413 285 103 487 76 94 38 
stack 99:    646 336 559 558 180 111 350 
stack 100:    40 174 125 188 121 548 415 
stack 101:    629 324 95 549 416 154 41 
stack 102:    660 659 417 173 149 42 114 
stack 103:    458 311 283 709 43 361 239 
stack 104:    745 592 78 65 477 470 419 
stack 105:    694 262 370 67 551 420 165 
stack 106:    593 571 93 46 708 521 47 
stack 107:    273 143 105 75 213 182 133 
stack 108:    472 741 170 747 423 743 84 
stack 109:    252 728 364 739 489 690 236 
stack 110:    80 186 582 155 269 50 618 
stack 111:    51 63 60 363 294 68 138 
stack 112:    52 112 744 268 120 427 146 
stack 113:    176 58 450 656 428 181 53 
stack 114:    449 439 219 501 437 429 54 
stack 115:    726 372 749 55 736 631 597 
stack 116:    56 99 574 157 627 431 328 
stack 117:    748 130 132 725 595 200 488 
stack 118:    191 207 87 577 345 327 727 

#####################################################

solved with: SP.constructive_heuristics.GeneralHeuristic
time limit: 1800.0 s
time to solve: 0,00 s
objective value: 754066.15

stacks (top to bottom):
stack 0:    266 324 513 204 554 85 144 
stack 1:    78 474 609 604 606 444 431 
stack 2:    337 639 2 548 524 563 178 
stack 3:    321 685 118 106 489 463 454 
stack 4:    746 267 22 377 313 605 91 
stack 5:    304 533 378 119 159 484 277 
stack 6:    659 90 123 450 166 351 514 
stack 7:    127 371 87 271 456 574 92 
stack 8:    710 650 716 366 559 435 396 
stack 9:    32 102 675 282 401 409 602 
stack 10:    292 108 131 278 230 164 152 
stack 11:    577 311 440 437 14 467 552 
stack 12:    286 176 135 158 113 205 114 
stack 13:    81 83 356 732 373 680 74 
stack 14:    622 18 445 648 475 216 607 
stack 15:    587 418 645 423 285 736 189 
stack 16:    263 706 315 173 744 643 141 
stack 17:    738 107 130 718 599 341 59 
stack 18:    451 712 665 6 88 222 374 
stack 19:    555 672 702 721 184 436 522 
stack 20:    75 480 331 568 502 280 206 
stack 21:    382 629 317 300 242 84 350 
stack 22:    399 714 56 207 458 424 503 
stack 23:    49 211 416 326 633 265 375 
stack 24:    402 619 526 289 410 610 448 
stack 25:    537 544 332 670 121 153 580 
stack 26:    646 105 494 637 512 224 668 
stack 27:    139 33 387 170 13 412 226 
stack 28:    353 134 656 389 397 333 740 
stack 29:    381 447 661 535 137 700 627 
stack 30:    4 573 686 182 515 355 368 
stack 31:    569 109 731 739 561 233 510 
stack 32:    425 183 696 457 529 208 215 
stack 33:    253 414 392 283 327 616 328 
stack 34:    359 593 628 163 149 564 38 
stack 35:    252 527 220 501 506 720 30 
stack 36:    261 237 0 677 20 231 578 
stack 37:    104 322 342 221 150 422 518 
stack 38:    225 748 384 737 468 294 462 
stack 39:    186 228 295 749 553 94 240 
stack 40:    472 58 426 269 428 86 36 
stack 41:    452 660 638 532 42 697 334 
stack 42:    439 194 383 442 330 223 687 
stack 43:    556 486 464 393 165 394 505 
stack 44:    520 172 624 493 171 9 482 
stack 45:    694 495 275 413 504 21 630 
stack 46:    546 588 69 155 288 415 12 
stack 47:    572 376 689 531 642 595 5 
stack 48:    369 303 367 180 181 498 53 
stack 49:    174 357 657 93 76 496 198 
stack 50:    352 8 281 270 37 455 54 
stack 51:    644 268 398 245 433 743 293 
stack 52:    466 626 688 625 110 653 612 
stack 53:    449 96 370 541 551 385 438 
stack 54:    191 51 128 664 71 117 690 
stack 55:    161 550 632 124 60 693 348 
stack 56:    586 651 473 662 530 193 608 
stack 57:    250 400 691 509 258 79 669 
stack 58:    713 579 243 620 44 43 727 
stack 59:    726 202 23 600 297 631 519 
stack 60:    251 343 707 459 25 235 73 
stack 61:    201 203 120 103 523 583 597 
stack 62:    623 722 296 542 272 138 259 
stack 63:    545 745 39 256 429 19 703 
stack 64:    728 101 479 335 430 287 470 
stack 65:    95 229 540 358 195 156 98 
stack 66:    339 729 254 160 319 147 187 
stack 67:    34 380 511 345 196 488 246 
stack 68:    547 249 408 279 111 129 562 
stack 69:    143 125 741 667 478 318 734 
stack 70:    362 262 673 354 635 671 47 
stack 71:    615 634 469 591 386 596 419 
stack 72:    536 500 234 3 471 528 157 
stack 73:    443 213 558 346 723 244 35 
stack 74:    62 589 441 427 77 290 516 
stack 75:    302 507 320 308 115 167 41 
stack 76:    17 247 543 179 549 154 684 
stack 77:    592 340 735 99 575 344 89 
stack 78:    614 257 747 699 316 307 460 
stack 79:    601 199 421 100 724 692 508 
stack 80:    585 116 481 312 148 390 666 
stack 81:    273 388 487 218 560 29 525 
stack 82:    185 420 403 490 611 309 695 
stack 83:    241 11 63 142 310 641 361 
stack 84:    28 122 679 132 567 209 232 
stack 85:    80 227 16 305 647 50 570 
stack 86:    52 603 97 517 347 236 492 
stack 87:    613 140 64 497 188 338 411 
stack 88:    711 66 404 538 391 82 733 
stack 89:    434 705 349 476 594 168 197 
stack 90:    598 636 248 336 708 704 24 
stack 91:    61 582 276 465 655 618 715 
stack 92:    329 126 133 169 45 146 663 
stack 93:    581 674 177 534 717 652 72 
stack 94:    67 10 301 70 7 499 136 
stack 95:    379 453 151 395 55 210 255 
stack 96:    314 212 406 432 698 649 584 
stack 97:    1 363 68 145 48 405 284 
stack 98:    40 26 446 364 477 709 274 
stack 99:    681 701 719 654 27 539 682 
stack 100:    299 658 590 65 238 291 214 
stack 101:    483 190 306 323 200 31 565 
stack 102:    219 57 417 360 112 521 461 
stack 103:    264 730 557 260 239 485 
stack 104:    571 46 175 491 
stack 105:    298 372 678 407 
stack 106:    676 742 15 725 365 
stack 107:    617 683 
stack 108:    576 566 
stack 109:    640 325 217 192 
stack 110:    621 162 
stack 111:    
stack 112:    
stack 113:    
stack 114:    
stack 115:    
stack 116:    
stack 117:    
stack 118:    
