solved with: SP.post_optimization_methods.TabuSearch
time limit: 1800.0 s
time to solve: 406,50 s
objective value: 716562.52

stacks (top to bottom):
stack 0:    
stack 1:    1 
stack 2:    2 
stack 3:    
stack 4:    379 
stack 5:    380 
stack 6:    6 
stack 7:    382 8 383 10 150 68 347 
stack 8:    352 434 266 413 393 244 24 
stack 9:    96 384 21 55 385 258 9 
stack 10:    302 556 628 418 645 504 736 
stack 11:    11 392 577 311 529 503 14 
stack 12:    676 15 260 574 391 164 152 
stack 13:    569 674 108 479 238 301 410 
stack 14:    313 18 405 445 648 475 216 
stack 15:    172 184 142 43 641 724 607 
stack 16:    219 101 535 579 44 91 137 
stack 17:    220 735 696 345 526 138 733 
stack 18:    183 441 23 409 583 627 374 
stack 19:    124 306 672 561 310 48 456 
stack 20:    613 551 708 20 25 106 505 
stack 21:    629 339 143 726 480 693 84 
stack 22:    353 701 654 85 539 682 562 
stack 23:    644 179 211 416 697 633 277 
stack 24:    581 402 501 610 289 448 246 
stack 25:    473 486 97 603 502 31 492 
stack 26:    61 465 549 204 50 159 655 
stack 27:    694 329 692 522 54 720 715 
stack 28:    62 251 447 689 130 717 578 
stack 29:    315 686 478 366 338 226 222 
stack 30:    95 573 698 77 515 355 368 
stack 31:    286 537 356 442 367 498 224 
stack 32:    511 56 256 457 70 437 680 
stack 33:    253 127 66 283 344 424 327 
stack 34:    729 254 145 271 157 700 499 
stack 35:    527 278 471 557 196 506 440 
stack 36:    425 299 248 227 530 533 305 
stack 37:    264 87 470 730 429 239 485 
stack 38:    102 316 487 153 563 611 597 
stack 39:    176 513 358 158 647 288 462 
stack 40:    536 263 710 303 335 363 594 
stack 41:    452 532 450 166 249 111 129 
stack 42:    252 520 199 624 346 171 350 
stack 43:    714 78 207 340 131 74 552 
stack 44:    459 160 169 146 663 189 690 
stack 45:    451 541 568 141 180 333 265 
stack 46:    588 546 69 155 461 255 114 
stack 47:    364 712 322 609 477 233 274 
stack 48:    453 151 469 342 433 560 489 
stack 49:    357 174 275 93 540 115 144 
stack 50:    317 287 168 294 468 737 652 
stack 51:    116 585 481 312 656 351 148 
stack 52:    572 665 731 702 542 725 510 
stack 53:    449 241 337 544 558 280 525 
stack 54:    660 190 661 509 444 365 92 
stack 55:    483 202 88 600 297 438 482 
stack 56:    614 670 296 126 516 209 167 
stack 57:    250 650 747 79 197 669 612 
stack 58:    713 247 688 709 727 616 703 
stack 59:    646 185 621 234 100 73 618 
stack 60:    0 375 
stack 61:    376 377 
stack 62:    
stack 63:    3 378 
stack 64:    4 
stack 65:    5 
stack 66:    381 7 
stack 67:    362 292 622 386 401 394 206 
stack 68:    387 320 582 279 408 86 389 
stack 69:    242 398 13 699 388 307 12 
stack 70:    673 140 109 446 635 400 396 
stack 71:    128 657 523 76 567 508 232 
stack 72:    399 500 47 181 514 407 415 
stack 73:    228 213 16 318 397 215 390 
stack 74:    262 427 395 524 584 454 19 
stack 75:    507 547 638 58 494 308 41 
stack 76:    17 543 203 154 276 684 734 
stack 77:    191 575 99 619 404 361 82 
stack 78:    49 104 221 422 518 580 89 
stack 79:    26 685 739 22 421 162 259 
stack 80:    81 634 705 732 119 27 136 
stack 81:    65 517 29 695 35 328 30 
stack 82:    728 304 177 679 623 606 595 
stack 83:    711 458 39 414 538 488 348 
stack 84:    28 122 270 430 719 531 132 
stack 85:    369 51 555 677 534 231 198 
stack 86:    33 423 671 493 412 36 666 
stack 87:    659 590 497 64 188 411 218 
stack 88:    40 32 229 420 403 110 309 
stack 89:    598 636 298 336 406 326 704 
stack 90:    52 742 282 165 559 723 178 
stack 91:    601 651 268 662 193 113 484 
stack 92:    34 281 591 476 528 37 230 
stack 93:    161 675 225 691 45 240 467 
stack 94:    300 170 741 42 637 98 570 
stack 95:    237 343 664 748 71 117 718 
stack 96:    321 716 120 135 334 205 630 
stack 97:    545 571 46 175 667 285 319 
stack 98:    314 331 639 678 608 290 38 
stack 99:    201 576 90 460 566 235 210 
stack 100:    745 212 432 649 548 419 519 
stack 101:    323 354 330 223 436 200 565 
stack 102:    417 173 360 112 125 521 195 
stack 103:    738 107 349 599 341 59 72 
stack 104:    592 617 63 474 118 455 284 
stack 105:    472 273 706 123 426 269 428 
stack 106:    80 443 105 495 257 491 512 
stack 107:    57 589 371 642 243 208 683 
stack 108:    746 658 291 214 194 605 373 
stack 109:    139 640 325 83 722 435 554 
stack 110:    186 295 744 749 553 94 668 
stack 111:    324 372 743 245 490 293 496 
stack 112:    261 615 182 121 217 631 187 
stack 113:    586 707 103 643 156 53 740 
stack 114:    439 67 332 370 464 604 687 
stack 115:    632 550 134 721 60 236 147 
stack 116:    267 466 272 626 620 431 653 
stack 117:    681 596 133 602 192 463 625 
stack 118:    359 593 75 587 163 149 564 

#####################################################

solved with: SP.post_optimization_methods.HillClimbing
time limit: 1800.0 s
time to solve: 310,46 s
objective value: 716562.52

stacks (top to bottom):
stack 0:    
stack 1:    1 
stack 2:    2 
stack 3:    
stack 4:    379 
stack 5:    380 
stack 6:    6 
stack 7:    11 15 477 68 243 230 391 
stack 8:    622 10 231 409 517 385 89 
stack 9:    585 102 384 401 421 106 389 
stack 10:    81 51 140 535 22 100 260 
stack 11:    676 62 497 749 707 411 567 
stack 12:    176 123 135 249 73 224 570 
stack 13:    212 716 218 524 373 222 666 
stack 14:    78 732 37 18 405 445 350 
stack 15:    592 340 392 311 70 24 703 
stack 16:    646 75 154 465 308 684 41 
stack 17:    746 399 635 296 718 142 727 
stack 18:    40 321 190 679 146 578 419 
stack 19:    660 172 520 281 238 642 215 
stack 20:    659 320 494 90 637 351 180 
stack 21:    57 242 639 400 121 693 583 
stack 22:    352 658 312 47 86 397 415 
stack 23:    495 416 408 633 514 53 265 
stack 24:    598 417 657 573 656 566 205 
stack 25:    332 551 447 725 542 456 138 
stack 26:    253 264 436 557 468 522 239 
stack 27:    33 728 543 628 593 163 743 
stack 28:    694 261 665 476 31 565 669 
stack 29:    362 712 223 648 429 196 488 
stack 30:    640 473 234 367 600 92 30 
stack 31:    185 356 430 233 470 271 114 
stack 32:    34 219 32 500 475 641 431 
stack 33:    544 107 584 548 244 198 510 
stack 34:    247 237 677 131 347 680 652 
stack 35:    139 537 227 432 645 413 533 
stack 36:    315 229 523 553 240 167 630 
stack 37:    151 527 87 501 341 529 506 
stack 38:    302 343 624 165 559 365 438 
stack 39:    613 49 603 65 717 258 74 
stack 40:    276 58 204 426 158 461 232 
stack 41:    314 69 42 697 195 334 734 
stack 42:    425 453 731 721 442 620 259 
stack 43:    464 708 297 189 611 505 374 
stack 44:    449 589 371 99 256 424 344 
stack 45:    52 299 729 675 604 579 310 
stack 46:    588 546 155 428 98 355 277 
stack 47:    479 723 427 346 153 502 333 
stack 48:    80 201 513 540 532 326 50 
stack 49:    472 357 93 534 496 454 246 
stack 50:    324 109 225 737 626 610 54 
stack 51:    572 188 268 126 433 293 144 
stack 52:    300 213 481 530 103 671 156 
stack 53:    711 66 345 466 437 525 612 
stack 54:    451 116 63 118 349 221 627 
stack 55:    251 60 363 528 216 301 72 
stack 56:    353 56 735 458 207 575 618 
stack 57:    273 650 744 691 596 79 206 
stack 58:    292 699 521 269 288 608 255 
stack 59:    726 372 662 558 444 516 668 
stack 60:    0 375 
stack 61:    376 377 
stack 62:    
stack 63:    3 378 
stack 64:    4 
stack 65:    5 
stack 66:    381 7 
stack 67:    382 674 8 282 383 394 490 
stack 68:    16 13 279 554 209 562 12 
stack 69:    629 387 95 298 395 319 9 
stack 70:    673 339 354 161 478 388 643 
stack 71:    550 719 386 518 14 164 19 
stack 72:    202 211 25 77 20 412 498 
stack 73:    406 125 667 316 166 484 390 
stack 74:    742 605 184 278 274 208 462 
stack 75:    17 304 710 398 647 396 368 
stack 76:    337 96 370 561 654 687 171 
stack 77:    39 402 619 709 157 289 410 
stack 78:    179 747 393 307 235 407 115 
stack 79:    67 325 270 294 48 625 136 
stack 80:    617 701 422 594 631 508 328 
stack 81:    26 199 21 23 560 29 607 
stack 82:    335 623 702 168 91 110 597 
stack 83:    714 609 287 94 27 35 653 
stack 84:    614 28 122 84 45 463 482 
stack 85:    173 336 420 403 197 448 740 
stack 86:    545 556 263 685 590 539 519 
stack 87:    183 97 469 150 200 236 467 
stack 88:    511 696 404 457 538 59 455 
stack 89:    483 275 366 649 515 148 36 
stack 90:    443 504 76 435 704 181 187 
stack 91:    569 61 582 549 638 193 655 
stack 92:    174 105 459 133 160 663 38 
stack 93:    267 127 178 147 580 695 82 
stack 94:    359 644 170 480 149 141 129 
stack 95:    414 577 283 327 152 361 616 
stack 96:    124 634 705 672 748 55 210 
stack 97:    262 317 112 418 423 493 736 
stack 98:    446 323 722 730 145 44 272 
stack 99:    738 681 220 509 489 192 85 
stack 100:    369 606 526 43 692 688 720 
stack 101:    745 101 342 661 130 724 499 
stack 102:    586 741 360 285 182 487 460 
stack 103:    252 541 64 322 214 318 111 
stack 104:    143 571 186 257 46 175 491 
stack 105:    706 587 358 450 678 159 682 
stack 106:    286 632 303 664 739 338 715 
stack 107:    581 194 531 132 599 169 683 
stack 108:    507 547 576 113 305 512 564 
stack 109:    266 636 306 120 686 88 700 
stack 110:    128 474 71 574 162 733 485 
stack 111:    191 615 670 441 591 471 503 
stack 112:    452 486 364 291 595 137 552 
stack 113:    434 134 83 177 621 284 348 
stack 114:    555 108 117 563 280 690 226 
stack 115:    439 713 689 330 313 602 309 
stack 116:    203 248 295 568 217 119 492 
stack 117:    241 228 250 331 698 245 290 
stack 118:    601 651 536 104 329 254 440 
