lower bound for relaxed s_ij: 1291101.74

#####################################################

solved with: SP.mip_formulations.BinPackingFormulation
time limit: 1800.0 s
time to solve: 1809,51 s (time limit exceeded)
objective value: 1296403.62 (not optimal)

stacks (top to bottom):
stack 0:    0 7 3 533 14 2 
stack 1:    11 20 23 15 5 13 9 
stack 2:    503 21 24 17 8 6 16 
stack 3:    10 56 50 39 36 511 504 
stack 4:    31 30 35 18 505 22 33 
stack 5:    29 54 47 12 65 37 28 
stack 6:    514 500 99 100 53 26 58 
stack 7:    546 545 25 60 34 49 521 
stack 8:    508 43 62 55 51 38 59 
stack 9:    68 32 66 77 63 79 72 
stack 10:    70 501 41 44 71 73 75 
stack 11:    81 87 83 76 82 52 95 
stack 12:    512 94 125 507 126 57 509 
stack 13:    91 80 78 74 69 90 92 
stack 14:    93 98 67 97 105 96 102 
stack 15:    114 104 85 115 109 112 108 
stack 16:    119 128 117 101 120 118 129 
stack 17:    524 121 106 123 534 151 116 
stack 18:    124 103 568 520 133 127 122 
stack 19:    156 144 132 110 502 513 113 
stack 20:    531 135 134 143 530 164 138 
stack 21:    145 131 153 161 111 158 147 
stack 22:    160 179 140 148 142 522 565 
stack 23:    146 155 171 168 137 180 176 
stack 24:    185 183 149 515 186 189 162 
stack 25:    191 518 193 152 519 187 175 
stack 26:    532 166 177 170 197 163 178 
stack 27:    517 181 212 205 216 182 200 
stack 28:    174 209 167 217 563 229 536 
stack 29:    230 190 199 173 260 48 661 
stack 30:    221 233 196 550 208 195 204 
stack 31:    211 198 220 210 192 201 218 
stack 32:    650 606 235 203 219 593 207 
stack 33:    240 214 241 224 237 242 225 
stack 34:    257 249 247 256 213 615 252 
stack 35:    238 246 232 251 228 227 231 
stack 36:    278 244 558 556 234 544 535 
stack 37:    283 248 264 245 236 254 267 
stack 38:    269 525 270 527 253 259 271 
stack 39:    250 288 274 273 303 310 296 
stack 40:    801 263 275 287 290 663 636 
stack 41:    285 280 261 284 277 292 295 
stack 42:    542 308 282 300 299 294 276 
stack 43:    587 323 281 298 302 304 585 
stack 44:    319 309 293 316 312 322 320 
stack 45:    791 330 328 325 305 314 331 
stack 46:    318 326 324 311 562 561 321 
stack 47:    552 582 569 349 332 307 357 
stack 48:    350 351 338 335 340 313 327 
stack 49:    301 342 368 353 560 385 333 
stack 50:    344 306 352 341 347 343 345 
stack 51:    355 348 364 358 378 370 366 
stack 52:    374 380 375 359 381 346 360 
stack 53:    372 395 373 356 379 389 394 
stack 54:    365 393 354 387 384 367 396 
stack 55:    398 362 407 400 402 377 632 
stack 56:    417 397 363 383 376 412 388 
stack 57:    371 410 435 419 401 436 797 
stack 58:    548 408 391 386 390 420 404 
stack 59:    415 392 399 382 421 426 577 
stack 60:    432 424 405 403 422 431 427 
stack 61:    406 467 473 455 456 437 486 
stack 62:    428 438 416 411 439 434 443 
stack 63:    751 725 459 418 413 447 444 
stack 64:    451 446 425 453 423 433 450 
stack 65:    477 442 468 465 457 440 458 
stack 66:    474 441 469 445 462 478 475 
stack 67:    470 481 452 472 460 449 461 
stack 68:    832 819 492 549 464 463 566 
stack 69:    493 482 488 479 494 476 485 
stack 70:    790 749 487 490 466 484 789 
stack 71:    764 471 480 554 496 483 489 
stack 72:    730 740 592 497 491 495 498 
stack 73:    571 653 723 678 499 516 626 
stack 74:    631 667 612 679 664 634 586 
stack 75:    619 598 583 630 620 651 625 
stack 76:    555 506 547 
stack 77:    1 541 539 
stack 78:    567 523 557 551 
stack 79:    540 553 
stack 80:    570 559 4 
stack 81:    575 573 572 
stack 82:    574 576 564 578 
stack 83:    595 590 597 601 579 
stack 84:    581 589 580 600 599 596 
stack 85:    591 594 604 
stack 86:    510 608 584 644 603 
stack 87:    611 621 613 602 
stack 88:    628 614 607 629 605 
stack 89:    588 618 622 639 617 642 
stack 90:    609 616 643 
stack 91:    654 623 610 662 640 641 
stack 92:    627 657 624 665 648 637 
stack 93:    649 647 635 652 646 638 655 
stack 94:    673 633 669 670 658 
stack 95:    671 668 645 675 666 687 19 
stack 96:    692 681 683 674 656 690 
stack 97:    682 680 660 659 684 677 
stack 98:    686 698 689 702 672 693 700 
stack 99:    688 709 691 696 707 710 676 
stack 100:    720 713 712 704 685 714 715 
stack 101:    717 699 706 697 695 735 
stack 102:    729 722 708 694 718 705 716 
stack 103:    711 741 701 726 737 734 754 
stack 104:    528 703 732 724 728 727 526 
stack 105:    27 742 738 731 719 743 733 
stack 106:    752 758 721 755 761 747 
stack 107:    529 763 746 753 750 736 756 
stack 108:    757 543 765 739 745 769 
stack 109:    771 770 774 773 767 772 
stack 110:    46 537 748 778 777 775 785 
stack 111:    744 792 804 776 780 806 538 
stack 112:    796 794 779 762 759 782 793 
stack 113:    766 803 787 784 768 807 45 
stack 114:    813 815 800 781 798 817 809 
stack 115:    42 810 788 816 831 786 811 
stack 116:    812 808 783 818 825 814 822 
stack 117:    40 829 821 795 799 805 834 
stack 118:    842 840 835 836 827 802 823 
stack 119:    826 844 843 837 841 845 824 
stack 120:    920 838 888 820 874 883 897 
stack 121:    859 851 830 858 833 856 853 
stack 122:    887 865 846 850 871 870 849 
stack 123:    866 863 867 862 847 864 828 
stack 124:    928 868 916 885 839 893 875 
stack 125:    873 852 848 857 855 854 876 
stack 126:    860 872 890 861 889 880 881 
stack 127:    878 903 894 869 906 899 892 
stack 128:    902 898 879 908 901 905 910 
stack 129:    877 895 884 909 900 886 904 
stack 130:    917 882 927 915 911 936 923 
stack 131:    960 951 947 891 953 918 912 
stack 132:    945 940 896 933 914 932 941 
stack 133:    913 939 921 934 930 922 949 
stack 134:    935 907 937 938 948 946 929 
stack 135:    961 924 943 958 952 954 919 
stack 136:    973 931 962 925 959 944 956 
stack 137:    967 966 965 957 968 955 950 
stack 138:    972 289 286 997 985 942 979 
stack 139:    977 988 990 975 926 976 970 
stack 140:    991 974 971 969 982 963 980 
stack 141:    268 994 996 986 964 987 992 
stack 142:    448 430 369 999 981 978 279 
stack 143:    297 262 255 337 336 317 983 
stack 144:    454 291 243 984 760 414 409 
stack 145:    334 64 329 315 265 993 61 
stack 146:    266 206 989 429 339 272 361 
stack 147:    223 139 226 89 998 258 239 
stack 148:    184 194 215 202 188 995 222 
stack 149:    154 136 159 172 165 84 169 
stack 150:    141 88 157 130 107 86 150 

#####################################################

solved with: SP.constructive_heuristics.GeneralHeuristic
time limit: 1800.0 s
time to solve: 0,00 s
objective value: 1335414.26

stacks (top to bottom):
stack 0:    835 717 574 746 74 929 331 
stack 1:    552 682 352 256 476 655 910 
stack 2:    654 233 284 685 72 61 789 
stack 3:    83 288 423 210 736 192 175 
stack 4:    89 957 732 926 530 437 366 
stack 5:    306 398 135 783 395 950 384 
stack 6:    591 518 527 971 312 321 936 
stack 7:    877 408 298 378 290 822 853 
stack 8:    895 763 117 750 756 716 980 
stack 9:    493 203 153 259 573 578 562 
stack 10:    813 355 709 639 970 719 797 
stack 11:    446 989 570 954 833 560 165 
stack 12:    791 882 799 368 189 137 9 
stack 13:    141 255 281 996 616 956 586 
stack 14:    913 265 149 533 453 662 817 
stack 15:    730 226 668 937 557 547 358 
stack 16:    100 79 743 310 225 484 538 
stack 17:    837 962 925 890 534 237 949 
stack 18:    792 501 41 780 516 126 637 
stack 19:    114 82 539 390 899 494 535 
stack 20:    154 917 372 43 397 602 642 
stack 21:    406 502 499 419 113 49 75 
stack 22:    297 286 569 770 411 976 733 
stack 23:    928 766 167 197 38 892 116 
stack 24:    46 240 891 140 805 747 272 
stack 25:    351 966 773 576 227 409 626 
stack 26:    159 537 285 380 195 706 33 
stack 27:    1 32 927 786 651 625 339 
stack 28:    350 393 844 507 584 666 603 
stack 29:    25 318 916 898 769 932 485 
stack 30:    722 381 669 969 5 978 13 
stack 31:    174 348 287 955 754 48 258 
stack 32:    354 416 495 933 618 855 80 
stack 33:    139 759 999 15 133 360 92 
stack 34:    508 740 866 332 894 152 346 
stack 35:    627 31 748 983 648 700 222 
stack 36:    40 214 248 867 900 60 893 
stack 37:    42 199 741 885 455 16 107 
stack 38:    477 459 146 128 649 601 923 
stack 39:    838 985 914 302 825 389 600 
stack 40:    873 590 638 386 273 440 296 
stack 41:    124 221 81 383 753 300 8 
stack 42:    184 56 190 879 944 617 761 
stack 43:    10 546 868 275 823 521 585 
stack 44:    947 301 514 109 90 420 760 
stack 45:    451 179 211 610 342 674 641 
stack 46:    315 191 68 7 104 903 864 
stack 47:    471 919 77 462 2 526 45 
stack 48:    341 896 347 904 422 252 370 
stack 49:    606 131 660 472 784 65 897 
stack 50:    671 931 975 439 509 304 207 
stack 51:    997 132 701 816 143 444 162 
stack 52:    188 673 18 795 55 941 658 
stack 53:    371 711 325 726 443 806 811 
stack 54:    510 317 270 359 635 553 643 
stack 55:    238 934 313 694 504 385 632 
stack 56:    194 264 729 767 697 705 870 
stack 57:    614 209 998 24 177 67 431 
stack 58:    581 257 531 36 377 404 200 
stack 59:    723 280 87 22 683 142 640 
stack 60:    653 202 678 721 324 234 670 
stack 61:    631 548 583 410 364 513 734 
stack 62:    686 921 622 909 575 161 458 
stack 63:    481 452 66 490 869 568 95 
stack 64:    392 155 308 251 220 433 782 
stack 65:    454 487 241 193 597 613 596 
stack 66:    859 336 121 505 309 540 858 
stack 67:    796 623 53 168 182 565 577 
stack 68:    988 739 768 677 118 599 849 
stack 69:    749 863 698 785 274 554 450 
stack 70:    243 512 442 391 236 718 112 
stack 71:    491 517 497 441 559 861 979 
stack 72:    0 762 695 127 176 218 361 
stack 73:    960 751 263 788 629 687 486 
stack 74:    266 851 160 492 415 865 169 
stack 75:    268 829 630 758 123 886 883 
stack 76:    608 311 163 343 403 115 178 
stack 77:    206 93 781 633 699 727 475 
stack 78:    977 667 994 246 205 187 303 
stack 79:    619 289 815 775 181 798 847 
stack 80:    920 145 506 645 604 456 615 
stack 81:    338 245 595 708 561 333 28 
stack 82:    907 984 110 523 156 138 636 
stack 83:    70 609 21 449 261 120 466 
stack 84:    951 945 125 460 469 277 299 
stack 85:    790 787 356 69 322 394 793 
stack 86:    448 369 196 51 171 556 992 
stack 87:    819 329 774 515 101 993 735 
stack 88:    832 438 3 367 715 59 946 
stack 89:    972 725 545 860 134 413 737 
stack 90:    571 328 680 94 50 644 414 
stack 91:    99 216 912 105 242 279 634 
stack 92:    524 253 379 908 714 97 401 
stack 93:    64 812 664 965 166 295 875 
stack 94:    840 964 224 953 327 388 231 
stack 95:    549 779 681 208 316 982 656 
stack 96:    801 598 752 144 839 594 938 
stack 97:    417 589 776 111 755 544 267 
stack 98:    319 647 541 906 228 254 63 
stack 99:    470 183 827 98 696 37 320 
stack 100:    223 794 464 887 122 489 239 
stack 101:    337 843 986 995 659 229 204 
stack 102:    291 293 212 353 520 148 19 
stack 103:    804 73 874 536 661 6 396 
stack 104:    136 432 529 27 628 820 307 
stack 105:    757 742 555 434 724 522 824 
stack 106:    88 657 335 186 412 23 772 
stack 107:    967 679 374 323 930 14 710 
stack 108:    543 878 940 349 943 376 876 
stack 109:    532 106 78 34 857 357 436 
stack 110:    474 407 158 345 731 572 478 
stack 111:    924 848 363 282 52 180 850 
stack 112:    365 425 500 340 402 147 690 
stack 113:    744 467 314 942 675 831 429 
stack 114:    334 29 12 382 846 856 108 
stack 115:    172 808 959 498 905 880 728 
stack 116:    771 424 720 650 217 170 665 
stack 117:    961 582 990 542 652 232 151 
stack 118:    852 11 35 884 445 387 201 
stack 119:    283 54 103 26 981 463 834 
stack 120:    91 230 712 373 948 593 294 
stack 121:    800 672 564 468 457 918 102 
stack 122:    119 821 85 987 621 20 129 
stack 123:    215 777 563 479 901 17 271 
stack 124:    528 130 587 269 213 551 461 
stack 125:    778 405 738 915 580 841 447 
stack 126:    612 939 483 496 465 292 881 
stack 127:    344 418 607 713 488 400 96 
stack 128:    826 688 473 164 663 276 84 
stack 129:    430 991 958 922 480 421 963 
stack 130:    830 244 278 47 828 676 845 
stack 131:    764 185 250 974 579 809 871 
stack 132:    399 198 566 150 
stack 133:    973 703 588 525 375 802 691 
stack 134:    810 330 765 482 803 39 219 
stack 135:    592 30 611 62 862 702 684 
stack 136:    842 503 745 854 693 558 889 
stack 137:    157 567 305 173 605 968 86 
stack 138:    262 620 902 326 260 57 4 
stack 139:    428 692 646 519 807 707 426 
stack 140:    935 247 249 235 44 71 435 
stack 141:    836 76 550 952 911 511 427 
stack 142:    58 
stack 143:    624 872 814 
stack 144:    888 
stack 145:    362 818 704 
stack 146:    689 
stack 147:    
stack 148:    
stack 149:    
stack 150:    
