solved with: SP.post_optimization_methods.TabuSearch
time limit: 1800.0 s
time to solve: 809,41 s
objective value: 1291135.74

stacks (top to bottom):
stack 0:    501 
stack 1:    500 
stack 2:    502 
stack 3:    3 503 
stack 4:    504 
stack 5:    679 6 832 516 224 40 439 
stack 6:    510 701 19 9 786 260 12 
stack 7:    11 7 511 434 415 155 936 
stack 8:    607 620 582 508 10 26 8 
stack 9:    22 522 52 949 398 721 509 
stack 10:    536 199 916 15 514 466 602 
stack 11:    113 18 17 651 32 471 319 
stack 12:    411 967 541 653 796 311 513 
stack 13:    540 25 403 776 956 28 36 
stack 14:    558 329 210 433 232 991 655 
stack 15:    789 424 731 241 355 88 463 
stack 16:    86 881 869 664 523 684 455 
stack 17:    219 823 583 876 229 243 760 
stack 18:    75 294 400 575 568 521 235 
stack 19:    911 524 132 326 965 496 883 
stack 20:    854 138 27 456 308 314 963 
stack 21:    800 739 127 30 21 38 666 
stack 22:    23 81 239 675 749 752 974 
stack 23:    87 670 492 777 685 392 39 
stack 24:    819 256 733 234 156 176 423 
stack 25:    753 803 381 292 899 806 574 
stack 26:    167 896 538 603 983 41 740 
stack 27:    247 673 977 33 946 859 944 
stack 28:    202 442 457 377 122 844 318 
stack 29:    354 550 249 599 29 273 975 
stack 30:    186 532 615 93 878 295 768 
stack 31:    613 587 640 238 860 841 964 
stack 32:    686 349 868 222 642 228 71 
stack 33:    187 660 499 454 608 676 489 
stack 34:    205 114 148 480 698 98 356 
stack 35:    943 572 405 261 378 880 276 
stack 36:    429 301 624 407 188 718 147 
stack 37:    724 689 268 131 958 847 231 
stack 38:    341 51 774 632 695 559 809 
stack 39:    360 339 993 579 184 678 421 
stack 40:    449 227 226 553 56 743 729 
stack 41:    293 481 628 928 840 89 586 
stack 42:    60 631 368 162 275 657 692 
stack 43:    962 213 650 585 814 491 69 
stack 44:    196 342 560 237 200 722 843 
stack 45:    74 65 181 192 549 236 413 
stack 46:    630 66 706 333 166 914 338 
stack 47:    867 853 386 804 330 775 298 
stack 48:    830 763 552 404 104 903 877 
stack 49:    59 940 369 992 233 427 141 
stack 50:    208 708 898 589 388 191 713 
stack 51:    682 340 649 850 359 879 890 
stack 52:    68 164 554 390 994 460 829 
stack 53:    919 267 957 221 285 315 409 
stack 54:    798 606 667 379 58 244 257 
stack 55:    754 334 805 401 780 856 811 
stack 56:    562 874 385 707 198 677 645 
stack 57:    380 778 344 473 337 616 452 
stack 58:    891 787 637 862 988 907 70 
stack 59:    807 133 801 671 636 242 939 
stack 60:    269 462 182 204 350 827 932 
stack 61:    345 828 563 659 461 469 173 
stack 62:    795 288 766 297 417 648 961 
stack 63:    190 163 564 755 487 145 901 
stack 64:    852 165 201 168 284 111 913 
stack 65:    470 751 467 248 255 863 906 
stack 66:    783 146 621 976 447 959 933 
stack 67:    332 128 857 95 395 441 394 
stack 68:    425 996 195 738 135 612 720 
stack 69:    250 118 169 817 656 873 573 
stack 70:    384 420 488 875 815 382 611 
stack 71:    793 808 271 953 343 391 861 
stack 72:    375 757 123 966 189 866 746 
stack 73:    393 821 922 884 465 681 604 
stack 74:    652 813 335 730 892 779 152 
stack 75:    126 125 419 497 644 734 212 
stack 76:    1 
stack 77:    0 
stack 78:    2 
stack 79:    20 
stack 80:    600 505 4 
stack 81:    13 588 663 215 654 172 5 
stack 82:    313 526 537 252 517 506 299 
stack 83:    304 530 493 900 519 507 969 
stack 84:    106 50 520 16 934 45 758 
stack 85:    980 512 839 697 515 680 431 
stack 86:    347 979 448 539 931 121 14 
stack 87:    373 55 643 948 440 927 984 
stack 88:    547 100 63 410 35 705 923 
stack 89:    357 710 372 230 279 683 886 
stack 90:    72 709 218 283 358 149 206 
stack 91:    287 46 527 528 619 824 546 
stack 92:    638 732 414 924 904 700 882 
stack 93:    518 31 120 997 371 590 954 
stack 94:    185 281 289 365 622 48 555 
stack 95:    639 543 601 571 387 557 57 
stack 96:    134 759 438 990 94 905 150 
stack 97:    443 782 930 534 331 24 545 
stack 98:    259 592 428 179 525 578 464 
stack 99:    397 399 174 773 77 531 139 
stack 100:    286 647 476 154 831 941 178 
stack 101:    635 935 103 981 444 426 937 
stack 102:    112 535 712 351 542 324 918 
stack 103:    727 323 968 49 216 702 771 
stack 104:    735 430 282 658 799 34 477 
stack 105:    416 566 674 91 306 529 76 
stack 106:    646 274 719 627 383 851 44 
stack 107:    42 972 79 761 160 971 672 
stack 108:    781 482 43 453 37 67 920 
stack 109:    942 348 565 197 220 544 533 
stack 110:    484 951 715 790 938 605 764 
stack 111:    309 277 802 110 115 346 810 
stack 112:    762 955 669 102 312 594 855 
stack 113:    451 629 422 641 614 327 711 
stack 114:    770 322 116 871 307 696 736 
stack 115:    825 124 225 175 336 217 626 
stack 116:    845 926 748 305 472 316 995 
stack 117:    83 459 556 47 54 290 618 
stack 118:    772 625 820 889 300 569 822 
stack 119:    694 53 171 849 716 435 548 
stack 120:    180 785 251 834 595 458 985 
stack 121:    486 264 717 446 688 864 870 
stack 122:    577 193 203 704 157 310 366 
stack 123:    581 445 596 570 894 142 888 
stack 124:    498 567 119 551 158 998 818 
stack 125:    272 662 97 791 143 61 989 
stack 126:    278 836 96 183 902 921 207 
stack 127:    693 912 744 973 788 835 254 
stack 128:    699 418 885 90 362 723 610 
stack 129:    253 848 389 296 302 872 584 
stack 130:    412 756 908 598 794 769 262 
stack 131:    893 561 101 246 303 986 265 
stack 132:    159 691 978 374 917 170 402 
stack 133:    593 929 910 136 812 153 999 
stack 134:    765 364 223 742 726 837 728 
stack 135:    258 280 687 266 64 370 99 
stack 136:    609 107 240 846 475 177 750 
stack 137:    597 591 129 62 437 432 490 
stack 138:    745 291 950 214 263 915 925 
stack 139:    396 909 816 623 703 130 352 
stack 140:    109 887 325 317 194 479 137 
stack 141:    982 140 84 209 665 633 144 
stack 142:    78 151 320 617 361 833 668 
stack 143:    468 741 485 363 725 714 797 
stack 144:    897 747 842 328 784 321 353 
stack 145:    82 108 161 895 792 952 634 
stack 146:    92 450 478 367 80 960 474 
stack 147:    767 947 406 245 865 105 826 
stack 148:    117 436 987 85 576 737 211 
stack 149:    945 408 661 838 495 73 270 
stack 150:    690 970 483 580 858 494 376 

#####################################################

solved with: SP.post_optimization_methods.HillClimbing
time limit: 1800.0 s
time to solve: 500,60 s
objective value: 1291129.68

stacks (top to bottom):
stack 0:    501 
stack 1:    500 
stack 2:    502 
stack 3:    3 503 
stack 4:    504 
stack 5:    443 6 520 16 677 5 903 
stack 6:    510 7 162 525 528 527 34 
stack 7:    43 512 508 434 472 507 969 
stack 8:    354 540 894 582 10 769 8 
stack 9:    9 374 404 367 145 576 57 
stack 10:    339 577 161 15 135 726 262 
stack 11:    516 794 407 32 931 920 327 
stack 12:    68 570 27 223 30 515 67 
stack 13:    813 853 629 987 817 21 14 
stack 14:    291 522 876 773 172 760 555 
stack 15:    381 75 428 292 355 91 88 
stack 16:    543 23 554 183 131 608 913 
stack 17:    66 340 526 229 986 236 95 
stack 18:    18 435 568 521 958 338 353 
stack 19:    281 840 89 84 260 379 523 
stack 20:    468 663 400 171 325 991 886 
stack 21:    35 485 998 835 346 810 529 
stack 22:    196 49 365 390 240 297 923 
stack 23:    751 782 182 553 791 653 39 
stack 24:    380 128 399 667 871 858 311 
stack 25:    599 33 862 884 427 47 866 
stack 26:    916 37 453 778 176 45 645 
stack 27:    770 588 701 900 997 302 704 
stack 28:    962 488 603 617 983 361 971 
stack 29:    830 867 848 908 977 336 36 
stack 30:    482 372 539 792 85 672 964 
stack 31:    164 143 160 743 275 584 545 
stack 32:    205 247 313 100 821 850 369 
stack 33:    42 412 592 689 148 775 721 
stack 34:    219 635 777 537 935 569 822 
stack 35:    82 199 804 333 892 683 616 
stack 36:    717 744 907 626 191 856 40 
stack 37:    112 481 122 460 363 352 76 
stack 38:    457 735 910 46 586 557 489 
stack 39:    686 185 63 572 405 261 276 
stack 40:    753 591 691 83 869 378 595 
stack 41:    562 950 282 209 847 295 178 
stack 42:    670 654 556 714 417 395 48 
stack 43:    719 127 324 284 698 614 228 
stack 44:    60 789 258 142 598 814 356 
stack 45:    929 972 649 685 306 152 890 
stack 46:    763 408 81 889 158 870 394 
stack 47:    213 125 280 418 497 370 99 
stack 48:    928 887 696 307 144 736 477 
stack 49:    448 362 959 651 901 315 479 
stack 50:    163 874 301 487 970 437 359 
stack 51:    424 567 342 64 193 995 657 
stack 52:    606 251 834 218 285 695 684 
stack 53:    74 117 136 233 924 604 737 
stack 54:    762 107 934 975 376 137 105 
stack 55:    693 993 478 912 343 421 925 
stack 56:    699 587 615 640 499 720 936 
stack 57:    766 243 221 254 880 961 827 
stack 58:    727 731 560 806 432 319 409 
stack 59:    304 294 170 77 915 655 746 
stack 60:    323 348 93 271 922 953 344 
stack 61:    180 287 410 283 358 797 855 
stack 62:    564 133 322 952 382 740 602 
stack 63:    393 690 808 891 436 447 818 
stack 64:    187 596 445 347 730 480 779 
stack 65:    146 745 335 976 933 618 692 
stack 66:    345 783 386 138 156 401 331 
stack 67:    732 293 755 675 303 723 139 
stack 68:    781 114 272 839 656 873 734 
stack 69:    134 828 212 189 605 121 265 
stack 70:    613 885 896 96 926 742 837 
stack 71:    765 620 165 790 230 98 73 
stack 72:    446 864 857 957 441 426 826 
stack 73:    638 498 951 966 722 904 728 
stack 74:    724 269 593 113 397 248 317 
stack 75:    600 757 733 946 895 188 624 
stack 76:    1 
stack 77:    0 
stack 78:    2 
stack 79:    
stack 80:    87 825 505 4 
stack 81:    945 547 982 19 917 12 513 
stack 82:    524 688 20 506 28 517 509 
stack 83:    11 296 845 511 927 141 312 
stack 84:    309 360 687 330 255 290 559 
stack 85:    442 682 607 227 868 406 431 
stack 86:    250 754 175 514 371 594 54 
stack 87:    980 875 454 491 815 466 242 
stack 88:    803 968 552 949 549 391 861 
stack 89:    13 518 239 119 474 974 299 
stack 90:    911 430 174 204 17 956 469 
stack 91:    609 943 802 548 244 463 634 
stack 92:    739 793 538 38 41 155 173 
stack 93:    377 450 31 747 519 573 865 
stack 94:    536 456 662 97 644 642 758 
stack 95:    694 22 214 109 632 531 985 
stack 96:    259 289 385 198 157 392 546 
stack 97:    535 759 530 169 680 24 939 
stack 98:    373 836 930 940 305 25 387 
stack 99:    59 449 470 706 438 707 166 
stack 100:    181 812 314 200 776 676 490 
stack 101:    278 425 710 748 878 225 279 
stack 102:    256 819 542 29 26 796 310 
stack 103:    532 898 563 383 700 452 999 
stack 104:    341 756 210 979 217 984 231 
stack 105:    566 186 124 674 534 729 681 
stack 106:    106 948 237 440 955 44 270 
stack 107:    55 226 108 422 493 388 465 
stack 108:    253 805 914 902 636 471 713 
stack 109:    942 433 565 842 224 544 533 
stack 110:    420 484 56 899 439 764 366 
stack 111:    78 660 320 541 659 571 668 
stack 112:    996 561 129 716 665 444 623 
stack 113:    332 375 222 245 612 918 833 
stack 114:    919 462 622 350 580 398 464 
stack 115:    558 53 583 483 476 829 944 
stack 116:    51 673 101 192 658 702 494 
stack 117:    167 601 249 725 177 633 496 
stack 118:    772 881 368 844 551 859 455 
stack 119:    190 264 396 741 104 877 809 
stack 120:    798 785 132 795 458 664 58 
stack 121:    429 364 118 669 203 768 937 
stack 122:    897 631 838 575 495 905 257 
stack 123:    767 201 111 61 860 666 882 
stack 124:    712 50 715 627 851 69 841 
stack 125:    411 774 550 52 403 252 780 
stack 126:    416 329 151 947 641 872 71 
stack 127:    854 646 800 351 637 888 863 
stack 128:    597 92 120 62 116 140 147 
stack 129:    893 639 589 195 738 461 711 
stack 130:    216 197 788 115 703 824 799 
stack 131:    159 978 467 215 402 590 954 
stack 132:    679 643 579 671 628 80 823 
stack 133:    630 852 389 184 153 194 784 
stack 134:    807 909 709 752 705 932 206 
stack 135:    349 202 967 65 220 232 849 
stack 136:    328 263 879 846 578 750 843 
stack 137:    277 179 994 246 973 816 749 
stack 138:    384 419 274 652 787 102 611 
stack 139:    581 621 650 126 238 990 697 
stack 140:    123 308 334 266 678 235 211 
stack 141:    451 492 288 921 318 316 906 
stack 142:    708 234 273 988 992 70 423 
stack 143:    72 286 647 154 831 963 941 
stack 144:    241 337 94 300 718 413 298 
stack 145:    486 625 110 326 965 883 149 
stack 146:    761 832 801 268 267 960 574 
stack 147:    208 585 938 168 989 811 150 
stack 148:    414 90 473 415 321 610 207 
stack 149:    820 661 459 103 981 130 648 
stack 150:    357 86 79 786 619 475 771 
