lower bound for relaxed s_ij: 1291127.24

#####################################################

solved with: SP.mip_formulations.BinPackingFormulation
time limit: 1800.0 s
time to solve: 1811,10 s (time limit exceeded)
objective value: 1300235.98 (not optimal)

stacks (top to bottom):
stack 0:    7 6 503 9 4 1 8 
stack 1:    532 27 504 0 30 10 41 
stack 2:    512 43 2 38 515 26 24 
stack 3:    22 23 15 16 28 5 500 
stack 4:    49 31 19 18 12 48 34 
stack 5:    51 53 25 45 17 40 54 
stack 6:    72 35 20 527 46 58 36 
stack 7:    66 65 530 511 508 37 21 
stack 8:    505 56 29 32 47 506 70 
stack 9:    50 61 69 67 44 73 71 
stack 10:    79 90 64 33 85 88 76 
stack 11:    82 75 81 62 84 507 91 
stack 12:    92 100 63 516 52 95 509 
stack 13:    86 101 109 80 89 77 517 
stack 14:    78 585 151 127 135 111 602 
stack 15:    83 132 103 115 144 130 139 
stack 16:    113 108 97 96 104 94 121 
stack 17:    134 125 117 502 131 102 98 
stack 18:    180 524 110 531 149 178 152 
stack 19:    124 123 143 142 93 141 137 
stack 20:    133 128 122 120 107 119 116 
stack 21:    126 118 161 148 136 156 157 
stack 22:    163 129 158 145 154 521 147 
stack 23:    138 169 160 514 166 153 155 
stack 24:    164 182 167 553 538 195 168 
stack 25:    526 522 181 174 162 140 177 
stack 26:    192 197 179 170 172 194 207 
stack 27:    213 187 208 165 222 212 189 
stack 28:    186 183 198 193 184 176 191 
stack 29:    210 216 214 220 171 203 231 
stack 30:    227 199 175 200 188 233 211 
stack 31:    596 223 201 245 230 605 228 
stack 32:    219 215 204 224 221 209 206 
stack 33:    247 609 264 251 218 236 244 
stack 34:    256 238 226 234 217 519 242 
stack 35:    225 241 237 255 252 235 257 
stack 36:    248 239 246 240 232 243 254 
stack 37:    258 249 268 282 267 260 285 
stack 38:    281 293 291 263 229 276 546 
stack 39:    278 277 287 286 288 261 283 
stack 40:    274 296 271 266 292 275 270 
stack 41:    304 289 550 301 273 302 262 
stack 42:    593 308 280 320 284 279 311 
stack 43:    313 294 303 300 295 306 298 
stack 44:    314 305 321 316 319 315 290 
stack 45:    554 322 328 325 307 297 529 
stack 46:    272 334 333 330 317 338 299 
stack 47:    335 336 337 312 574 318 618 
stack 48:    323 689 673 340 324 672 611 
stack 49:    368 378 326 358 684 610 353 
stack 50:    360 351 347 362 369 355 343 
stack 51:    364 342 372 344 371 331 545 
stack 52:    348 365 359 350 363 346 352 
stack 53:    381 377 592 370 361 356 382 
stack 54:    562 397 390 385 379 376 634 
stack 55:    396 367 415 403 401 391 387 
stack 56:    380 408 399 404 398 402 392 
stack 57:    694 424 374 421 559 426 413 
stack 58:    558 419 386 406 383 439 431 
stack 59:    384 418 389 422 407 388 432 
stack 60:    412 430 428 400 417 395 409 
stack 61:    639 425 446 410 459 435 441 
stack 62:    405 460 474 444 818 590 557 
stack 63:    420 438 436 414 434 427 469 
stack 64:    567 457 462 450 433 447 455 
stack 65:    456 445 453 448 440 461 452 
stack 66:    470 481 478 483 437 465 471 
stack 67:    867 482 499 454 491 886 490 
stack 68:    893 486 458 496 477 464 463 
stack 69:    690 468 487 467 473 472 479 
stack 70:    484 497 480 466 939 954 843 
stack 71:    753 492 494 485 475 865 833 
stack 72:    783 781 727 745 495 476 809 
stack 73:    686 488 563 541 573 811 826 
stack 74:    630 724 498 493 711 764 692 
stack 75:    679 638 682 581 540 584 668 
stack 76:    534 520 539 
stack 77:    543 525 548 523 
stack 78:    3 547 556 551 528 544 555 
stack 79:    566 560 569 501 
stack 80:    565 564 561 549 537 
stack 81:    577 582 542 571 
stack 82:    588 579 583 552 576 
stack 83:    591 606 575 580 586 568 578 
stack 84:    600 570 589 604 594 
stack 85:    597 625 572 595 
stack 86:    510 587 627 617 612 
stack 87:    629 615 598 599 624 608 
stack 88:    11 643 601 622 614 642 655 
stack 89:    613 621 640 603 616 
stack 90:    13 620 607 637 636 626 513 
stack 91:    649 628 647 632 619 623 645 
stack 92:    631 635 658 654 665 633 657 
stack 93:    646 650 662 659 656 641 644 
stack 94:    518 652 660 653 683 676 14 
stack 95:    670 661 685 702 696 648 
stack 96:    693 671 669 678 651 
stack 97:    663 667 
stack 98:    699 674 681 704 677 695 
stack 99:    717 691 709 664 736 705 
stack 100:    708 687 698 697 666 680 700 
stack 101:    710 675 725 714 703 721 718 
stack 102:    762 688 716 737 723 713 
stack 103:    535 731 701 729 707 728 
stack 104:    739 712 719 715 738 734 740 
stack 105:    756 732 735 748 733 758 533 
stack 106:    751 759 730 706 742 722 746 
stack 107:    754 793 791 778 775 726 769 
stack 108:    772 770 761 755 747 743 720 
stack 109:    782 744 741 771 760 752 749 
stack 110:    536 763 774 777 773 750 
stack 111:    765 787 792 779 780 784 768 
stack 112:    757 804 805 794 776 806 810 
stack 113:    785 766 788 39 
stack 114:    798 821 820 786 816 799 797 
stack 115:    767 796 815 841 
stack 116:    42 789 801 823 824 822 
stack 117:    825 808 839 790 814 851 837 
stack 118:    869 802 795 834 835 827 855 
stack 119:    819 813 800 845 812 829 831 
stack 120:    803 832 850 842 840 838 847 
stack 121:    817 884 862 859 
stack 122:    853 828 873 860 882 866 
stack 123:    836 849 871 858 857 846 870 
stack 124:    854 852 885 878 861 856 863 
stack 125:    911 881 864 879 880 883 
stack 126:    875 913 918 904 872 
stack 127:    897 912 887 876 889 901 903 
stack 128:    910 874 844 914 907 905 902 
stack 129:    898 951 947 868 938 920 57 
stack 130:    908 894 891 892 900 888 877 
stack 131:    55 916 896 922 899 921 925 
stack 132:    929 926 934 927 895 924 936 
stack 133:    930 940 933 931 941 937 923 
stack 134:    60 978 909 965 985 932 
stack 135:    945 943 949 917 915 935 958 
stack 136:    968 928 960 956 944 969 963 
stack 137:    942 948 950 959 953 952 971 
stack 138:    980 962 979 955 975 984 964 
stack 139:    967 972 987 990 946 988 989 
stack 140:    977 982 970 973 957 974 961 
stack 141:    996 966 983 999 906 
stack 142:    919 993 976 997 992 991 890 
stack 143:    449 416 411 848 994 981 995 
stack 144:    451 393 357 807 185 986 489 
stack 145:    443 309 159 998 423 394 366 
stack 146:    429 59 830 442 373 341 196 
stack 147:    354 349 375 345 269 259 265 
stack 148:    332 250 68 329 253 202 146 
stack 149:    205 106 190 87 339 327 310 
stack 150:    114 112 74 173 150 105 99 

#####################################################

solved with: SP.constructive_heuristics.GeneralHeuristic
time limit: 1800.0 s
time to solve: 0,01 s
objective value: 1335008.24

stacks (top to bottom):
stack 0:    3 772 717 132 485 623 358 
stack 1:    825 502 805 944 316 306 939 
stack 2:    396 83 460 252 391 507 461 
stack 3:    112 536 607 266 651 137 376 
stack 4:    187 347 238 878 241 683 866 
stack 5:    210 789 622 170 40 574 923 
stack 6:    558 259 360 365 879 432 290 
stack 7:    540 333 234 434 884 924 275 
stack 8:    451 582 730 938 666 913 452 
stack 9:    354 428 374 404 267 702 177 
stack 10:    339 15 369 262 728 611 469 
stack 11:    429 433 560 188 806 521 319 
stack 12:    106 208 570 223 30 796 571 
stack 13:    813 118 787 791 956 28 684 
stack 14:    691 171 583 876 773 243 144 
stack 15:    929 293 948 355 847 88 139 
stack 16:    377 928 840 9 84 89 811 
stack 17:    50 627 851 67 841 964 513 
stack 18:    425 75 367 18 400 294 568 
stack 19:    60 110 965 326 496 705 366 
stack 20:    456 976 314 273 388 737 559 
stack 21:    795 957 346 835 529 810 843 
stack 22:    853 662 97 200 644 860 758 
stack 23:    756 107 663 343 1 859 157 
stack 24:    349 588 160 778 743 44 173 
stack 25:    124 776 907 331 626 590 5 
stack 26:    488 603 983 361 971 672 999 
stack 27:    329 129 844 658 665 799 963 
stack 28:    264 219 678 104 903 877 809 
stack 29:    416 55 202 765 979 33 599 
stack 30:    699 615 161 372 539 576 500 
stack 31:    412 735 301 119 586 297 489 
stack 32:    313 100 52 850 862 975 604 
stack 33:    962 364 148 480 707 427 338 
stack 34:    572 635 777 224 935 569 39 
stack 35:    375 13 724 27 759 61 614 
stack 36:    190 323 908 526 437 970 648 
stack 37:    767 2 201 69 865 906 150 
stack 38:    798 606 802 379 285 695 36 
stack 39:    205 766 260 857 760 555 610 
stack 40:    449 167 706 940 914 166 723 
stack 41:    535 289 874 385 198 233 677 
stack 42:    562 390 229 654 556 714 394 
stack 43:    968 554 216 949 221 696 855 
stack 44:    613 256 280 96 589 742 837 
stack 45:    159 11 945 881 368 32 681 
stack 46:    340 763 81 744 889 870 265 
stack 47:    393 386 511 804 330 775 969 
stack 48:    770 774 525 474 307 736 546 
stack 49:    443 381 90 102 415 856 479 
stack 50:    332 593 143 245 720 584 886 
stack 51:    92 592 359 786 254 925 890 
stack 52:    213 272 896 733 370 99 423 
stack 53:    442 652 117 987 45 85 958 
stack 54:    625 943 838 575 495 263 73 
stack 55:    82 993 408 478 162 325 421 
stack 56:    6 304 282 551 140 991 517 
stack 57:    686 87 185 63 405 261 276 
stack 58:    621 199 808 436 637 794 888 
stack 59:    581 650 334 497 990 946 726 
stack 60:    462 328 580 350 771 464 932 
stack 61:    930 467 959 255 4 784 194 
stack 62:    980 126 168 515 466 815 242 
stack 63:    745 163 564 322 17 382 24 
stack 64:    620 852 165 790 21 98 41 
stack 65:    532 418 553 508 885 362 618 
stack 66:    345 783 56 447 812 455 353 
stack 67:    820 670 103 981 321 152 937 
stack 68:    380 128 77 667 858 95 961 
stack 69:    679 781 600 839 873 656 734 
stack 70:    719 585 284 740 642 228 270 
stack 71:    793 93 271 922 953 861 721 
stack 72:    709 218 909 523 149 206 257 
stack 73:    7 113 66 248 887 317 409 
stack 74:    51 291 649 214 503 915 602 
stack 75:    42 505 748 926 300 995 718 
stack 76:    278 609 755 912 716 398 209 
stack 77:    630 164 197 407 514 356 14 
stack 78:    384 754 629 817 438 541 26 
stack 79:    114 74 411 0 151 222 573 
stack 80:    357 86 731 239 487 628 899 
stack 81:    631 215 685 172 444 713 318 
stack 82:    524 688 492 240 537 191 557 
stack 83:    693 845 136 237 64 927 141 
stack 84:    250 120 16 934 608 918 655 
stack 85:    682 512 227 504 875 127 920 
stack 86:    43 687 465 371 594 901 147 
stack 87:    848 977 673 414 336 792 315 
stack 88:    753 591 821 869 378 595 827 
stack 89:    146 982 303 46 986 12 749 
stack 90:    911 174 116 80 204 472 431 
stack 91:    830 694 732 109 632 921 818 
stack 92:    646 739 800 335 175 38 697 
stack 93:    281 31 450 747 220 401 833 
stack 94:    543 249 183 612 698 872 387 
stack 95:    893 138 308 123 217 235 211 
stack 96:    597 579 483 974 752 509 231 
stack 97:    530 169 344 312 91 829 295 
stack 98:    518 49 399 578 395 417 477 
stack 99:    550 101 305 337 904 616 439 
stack 100:    72 286 647 154 831 822 941 
stack 101:    287 410 145 619 475 998 299 
stack 102:    712 819 186 351 542 324 327 
stack 103:    898 563 454 383 617 680 155 
stack 104:    309 251 664 883 634 463 76 
stack 105:    566 674 729 931 519 704 8 
stack 106:    397 23 561 133 549 459 54 
stack 107:    836 972 761 79 440 25 311 
stack 108:    854 453 37 916 988 184 989 
stack 109:    807 942 348 565 842 544 533 
stack 110:    420 484 125 660 715 769 764 
stack 111:    78 320 659 491 10 746 668 
stack 112:    690 457 494 871 880 531 797 
stack 113:    108 894 389 296 493 905 780 
stack 114:    196 182 782 598 814 653 545 
stack 115:    470 192 950 179 994 298 178 
stack 116:    134 482 828 406 212 121 882 
stack 117:    596 445 142 29 779 984 954 
stack 118:    424 567 226 342 193 473 645 
stack 119:    996 180 53 19 476 849 435 
stack 120:    785 20 35 834 458 58 985 
stack 121:    247 446 864 528 816 441 426 
stack 122:    727 498 803 422 641 676 189 
stack 123:    253 867 373 868 947 71 310 
stack 124:    967 65 258 522 832 801 232 
stack 125:    68 751 689 268 952 131 403 
stack 126:    269 510 577 520 669 203 471 
stack 127:    638 951 966 135 722 105 501 
stack 128:    341 481 122 741 363 725 236 
stack 129:    919 639 538 738 195 711 57 
stack 130:    181 788 115 703 824 548 244 
stack 131:    486 547 978 675 917 506 402 
stack 132:    22 643 671 823 636 605 700 
stack 133:    910 701 997 900 153 768 863 
stack 134:    762 897 516 624 292 156 392 
stack 135:    419 274 891 448 892 176 94 
stack 136:    661 158 527 846 34 750 48 
stack 137:    277 62 246 973 47 490 826 
stack 138:    59 587 640 499 111 936 
stack 139:    283 352 130 207 692 
stack 140:    710 225 230 279 
stack 141:    601 430 552 633 413 657 
stack 142:    708 955 992 933 70 
stack 143:    468 534 902 302 
stack 144:    288 
stack 145:    757 895 
stack 146:    960 
stack 147:    
stack 148:    
stack 149:    
stack 150:    
