lower bound for relaxed s_ij: 1291105.36

#####################################################

solved with: SP.mip_formulations.BinPackingFormulation
time limit: 1800.0 s
time to solve: 1811,23 s (time limit exceeded)
objective value: 1303287.76 (not optimal)

stacks (top to bottom):
stack 0:    15 8 0 12 514 14 18 
stack 1:    3 4 16 13 1 500 9 
stack 2:    27 20 2 32 10 22 26 
stack 3:    41 509 23 11 513 532 
stack 4:    64 35 56 21 5 55 45 
stack 5:    17 30 36 25 24 19 33 
stack 6:    59 28 48 491 29 47 44 
stack 7:    39 40 37 43 31 38 54 
stack 8:    46 85 62 503 504 34 60 
stack 9:    51 50 505 53 506 69 65 
stack 10:    80 76 67 88 52 101 92 
stack 11:    75 86 74 84 73 61 81 
stack 12:    90 87 72 91 98 66 93 
stack 13:    121 100 89 71 114 97 517 
stack 14:    518 123 508 119 109 83 68 
stack 15:    512 116 95 110 105 94 120 
stack 16:    99 102 118 112 82 125 103 
stack 17:    129 107 507 143 111 130 106 
stack 18:    132 138 131 104 141 134 122 
stack 19:    124 136 135 133 127 139 137 
stack 20:    541 526 525 151 524 115 140 
stack 21:    152 126 160 142 144 163 145 
stack 22:    173 158 157 146 169 178 161 
stack 23:    171 176 155 154 159 164 150 
stack 24:    174 572 198 168 189 542 153 
stack 25:    175 156 170 172 638 565 166 
stack 26:    191 180 183 177 190 181 205 
stack 27:    199 210 200 184 167 515 188 
stack 28:    212 207 202 220 219 182 208 
stack 29:    194 204 196 192 201 195 197 
stack 30:    214 218 203 215 213 186 217 
stack 31:    244 241 240 216 258 193 251 
stack 32:    226 221 187 209 225 231 228 
stack 33:    234 222 238 227 223 235 230 
stack 34:    237 236 233 232 242 224 229 
stack 35:    248 245 259 255 257 243 239 
stack 36:    268 247 256 253 270 246 271 
stack 37:    654 254 287 267 250 584 261 
stack 38:    269 330 300 279 249 288 598 
stack 39:    263 272 262 266 265 260 275 
stack 40:    312 276 314 520 281 252 296 
stack 41:    299 284 264 313 303 315 295 
stack 42:    294 298 282 286 273 278 280 
stack 43:    277 325 289 670 570 338 612 
stack 44:    304 290 285 297 292 302 301 
stack 45:    305 291 349 309 306 355 347 
stack 46:    308 321 310 323 316 322 317 
stack 47:    311 324 331 307 328 318 337 
stack 48:    329 335 319 535 341 326 340 
stack 49:    320 356 352 346 342 343 534 
stack 50:    593 333 560 364 367 359 339 
stack 51:    372 358 327 371 361 549 362 
stack 52:    368 366 381 345 389 406 376 
stack 53:    375 369 353 380 363 374 379 
stack 54:    561 392 384 382 373 388 365 
stack 55:    411 398 354 393 573 410 397 
stack 56:    401 404 387 400 360 394 402 
stack 57:    901 377 425 418 429 947 807 
stack 58:    421 395 405 378 407 391 403 
stack 59:    414 419 390 385 408 415 409 
stack 60:    841 562 434 450 399 762 428 
stack 61:    436 396 432 439 413 430 412 
stack 62:    424 431 437 423 427 416 700 
stack 63:    449 444 451 422 455 440 454 
stack 64:    695 456 448 441 445 442 446 
stack 65:    464 462 469 479 461 472 468 
stack 66:    890 895 816 447 489 453 480 
stack 67:    483 452 476 471 475 481 457 
stack 68:    665 482 463 478 499 477 563 
stack 69:    662 747 465 470 497 487 484 
stack 70:    739 768 459 495 466 474 760 
stack 71:    733 752 498 496 486 494 488 
stack 72:    738 721 716 467 516 602 744 
stack 73:    698 671 636 599 545 539 660 
stack 74:    490 546 529 559 544 530 641 
stack 75:    589 650 643 588 533 522 595 
stack 76:    591 581 511 
stack 77:    501 548 523 547 540 
stack 78:    528 527 519 502 
stack 79:    554 550 521 555 536 558 
stack 80:    576 578 537 552 557 
stack 81:    571 569 551 543 538 567 
stack 82:    603 553 582 622 568 6 
stack 83:    596 590 564 587 574 579 7 
stack 84:    583 580 604 577 
stack 85:    608 627 619 566 586 575 621 
stack 86:    606 592 605 594 601 597 510 
stack 87:    617 615 610 585 616 613 
stack 88:    624 625 614 611 607 600 
stack 89:    642 637 633 644 609 634 
stack 90:    640 631 626 620 
stack 91:    647 632 628 629 635 618 623 
stack 92:    663 655 639 656 659 
stack 93:    674 649 630 
stack 94:    652 669 661 676 645 677 666 
stack 95:    675 648 651 668 658 646 688 
stack 96:    667 729 699 
stack 97:    657 673 653 683 679 681 680 
stack 98:    709 715 710 672 664 723 
stack 99:    694 682 701 684 678 691 
stack 100:    705 686 746 741 758 
stack 101:    693 711 689 687 712 707 685 
stack 102:    706 722 696 719 702 692 720 
stack 103:    704 703 717 718 731 713 690 
stack 104:    773 708 786 765 761 
stack 105:    728 726 734 714 740 732 
stack 106:    724 777 751 745 735 766 
stack 107:    749 697 757 756 748 770 750 
stack 108:    736 755 754 725 743 531 
stack 109:    779 774 778 737 727 
stack 110:    784 769 763 764 772 753 
stack 111:    791 782 730 798 742 795 796 
stack 112:    802 799 792 775 767 804 
stack 113:    787 790 776 781 783 780 801 
stack 114:    803 788 817 759 805 
stack 115:    827 785 829 806 808 809 
stack 116:    824 822 813 820 810 789 818 
stack 117:    832 771 840 838 826 828 821 
stack 118:    842 837 835 823 812 834 
stack 119:    863 811 860 871 42 
stack 120:    870 852 850 794 877 
stack 121:    844 876 833 815 859 836 819 
stack 122:    858 854 843 861 845 864 825 
stack 123:    867 847 879 865 857 851 848 
stack 124:    831 856 849 880 902 839 
stack 125:    862 893 855 894 869 885 887 
stack 126:    886 881 866 892 878 884 57 
stack 127:    900 898 883 899 889 888 873 
stack 128:    914 891 903 904 874 919 921 
stack 129:    960 49 882 872 951 556 
stack 130:    58 933 896 875 929 935 911 
stack 131:    931 908 913 905 897 909 928 
stack 132:    925 924 910 906 923 912 918 
stack 133:    927 938 930 926 916 907 940 
stack 134:    963 853 966 922 974 968 917 
stack 135:    954 939 948 934 944 952 941 
stack 136:    961 937 969 964 958 942 953 
stack 137:    971 967 977 957 932 950 936 
stack 138:    983 943 988 982 973 946 972 
stack 139:    976 975 956 955 962 949 945 
stack 140:    980 959 985 981 979 991 986 
stack 141:    915 920 965 992 987 990 970 
stack 142:    999 846 995 993 984 978 996 
stack 143:    443 830 800 426 989 994 997 
stack 144:    433 383 793 357 998 797 473 
stack 145:    814 493 868 492 206 460 485 
stack 146:    370 458 417 386 63 438 435 
stack 147:    420 70 336 283 274 185 344 
stack 148:    351 348 162 211 149 350 148 
stack 149:    334 332 293 78 179 165 117 
stack 150:    108 147 128 96 79 77 113 

#####################################################

solved with: SP.constructive_heuristics.GeneralHeuristic
time limit: 1800.0 s
time to solve: 0,00 s
objective value: 1338935.11

stacks (top to bottom):
stack 0:    492 398 912 489 679 748 430 
stack 1:    386 716 793 792 466 631 595 
stack 2:    154 314 363 873 789 94 33 
stack 3:    705 686 664 808 418 809 641 
stack 4:    58 449 722 742 144 61 996 
stack 5:    754 74 574 594 400 413 122 
stack 6:    147 372 216 576 667 882 947 
stack 7:    59 933 174 276 254 720 315 
stack 8:    199 249 389 690 877 952 761 
stack 9:    709 40 580 324 930 605 409 
stack 10:    886 560 464 611 757 478 535 
stack 11:    829 27 564 142 534 24 179 
stack 12:    63 867 405 892 835 169 374 
stack 13:    77 525 541 465 726 71 740 
stack 14:    725 210 273 973 423 167 969 
stack 15:    78 364 649 16 519 771 454 
stack 16:    310 931 516 659 365 699 301 
stack 17:    382 656 135 962 905 343 197 
stack 18:    721 779 56 170 839 532 766 
stack 19:    501 914 312 583 368 366 288 
stack 20:    294 837 459 414 776 614 339 
stack 21:    846 901 104 528 439 573 480 
stack 22:    234 711 712 355 951 762 510 
stack 23:    194 35 785 119 692 84 884 
stack 24:    862 548 603 880 429 565 117 
stack 25:    332 736 191 302 545 126 635 
stack 26:    895 588 96 299 724 309 921 
stack 27:    642 279 461 388 134 718 164 
stack 28:    431 965 651 345 101 612 563 
stack 29:    3 141 422 923 130 707 379 
stack 30:    593 392 747 237 0 585 215 
stack 31:    417 599 64 669 533 425 140 
stack 32:    870 715 469 319 932 453 402 
stack 33:    714 894 955 91 341 139 344 
stack 34:    212 843 883 176 13 106 435 
stack 35:    443 483 802 815 303 552 638 
stack 36:    733 830 123 526 157 746 517 
stack 37:    706 203 648 88 511 708 481 
stack 38:    482 910 278 857 500 416 598 
stack 39:    943 994 683 186 540 93 828 
stack 40:    966 876 20 445 371 623 410 
stack 41:    383 297 938 116 820 289 415 
stack 42:    100 244 976 41 156 737 10 
stack 43:    493 697 675 743 717 732 968 
stack 44:    206 51 218 704 455 618 941 
stack 45:    983 311 730 977 503 30 322 
stack 46:    70 369 982 861 34 166 556 
stack 47:    632 763 684 471 393 338 239 
stack 48:    49 939 437 866 373 467 468 
stack 49:    173 262 555 874 473 940 744 
stack 50:    67 330 896 773 505 381 794 
stack 51:    76 673 487 826 907 597 317 
stack 52:    554 452 193 811 32 488 6 
stack 53:    610 592 224 183 991 522 440 
stack 54:    922 450 806 568 804 26 502 
stack 55:    633 143 988 451 235 997 376 
stack 56:    937 822 490 658 546 958 257 
stack 57:    348 665 256 957 812 514 261 
stack 58:    21 799 959 378 855 819 770 
stack 59:    291 498 251 919 558 7 438 
stack 60:    920 300 832 581 168 281 260 
stack 61:    253 657 984 719 764 177 885 
stack 62:    800 863 476 728 136 701 817 
stack 63:    562 111 913 95 810 887 970 
stack 64:    219 847 189 818 542 544 412 
stack 65:    304 456 152 46 31 391 69 
stack 66:    308 989 232 356 328 98 163 
stack 67:    831 980 421 12 549 944 750 
stack 68:    662 336 87 462 587 201 986 
stack 69:    274 512 703 865 942 731 559 
stack 70:    357 351 550 434 172 871 460 
stack 71:    132 824 787 566 850 864 427 
stack 72:    963 898 200 978 543 527 385 
stack 73:    293 636 971 85 881 354 250 
stack 74:    334 268 72 17 702 246 165 
stack 75:    738 241 233 209 979 271 22 
stack 76:    207 751 777 272 975 146 205 
stack 77:    518 247 329 620 579 45 928 
stack 78:    654 852 129 323 265 295 81 
stack 79:    891 50 408 267 9 713 446 
stack 80:    671 625 222 539 767 601 252 
stack 81:    121 652 893 856 109 68 127 
stack 82:    214 637 836 497 428 760 148 
stack 83:    868 842 916 48 353 287 972 
stack 84:    436 645 628 838 570 228 120 
stack 85:    420 80 903 672 904 326 36 
stack 86:    879 223 569 551 604 929 950 
stack 87:    128 854 768 75 486 403 350 
stack 88:    844 131 906 998 948 125 945 
stack 89:    790 184 538 325 681 47 797 
stack 90:    589 240 349 23 83 974 113 
stack 91:    290 404 833 578 523 859 97 
stack 92:    655 639 114 798 677 55 741 
stack 93:    841 755 375 160 547 557 700 
stack 94:    644 155 634 888 53 477 406 
stack 95:    915 305 399 735 495 347 211 
stack 96:    108 269 28 992 52 953 150 
stack 97:    226 187 606 361 878 869 54 
stack 98:    813 845 198 575 359 243 688 
stack 99:    853 433 553 774 521 949 807 
stack 100:    245 138 419 781 805 796 25 
stack 101:    999 458 124 158 441 118 491 
stack 102:    411 784 401 791 171 918 584 
stack 103:    640 192 775 682 407 318 346 
stack 104:    151 696 572 577 18 65 337 
stack 105:    284 387 86 981 666 14 149 
stack 106:    663 695 221 626 536 188 602 
stack 107:    698 384 674 298 693 780 181 
stack 108:    333 782 734 133 342 484 758 
stack 109:    661 352 616 475 225 178 660 
stack 110:    15 571 463 472 765 161 485 
stack 111:    426 8 102 360 840 217 231 
stack 112:    283 609 591 875 987 964 506 
stack 113:    710 924 99 227 335 783 753 
stack 114:    561 900 5 729 902 229 340 
stack 115:    814 89 615 258 377 115 872 
stack 116:    508 985 678 823 432 909 362 
stack 117:    803 292 37 62 316 613 103 
stack 118:    608 180 993 390 586 29 917 
stack 119:    858 202 220 282 607 367 825 
stack 120:    263 320 617 956 307 759 442 
stack 121:    816 39 630 112 82 897 397 
stack 122:    162 995 313 596 395 778 727 
stack 123:    79 643 694 255 504 105 685 
stack 124:    496 509 11 849 622 860 723 
stack 125:    827 175 306 474 513 145 296 
stack 126:    204 327 537 195 680 834 44 
stack 127:    285 185 90 908 331 470 515 
stack 128:    619 479 1 380 567 786 230 
stack 129:    424 248 286 259 889 499 529 
stack 130:    752 321 444 689 507 213 520 
stack 131:    370 749 447 668 182 801 42 
stack 132:    960 524 2 795 756 772 457 
stack 133:    890 961 277 646 530 621 936 
stack 134:    647 676 358 43 590 494 57 
stack 135:    650 264 582 275 137 531 
stack 136:    769 238 242 629 266 66 73 
stack 137:    927 967 926 899 851 92 208 
stack 138:    739 925 624 653 60 935 153 
stack 139:    196 448 396 38 394 691 911 
stack 140:    107 627 990 
stack 141:    954 270 788 687 934 190 848 
stack 142:    745 236 280 
stack 143:    600 110 159 821 19 
stack 144:    946 
stack 145:    670 
stack 146:    4 
stack 147:    
stack 148:    
stack 149:    
stack 150:    
