solved with: SP.post_optimization_methods.TabuSearch
time limit: 1800.0 s
time to solve: 712,87 s
objective value: 1291106.62

stacks (top to bottom):
stack 0:    0 
stack 1:    501 
stack 2:    2 
stack 3:    
stack 4:    6 
stack 5:    401 15 8 249 12 508 505 
stack 6:    946 959 506 798 510 830 643 
stack 7:    993 527 385 74 445 377 712 
stack 8:    874 10 295 519 47 521 760 
stack 9:    941 162 690 968 11 260 17 
stack 10:    448 108 513 642 524 415 647 
stack 11:    696 431 320 814 14 13 126 
stack 12:    813 199 612 588 708 525 516 
stack 13:    556 326 358 322 609 802 669 
stack 14:    936 333 514 727 403 878 204 
stack 15:    543 141 24 233 302 439 23 
stack 16:    157 517 520 611 258 180 928 
stack 17:    330 68 289 486 591 328 938 
stack 18:    534 991 627 18 256 19 529 
stack 19:    954 538 287 119 160 26 744 
stack 20:    32 869 600 994 535 756 183 
stack 21:    836 136 214 404 873 369 770 
stack 22:    562 481 220 839 531 360 176 
stack 23:    89 476 150 140 190 779 695 
stack 24:    25 243 262 899 402 391 603 
stack 25:    705 355 467 263 40 172 943 
stack 26:    988 821 820 134 198 411 741 
stack 27:    723 34 977 36 373 257 917 
stack 28:    571 410 435 778 919 641 913 
stack 29:    159 555 942 94 533 192 351 
stack 30:    38 107 868 574 587 550 116 
stack 31:    668 227 536 479 297 891 50 
stack 32:    896 795 143 405 52 582 207 
stack 33:    539 559 713 463 72 599 792 
stack 34:    816 552 978 578 241 632 427 
stack 35:    537 847 686 858 285 361 101 
stack 36:    85 230 576 801 92 567 849 
stack 37:    617 952 362 423 671 156 718 
stack 38:    195 421 875 367 654 303 464 
stack 39:    676 645 329 982 378 41 57 
stack 40:    714 417 581 828 381 975 886 
stack 41:    73 201 142 343 864 152 344 
stack 42:    890 218 67 861 46 575 788 
stack 43:    444 655 888 272 637 255 408 
stack 44:    339 474 223 674 845 202 296 
stack 45:    605 482 651 475 194 400 563 
stack 46:    790 308 440 293 332 633 684 
stack 47:    797 413 551 638 549 451 754 
stack 48:    416 721 782 310 657 492 610 
stack 49:    167 300 197 944 885 926 623 
stack 50:    298 122 593 915 491 319 273 
stack 51:    922 60 636 153 564 65 648 
stack 52:    171 765 893 785 726 264 794 
stack 53:    985 380 659 446 409 125 323 
stack 54:    960 462 666 745 895 279 283 
stack 55:    324 621 743 871 77 752 334 
stack 56:    634 934 112 901 62 251 987 
stack 57:    665 399 631 628 590 225 974 
stack 58:    425 420 398 815 748 95 832 
stack 59:    825 146 245 758 170 106 999 
stack 60:    181 453 757 866 496 990 584 
stack 61:    352 833 110 976 203 210 379 
stack 62:    791 354 186 940 701 776 997 
stack 63:    927 109 855 906 301 473 793 
stack 64:    132 835 841 923 920 910 995 
stack 65:    226 766 950 935 595 494 219 
stack 66:    598 892 635 630 680 168 737 
stack 67:    242 114 224 819 606 905 691 
stack 68:    698 282 290 321 850 187 396 
stack 69:    872 715 244 75 80 750 161 
stack 70:    963 236 318 436 313 221 812 
stack 71:    269 472 661 97 100 359 912 
stack 72:    823 426 859 614 615 937 675 
stack 73:    739 907 280 274 86 81 151 
stack 74:    843 441 115 306 579 604 969 
stack 75:    163 104 469 342 971 965 751 
stack 76:    500 
stack 77:    1 
stack 78:    502 3 
stack 79:    503 
stack 80:    4 239 504 331 
stack 81:    857 5 317 749 182 22 624 
stack 82:    457 9 769 842 731 144 20 
stack 83:    507 325 284 542 394 312 7 
stack 84:    511 145 577 742 428 509 740 
stack 85:    629 429 42 983 91 465 395 
stack 86:    455 844 613 998 217 921 270 
stack 87:    931 31 515 852 775 348 414 
stack 88:    512 105 547 21 452 276 16 
stack 89:    84 418 526 677 707 45 353 
stack 90:    350 681 518 470 806 546 460 
stack 91:    625 35 53 951 103 947 658 
stack 92:    499 392 522 33 528 28 247 
stack 93:    246 498 493 644 185 466 341 
stack 94:    443 693 883 371 461 829 639 
stack 95:    139 27 902 626 777 580 424 
stack 96:    854 759 682 254 229 939 76 
stack 97:    616 809 824 673 430 523 265 
stack 98:    93 530 327 347 619 808 29 
stack 99:    955 90 138 706 894 434 165 
stack 100:    554 189 30 877 594 231 545 
stack 101:    929 796 137 158 980 807 314 
stack 102:    532 294 495 967 930 602 480 
stack 103:    438 37 650 468 154 679 48 
stack 104:    916 541 58 767 827 450 694 
stack 105:    884 63 389 652 311 597 568 
stack 106:    489 206 386 948 64 169 370 
stack 107:    725 735 789 66 366 340 596 
stack 108:    375 608 851 497 96 783 732 
stack 109:    540 729 43 69 862 846 553 
stack 110:    957 39 909 558 228 44 572 
stack 111:    213 175 70 442 569 560 79 
stack 112:    374 979 720 986 649 601 208 
stack 113:    548 762 148 573 834 663 51 
stack 114:    337 82 191 177 771 200 989 
stack 115:    622 193 128 973 887 259 811 
stack 116:    422 240 818 964 211 653 490 
stack 117:    149 904 688 856 784 83 970 
stack 118:    477 222 188 689 544 733 129 
stack 119:    155 984 565 235 618 55 54 
stack 120:    736 557 87 368 932 786 205 
stack 121:    838 309 656 59 253 876 271 
stack 122:    879 407 267 996 914 918 764 
stack 123:    261 583 865 870 286 459 730 
stack 124:    174 384 664 589 61 867 763 
stack 125:    49 687 702 56 848 336 882 
stack 126:    787 299 131 121 900 672 561 
stack 127:    250 78 196 292 949 291 755 
stack 128:    252 831 822 607 305 889 99 
stack 129:    120 992 483 356 433 275 166 
stack 130:    447 437 365 315 449 346 719 
stack 131:    860 484 133 956 837 130 717 
stack 132:    881 670 372 781 419 962 307 
stack 133:    585 678 640 703 71 488 382 
stack 134:    966 113 853 487 953 620 88 
stack 135:    586 704 924 840 397 805 799 
stack 136:    458 709 406 335 178 772 768 
stack 137:    908 277 471 667 898 911 102 
stack 138:    566 803 817 981 660 388 216 
stack 139:    662 945 897 135 454 345 124 
stack 140:    746 880 412 804 238 925 747 
stack 141:    248 692 724 800 118 364 184 
stack 142:    972 728 266 478 753 278 127 
stack 143:    237 234 357 147 863 179 722 
stack 144:    215 164 570 711 232 683 387 
stack 145:    774 432 780 961 281 716 485 
stack 146:    699 393 738 700 349 390 592 
stack 147:    209 383 697 685 316 958 111 
stack 148:    456 710 304 376 826 773 810 
stack 149:    212 734 98 338 363 173 903 
stack 150:    288 117 933 123 268 761 646 

#####################################################

solved with: SP.post_optimization_methods.HillClimbing
time limit: 1800.0 s
time to solve: 412,24 s
objective value: 1291106.62

stacks (top to bottom):
stack 0:    0 
stack 1:    501 
stack 2:    2 
stack 3:    
stack 4:    6 
stack 5:    616 10 8 403 200 48 505 
stack 6:    164 506 519 510 249 12 732 
stack 7:    507 193 329 621 515 508 967 
stack 8:    931 37 419 599 41 989 47 
stack 9:    922 629 513 295 851 14 877 
stack 10:    431 467 235 308 470 516 144 
stack 11:    527 583 31 65 311 19 521 
stack 12:    836 517 611 42 861 641 812 
stack 13:    539 979 556 635 792 265 683 
stack 14:    119 98 160 753 59 965 903 
stack 15:    343 588 40 525 837 21 81 
stack 16:    879 407 417 520 225 550 546 
stack 17:    444 226 522 524 919 846 100 
stack 18:    739 294 287 978 695 529 51 
stack 19:    543 141 24 309 239 185 204 
stack 20:    132 600 350 964 97 535 943 
stack 21:    662 135 262 809 454 542 124 
stack 22:    813 536 721 321 241 26 584 
stack 23:    447 715 472 671 889 788 639 
stack 24:    498 477 992 887 707 361 166 
stack 25:    437 960 60 564 178 79 911 
stack 26:    393 612 676 555 597 579 882 
stack 27:    384 816 950 968 533 351 77 
stack 28:    240 272 435 418 642 862 29 
stack 29:    155 201 479 531 116 91 653 
stack 30:    929 614 702 373 402 912 592 
stack 31:    35 53 220 227 541 313 733 
stack 32:    246 457 952 157 362 924 805 
stack 33:    797 63 559 463 900 930 464 
stack 34:    993 93 636 39 845 228 305 
stack 35:    209 153 289 906 708 83 561 
stack 36:    634 354 547 303 773 975 331 
stack 37:    697 640 937 56 807 471 667 
stack 38:    860 735 105 759 487 666 191 
stack 39:    84 540 645 731 88 57 764 
stack 40:    215 838 551 618 285 582 231 
stack 41:    705 714 984 188 103 405 917 
stack 42:    78 196 292 949 849 50 291 
stack 43:    112 552 998 478 293 485 744 
stack 44:    181 825 558 310 713 727 970 
stack 45:    383 881 203 71 125 783 439 
stack 46:    298 857 162 254 779 150 494 
stack 47:    339 847 236 670 358 720 130 
stack 48:    355 787 222 142 619 406 864 
stack 49:    149 385 778 52 96 170 913 
stack 50:    711 258 461 247 395 370 273 
stack 51:    324 412 572 388 278 660 567 
stack 52:    791 954 874 322 131 427 279 
stack 53:    352 785 655 445 961 712 997 
stack 54:    951 728 901 301 434 767 563 
stack 55:    486 742 573 664 202 610 761 
stack 56:    189 108 404 835 888 473 408 
stack 57:    896 844 495 450 771 595 334 
stack 58:    586 686 892 876 253 737 684 
stack 59:    70 448 839 134 62 560 575 
stack 60:    991 425 389 856 256 353 802 
stack 61:    261 734 819 632 648 730 603 
stack 62:    678 476 335 270 768 316 958 
stack 63:    927 661 631 194 123 127 344 
stack 64:    790 199 214 817 868 397 987 
stack 65:    681 368 983 364 806 381 741 
stack 66:    696 688 109 769 784 66 928 
stack 67:    325 266 386 372 870 86 751 
stack 68:    75 780 451 926 460 183 602 
stack 69:    625 230 413 146 589 173 302 
stack 70:    627 706 680 398 650 307 754 
stack 71:    818 893 628 902 275 271 184 
stack 72:    710 723 263 766 658 211 180 
stack 73:    250 304 376 865 652 921 647 
stack 74:    605 736 986 366 905 207 918 
stack 75:    375 327 853 186 942 643 624 
stack 76:    500 
stack 77:    1 
stack 78:    502 3 
stack 79:    503 
stack 80:    4 13 654 504 
stack 81:    668 290 5 446 268 509 387 
stack 82:    113 441 578 64 11 17 20 
stack 83:    455 458 530 18 349 594 7 
stack 84:    512 511 593 9 704 934 27 
stack 85:    904 820 798 198 549 657 151 
stack 86:    25 114 738 260 775 394 390 
stack 87:    532 138 430 284 36 257 694 
stack 88:    843 514 58 229 971 172 16 
stack 89:    489 15 33 689 45 488 832 
stack 90:    725 982 672 140 468 776 722 
stack 91:    651 175 883 518 182 169 760 
stack 92:    598 426 317 528 255 716 596 
stack 93:    32 554 496 428 544 23 568 
stack 94:    482 537 107 145 267 799 623 
stack 95:    484 831 30 526 80 718 22 
stack 96:    38 782 538 43 233 28 580 
stack 97:    534 206 243 673 177 745 523 
stack 98:    481 392 709 756 466 411 92 
stack 99:    326 72 682 190 94 700 216 
stack 100:    422 49 948 82 748 601 221 
stack 101:    915 907 297 801 55 208 669 
stack 102:    562 147 873 959 369 808 54 
stack 103:    374 453 800 581 449 938 296 
stack 104:    571 945 34 687 615 391 848 
stack 105:    248 423 371 87 777 379 886 
stack 106:    234 244 320 429 932 377 176 
stack 107:    136 548 315 885 590 74 626 
stack 108:    167 622 174 493 858 276 396 
stack 109:    269 988 399 61 633 126 102 
stack 110:    171 690 333 318 128 415 786 
stack 111:    347 947 953 850 465 424 205 
stack 112:    73 577 223 474 110 44 46 
stack 113:    729 693 994 638 342 553 341 
stack 114:    195 863 319 356 306 219 492 
stack 115:    299 909 436 701 880 338 891 
stack 116:    765 570 264 793 165 990 691 
stack 117:    566 286 935 606 609 895 804 
stack 118:    443 869 300 944 197 840 750 
stack 119:    833 565 726 497 637 259 545 
stack 120:    557 814 875 821 644 156 663 
stack 121:    972 438 420 815 649 359 969 
stack 122:    282 137 894 685 378 752 871 
stack 123:    746 104 956 192 238 925 717 
stack 124:    591 656 981 409 363 878 312 
stack 125:    608 462 133 940 168 763 323 
stack 126:    774 67 365 218 432 400 328 
stack 127:    122 499 941 866 245 910 129 
stack 128:    252 456 936 923 822 607 99 
stack 129:    617 85 574 828 587 996 999 
stack 130:    401 803 421 920 569 179 962 
stack 131:    946 469 281 770 490 480 810 
stack 132:    380 288 855 274 630 703 679 
stack 133:    237 148 367 483 973 232 348 
stack 134:    89 916 585 899 158 842 755 
stack 135:    159 242 337 442 867 76 646 
stack 136:    665 872 762 360 719 106 433 
stack 137:    897 824 980 314 740 747 111 
stack 138:    698 966 277 854 939 781 620 
stack 139:    68 115 251 382 811 152 95 
stack 140:    90 217 827 852 345 772 459 
stack 141:    955 212 884 357 758 834 187 
stack 142:    757 491 69 674 976 933 898 
stack 143:    163 143 224 121 789 340 414 
stack 144:    957 440 826 210 332 604 829 
stack 145:    692 724 139 890 118 974 749 
stack 146:    985 213 963 659 346 161 101 
stack 147:    120 475 410 576 117 452 794 
stack 148:    823 908 796 859 977 675 336 
stack 149:    699 416 841 677 830 914 995 
stack 150:    330 795 280 613 743 154 283 
