lower bound for relaxed s_ij: 1291107.8

#####################################################

solved with: SP.mip_formulations.BinPackingFormulation
time limit: 1800.0 s
time to solve: 1810,35 s (time limit exceeded)
objective value: 1298991.24 (not optimal)

stacks (top to bottom):
stack 0:    506 0 20 521 8 501 
stack 1:    537 514 9 2 23 14 504 
stack 2:    24 502 507 6 71 505 5 
stack 3:    61 43 33 493 78 1 39 
stack 4:    12 4 37 29 21 15 13 
stack 5:    73 10 40 17 36 19 41 
stack 6:    53 46 47 25 59 52 35 
stack 7:    38 42 55 48 30 28 34 
stack 8:    93 519 83 50 11 76 63 
stack 9:    80 74 500 64 31 90 79 
stack 10:    56 60 57 45 44 58 54 
stack 11:    81 86 518 68 85 84 62 
stack 12:    67 510 87 102 98 92 89 
stack 13:    556 516 111 72 69 509 95 
stack 14:    100 96 82 88 75 101 97 
stack 15:    99 104 508 91 105 512 103 
stack 16:    119 122 113 123 503 108 109 
stack 17:    107 142 128 523 110 133 120 
stack 18:    522 125 115 531 139 118 517 
stack 19:    152 124 153 154 136 116 155 
stack 20:    131 146 143 165 132 121 137 
stack 21:    145 144 130 135 134 161 150 
stack 22:    171 138 527 174 164 162 151 
stack 23:    191 217 201 156 204 167 140 
stack 24:    160 141 181 169 175 158 179 
stack 25:    539 538 195 187 173 157 159 
stack 26:    172 176 170 168 177 163 183 
stack 27:    563 224 203 193 178 558 544 
stack 28:    182 205 189 184 192 526 525 
stack 29:    190 213 208 226 180 230 214 
stack 30:    197 200 207 185 198 196 188 
stack 31:    546 235 234 194 545 598 231 
stack 32:    227 225 223 233 212 229 222 
stack 33:    565 238 244 211 254 237 218 
stack 34:    253 241 245 219 215 252 251 
stack 35:    236 278 265 243 216 250 260 
stack 36:    257 249 248 246 242 220 594 
stack 37:    266 255 277 272 271 267 268 
stack 38:    288 258 276 273 287 279 261 
stack 39:    264 296 274 289 528 240 280 
stack 40:    609 275 270 269 298 262 286 
stack 41:    310 263 259 300 301 599 297 
stack 42:    307 283 299 294 281 292 285 
stack 43:    778 284 315 332 282 726 670 
stack 44:    302 319 334 290 320 312 306 
stack 45:    318 325 311 309 303 291 330 
stack 46:    322 324 326 323 304 317 314 
stack 47:    345 336 328 338 337 321 551 
stack 48:    745 329 348 344 719 743 742 
stack 49:    741 372 366 339 316 350 752 
stack 50:    349 359 358 346 341 342 335 
stack 51:    541 371 353 367 360 370 355 
stack 52:    356 369 351 364 357 363 340 
stack 53:    362 365 354 376 380 534 377 
stack 54:    586 585 381 389 391 385 378 
stack 55:    361 402 397 390 663 408 395 
stack 56:    382 401 403 379 396 393 386 
stack 57:    400 388 415 409 772 410 394 
stack 58:    411 417 422 414 412 399 557 
stack 59:    398 424 423 406 419 426 595 
stack 60:    436 404 435 433 442 434 744 
stack 61:    439 451 466 407 469 443 437 
stack 62:    425 413 441 431 421 429 559 
stack 63:    427 420 447 428 416 449 432 
stack 64:    453 455 458 457 456 448 430 
stack 65:    665 445 467 454 477 444 475 
stack 66:    465 462 460 473 476 468 474 
stack 67:    497 498 485 452 446 499 471 
stack 68:    459 470 461 496 480 481 488 
stack 69:    483 463 478 479 487 725 658 
stack 70:    702 490 492 495 494 472 695 
stack 71:    651 714 699 464 486 728 721 
stack 72:    601 691 568 491 515 482 698 
stack 73:    689 602 657 489 535 484 676 
stack 74:    616 653 617 634 540 612 648 
stack 75:    607 589 590 574 578 550 530 
stack 76:    542 529 
stack 77:    547 548 532 513 536 533 
stack 78:    562 553 
stack 79:    577 592 566 567 
stack 80:    3 579 543 560 564 554 524 
stack 81:    570 571 584 
stack 82:    561 597 549 596 606 587 604 
stack 83:    625 569 610 619 626 620 
stack 84:    7 583 555 588 611 
stack 85:    591 576 580 572 603 
stack 86:    600 573 
stack 87:    618 581 575 622 621 511 
stack 88:    635 615 613 593 629 
stack 89:    628 640 630 582 631 623 637 
stack 90:    652 645 608 624 
stack 91:    644 632 639 655 646 605 
stack 92:    650 647 643 636 614 627 654 
stack 93:    664 688 642 638 641 16 
stack 94:    18 674 659 662 667 
stack 95:    520 649 671 633 675 672 656 
stack 96:    681 683 677 673 684 661 686 
stack 97:    685 660 666 697 
stack 98:    706 701 690 694 668 22 
stack 99:    713 720 669 
stack 100:    696 707 717 682 693 680 708 
stack 101:    724 700 712 679 687 27 
stack 102:    26 731 709 678 
stack 103:    723 692 710 740 704 747 
stack 104:    705 703 735 715 711 734 732 
stack 105:    754 774 718 773 
stack 106:    32 753 755 748 729 
stack 107:    758 765 777 756 770 730 738 
stack 108:    764 746 727 739 759 750 762 
stack 109:    779 769 771 760 737 757 49 
stack 110:    775 763 751 733 767 796 783 
stack 111:    786 788 804 815 749 806 780 
stack 112:    787 808 784 761 790 766 768 
stack 113:    795 781 793 791 792 789 782 
stack 114:    839 785 856 797 866 829 811 
stack 115:    831 805 803 802 801 776 810 
stack 116:    820 794 818 798 819 800 809 
stack 117:    821 822 816 835 799 833 824 
stack 118:    841 817 812 825 838 826 807 
stack 119:    848 842 834 846 836 813 845 
stack 120:    854 852 861 860 823 851 832 
stack 121:    830 840 837 850 828 864 857 
stack 122:    843 859 853 814 863 873 847 
stack 123:    877 871 849 874 872 875 844 
stack 124:    890 886 870 881 893 868 827 
stack 125:    892 880 855 858 869 904 902 
stack 126:    913 899 897 862 894 909 900 
stack 127:    910 916 914 905 879 865 896 
stack 128:    882 876 867 898 891 889 885 
stack 129:    928 920 903 915 918 925 883 
stack 130:    946 944 934 926 887 878 932 
stack 131:    908 906 942 931 933 888 924 
stack 132:    935 922 975 936 901 917 912 
stack 133:    930 940 895 921 948 945 951 
stack 134:    952 884 943 968 923 977 956 
stack 135:    973 552 999 967 907 996 987 
stack 136:    919 937 953 949 929 927 939 
stack 137:    941 957 938 962 965 960 955 
stack 138:    972 971 958 959 963 950 961 
stack 139:    979 954 978 966 982 974 976 
stack 140:    989 988 964 985 969 986 981 
stack 141:    736 722 993 970 997 995 980 
stack 142:    440 947 994 984 998 716 405 
stack 143:    375 352 383 392 991 990 983 
stack 144:    450 438 387 373 992 418 368 
stack 145:    374 347 343 333 51 384 239 
stack 146:    66 313 256 70 331 327 308 
stack 147:    293 232 228 295 247 305 129 
stack 148:    149 202 186 166 147 199 148 
stack 149:    127 209 126 210 206 65 221 
stack 150:    112 94 77 911 117 114 106 

#####################################################

solved with: SP.constructive_heuristics.GeneralHeuristic
time limit: 1800.0 s
time to solve: 0,01 s
objective value: 1336426.26

stacks (top to bottom):
stack 0:    131 404 294 484 654 267 394 
stack 1:    617 99 516 537 141 823 900 
stack 2:    497 908 874 551 811 525 408 
stack 3:    910 173 899 48 927 184 524 
stack 4:    187 135 57 948 261 544 221 
stack 5:    905 339 69 178 645 531 672 
stack 6:    126 936 717 629 610 605 109 
stack 7:    928 935 257 563 316 412 297 
stack 8:    32 309 812 279 291 797 983 
stack 9:    450 689 713 706 6 242 813 
stack 10:    359 792 549 472 132 716 27 
stack 11:    149 382 93 270 592 36 384 
stack 12:    96 195 458 200 207 265 116 
stack 13:    745 946 954 571 311 994 939 
stack 14:    892 542 776 199 405 721 744 
stack 15:    388 802 685 748 949 827 285 
stack 16:    333 247 764 746 213 23 429 
stack 17:    779 172 696 804 494 396 931 
stack 18:    601 805 276 508 572 54 833 
stack 19:    854 269 143 167 306 327 559 
stack 20:    318 769 144 60 28 355 917 
stack 21:    920 761 798 793 640 55 219 
stack 22:    248 10 365 402 14 566 567 
stack 23:    683 597 20 304 476 482 13 
stack 24:    485 647 360 624 220 151 998 
stack 25:    153 473 603 668 158 807 534 
stack 26:    436 447 163 923 740 987 772 
stack 27:    652 452 527 962 290 226 951 
stack 28:    7 890 302 463 969 992 704 
stack 29:    880 855 259 858 984 621 686 
stack 30:    651 470 705 510 981 960 210 
stack 31:    125 193 274 338 913 679 974 
stack 32:    710 262 15 533 501 481 977 
stack 33:    556 751 208 614 869 517 557 
stack 34:    293 74 576 244 40 159 301 
stack 35:    707 532 52 515 430 92 891 
stack 36:    634 632 600 673 911 393 21 
stack 37:    273 671 277 312 800 330 829 
stack 38:    583 310 584 809 499 656 231 
stack 39:    264 80 445 755 105 454 697 
stack 40:    724 73 817 376 370 663 280 
stack 41:    51 674 64 564 409 866 148 
stack 42:    66 18 723 241 323 738 536 
stack 43:    3 876 901 85 444 292 626 
stack 44:    423 287 846 678 245 921 976 
stack 45:    607 999 569 907 888 806 395 
stack 46:    145 483 197 682 44 662 773 
stack 47:    224 372 466 878 507 332 752 
stack 48:    112 228 718 156 11 996 480 
stack 49:    420 428 492 214 432 475 648 
stack 50:    455 397 9 348 594 902 71 
stack 51:    741 346 456 856 487 912 824 
stack 52:    843 879 303 580 701 978 595 
stack 53:    33 771 2 790 75 380 612 
stack 54:    546 615 840 816 216 155 103 
stack 55:    775 616 387 329 997 509 757 
stack 56:    753 234 502 354 608 78 5 
stack 57:    186 122 46 391 175 230 16 
stack 58:    278 799 489 835 204 140 732 
stack 59:    831 803 650 528 179 553 183 
stack 60:    565 253 871 351 188 783 331 
stack 61:    77 881 649 4 59 299 137 
stack 62:    681 174 518 850 796 810 114 
stack 63:    352 373 522 328 493 218 540 
stack 64:    324 358 113 389 123 530 742 
stack 65:    754 774 715 735 573 619 698 
stack 66:    702 506 970 926 190 636 925 
stack 67:    952 519 967 785 37 419 857 
stack 68:    568 937 170 985 369 403 955 
stack 69:    821 185 631 623 215 251 604 
stack 70:    841 249 643 181 150 725 488 
stack 71:    589 266 842 1 95 904 106 
stack 72:    848 356 460 646 826 504 956 
stack 73:    808 547 991 136 596 708 117 
stack 74:    451 814 134 45 873 421 84 
stack 75:    664 100 298 50 734 108 728 
stack 76:    657 398 930 585 819 198 898 
stack 77:    870 413 361 720 737 422 65 
stack 78:    699 157 124 770 317 789 894 
stack 79:    70 539 82 490 606 945 965 
stack 80:    653 916 993 588 575 164 471 
stack 81:    665 979 859 953 554 838 847 
stack 82:    795 586 820 255 628 897 961 
stack 83:    498 722 660 947 246 670 932 
stack 84:    691 714 971 781 593 25 711 
stack 85:    787 315 341 727 882 495 933 
stack 86:    392 763 336 367 760 19 308 
stack 87:    127 256 111 666 883 832 90 
stack 88:    988 168 784 690 88 694 599 
stack 89:    438 852 903 756 661 703 513 
stack 90:    736 425 43 514 766 58 687 
stack 91:    989 801 478 30 982 750 62 
stack 92:    590 383 561 884 357 433 340 
stack 93:    972 893 964 958 684 431 101 
stack 94:    922 209 635 47 639 986 363 
stack 95:    381 162 300 669 39 896 743 
stack 96:    375 263 995 767 622 118 782 
stack 97:    440 555 446 733 282 726 206 
stack 98:    235 659 966 828 189 627 637 
stack 99:    520 366 938 868 169 990 377 
stack 100:    166 401 177 379 889 875 29 
stack 101:    453 688 523 491 943 335 121 
stack 102:    973 313 152 236 243 521 479 
stack 103:    227 319 822 110 205 449 8 
stack 104:    353 464 957 171 194 31 511 
stack 105:    232 61 283 765 337 863 550 
stack 106:    343 700 529 860 505 512 22 
stack 107:    295 839 625 895 233 406 102 
stack 108:    642 83 562 739 87 252 305 
stack 109:    203 296 853 929 680 437 79 
stack 110:    160 633 693 675 385 477 695 
stack 111:    786 201 788 461 89 747 434 
stack 112:    731 777 613 0 378 558 414 
stack 113:    644 217 815 906 314 620 418 
stack 114:    574 465 53 543 42 416 545 
stack 115:    374 307 886 56 791 222 924 
stack 116:    602 176 836 254 845 598 658 
stack 117:    919 371 424 677 577 196 885 
stack 118:    609 830 81 630 334 320 864 
stack 119:    24 457 548 655 342 98 129 
stack 120:    591 362 288 258 914 918 321 
stack 121:    138 500 86 154 443 865 676 
stack 122:    400 407 611 211 980 768 49 
stack 123:    570 72 618 469 719 399 368 
stack 124:    107 834 225 940 730 286 496 
stack 125:    552 38 849 212 120 41 268 
stack 126:    130 104 861 467 862 240 34 
stack 127:    778 877 794 128 435 260 410 
stack 128:    347 538 934 345 729 133 442 
stack 129:    284 191 12 142 818 271 192 
stack 130:    459 67 867 950 281 468 426 
stack 131:    322 541 837 250 968 872 474 
stack 132:    182 638 146 415 762 486 63 
stack 133:    349 462 223 579 390 97 386 
stack 134:    758 578 915 427 503 844 76 
stack 135:    641 692 165 35 526 909 239 
stack 136:    439 941 712 581 417 237 139 
stack 137:    94 119 887 944 91 851 350 
stack 138:    975 560 963 326 448 229 535 
stack 139:    238 709 825 272 759 587 780 
stack 140:    325 582 441 68 180 667 344 
stack 141:    26 959 289 
stack 142:    115 411 147 
stack 143:    275 364 942 
stack 144:    202 749 
stack 145:    161 17 
stack 146:    
stack 147:    
stack 148:    
stack 149:    
stack 150:    
