lower bound for relaxed s_ij: 1291095.68

#####################################################

solved with: SP.mip_formulations.BinPackingFormulation
time limit: 1800.0 s
time to solve: 1811,77 s (time limit exceeded)
objective value: 1303023.57 (not optimal)

stacks (top to bottom):
stack 0:    15 9 2 501 0 1 23 
stack 1:    6 505 13 24 11 12 3 
stack 2:    21 17 29 28 19 5 18 
stack 3:    45 49 32 7 47 25 8 
stack 4:    51 27 4 14 41 33 36 
stack 5:    64 22 43 44 30 54 79 
stack 6:    508 69 500 35 509 50 31 
stack 7:    26 65 61 516 56 37 72 
stack 8:    80 70 39 58 20 62 40 
stack 9:    46 68 34 74 71 38 63 
stack 10:    67 66 57 77 76 73 81 
stack 11:    527 113 48 90 88 506 89 
stack 12:    125 78 60 123 121 130 117 
stack 13:    517 102 96 95 84 99 100 
stack 14:    108 518 59 75 101 105 83 
stack 15:    114 104 115 109 91 87 97 
stack 16:    124 106 85 120 127 86 128 
stack 17:    512 122 94 107 119 92 538 
stack 18:    136 525 110 129 520 126 118 
stack 19:    143 135 111 132 116 142 141 
stack 20:    530 175 160 112 173 524 172 
stack 21:    536 539 145 144 156 153 137 
stack 22:    176 560 133 151 186 165 561 
stack 23:    181 541 228 163 149 162 242 
stack 24:    548 537 146 546 199 159 147 
stack 25:    148 178 169 139 177 174 170 
stack 26:    201 171 168 200 194 190 154 
stack 27:    183 197 195 191 155 203 202 
stack 28:    207 204 206 205 196 161 208 
stack 29:    212 211 529 187 531 198 209 
stack 30:    219 218 215 193 222 185 166 
stack 31:    235 182 220 189 244 237 236 
stack 32:    658 583 268 225 285 184 572 
stack 33:    231 223 217 232 221 224 213 
stack 34:    250 260 216 571 252 547 243 
stack 35:    257 240 266 234 239 227 265 
stack 36:    269 282 273 229 271 267 262 
stack 37:    263 277 254 241 258 238 274 
stack 38:    251 275 246 261 259 255 248 
stack 39:    256 272 245 280 278 233 288 
stack 40:    564 540 287 305 279 302 249 
stack 41:    297 294 276 281 264 592 284 
stack 42:    286 304 303 292 293 291 306 
stack 43:    307 312 308 311 310 299 289 
stack 44:    318 295 290 315 313 323 320 
stack 45:    337 298 345 343 309 598 339 
stack 46:    328 349 317 350 342 301 331 
stack 47:    330 329 326 314 625 321 322 
stack 48:    725 338 316 334 332 344 782 
stack 49:    362 346 355 557 359 341 325 
stack 50:    662 614 599 371 348 336 354 
stack 51:    368 324 357 374 340 360 363 
stack 52:    701 382 351 358 378 347 380 
stack 53:    369 381 364 376 356 373 367 
stack 54:    398 386 394 391 361 620 558 
stack 55:    379 414 403 408 372 404 390 
stack 56:    410 385 366 406 396 387 416 
stack 57:    395 388 384 413 397 392 784 
stack 58:    407 419 383 409 393 402 622 
stack 59:    633 627 426 400 411 418 421 
stack 60:    437 440 417 431 405 447 551 
stack 61:    422 441 415 424 433 428 427 
stack 62:    401 442 420 439 432 423 438 
stack 63:    425 483 460 479 862 806 856 
stack 64:    465 462 458 412 463 430 452 
stack 65:    445 446 457 450 451 461 459 
stack 66:    645 473 435 470 464 454 466 
stack 67:    448 443 471 456 453 472 444 
stack 68:    494 619 495 469 477 487 476 
stack 69:    484 486 485 480 474 514 490 
stack 70:    492 497 513 502 481 478 499 
stack 71:    647 498 489 482 777 702 683 
stack 72:    671 582 554 522 491 678 665 
stack 73:    521 493 528 519 577 617 586 
stack 74:    677 854 785 496 526 503 808 
stack 75:    641 578 542 544 510 593 588 
stack 76:    534 553 504 
stack 77:    574 535 552 511 
stack 78:    550 545 532 555 533 
stack 79:    562 563 
stack 80:    576 587 556 
stack 81:    566 573 580 567 
stack 82:    543 623 575 
stack 83:    507 568 585 570 
stack 84:    594 579 581 591 
stack 85:    609 607 605 549 569 604 606 
stack 86:    584 589 610 596 590 10 
stack 87:    621 616 597 611 
stack 88:    603 601 618 615 613 602 
stack 89:    631 640 632 612 636 634 608 
stack 90:    595 653 624 661 656 
stack 91:    515 644 638 628 643 639 
stack 92:    650 648 637 629 626 16 
stack 93:    651 667 663 635 646 630 
stack 94:    666 642 668 657 655 660 
stack 95:    679 687 673 681 
stack 96:    672 699 654 700 695 689 
stack 97:    685 692 659 676 674 693 
stack 98:    697 706 664 703 708 
stack 99:    652 696 691 715 710 523 
stack 100:    694 670 690 669 698 719 714 
stack 101:    731 675 682 729 723 734 728 
stack 102:    713 705 680 742 721 712 724 
stack 103:    745 707 686 684 722 743 717 
stack 104:    720 730 716 709 732 711 704 
stack 105:    750 751 727 733 749 748 735 
stack 106:    759 761 726 758 744 753 739 
stack 107:    774 767 770 737 769 736 
stack 108:    762 773 757 740 738 772 741 
stack 109:    752 786 763 746 775 754 
stack 110:    832 768 747 
stack 111:    765 755 804 793 788 764 
stack 112:    779 789 756 792 781 790 791 
stack 113:    803 800 771 760 799 796 780 
stack 114:    798 811 805 778 802 783 797 
stack 115:    823 766 813 812 809 794 816 
stack 116:    787 844 818 810 836 845 834 
stack 117:    815 837 829 801 838 795 820 
stack 118:    843 840 839 842 831 814 824 
stack 119:    875 53 52 807 857 849 858 
stack 120:    42 853 819 817 827 821 822 
stack 121:    850 833 855 863 851 847 828 
stack 122:    859 848 866 825 835 883 830 
stack 123:    896 888 885 890 865 897 841 
stack 124:    846 891 882 872 894 886 889 
stack 125:    861 868 852 873 887 826 877 
stack 126:    914 922 917 860 870 867 895 
stack 127:    884 871 900 869 907 864 880 
stack 128:    893 901 874 904 905 898 879 
stack 129:    881 906 923 916 876 913 903 
stack 130:    936 878 909 935 899 918 912 
stack 131:    940 924 931 938 911 933 919 
stack 132:    928 892 937 915 921 941 910 
stack 133:    945 949 927 942 902 947 950 
stack 134:    925 956 932 929 953 955 943 
stack 135:    971 353 980 996 976 908 999 
stack 136:    965 959 954 946 963 926 934 
stack 137:    961 990 973 968 920 969 944 
stack 138:    960 939 930 974 979 948 966 
stack 139:    993 986 970 951 975 952 957 
stack 140:    962 981 994 988 985 984 983 
stack 141:    995 718 559 964 978 998 565 
stack 142:    649 335 327 967 991 997 958 
stack 143:    688 449 429 375 370 152 972 
stack 144:    600 467 352 247 192 982 977 
stack 145:    776 399 389 167 488 989 455 
stack 146:    365 987 475 468 436 434 377 
stack 147:    93 210 179 140 55 992 333 
stack 148:    164 103 283 270 226 134 131 
stack 149:    300 296 253 230 319 157 188 
stack 150:    214 180 150 82 158 138 98 

#####################################################

solved with: SP.constructive_heuristics.GeneralHeuristic
time limit: 1800.0 s
time to solve: 0,01 s
objective value: 1337504.97

stacks (top to bottom):
stack 0:    286 653 826 510 290 851 782 
stack 1:    896 352 480 529 153 634 561 
stack 2:    535 30 681 729 897 577 950 
stack 3:    767 564 415 991 814 40 524 
stack 4:    578 226 217 652 518 795 88 
stack 5:    214 426 970 351 569 299 606 
stack 6:    263 95 232 778 292 744 428 
stack 7:    945 881 536 992 161 478 886 
stack 8:    448 443 562 326 686 174 602 
stack 9:    365 785 295 543 882 427 100 
stack 10:    659 200 11 205 997 333 436 
stack 11:    773 124 900 37 557 466 588 
stack 12:    399 419 503 883 172 416 98 
stack 13:    694 476 487 845 784 834 862 
stack 14:    685 684 832 935 948 126 455 
stack 15:    949 175 866 800 107 526 895 
stack 16:    210 379 759 963 304 20 938 
stack 17:    946 667 687 120 310 625 404 
stack 18:    600 437 324 855 727 378 728 
stack 19:    619 737 576 462 61 387 198 
stack 20:    731 594 929 142 165 719 118 
stack 21:    4 110 696 432 99 361 880 
stack 22:    296 337 176 768 123 264 636 
stack 23:    677 803 362 482 393 459 499 
stack 24:    987 670 552 960 281 841 138 
stack 25:    671 645 853 334 890 121 864 
stack 26:    219 171 178 195 604 821 423 
stack 27:    802 700 261 781 424 147 390 
stack 28:    517 914 26 920 872 788 984 
stack 29:    84 887 193 255 789 828 969 
stack 30:    353 720 31 160 556 194 724 
stack 31:    666 388 2 338 34 442 267 
stack 32:    787 125 9 45 932 128 988 
stack 33:    554 477 76 38 159 894 623 
stack 34:    429 247 146 867 196 674 703 
stack 35:    6 407 595 590 891 830 999 
stack 36:    445 640 141 611 710 117 319 
stack 37:    965 398 522 211 743 916 170 
stack 38:    884 840 962 726 968 204 639 
stack 39:    55 228 607 844 417 977 468 
stack 40:    961 568 357 811 868 303 592 
stack 41:    574 250 456 513 748 558 233 
stack 42:    135 149 514 336 797 944 16 
stack 43:    679 305 46 842 799 792 790 
stack 44:    318 369 638 435 13 259 711 
stack 45:    78 77 169 532 472 97 238 
stack 46:    21 386 924 68 907 439 547 
stack 47:    183 672 385 298 3 278 538 
stack 48:    701 954 106 297 553 47 910 
stack 49:    885 329 413 738 769 915 941 
stack 50:    257 32 519 502 450 199 363 
stack 51:    658 104 328 223 584 809 190 
stack 52:    349 59 973 706 406 239 314 
stack 53:    15 964 384 810 431 630 36 
stack 54:    762 642 276 87 746 643 822 
stack 55:    192 599 651 473 650 155 570 
stack 56:    515 750 807 48 151 249 25 
stack 57:    927 410 539 224 589 733 934 
stack 58:    492 888 287 544 876 262 736 
stack 59:    230 27 273 648 587 824 586 
stack 60:    53 512 129 412 19 83 157 
stack 61:    400 148 67 73 545 838 397 
stack 62:    253 212 66 0 187 347 236 
stack 63:    936 930 632 244 921 593 523 
stack 64:    507 939 690 511 440 380 23 
stack 65:    180 225 401 931 756 943 188 
stack 66:    307 657 707 581 457 451 313 
stack 67:    371 560 391 874 742 203 775 
stack 68:    697 282 779 906 531 291 5 
stack 69:    389 182 579 956 863 753 331 
stack 70:    381 989 65 749 58 835 173 
stack 71:    42 812 356 689 898 489 166 
stack 72:    752 871 348 951 705 116 646 
stack 73:    102 922 661 516 479 575 209 
stack 74:    995 745 189 260 857 903 933 
stack 75:    525 644 952 411 258 463 284 
stack 76:    93 109 115 555 899 708 683 
stack 77:    17 990 852 218 340 520 56 
stack 78:    730 231 215 873 695 39 315 
stack 79:    996 500 760 360 289 791 339 
stack 80:    113 833 465 75 616 664 354 
stack 81:    496 422 573 637 409 245 702 
stack 82:    283 449 682 41 405 79 421 
stack 83:    494 96 234 501 372 721 665 
stack 84:    69 917 94 383 771 572 323 
stack 85:    179 497 823 136 837 601 74 
stack 86:    103 140 134 925 698 772 392 
stack 87:    467 335 375 723 33 849 806 
stack 88:    901 366 926 418 402 804 461 
stack 89:    35 464 567 483 367 320 438 
stack 90:    751 374 308 156 29 504 86 
stack 91:    43 44 892 186 714 979 565 
stack 92:    776 256 548 537 112 285 808 
stack 93:    131 312 272 207 70 454 739 
stack 94:    668 975 909 177 444 127 620 
stack 95:    300 631 770 311 563 793 551 
stack 96:    370 549 986 993 528 227 105 
stack 97:    649 605 382 669 216 818 836 
stack 98:    774 542 206 794 610 947 341 
stack 99:    621 761 758 709 274 978 306 
stack 100:    819 240 663 550 7 783 955 
stack 101:    167 316 330 111 220 302 506 
stack 102:    718 395 972 408 923 598 656 
stack 103:    854 488 893 486 485 813 301 
stack 104:    150 614 839 755 847 918 202 
stack 105:    484 368 241 904 801 460 185 
stack 106:    928 57 474 91 585 137 712 
stack 107:    959 495 757 133 635 613 678 
stack 108:    859 976 699 942 509 50 433 
stack 109:    270 414 139 71 325 754 856 
stack 110:    508 861 765 346 184 208 732 
stack 111:    662 766 108 831 221 905 144 
stack 112:    559 675 85 54 490 252 608 
stack 113:    627 197 420 827 763 355 18 
stack 114:    725 491 747 90 820 265 377 
stack 115:    317 446 145 275 458 660 373 
stack 116:    980 540 843 279 580 376 350 
stack 117:    815 624 825 796 343 985 622 
stack 118:    181 786 817 597 430 913 983 
stack 119:    51 633 277 191 741 612 957 
stack 120:    498 566 734 974 1 89 452 
stack 121:    505 878 24 470 396 62 222 
stack 122:    647 848 596 870 280 780 119 
stack 123:    521 541 673 533 534 321 288 
stack 124:    327 201 692 80 168 715 889 
stack 125:    582 527 493 266 447 919 475 
stack 126:    530 269 425 908 154 342 309 
stack 127:    64 655 49 953 764 912 81 
stack 128:    268 654 902 248 293 213 617 
stack 129:    403 394 251 441 101 879 704 
stack 130:    641 471 609 469 162 132 571 
stack 131:    850 163 982 591 691 858 8 
stack 132:    688 60 242 740 243 434 10 
stack 133:    358 680 453 869 546 72 359 
stack 134:    114 967 615 629 911 345 958 
stack 135:    122 254 805 246 816 12 966 
stack 136:    971 875 364 618 693 877 158 
stack 137:    52 583 860 846 92 
stack 138:    164 798 716 981 130 344 777 
stack 139:    865 713 229 722 271 481 28 
stack 140:    22 143 235 294 994 63 735 
stack 141:    152 940 937 237 322 998 
stack 142:    626 717 
stack 143:    82 628 
stack 144:    829 332 
stack 145:    14 
stack 146:    676 
stack 147:    603 
stack 148:    
stack 149:    
stack 150:    
