solved with: SP.post_optimization_methods.TabuSearch
time limit: 1800.0 s
time to solve: 659,59 s
objective value: 1291113.94

stacks (top to bottom):
stack 0:    500 
stack 1:    501 1 
stack 2:    2 
stack 3:    3 503 
stack 4:    4 
stack 5:    290 75 226 169 473 980 586 
stack 6:    265 511 308 506 6 463 507 
stack 7:    516 274 418 524 13 7 336 
stack 8:    28 801 510 525 401 19 522 
stack 9:    102 124 11 724 521 431 81 
stack 10:    998 477 222 931 54 121 243 
stack 11:    450 517 445 20 29 286 195 
stack 12:    677 16 443 861 299 406 394 
stack 13:    802 96 18 956 556 527 514 
stack 14:    15 989 963 301 705 456 565 
stack 15:    630 46 499 27 428 674 248 
stack 16:    799 432 518 67 654 893 379 
stack 17:    536 636 191 651 468 185 472 
stack 18:    256 452 562 380 930 875 260 
stack 19:    405 834 26 366 70 316 821 
stack 20:    71 383 595 999 520 21 529 
stack 21:    105 914 845 603 644 155 877 
stack 22:    478 554 181 255 539 24 950 
stack 23:    732 421 55 241 646 385 38 
stack 24:    145 268 770 332 786 484 25 
stack 25:    806 318 797 444 430 36 179 
stack 26:    829 729 284 993 888 717 828 
stack 27:    60 817 166 235 972 876 174 
stack 28:    298 204 992 741 995 136 42 
stack 29:    247 147 788 541 128 162 100 
stack 30:    863 334 542 349 547 53 388 
stack 31:    619 227 694 849 623 814 928 
stack 32:    639 820 130 761 898 104 926 
stack 33:    946 462 742 215 277 476 438 
stack 34:    249 492 206 700 894 658 840 
stack 35:    551 218 319 887 576 747 49 
stack 36:    735 979 571 709 932 628 710 
stack 37:    624 408 794 816 588 987 722 
stack 38:    584 665 451 410 951 376 591 
stack 39:    487 895 201 984 93 176 859 
stack 40:    870 777 352 63 813 832 148 
stack 41:    567 164 427 141 738 977 771 
stack 42:    662 629 194 736 581 314 726 
stack 43:    236 719 844 911 671 449 435 
stack 44:    252 625 613 238 782 753 101 
stack 45:    402 269 168 836 291 935 494 
stack 46:    261 183 51 372 193 773 885 
stack 47:    257 163 686 378 140 711 598 
stack 48:    826 745 718 712 50 891 991 
stack 49:    708 415 994 550 615 945 805 
stack 50:    607 924 398 632 698 962 862 
stack 51:    424 209 498 117 306 78 552 
stack 52:    608 787 812 460 650 672 396 
stack 53:    609 187 913 569 429 599 271 
stack 54:    860 481 944 957 287 881 985 
stack 55:    362 701 616 920 758 767 200 
stack 56:    940 386 107 471 361 815 203 
stack 57:    323 990 884 731 954 582 778 
stack 58:    370 358 74 321 886 328 854 
stack 59:    125 908 748 300 649 776 142 
stack 60:    110 91 355 873 578 116 997 
stack 61:    251 909 602 459 151 276 923 
stack 62:    88 263 228 214 922 85 310 
stack 63:    580 118 743 841 143 939 869 
stack 64:    617 94 82 819 606 577 190 
stack 65:    387 967 627 590 857 749 648 
stack 66:    807 253 656 683 489 149 496 
stack 67:    275 97 390 704 245 970 217 
stack 68:    960 824 76 642 119 208 659 
stack 69:    866 938 313 635 601 232 123 
stack 70:    934 640 966 689 90 229 211 
stack 71:    965 596 395 80 423 785 440 
stack 72:    669 374 425 466 326 703 585 
stack 73:    587 974 186 779 715 855 730 
stack 74:    87 927 757 371 858 638 239 
stack 75:    294 728 400 304 240 733 292 
stack 76:    
stack 77:    0 
stack 78:    502 
stack 79:    
stack 80:    633 61 696 504 
stack 81:    199 519 564 505 508 509 5 
stack 82:    538 512 464 447 17 120 8 
stack 83:    221 417 555 907 10 31 171 
stack 84:    32 22 559 737 682 9 592 
stack 85:    30 657 220 12 968 910 47 
stack 86:    480 14 641 515 707 532 702 
stack 87:    513 153 264 760 397 382 852 
stack 88:    367 465 152 391 523 33 23 
stack 89:    837 48 461 198 35 281 528 
stack 90:    357 202 360 868 129 540 86 
stack 91:    937 645 903 952 530 455 112 
stack 92:    531 918 441 377 752 302 317 
stack 93:    780 675 458 89 768 544 751 
stack 94:    600 66 535 79 244 350 45 
stack 95:    883 568 134 549 343 254 693 
stack 96:    216 114 679 467 631 942 537 
stack 97:    150 278 943 37 825 626 714 
stack 98:    706 340 64 533 99 293 175 
stack 99:    579 822 690 792 534 375 978 
stack 100:    692 331 34 333 296 804 210 
stack 101:    490 242 847 237 790 39 901 
stack 102:    620 469 830 266 889 526 769 
stack 103:    224 699 303 353 457 969 289 
stack 104:    902 172 347 765 904 133 225 
stack 105:    793 40 959 796 434 546 781 
stack 106:    346 41 373 363 643 341 545 
stack 107:    561 56 958 403 170 446 442 
stack 108:    250 949 917 197 610 652 655 
stack 109:    338 872 92 543 354 906 295 
stack 110:    59 52 589 574 879 196 798 
stack 111:    184 929 838 330 808 744 775 
stack 112:    106 412 182 594 673 558 322 
stack 113:    687 111 127 831 953 320 108 
stack 114:    864 721 666 165 597 327 109 
stack 115:    560 916 339 622 759 44 62 
stack 116:    975 439 335 774 77 453 488 
stack 117:    604 454 867 413 663 144 267 
stack 118:    961 842 772 936 178 880 407 
stack 119:    307 259 486 392 653 305 43 
stack 120:    557 874 419 234 791 897 756 
stack 121:    57 409 725 685 207 329 818 
stack 122:    746 583 470 122 988 848 996 
stack 123:    258 827 856 548 573 660 853 
stack 124:    899 912 288 324 365 68 161 
stack 125:    572 976 325 983 359 986 668 
stack 126:    192 389 146 437 789 882 553 
stack 127:    833 973 246 941 58 351 73 
stack 128:    230 664 713 219 661 892 563 
stack 129:    177 800 416 156 621 126 716 
stack 130:    676 750 159 846 593 493 803 
stack 131:    495 740 921 483 474 681 348 
stack 132:    947 420 103 213 739 933 69 
stack 133:    233 871 65 688 614 157 982 
stack 134:    422 315 766 695 850 137 212 
stack 135:    720 180 381 132 154 364 189 
stack 136:    282 205 188 167 811 356 475 
stack 137:    479 369 433 919 297 273 684 
stack 138:    426 764 312 865 491 734 634 
stack 139:    231 915 851 414 113 404 948 
stack 140:    384 678 697 436 890 139 223 
stack 141:    605 368 411 723 637 311 680 
stack 142:    810 964 727 647 691 566 809 
stack 143:    485 843 285 160 612 900 482 
stack 144:    762 399 497 905 393 795 131 
stack 145:    971 839 115 337 763 344 283 
stack 146:    570 279 72 262 981 272 823 
stack 147:    135 667 270 158 878 84 138 
stack 148:    618 95 575 784 342 955 925 
stack 149:    345 448 280 835 670 98 309 
stack 150:    783 83 755 173 611 896 754 

#####################################################

solved with: SP.post_optimization_methods.HillClimbing
time limit: 1800.0 s
time to solve: 494,78 s
objective value: 1291113.94

stacks (top to bottom):
stack 0:    500 
stack 1:    501 1 
stack 2:    2 
stack 3:    3 503 
stack 4:    4 
stack 5:    871 636 506 767 341 161 86 
stack 6:    182 259 10 398 292 691 317 
stack 7:    372 463 700 758 530 455 449 
stack 8:    824 18 616 406 684 322 8 
stack 9:    516 183 266 12 76 200 47 
stack 10:    420 905 956 931 34 514 225 
stack 11:    485 412 949 430 909 411 873 
stack 12:    216 389 647 277 352 733 23 
stack 13:    375 556 995 13 753 744 376 
stack 14:    14 685 621 107 825 19 805 
stack 15:    515 544 898 705 336 660 396 
stack 16:    735 111 518 759 17 527 795 
stack 17:    227 441 839 627 377 637 928 
stack 18:    531 662 454 117 674 348 38 
stack 19:    26 780 65 391 821 997 203 
stack 20:    829 727 942 938 520 193 382 
stack 21:    864 275 445 269 959 638 254 
stack 22:    525 48 37 35 658 952 407 
stack 23:    820 868 690 197 917 473 43 
stack 24:    40 851 87 777 392 894 217 
stack 25:    481 257 422 297 394 438 151 
stack 26:    57 633 219 169 745 446 93 
stack 27:    405 916 253 673 110 312 175 
stack 28:    338 56 30 927 842 670 532 
stack 29:    370 360 787 147 788 857 410 
stack 30:    973 911 326 120 239 578 969 
stack 31:    568 106 764 444 715 427 101 
stack 32:    218 697 371 889 932 615 112 
stack 33:    572 801 270 729 89 803 98 
stack 34:    450 907 313 168 906 593 852 
stack 35:    318 368 425 164 66 144 306 
stack 36:    125 252 580 958 567 99 77 
stack 37:    145 708 542 699 547 44 808 
stack 38:    750 70 146 606 482 314 49 
stack 39:    583 720 184 470 187 483 913 
stack 40:    290 609 540 739 741 926 804 
stack 41:    799 347 460 696 429 379 951 
stack 42:    315 181 709 401 364 710 179 
stack 43:    557 251 50 689 589 680 978 
stack 44:    934 234 267 754 453 302 818 
stack 45:    166 80 776 953 423 195 212 
stack 46:    806 826 867 224 743 725 939 
stack 47:    596 929 640 238 831 395 137 
stack 48:    990 163 156 943 796 972 176 
stack 49:    88 261 220 941 170 590 343 
stack 50:    883 439 664 213 498 785 442 
stack 51:    810 294 937 813 198 355 301 
stack 52:    870 701 390 603 154 81 138 
stack 53:    236 64 584 738 649 350 771 
stack 54:    961 979 834 554 594 586 289 
stack 55:    135 480 288 400 651 655 295 
stack 56:    256 607 721 666 140 119 955 
stack 57:    124 845 772 832 877 457 828 
stack 58:    624 59 915 835 861 152 435 
stack 59:    665 976 436 895 196 142 901 
stack 60:    230 817 474 331 74 765 139 
stack 61:    282 946 495 740 569 681 659 
stack 62:    71 150 192 417 324 925 598 
stack 63:    384 96 657 914 300 786 122 
stack 64:    180 663 72 132 85 879 717 
stack 65:    676 383 191 369 159 361 643 
stack 66:    762 789 469 307 486 653 672 
stack 67:    619 332 246 878 171 982 716 
stack 68:    639 215 434 766 781 577 869 
stack 69:    841 719 222 945 752 178 853 
stack 70:    570 944 285 957 865 206 190 
stack 71:    755 418 279 319 245 378 283 
stack 72:    793 448 641 858 329 970 174 
stack 73:    205 975 712 262 393 856 859 
stack 74:    75 194 499 464 736 330 293 
stack 75:    802 367 623 763 459 888 148 
stack 76:    
stack 77:    0 
stack 78:    502 
stack 79:    
stack 80:    7 549 9 504 
stack 81:    308 6 508 505 507 509 5 
stack 82:    58 816 204 36 581 104 42 
stack 83:    16 15 511 555 31 113 21 
stack 84:    947 11 94 694 519 707 582 
stack 85:    228 512 833 675 910 610 652 
stack 86:    28 265 416 510 431 260 33 
stack 87:    513 264 365 760 29 342 208 
stack 88:    134 517 667 105 477 919 272 
stack 89:    402 20 863 534 524 827 981 
stack 90:    202 687 82 258 521 533 876 
stack 91:    783 792 588 984 27 695 526 
stack 92:    625 22 559 897 541 737 321 
stack 93:    560 373 968 310 522 854 565 
stack 94:    536 304 414 185 790 472 726 
stack 95:    669 989 558 63 734 248 276 
stack 96:    538 479 316 884 614 597 25 
stack 97:    32 774 980 24 552 840 523 
stack 98:    924 632 475 698 948 702 977 
stack 99:    629 399 408 61 611 162 996 
stack 100:    746 600 654 428 983 718 78 
stack 101:    728 866 847 529 291 39 714 
stack 102:    366 742 562 380 237 930 537 
stack 103:    374 617 704 722 882 768 528 
stack 104:    779 325 844 933 67 904 668 
stack 105:    323 263 620 964 612 286 566 
stack 106:    387 79 535 886 131 456 545 
stack 107:    843 794 546 492 936 91 305 
stack 108:    706 102 83 201 296 133 121 
stack 109:    177 51 153 912 543 165 488 
stack 110:    899 830 686 595 241 397 493 
stack 111:    432 887 52 155 814 311 991 
stack 112:    677 994 280 550 458 987 923 
stack 113:    167 837 811 571 963 724 862 
stack 114:    579 437 757 433 461 539 661 
stack 115:    974 274 118 497 671 53 693 
stack 116:    41 186 231 998 413 622 116 
stack 117:    967 419 349 838 484 320 775 
stack 118:    770 551 645 465 287 255 950 
stack 119:    490 732 575 354 160 875 809 
stack 120:    822 656 713 466 573 548 45 
stack 121:    424 723 849 574 682 149 223 
stack 122:    605 415 46 359 54 848 730 
stack 123:    452 467 731 962 626 601 494 
stack 124:    608 226 298 891 782 893 585 
stack 125:    874 613 244 333 211 747 648 
stack 126:    807 339 284 353 136 880 553 
stack 127:    604 561 421 55 646 935 385 
stack 128:    357 92 103 250 303 993 189 
stack 129:    940 362 386 999 404 815 769 
stack 130:    487 872 426 235 351 273 73 
stack 131:    965 249 800 784 900 563 123 
stack 132:    992 173 141 988 576 90 985 
stack 133:    60 278 688 491 635 126 84 
stack 134:    188 678 363 381 890 922 62 
stack 135:    340 630 692 921 812 756 599 
stack 136:    587 114 221 157 468 954 109 
stack 137:    143 471 476 920 634 644 232 
stack 138:    908 335 564 986 966 344 440 
stack 139:    631 240 773 68 885 892 823 
stack 140:    451 199 115 337 447 592 108 
stack 141:    334 748 158 356 881 778 309 
stack 142:    358 128 100 650 210 328 271 
stack 143:    902 129 172 247 791 69 243 
stack 144:    130 209 903 855 496 703 751 
stack 145:    918 797 403 214 683 591 798 
stack 146:    462 409 443 97 299 642 327 
stack 147:    346 478 242 679 836 281 711 
stack 148:    127 761 489 602 749 896 229 
stack 149:    971 860 268 233 95 628 388 
stack 150:    345 960 618 846 207 819 850 
