solved with: SP.post_optimization_methods.TabuSearch
time limit: 1800.0 s
time to solve: 611,50 s
objective value: 1291106.62

stacks (top to bottom):
stack 0:    500 
stack 1:    1 
stack 2:    
stack 3:    3 
stack 4:    504 
stack 5:    840 5 44 6 563 361 628 
stack 6:    513 284 961 519 542 507 7 
stack 7:    189 524 963 779 561 8 509 
stack 8:    12 11 35 270 414 25 510 
stack 9:    76 516 42 973 566 810 252 
stack 10:    57 491 479 10 859 256 451 
stack 11:    45 376 312 920 870 495 34 
stack 12:    50 368 520 375 274 169 325 
stack 13:    836 761 980 871 740 514 959 
stack 14:    972 23 157 587 760 384 344 
stack 15:    30 409 556 430 326 823 177 
stack 16:    555 242 669 521 546 125 651 
stack 17:    32 473 332 225 525 958 737 
stack 18:    971 901 536 458 196 67 61 
stack 19:    215 356 470 679 685 278 578 
stack 20:    109 534 112 906 749 190 691 
stack 21:    416 494 806 937 848 151 544 
stack 22:    462 149 738 106 147 523 856 
stack 23:    319 250 150 861 878 725 831 
stack 24:    412 141 778 809 404 945 731 
stack 25:    934 443 975 354 530 380 624 
stack 26:    842 893 557 293 58 594 308 
stack 27:    339 372 329 952 583 762 801 
stack 28:    40 29 988 891 51 919 698 
stack 29:    564 598 640 942 441 310 951 
stack 30:    113 239 659 998 588 407 418 
stack 31:    259 799 543 781 120 650 632 
stack 32:    133 992 877 333 845 383 104 
stack 33:    258 43 69 411 784 712 41 
stack 34:    394 786 485 748 948 763 275 
stack 35:    426 105 433 601 681 187 449 
stack 36:    750 715 162 935 248 251 613 
stack 37:    974 909 207 214 753 726 234 
stack 38:    211 117 56 811 817 161 123 
stack 39:    296 717 541 754 608 373 155 
stack 40:    913 362 736 833 641 764 881 
stack 41:    47 702 619 864 230 678 131 
stack 42:    772 83 172 186 915 956 132 
stack 43:    346 209 266 718 559 390 291 
stack 44:    863 700 492 253 986 549 968 
stack 45:    46 65 100 604 575 706 634 
stack 46:    165 593 471 408 382 895 716 
stack 47:    163 570 552 687 304 788 889 
stack 48:    221 643 719 745 944 54 711 
stack 49:    820 916 466 60 434 476 97 
stack 50:    609 765 686 235 704 794 197 
stack 51:    825 185 410 751 450 674 268 
stack 52:    447 88 423 345 755 776 892 
stack 53:    469 978 830 305 697 90 573 
stack 54:    610 159 966 463 223 358 853 
stack 55:    866 482 767 714 213 854 896 
stack 56:    756 71 183 474 908 398 923 
stack 57:    70 584 478 615 903 144 218 
stack 58:    80 782 129 899 130 121 461 
stack 59:    989 468 205 217 439 313 107 
stack 60:    193 734 644 744 758 897 369 
stack 61:    467 914 879 201 627 241 631 
stack 62:    302 926 110 216 824 743 618 
stack 63:    735 874 116 967 709 569 176 
stack 64:    996 774 865 166 574 928 327 
stack 65:    74 993 72 366 567 442 455 
stack 66:    637 990 607 91 406 203 680 
stack 67:    397 880 490 402 595 630 164 
stack 68:    480 938 662 184 636 869 890 
stack 69:    477 484 789 438 277 747 907 
stack 70:    925 94 696 417 103 746 581 
stack 71:    839 271 73 98 733 682 832 
stack 72:    365 108 324 773 661 932 982 
stack 73:    340 829 577 168 910 347 309 
stack 74:    912 363 173 790 596 389 887 
stack 75:    670 622 257 580 399 465 804 
stack 76:    0 
stack 77:    501 
stack 78:    502 2 
stack 79:    505 503 
stack 80:    228 4 884 
stack 81:    797 204 16 705 639 517 539 
stack 82:    522 506 77 792 576 508 260 
stack 83:    261 9 947 135 64 322 431 
stack 84:    20 868 288 37 222 511 14 
stack 85:    667 886 371 931 145 15 421 
stack 86:    612 445 13 657 526 198 991 
stack 87:    512 739 370 814 946 642 827 
stack 88:    599 759 527 929 851 255 359 
stack 89:    124 930 997 668 17 611 780 
stack 90:    36 572 127 279 21 140 174 
stack 91:    18 33 317 39 19 515 528 
stack 92:    315 787 553 551 303 689 518 
stack 93:    600 143 771 872 338 336 188 
stack 94:    633 724 22 533 323 941 355 
stack 95:    793 648 238 452 663 330 331 
stack 96:    420 272 27 844 531 692 400 
stack 97:    335 464 535 560 294 835 757 
stack 98:    396 819 562 981 48 565 816 
stack 99:    99 558 582 237 374 529 620 
stack 100:    933 28 24 921 983 904 342 
stack 101:    31 249 122 954 26 137 289 
stack 102:    200 298 855 92 807 592 722 
stack 103:    626 436 38 153 316 437 815 
stack 104:    351 265 538 497 321 707 673 
stack 105:    350 795 656 852 444 911 175 
stack 106:    999 532 353 231 653 545 965 
stack 107:    194 646 548 727 68 710 306 
stack 108:    59 777 220 475 486 647 834 
stack 109:    812 645 179 977 802 537 247 
stack 110:    328 547 985 846 591 87 401 
stack 111:    49 483 732 178 969 994 922 
stack 112:    979 770 791 424 254 208 894 
stack 113:    457 785 783 721 655 152 654 
stack 114:    139 85 53 540 805 229 364 
stack 115:    282 905 690 182 422 493 701 
stack 116:    343 286 568 837 212 957 949 
stack 117:    263 66 62 264 367 857 472 
stack 118:    885 590 191 672 167 413 883 
stack 119:    148 391 101 638 381 487 589 
stack 120:    822 115 803 964 813 917 821 
stack 121:    847 597 142 297 360 550 962 
stack 122:    741 55 425 775 128 873 448 
stack 123:    635 119 456 900 867 769 498 
stack 124:    138 337 723 675 348 269 395 
stack 125:    694 393 798 849 52 729 134 
stack 126:    888 652 658 720 82 499 429 
stack 127:    301 605 245 693 79 950 862 
stack 128:    195 586 180 341 287 621 240 
stack 129:    695 713 202 219 290 664 307 
stack 130:    154 629 554 995 875 841 93 
stack 131:    63 432 392 603 299 882 281 
stack 132:    818 210 226 295 571 496 703 
stack 133:    118 953 649 850 677 752 602 
stack 134:    623 742 146 606 267 902 170 
stack 135:    927 199 262 488 318 311 244 
stack 136:    708 419 987 843 924 671 481 
stack 137:    75 387 676 808 683 955 379 
stack 138:    579 940 684 232 314 386 233 
stack 139:    102 95 349 273 453 300 460 
stack 140:    352 86 858 81 800 388 828 
stack 141:    435 181 96 459 625 939 838 
stack 142:    489 236 898 114 660 243 665 
stack 143:    617 960 292 943 918 224 378 
stack 144:    984 415 970 730 614 666 454 
stack 145:    280 206 768 285 246 699 440 
stack 146:    796 585 89 78 171 876 427 
stack 147:    156 936 160 976 446 377 826 
stack 148:    111 126 385 766 860 428 403 
stack 149:    192 283 405 688 320 158 334 
stack 150:    136 728 357 227 276 84 616 

#####################################################

solved with: SP.post_optimization_methods.HillClimbing
time limit: 1800.0 s
time to solve: 685,22 s
objective value: 1291109.06

stacks (top to bottom):
stack 0:    500 
stack 1:    1 
stack 2:    
stack 3:    3 507 
stack 4:    504 
stack 5:    239 5 540 241 6 229 539 
stack 6:    33 242 26 546 389 7 275 
stack 7:    95 734 425 928 518 218 509 
stack 8:    513 765 538 681 37 14 510 
stack 9:    20 967 930 721 858 234 718 
stack 10:    610 165 16 10 776 946 448 
stack 11:    829 124 11 583 931 762 915 
stack 12:    524 548 542 601 752 451 34 
stack 13:    590 231 811 905 823 902 887 
stack 14:    228 791 419 551 994 52 15 
stack 15:    45 74 553 600 527 325 757 
stack 16:    18 430 824 191 523 630 498 
stack 17:    238 521 89 608 733 596 816 
stack 18:    564 50 961 749 677 602 691 
stack 19:    520 257 560 39 341 19 223 
stack 20:    199 782 22 687 373 835 680 
stack 21:    532 808 28 220 844 255 565 
stack 22:    534 305 552 932 837 132 780 
stack 23:    394 818 605 724 129 533 299 
stack 24:    105 750 805 684 314 179 311 
stack 25:    670 562 586 903 35 526 537 
stack 26:    447 695 36 860 214 123 41 
stack 27:    847 728 139 767 392 697 414 
stack 28:    920 943 401 367 67 800 827 
stack 29:    469 936 463 942 810 496 949 
stack 30:    30 259 886 407 384 671 639 
stack 31:    484 38 535 360 536 743 487 
stack 32:    200 570 555 541 213 651 896 
stack 33:    113 195 370 408 62 277 413 
stack 34:    328 464 914 485 768 650 171 
stack 35:    357 492 597 371 103 549 965 
stack 36:    100 284 416 108 324 488 613 
stack 37:    47 992 415 118 157 64 364 
stack 38:    263 770 409 574 561 991 495 
stack 39:    797 755 814 995 859 559 247 
stack 40:    913 362 622 183 672 725 440 
stack 41:    350 271 714 864 929 349 662 
stack 42:    825 302 96 375 48 274 832 
stack 43:    59 75 683 232 948 184 481 
stack 44:    109 329 732 964 798 764 982 
stack 45:    774 138 126 164 322 381 698 
stack 46:    599 478 643 60 854 54 427 
stack 47:    49 778 939 641 692 883 956 
stack 48:    609 387 452 323 790 937 720 
stack 49:    111 754 455 434 78 711 251 
stack 50:    221 435 68 871 106 114 386 
stack 51:    667 56 846 399 428 769 342 
stack 52:    149 368 584 308 458 61 93 
stack 53:    315 990 290 644 867 344 336 
stack 54:    340 276 193 253 792 566 355 
stack 55:    372 72 366 429 369 890 624 
stack 56:    194 772 153 146 997 668 621 
stack 57:    351 143 572 557 763 177 361 
stack 58:    136 133 405 906 575 374 673 
stack 59:    993 457 117 594 817 465 403 
stack 60:    365 150 806 343 568 304 894 
stack 61:    85 966 317 321 248 268 281 
stack 62:    879 785 606 730 439 917 198 
stack 63:    443 987 479 784 128 581 737 
stack 64:    462 112 337 235 834 919 801 
stack 65:    836 577 283 977 287 675 359 
stack 66:    76 702 796 688 661 957 338 
stack 67:    700 148 783 226 285 904 573 
stack 68:    483 71 172 582 391 962 664 
stack 69:    185 985 227 144 145 334 620 
stack 70:    363 787 210 607 981 475 461 
stack 71:    77 585 173 187 121 203 188 
stack 72:    301 916 640 356 717 848 169 
stack 73:    156 839 489 420 786 433 656 
stack 74:    491 312 741 393 225 689 378 
stack 75:    738 604 852 497 802 309 244 
stack 76:    0 
stack 77:    501 
stack 78:    502 2 
stack 79:    503 
stack 80:    708 4 775 
stack 81:    319 505 550 766 127 760 84 
stack 82:    522 506 12 13 587 508 8 
stack 83:    512 955 9 24 514 431 25 
stack 84:    116 592 58 545 119 383 616 
stack 85:    181 27 678 531 655 511 870 
stack 86:    633 676 669 773 262 130 240 
stack 87:    793 44 426 715 727 947 418 
stack 88:    353 696 891 237 576 260 517 
stack 89:    519 880 516 809 135 758 348 
stack 90:    339 468 189 92 924 17 21 
stack 91:    110 877 686 515 131 528 449 
stack 92:    598 617 207 197 499 155 889 
stack 93:    912 32 345 209 530 81 196 
stack 94:    335 579 23 40 445 267 310 
stack 95:    250 236 898 740 869 269 881 
stack 96:    31 333 219 474 803 849 69 
stack 97:    163 820 940 659 855 603 685 
stack 98:    206 279 332 897 973 529 815 
stack 99:    648 249 861 272 379 98 631 
stack 100:    29 588 865 693 456 705 706 
stack 101:    795 178 909 525 841 712 923 
stack 102:    999 543 748 759 230 51 358 
stack 103:    933 874 556 385 660 212 170 
stack 104:    866 320 761 935 476 882 289 
stack 105:    927 799 125 215 137 944 731 
stack 106:    934 739 771 55 742 437 380 
stack 107:    984 261 723 162 347 665 278 
stack 108:    410 53 42 595 182 699 101 
stack 109:    885 627 90 446 441 647 158 
stack 110:    925 86 642 892 174 390 472 
stack 111:    204 43 901 316 614 753 804 
stack 112:    192 282 635 186 952 900 666 
stack 113:    396 978 645 288 442 652 710 
stack 114:    988 893 216 569 674 663 831 
stack 115:    159 998 142 473 794 862 747 
stack 116:    970 466 567 151 294 544 589 
stack 117:    840 122 941 470 899 578 306 
stack 118:    412 115 547 612 779 493 291 
stack 119:    482 830 217 658 82 876 97 
stack 120:    46 781 646 286 404 682 176 
stack 121:    812 376 66 459 976 878 853 
stack 122:    974 623 593 629 423 975 873 
stack 123:    352 424 554 354 411 454 701 
stack 124:    989 99 245 417 918 969 134 
stack 125:    842 756 921 398 246 911 638 
stack 126:    65 80 954 888 318 679 654 
stack 127:    751 807 713 960 104 922 821 
stack 128:    102 558 709 91 160 152 618 
stack 129:    972 467 571 460 256 634 331 
stack 130:    863 736 180 201 615 402 438 
stack 131:    626 63 625 868 486 907 826 
stack 132:    57 694 346 450 746 813 388 
stack 133:    280 94 120 270 563 983 300 
stack 134:    298 297 722 326 161 968 140 
stack 135:    202 293 850 726 875 224 703 
stack 136:    88 471 254 264 382 958 857 
stack 137:    406 147 636 422 959 395 421 
stack 138:    735 258 154 986 453 400 856 
stack 139:    477 971 843 87 266 895 327 
stack 140:    926 653 190 377 252 707 716 
stack 141:    819 436 480 580 910 243 107 
stack 142:    963 690 591 611 729 307 628 
stack 143:    70 296 494 141 73 788 884 
stack 144:    953 265 83 908 273 330 175 
stack 145:    397 719 444 777 789 222 838 
stack 146:    979 996 205 432 745 945 951 
stack 147:    619 938 851 167 632 950 313 
stack 148:    833 168 490 980 657 704 233 
stack 149:    649 211 292 744 295 208 828 
stack 150:    637 822 166 79 872 303 845 
