solved with: SP.post_optimization_methods.TabuSearch
time limit: 1800.0 s
time to solve: 939,09 s
objective value: 1291098.12

stacks (top to bottom):
stack 0:    500 
stack 1:    
stack 2:    
stack 3:    3 
stack 4:    4 
stack 5:    6 751 868 97 5 913 18 
stack 6:    307 951 555 7 660 8 10 
stack 7:    484 287 766 952 763 943 323 
stack 8:    15 9 106 155 795 243 23 
stack 9:    931 345 510 161 360 40 524 
stack 10:    445 917 11 470 454 882 128 
stack 11:    294 49 513 531 74 423 516 
stack 12:    694 535 682 121 514 378 186 
stack 13:    515 893 108 13 756 58 749 
stack 14:    27 946 817 77 519 266 546 
stack 15:    22 690 41 33 719 820 89 
stack 16:    762 522 786 865 211 132 476 
stack 17:    471 687 32 71 153 19 28 
stack 18:    987 163 487 714 252 910 862 
stack 19:    785 963 366 204 213 883 656 
stack 20:    967 812 539 409 20 478 436 
stack 21:    527 542 308 144 207 755 25 
stack 22:    167 45 684 115 456 36 468 
stack 23:    730 727 801 991 934 280 830 
stack 24:    488 657 334 91 191 741 322 
stack 25:    949 866 50 107 771 526 100 
stack 26:    718 773 666 597 953 290 724 
stack 27:    338 549 667 673 981 643 233 
stack 28:    82 658 435 293 343 674 780 
stack 29:    645 403 46 374 101 920 464 
stack 30:    365 235 54 237 447 571 702 
stack 31:    720 644 676 396 194 428 955 
stack 32:    429 78 740 864 126 736 397 
stack 33:    582 388 330 745 34 479 606 
stack 34:    337 146 39 826 814 851 325 
stack 35:    327 566 477 197 916 451 459 
stack 36:    152 881 391 924 95 935 47 
stack 37:    962 726 232 422 796 278 958 
stack 38:    53 480 109 632 242 79 880 
stack 39:    541 928 281 723 977 123 588 
stack 40:    662 305 357 584 992 703 790 
stack 41:    370 904 355 620 764 320 138 
stack 42:    774 495 707 892 48 302 117 
stack 43:    965 273 610 789 259 891 198 
stack 44:    940 368 560 827 635 313 617 
stack 45:    971 688 250 316 734 130 948 
stack 46:    73 240 68 472 408 120 821 
stack 47:    247 351 768 581 229 372 613 
stack 48:    52 750 761 84 450 170 475 
stack 49:    859 385 407 689 709 615 894 
stack 50:    335 467 650 631 629 938 895 
stack 51:    164 884 64 554 329 640 897 
stack 52:    399 671 134 263 779 342 331 
stack 53:    831 304 261 387 558 377 808 
stack 54:    936 562 925 713 187 585 63 
stack 55:    701 384 747 116 646 354 98 
stack 56:    605 929 857 249 630 957 665 
stack 57:    230 67 133 453 463 81 791 
stack 58:    395 960 810 772 380 858 919 
stack 59:    70 65 245 887 799 985 147 
stack 60:    111 220 417 264 849 691 157 
stack 61:    752 125 594 426 869 262 452 
stack 62:    725 956 442 628 267 822 310 
stack 63:    176 136 843 932 722 863 438 
stack 64:    256 410 286 765 595 804 983 
stack 65:    767 659 973 251 906 248 978 
stack 66:    854 945 861 364 224 695 867 
stack 67:    131 201 221 446 905 119 782 
stack 68:    93 255 482 185 886 678 158 
stack 69:    901 223 770 733 879 618 693 
stack 70:    175 699 381 803 661 835 586 
stack 71:    375 473 648 616 898 239 834 
stack 72:    389 379 215 193 208 190 598 
stack 73:    114 855 279 241 272 626 173 
stack 74:    179 649 679 972 680 746 743 
stack 75:    914 878 317 587 580 274 86 
stack 76:    0 
stack 77:    501 1 
stack 78:    2 502 
stack 79:    503 
stack 80:    995 55 544 504 
stack 81:    122 508 505 303 24 637 506 
stack 82:    507 642 511 30 413 974 979 
stack 83:    530 21 980 386 518 845 551 
stack 84:    672 225 94 509 425 12 466 
stack 85:    42 517 369 145 205 997 434 
stack 86:    675 871 14 431 636 611 889 
stack 87:    69 927 848 809 873 222 301 
stack 88:    268 512 177 923 430 683 16 
stack 89:    787 66 529 533 311 563 315 
stack 90:    568 258 127 520 570 735 72 
stack 91:    521 670 43 930 260 982 769 
stack 92:    150 537 26 760 31 285 309 
stack 93:    17 525 231 811 805 737 292 
stack 94:    633 900 139 432 37 390 172 
stack 95:    498 842 29 105 602 359 623 
stack 96:    815 548 383 112 160 711 622 
stack 97:    655 705 612 142 244 90 577 
stack 98:    104 874 412 870 781 788 523 
stack 99:    600 685 217 59 137 625 289 
stack 100:    328 601 206 406 911 62 754 
stack 101:    959 124 348 162 165 118 344 
stack 102:    352 226 536 663 347 591 188 
stack 103:    885 528 271 174 411 728 969 
stack 104:    496 419 543 166 460 575 339 
stack 105:    559 282 716 376 758 462 291 
stack 106:    823 485 534 712 753 83 455 
stack 107:    731 986 550 532 742 838 321 
stack 108:    269 183 318 346 902 590 593 
stack 109:    270 853 540 169 38 553 561 
stack 110:    35 184 908 732 538 556 877 
stack 111:    253 922 942 653 800 704 999 
stack 112:    875 398 852 299 608 710 777 
stack 113:    192 371 627 486 414 968 708 
stack 114:    888 545 975 332 876 717 236 
stack 115:    647 697 813 394 700 92 793 
stack 116:    257 607 552 44 149 189 440 
stack 117:    614 759 778 837 824 306 367 
stack 118:    497 798 832 178 439 915 565 
stack 119:    353 171 200 783 634 284 421 
stack 120:    283 219 652 744 596 402 739 
stack 121:    51 579 729 336 715 547 933 
stack 122:    961 349 110 340 458 314 557 
stack 123:    651 692 218 489 393 196 816 
stack 124:    103 60 491 818 841 738 966 
stack 125:    180 599 312 356 792 424 433 
stack 126:    181 443 909 87 775 461 572 
stack 127:    677 996 638 926 61 427 416 
stack 128:    494 214 96 654 362 56 499 
stack 129:    437 57 970 819 234 696 199 
stack 130:    210 254 275 350 872 341 806 
stack 131:    989 295 624 860 947 154 288 
stack 132:    296 964 609 604 238 99 392 
stack 133:    140 840 156 203 721 847 988 
stack 134:    641 401 80 441 129 465 899 
stack 135:    850 833 990 603 277 706 202 
stack 136:    954 564 75 573 589 567 912 
stack 137:    300 976 298 825 846 483 984 
stack 138:    493 148 85 358 907 141 405 
stack 139:    324 621 76 195 457 903 950 
stack 140:    143 686 276 569 444 363 333 
stack 141:    113 839 664 639 994 828 319 
stack 142:    448 228 182 844 669 807 490 
stack 143:    776 102 802 159 481 227 797 
stack 144:    583 829 415 246 361 941 944 
stack 145:    492 449 993 757 151 592 265 
stack 146:    896 578 168 576 794 748 404 
stack 147:    326 890 400 469 297 420 373 
stack 148:    619 681 216 836 998 784 856 
stack 149:    382 135 668 474 418 918 209 
stack 150:    574 212 939 937 698 921 88 

#####################################################

solved with: SP.post_optimization_methods.HillClimbing
time limit: 1800.0 s
time to solve: 474,53 s
objective value: 1291098.13

stacks (top to bottom):
stack 0:    500 
stack 1:    
stack 2:    
stack 3:    3 
stack 4:    4 
stack 5:    9 234 639 28 5 421 158 
stack 6:    488 508 95 616 809 284 475 
stack 7:    945 26 626 695 12 886 788 
stack 8:    181 443 448 521 822 438 588 
stack 9:    785 931 13 510 20 882 427 
stack 10:    641 273 75 11 867 459 969 
stack 11:    429 495 432 177 570 913 656 
stack 12:    677 971 94 248 590 676 320 
stack 13:    535 694 14 487 476 514 18 
stack 14:    787 562 400 975 763 546 147 
stack 15:    517 410 653 866 107 526 895 
stack 16:    27 832 528 49 520 948 434 
stack 17:    22 493 667 555 120 708 524 
stack 18:    437 855 542 262 634 728 592 
stack 19:    45 569 635 828 37 613 678 
stack 20:    647 929 165 41 979 252 118 
stack 21:    833 730 766 115 266 533 941 
stack 22:    527 662 819 663 531 783 450 
stack 23:    53 52 256 803 482 596 674 
stack 24:    467 276 687 477 361 557 363 
stack 25:    645 853 114 106 91 804 764 
stack 26:    492 762 745 900 408 481 710 
stack 27:    986 111 163 591 691 858 236 
stack 28:    949 401 340 726 74 47 834 
stack 29:    257 594 579 657 707 581 457 
stack 30:    815 268 989 31 194 883 173 
stack 31:    759 615 826 343 92 424 428 
stack 32:    64 655 757 869 472 372 56 
stack 33:    388 66 442 34 696 267 702 
stack 34:    270 679 200 39 345 196 703 
stack 35:    875 407 419 543 891 280 433 
stack 36:    688 247 223 811 310 290 170 
stack 37:    965 375 471 297 553 593 138 
stack 38:    823 73 199 994 735 847 100 
stack 39:    670 987 44 281 841 698 455 
stack 40:    180 595 624 825 556 732 377 
stack 41:    353 685 713 865 227 291 354 
stack 42:    389 143 786 680 597 105 717 
stack 43:    368 881 305 221 799 780 359 
stack 44:    381 654 415 661 185 835 792 
stack 45:    566 312 287 817 734 857 452 
stack 46:    55 473 108 604 68 71 198 
stack 47:    183 672 385 298 61 814 63 
stack 48:    192 954 852 742 910 561 966 
stack 49:    549 395 951 351 982 123 636 
stack 50:    103 727 952 155 411 755 89 
stack 51:    494 673 197 321 851 72 288 
stack 52:    329 970 686 413 681 769 915 
stack 53:    917 286 733 934 387 333 950 
stack 54:    884 235 690 220 640 431 741 
stack 55:    614 560 65 315 918 620 202 
stack 56:    779 215 58 911 293 62 894 
stack 57:    798 568 813 186 130 344 806 
stack 58:    250 964 109 456 932 748 468 
stack 59:    176 946 144 689 744 824 325 
stack 60:    725 348 491 747 974 820 88 
stack 61:    773 148 684 628 153 838 736 
stack 62:    752 642 87 646 237 405 957 
stack 63:    718 936 682 897 632 921 889 
stack 64:    152 497 110 926 781 796 830 
stack 65:    225 904 80 756 899 903 188 
stack 66:    445 996 129 308 156 86 436 
stack 67:    486 967 659 953 274 912 572 
stack 68:    914 720 277 584 920 791 416 
stack 69:    893 104 802 203 863 331 289 
stack 70:    150 282 386 441 898 402 943 
stack 71:    365 93 574 928 242 719 141 
stack 72:    253 228 78 795 99 876 90 
stack 73:    651 371 379 603 821 775 598 
stack 74:    449 871 666 675 189 440 417 
stack 75:    633 101 239 314 83 128 390 
stack 76:    0 
stack 77:    501 1 
stack 78:    2 502 
stack 79:    503 
stack 80:    7 29 504 845 
stack 81:    6 505 539 746 8 16 665 
stack 82:    671 507 511 384 506 98 10 
stack 83:    352 668 240 32 550 721 516 
stack 84:    854 69 512 509 172 724 622 
stack 85:    627 518 716 534 174 25 565 
stack 86:    15 358 211 529 532 519 513 
stack 87:    515 658 17 271 909 849 23 
stack 88:    82 664 589 303 470 460 538 
stack 89:    96 496 35 760 816 367 339 
stack 90:    578 134 801 356 350 489 712 
stack 91:    43 930 260 552 892 33 714 
stack 92:    540 576 812 465 19 461 313 
stack 93:    21 318 525 272 207 259 454 
stack 94:    42 139 311 423 451 985 955 
stack 95:    548 537 112 285 160 40 754 
stack 96:    326 993 522 57 981 606 523 
stack 97:    896 140 607 541 844 977 392 
stack 98:    357 46 761 59 24 758 430 
stack 99:    536 973 374 778 923 978 466 
stack 100:    300 131 391 394 168 275 958 
stack 101:    316 30 939 864 397 36 777 
stack 102:    530 269 631 403 648 573 551 
stack 103:    564 485 843 187 97 743 625 
stack 104:    210 382 554 76 545 38 935 
stack 105:    283 805 254 446 206 794 278 
stack 106:    731 330 956 133 585 137 753 
stack 107:    175 84 544 193 789 887 479 
stack 108:    776 976 942 50 800 558 404 
stack 109:    324 972 474 937 738 116 856 
stack 110:    861 848 587 873 161 119 793 
stack 111:    650 171 831 422 224 409 872 
stack 112:    399 960 490 244 79 380 265 
stack 113:    599 294 85 420 827 258 988 
stack 114:    212 124 77 378 347 447 782 
stack 115:    995 559 605 810 54 142 630 
stack 116:    980 279 251 292 376 483 563 
stack 117:    484 609 469 729 162 772 571 
stack 118:    113 839 874 829 145 660 608 
stack 119:    888 51 191 178 612 715 683 
stack 120:    370 338 182 669 48 547 919 
stack 121:    962 878 905 396 610 693 808 
stack 122:    582 136 644 414 304 393 704 
stack 123:    859 369 346 425 771 184 309 
stack 124:    364 362 383 991 870 749 947 
stack 125:    167 327 600 231 770 837 836 
stack 126:    498 219 232 700 166 81 862 
stack 127:    398 774 204 366 992 706 463 
stack 128:    902 213 478 739 944 933 617 
stack 129:    697 146 629 879 938 790 711 
stack 130:    296 328 705 453 229 299 880 
stack 131:    122 349 246 205 464 208 499 
stack 132:    885 216 818 264 740 336 797 
stack 133:    179 135 125 149 60 121 319 
stack 134:    701 850 925 768 169 238 233 
stack 135:    901 217 601 435 406 255 306 
stack 136:    70 462 567 245 602 575 997 
stack 137:    583 927 860 846 360 984 877 
stack 138:    230 619 767 621 317 222 301 
stack 139:    195 907 332 643 355 341 323 
stack 140:    750 723 807 151 302 249 611 
stack 141:    164 940 426 132 322 998 577 
stack 142:    480 990 842 439 159 209 983 
stack 143:    959 890 67 334 722 444 157 
stack 144:    214 840 638 618 261 373 623 
stack 145:    226 924 458 637 709 580 999 
stack 146:    649 335 307 868 968 241 117 
stack 147:    201 263 692 963 906 737 127 
stack 148:    699 922 765 412 418 784 586 
stack 149:    337 961 295 908 190 154 342 
stack 150:    102 751 652 218 916 126 243 
