lower bound for relaxed s_ij: 1291104.18

#####################################################

solved with: SP.mip_formulations.BinPackingFormulation
time limit: 1800.0 s
time to solve: 1814,25 s (time limit exceeded)
objective value: 1306635.33 (not optimal)

stacks (top to bottom):
stack 0:    510 3 0 1 8 507 2 
stack 1:    28 23 19 27 486 12 4 
stack 2:    17 5 15 10 14 9 6 
stack 3:    32 20 24 11 38 501 35 
stack 4:    22 505 33 16 51 509 26 
stack 5:    30 502 18 64 34 50 53 
stack 6:    37 31 52 45 44 36 39 
stack 7:    97 85 41 78 25 81 75 
stack 8:    68 61 49 43 63 67 42 
stack 9:    521 99 110 46 513 86 54 
stack 10:    55 57 73 48 71 80 59 
stack 11:    65 60 47 93 66 77 84 
stack 12:    88 83 69 74 94 92 70 
stack 13:    96 79 56 91 102 82 89 
stack 14:    528 72 108 114 113 120 90 
stack 15:    87 127 115 132 129 128 116 
stack 16:    152 109 508 153 103 98 141 
stack 17:    119 107 106 101 133 117 118 
stack 18:    182 100 181 178 175 160 136 
stack 19:    112 126 105 125 123 124 111 
stack 20:    137 140 130 146 121 142 139 
stack 21:    104 148 134 504 131 147 149 
stack 22:    163 158 135 171 162 154 515 
stack 23:    161 157 169 145 166 138 167 
stack 24:    172 151 143 159 498 168 165 
stack 25:    526 170 150 199 184 164 516 
stack 26:    176 503 195 191 183 189 186 
stack 27:    173 198 180 177 196 187 200 
stack 28:    202 190 212 205 517 204 188 
stack 29:    206 211 201 185 218 216 511 
stack 30:    239 192 244 221 210 238 209 
stack 31:    208 219 523 220 236 207 233 
stack 32:    234 518 229 203 225 222 241 
stack 33:    634 249 287 194 613 597 288 
stack 34:    506 224 235 254 213 253 230 
stack 35:    250 226 215 251 247 228 76 
stack 36:    232 265 231 242 255 246 285 
stack 37:    282 266 289 257 256 267 283 
stack 38:    217 296 292 264 259 284 273 
stack 39:    270 268 237 248 263 261 272 
stack 40:    295 271 301 311 305 269 795 
stack 41:    300 280 275 274 258 293 294 
stack 42:    327 286 308 260 314 302 297 
stack 43:    303 290 276 298 310 306 281 
stack 44:    524 530 329 321 277 309 279 
stack 45:    304 340 345 317 350 347 731 
stack 46:    325 320 336 318 307 299 334 
stack 47:    578 565 312 324 341 313 351 
stack 48:    326 332 331 322 319 357 522 
stack 49:    363 353 337 328 323 342 737 
stack 50:    537 339 335 333 346 343 348 
stack 51:    369 354 374 373 359 562 545 
stack 52:    566 378 372 361 349 576 567 
stack 53:    365 393 366 388 377 853 765 
stack 54:    385 360 380 379 389 387 371 
stack 55:    395 403 381 401 364 398 390 
stack 56:    686 413 382 367 394 428 691 
stack 57:    408 397 399 402 409 392 384 
stack 58:    418 391 406 416 410 415 417 
stack 59:    407 400 427 405 404 419 744 
stack 60:    439 431 411 437 443 858 442 
stack 61:    426 386 422 420 414 425 424 
stack 62:    625 444 423 448 433 396 441 
stack 63:    456 458 449 445 438 434 412 
stack 64:    455 447 451 429 673 648 446 
stack 65:    460 430 474 459 465 470 462 
stack 66:    485 450 492 490 436 487 457 
stack 67:    580 473 453 479 478 482 483 
stack 68:    496 493 452 472 494 495 488 
stack 69:    780 768 703 461 467 491 497 
stack 70:    909 734 476 463 512 500 468 
stack 71:    676 649 626 699 499 464 514 
stack 72:    710 740 606 477 525 475 618 
stack 73:    859 480 471 944 916 880 728 
stack 74:    723 668 519 481 539 538 585 
stack 75:    599 575 484 536 532 607 594 
stack 76:    529 543 546 541 
stack 77:    531 542 544 535 552 547 
stack 78:    557 549 550 534 548 
stack 79:    570 551 564 553 571 
stack 80:    569 591 527 568 560 
stack 81:    556 563 559 554 
stack 82:    577 600 555 586 601 
stack 83:    558 572 581 579 574 583 
stack 84:    7 598 608 573 621 604 
stack 85:    647 605 640 584 
stack 86:    603 592 595 582 589 588 
stack 87:    677 587 635 632 627 692 617 
stack 88:    13 610 590 616 612 593 619 
stack 89:    665 685 596 630 667 664 651 
stack 90:    609 631 622 629 620 
stack 91:    656 672 614 655 641 611 624 
stack 92:    639 623 646 633 642 615 637 
stack 93:    659 660 645 602 643 
stack 94:    669 644 636 657 638 654 658 
stack 95:    678 674 653 662 675 
stack 96:    520 671 721 628 720 690 
stack 97:    693 663 650 661 666 
stack 98:    21 697 696 680 683 
stack 99:    713 681 679 716 707 706 689 
stack 100:    702 705 652 719 695 698 
stack 101:    701 704 687 684 682 700 708 
stack 102:    711 729 688 670 715 725 
stack 103:    724 735 727 694 726 714 
stack 104:    29 742 732 730 709 
stack 105:    759 760 741 718 748 746 
stack 106:    712 771 762 745 733 772 
stack 107:    764 763 752 722 757 
stack 108:    738 751 736 770 758 739 
stack 109:    779 774 749 755 775 754 743 
stack 110:    782 766 761 783 753 747 773 
stack 111:    789 750 756 788 781 533 
stack 112:    40 807 815 810 820 769 
stack 113:    834 804 894 776 817 908 
stack 114:    540 796 806 785 798 777 814 
stack 115:    793 831 808 799 803 790 832 
stack 116:    824 813 829 797 787 835 794 
stack 117:    847 778 869 828 825 878 841 
stack 118:    818 809 812 821 792 802 801 
stack 119:    830 845 840 800 837 854 
stack 120:    843 805 839 842 826 855 
stack 121:    833 816 811 822 823 844 846 
stack 122:    836 857 850 852 
stack 123:    848 862 865 851 870 868 864 
stack 124:    881 838 872 860 884 867 
stack 125:    912 923 879 915 861 917 873 
stack 126:    927 849 913 887 882 928 899 
stack 127:    877 876 875 863 866 886 874 
stack 128:    888 898 889 907 895 890 883 
stack 129:    901 871 914 897 905 
stack 130:    892 934 885 941 942 893 926 
stack 131:    903 951 906 891 
stack 132:    896 929 900 935 919 932 921 
stack 133:    58 945 918 937 910 954 911 
stack 134:    904 956 947 936 957 955 950 
stack 135:    949 922 960 946 962 920 938 
stack 136:    930 967 939 966 952 948 970 
stack 137:    971 943 986 987 979 940 924 
stack 138:    978 925 969 983 964 973 975 
stack 139:    992 997 974 953 976 984 561 
stack 140:    963 995 972 965 931 989 62 
stack 141:    902 432 988 982 959 990 981 
stack 142:    999 994 977 998 993 968 985 
stack 143:    933 961 827 791 980 991 
stack 144:    958 344 819 786 784 856 996 
stack 145:    358 767 717 489 376 356 469 
stack 146:    440 383 466 454 330 435 421 
stack 147:    355 338 368 252 370 362 375 
stack 148:    316 315 291 227 223 179 95 
stack 149:    245 197 156 278 243 174 155 
stack 150:    193 122 240 214 144 352 262 

#####################################################

solved with: SP.constructive_heuristics.GeneralHeuristic
time limit: 1800.0 s
time to solve: 0,01 s
objective value: 1337123.16

stacks (top to bottom):
stack 0:    704 684 837 80 178 160 200 
stack 1:    768 971 237 56 941 583 998 
stack 2:    291 848 524 722 794 132 351 
stack 3:    323 960 875 242 509 890 908 
stack 4:    859 626 99 903 54 128 6 
stack 5:    978 674 461 299 379 281 667 
stack 6:    338 386 592 391 38 564 387 
stack 7:    249 449 308 642 810 82 781 
stack 8:    849 906 475 342 617 757 795 
stack 9:    329 729 458 381 952 181 4 
stack 10:    257 498 420 138 897 682 254 
stack 11:    58 791 340 87 573 259 139 
stack 12:    397 69 268 47 785 574 142 
stack 13:    13 557 796 652 636 730 154 
stack 14:    245 315 508 892 33 666 390 
stack 15:    221 605 900 640 309 970 989 
stack 16:    450 518 901 871 615 12 90 
stack 17:    239 685 364 478 825 59 118 
stack 18:    578 32 696 91 487 604 880 
stack 19:    830 809 484 491 990 698 905 
stack 20:    155 223 150 251 835 839 765 
stack 21:    176 631 433 962 726 468 230 
stack 22:    103 305 105 747 745 844 613 
stack 23:    735 776 817 412 931 658 841 
stack 24:    703 582 191 44 915 973 149 
stack 25:    276 265 452 762 310 67 442 
stack 26:    764 742 752 212 910 494 883 
stack 27:    933 107 736 36 554 479 700 
stack 28:    172 106 37 800 790 586 944 
stack 29:    23 472 204 619 196 273 469 
stack 30:    963 738 30 778 100 424 435 
stack 31:    827 451 411 720 164 9 384 
stack 32:    577 453 503 222 124 612 284 
stack 33:    97 761 881 311 662 571 673 
stack 34:    786 40 68 434 406 506 267 
stack 35:    28 894 847 465 620 500 533 
stack 36:    885 611 946 877 589 341 507 
stack 37:    780 510 140 300 16 429 14 
stack 38:    958 460 108 486 166 770 661 
stack 39:    625 986 61 570 263 111 867 
stack 40:    282 83 289 865 987 914 346 
stack 41:    152 816 5 527 115 695 236 
stack 42:    528 395 327 319 34 584 238 
stack 43:    376 271 17 951 627 141 561 
stack 44:    454 202 845 812 248 953 798 
stack 45:    378 333 438 459 213 50 878 
stack 46:    783 595 3 52 553 756 188 
stack 47:    824 672 471 380 26 873 921 
stack 48:    819 961 610 312 499 401 846 
stack 49:    211 445 994 688 852 706 576 
stack 50:    679 836 705 860 808 690 731 
stack 51:    818 304 207 853 370 585 375 
stack 52:    753 543 195 750 512 70 772 
stack 53:    804 104 369 558 616 272 218 
stack 54:    227 526 407 712 651 932 597 
stack 55:    834 665 663 694 194 483 136 
stack 56:    519 939 45 39 343 416 601 
stack 57:    455 982 590 220 517 409 347 
stack 58:    723 243 614 439 628 334 744 
stack 59:    192 287 754 714 302 262 728 
stack 60:    489 789 266 31 203 49 425 
stack 61:    320 274 121 185 956 113 514 
stack 62:    426 856 206 603 0 799 144 
stack 63:    156 797 771 8 942 359 417 
stack 64:    20 967 444 173 198 715 398 
stack 65:    252 208 641 337 290 219 93 
stack 66:    355 693 879 869 755 457 607 
stack 67:    668 85 430 63 940 758 297 
stack 68:    358 339 403 229 563 868 497 
stack 69:    997 659 505 143 862 629 984 
stack 70:    496 542 199 405 66 581 743 
stack 71:    699 135 544 857 983 866 882 
stack 72:    606 226 632 959 269 419 62 
stack 73:    575 432 41 72 64 769 864 
stack 74:    7 244 201 955 538 545 588 
stack 75:    580 766 74 423 306 637 371 
stack 76:    197 473 774 529 117 175 428 
stack 77:    587 217 292 608 366 377 350 
stack 78:    383 55 918 534 349 924 283 
stack 79:    763 170 709 821 823 842 855 
stack 80:    677 477 535 733 516 874 926 
stack 81:    649 119 65 148 947 42 89 
stack 82:    440 413 896 481 470 415 75 
stack 83:    988 492 130 159 559 167 511 
stack 84:    934 79 11 125 436 895 917 
stack 85:    368 485 650 645 256 725 708 
stack 86:    710 540 767 760 247 345 431 
stack 87:    22 678 549 422 872 996 102 
stack 88:    784 250 635 721 741 129 233 
stack 89:    949 399 523 146 680 746 991 
stack 90:    521 295 215 657 792 504 187 
stack 91:    278 566 19 646 751 670 209 
stack 92:    600 326 555 664 775 285 53 
stack 93:    95 740 671 655 644 719 495 
stack 94:    686 163 88 937 77 392 916 
stack 95:    843 400 904 806 293 396 648 
stack 96:    676 330 456 609 622 464 84 
stack 97:    182 749 840 235 114 253 832 
stack 98:    408 325 718 748 826 446 594 
stack 99:    701 382 727 965 462 567 288 
stack 100:    702 365 363 876 231 255 488 
stack 101:    972 414 861 180 919 189 546 
stack 102:    734 18 322 929 25 394 739 
stack 103:    157 234 354 318 404 205 920 
stack 104:    681 711 807 889 935 522 421 
stack 105:    356 353 110 98 317 692 618 
stack 106:    537 190 598 624 388 976 120 
stack 107:    92 361 169 133 131 803 443 
stack 108:    21 303 759 493 653 441 788 
stack 109:    713 158 134 448 977 562 938 
stack 110:    161 321 815 828 539 630 482 
stack 111:    992 525 980 621 184 116 362 
stack 112:    153 669 922 301 298 822 593 
stack 113:    122 902 623 275 551 210 948 
stack 114:    909 193 724 286 936 501 547 
stack 115:    179 565 639 863 127 515 240 
stack 116:    530 888 811 572 689 950 552 
stack 117:    78 995 332 410 966 357 214 
stack 118:    344 480 805 46 10 560 884 
stack 119:    697 633 602 177 147 993 314 
stack 120:    447 232 833 112 165 389 294 
stack 121:    599 912 851 71 802 246 352 
stack 122:    418 999 427 123 870 957 2 
stack 123:    945 831 225 48 683 313 907 
stack 124:    634 137 490 372 550 979 814 
stack 125:    793 502 476 277 279 541 81 
stack 126:    927 569 385 467 913 162 981 
stack 127:    969 402 261 373 964 854 35 
stack 128:    647 57 923 596 331 820 985 
stack 129:    717 930 782 280 183 643 968 
stack 130:    813 829 732 324 307 51 76 
stack 131:    925 101 27 660 579 850 975 
stack 132:    787 264 591 171 15 568 899 
stack 133:    779 96 393 86 513 891 911 
stack 134:    151 556 335 73 687 260 858 
stack 135:    466 174 94 838 145 474 348 
stack 136:    60 716 258 773 374 216 886 
stack 137:    109 296 437 228 532 887 737 
stack 138:    29 520 328 336 1 801 186 
stack 139:    316 270 974 675 638 654 954 
stack 140:    943 126 707 691 
stack 141:    656 531 360 777 536 
stack 142:    24 893 241 
stack 143:    367 548 
stack 144:    898 224 928 
stack 145:    168 
stack 146:    463 
stack 147:    43 
stack 148:    
stack 149:    
stack 150:    
