lower bound for relaxed s_ij: 1291105.44

#####################################################

solved with: SP.mip_formulations.BinPackingFormulation
time limit: 1800.0 s
time to solve: 1809,67 s (time limit exceeded)
objective value: 1301072.25 (not optimal)

stacks (top to bottom):
stack 0:    20 17 0 8 21 13 3 
stack 1:    16 15 7 1 2 25 10 
stack 2:    19 35 32 31 9 505 5 
stack 3:    30 18 12 512 57 34 11 
stack 4:    36 501 69 4 61 514 48 
stack 5:    44 24 22 38 26 14 45 
stack 6:    47 23 37 28 41 27 33 
stack 7:    55 49 46 56 64 29 59 
stack 8:    62 51 50 6 508 53 502 
stack 9:    68 83 42 522 97 520 70 
stack 10:    96 39 519 84 542 77 63 
stack 11:    87 52 54 86 73 67 95 
stack 12:    125 101 65 88 507 100 91 
stack 13:    515 102 74 79 93 75 71 
stack 14:    89 99 80 123 106 137 98 
stack 15:    129 76 113 130 135 139 108 
stack 16:    127 124 120 118 109 122 81 
stack 17:    529 114 111 119 110 92 527 
stack 18:    121 144 503 105 136 131 90 
stack 19:    140 117 133 112 107 126 146 
stack 20:    157 539 152 103 134 158 148 
stack 21:    543 116 165 164 549 179 151 
stack 22:    145 538 153 570 128 154 190 
stack 23:    178 169 160 163 147 149 143 
stack 24:    185 181 150 156 188 173 192 
stack 25:    183 182 168 177 176 159 180 
stack 26:    184 195 174 132 504 189 194 
stack 27:    582 204 155 197 167 210 193 
stack 28:    172 161 221 657 589 563 575 
stack 29:    170 222 500 202 257 224 214 
stack 30:    213 198 186 212 196 205 207 
stack 31:    227 225 506 216 228 191 219 
stack 32:    234 201 516 206 226 223 199 
stack 33:    233 521 231 245 242 208 220 
stack 34:    243 237 232 200 230 253 250 
stack 35:    247 240 217 602 264 235 636 
stack 36:    236 265 262 249 259 272 251 
stack 37:    254 284 238 277 256 273 258 
stack 38:    281 280 255 288 266 548 306 
stack 39:    285 279 267 244 271 270 275 
stack 40:    286 268 291 283 260 645 290 
stack 41:    310 523 261 274 293 296 292 
stack 42:    327 675 533 269 314 278 560 
stack 43:    316 302 276 303 309 322 305 
stack 44:    312 325 289 287 313 330 324 
stack 45:    319 282 329 297 295 300 334 
stack 46:    337 323 315 298 301 340 328 
stack 47:    709 318 378 342 751 696 350 
stack 48:    537 332 308 349 338 299 341 
stack 49:    333 331 339 321 348 347 345 
stack 50:    356 311 382 351 561 357 578 
stack 51:    360 374 368 343 355 371 335 
stack 52:    375 353 363 365 344 372 352 
stack 53:    376 359 391 354 361 397 731 
stack 54:    377 381 373 362 383 390 387 
stack 55:    384 395 364 392 370 358 396 
stack 56:    385 403 400 389 573 532 585 
stack 57:    366 424 407 423 554 416 388 
stack 58:    628 611 404 394 386 410 398 
stack 59:    414 393 435 408 413 418 598 
stack 60:    768 421 406 440 735 714 550 
stack 61:    448 428 431 417 427 415 437 
stack 62:    425 419 433 432 454 557 420 
stack 63:    442 426 449 445 450 455 434 
stack 64:    458 452 436 438 451 461 447 
stack 65:    546 443 446 439 463 460 577 
stack 66:    475 466 468 444 482 481 470 
stack 67:    462 477 476 465 467 472 480 
stack 68:    744 491 471 534 606 803 748 
stack 69:    459 478 509 486 469 484 631 
stack 70:    567 490 479 496 489 473 492 
stack 71:    691 687 671 488 498 474 680 
stack 72:    485 487 494 499 497 483 495 
stack 73:    597 665 658 656 594 493 639 
stack 74:    626 624 583 625 580 518 526 
stack 75:    629 616 576 579 535 540 531 
stack 76:    525 528 545 510 
stack 77:    555 524 551 
stack 78:    536 559 530 
stack 79:    547 590 553 
stack 80:    565 564 558 552 544 
stack 81:    566 571 562 
stack 82:    587 574 556 596 568 
stack 83:    572 595 588 592 
stack 84:    581 593 584 601 
stack 85:    607 637 614 609 
stack 86:    620 603 618 569 600 
stack 87:    623 586 615 612 610 
stack 88:    635 638 633 599 511 
stack 89:    513 613 634 608 591 
stack 90:    617 627 632 642 619 646 
stack 91:    653 652 641 644 643 604 640 
stack 92:    649 648 621 659 622 605 
stack 93:    654 630 650 661 655 517 
stack 94:    664 651 647 679 660 667 
stack 95:    672 669 662 
stack 96:    694 663 677 685 668 681 
stack 97:    697 683 673 682 702 700 
stack 98:    710 721 666 674 
stack 99:    676 678 670 711 698 
stack 100:    693 686 692 688 699 684 
stack 101:    690 712 706 705 689 701 
stack 102:    541 717 707 695 716 708 704 
stack 103:    732 722 727 730 720 725 724 
stack 104:    713 738 726 743 728 715 719 
stack 105:    733 734 741 729 742 718 737 
stack 106:    756 747 769 765 736 723 774 
stack 107:    762 753 745 750 763 759 739 
stack 108:    778 703 779 770 749 780 758 
stack 109:    43 746 764 757 755 760 740 
stack 110:    791 767 788 752 772 771 761 
stack 111:    783 782 784 796 766 775 790 
stack 112:    792 785 815 754 776 798 812 
stack 113:    40 797 809 801 793 773 806 
stack 114:    811 808 789 777 787 794 786 
stack 115:    838 800 843 795 781 818 810 
stack 116:    799 805 819 804 802 813 821 
stack 117:    832 807 835 822 830 816 814 
stack 118:    847 840 837 848 842 841 817 
stack 119:    823 833 820 831 836 829 839 
stack 120:    826 827 825 846 844 834 828 
stack 121:    862 863 850 845 864 860 856 
stack 122:    872 867 855 851 861 824 857 
stack 123:    858 870 854 885 883 853 859 
stack 124:    849 852 894 866 882 914 895 
stack 125:    873 884 879 878 869 868 874 
stack 126:    881 880 890 886 865 871 875 
stack 127:    891 893 887 896 876 877 900 
stack 128:    888 905 903 901 908 889 892 
stack 129:    898 926 927 918 897 920 924 
stack 130:    910 899 912 907 911 915 921 
stack 131:    944 917 928 916 904 923 902 
stack 132:    942 909 950 949 922 925 947 
stack 133:    919 935 929 951 932 934 906 
stack 134:    913 948 943 956 931 952 930 
stack 135:    958 937 959 940 939 965 964 
stack 136:    955 962 954 953 945 946 936 
stack 137:    960 977 973 967 961 938 966 
stack 138:    993 968 975 970 941 991 989 
stack 139:    980 969 979 972 963 957 933 
stack 140:    974 984 994 982 983 971 997 
stack 141:    317 981 987 995 976 978 999 
stack 142:    464 456 986 992 985 998 457 
stack 143:    441 402 379 307 429 346 988 
stack 144:    453 380 320 411 304 990 248 
stack 145:    430 399 326 412 409 405 229 
stack 146:    422 239 369 252 66 996 401 
stack 147:    367 336 203 142 294 263 60 
stack 148:    209 104 246 58 241 218 166 
stack 149:    215 94 211 175 171 72 187 
stack 150:    82 141 78 162 138 115 85 

#####################################################

solved with: SP.constructive_heuristics.GeneralHeuristic
time limit: 1800.0 s
time to solve: 0,01 s
objective value: 1333384.14

stacks (top to bottom):
stack 0:    862 68 785 391 894 711 59 
stack 1:    888 955 523 332 431 424 416 
stack 2:    282 96 765 9 392 992 606 
stack 3:    379 155 343 820 182 449 100 
stack 4:    893 156 44 147 979 871 14 
stack 5:    462 99 386 135 892 640 853 
stack 6:    849 807 863 695 126 612 158 
stack 7:    629 722 312 611 127 635 551 
stack 8:    576 320 281 49 6 84 735 
stack 9:    782 417 270 509 972 945 401 
stack 10:    15 83 553 700 951 97 224 
stack 11:    47 35 928 39 660 388 434 
stack 12:    867 677 408 518 846 463 371 
stack 13:    402 78 683 197 268 932 283 
stack 14:    994 878 131 112 259 532 396 
stack 15:    286 907 666 889 176 423 235 
stack 16:    583 394 690 56 512 864 192 
stack 17:    307 263 409 881 882 845 470 
stack 18:    381 819 632 621 730 592 775 
stack 19:    616 478 149 223 330 740 348 
stack 20:    456 801 316 935 960 373 759 
stack 21:    475 687 36 444 835 707 925 
stack 22:    441 58 114 81 249 25 824 
stack 23:    369 904 886 107 875 146 714 
stack 24:    82 304 243 130 638 702 166 
stack 25:    280 436 996 351 251 636 77 
stack 26:    709 246 412 69 895 57 803 
stack 27:    411 237 840 717 659 493 693 
stack 28:    546 225 181 537 595 90 21 
stack 29:    254 975 111 914 527 250 947 
stack 30:    756 787 976 134 440 5 719 
stack 31:    937 128 757 177 174 273 499 
stack 32:    838 525 826 729 497 262 418 
stack 33:    326 579 898 485 808 647 586 
stack 34:    448 31 143 151 357 264 828 
stack 35:    346 727 590 588 67 460 241 
stack 36:    186 443 556 566 884 794 920 
stack 37:    958 899 238 734 13 345 681 
stack 38:    656 276 355 413 48 253 138 
stack 39:    538 52 22 954 188 364 349 
stack 40:    161 61 815 110 314 328 480 
stack 41:    317 905 535 469 708 953 615 
stack 42:    872 697 477 28 725 296 115 
stack 43:    713 950 634 400 482 324 455 
stack 44:    543 694 245 510 27 739 861 
stack 45:    665 603 153 75 883 563 575 
stack 46:    294 479 746 633 221 291 517 
stack 47:    323 172 676 524 906 481 698 
stack 48:    458 50 86 896 219 207 45 
stack 49:    227 302 80 331 825 10 699 
stack 50:    62 414 987 274 988 842 688 
stack 51:    380 617 452 217 471 437 598 
stack 52:    732 903 922 297 387 946 33 
stack 53:    768 658 405 781 378 210 154 
stack 54:    891 917 101 32 623 382 839 
stack 55:    19 125 784 503 726 995 601 
stack 56:    229 909 654 383 813 347 540 
stack 57:    691 7 521 231 773 657 361 
stack 58:    823 890 407 564 244 531 718 
stack 59:    102 393 377 329 372 704 933 
stack 60:    762 376 993 866 488 473 680 
stack 61:    873 51 428 165 591 534 963 
stack 62:    703 628 476 333 569 952 334 
stack 63:    811 353 620 200 961 309 646 
stack 64:    239 384 88 103 957 631 341 
stack 65:    374 833 446 123 562 511 859 
stack 66:    770 105 212 445 202 856 457 
stack 67:    990 325 8 943 650 609 398 
stack 68:    580 74 962 46 267 743 415 
stack 69:    247 157 269 796 938 836 810 
stack 70:    430 252 984 942 293 918 817 
stack 71:    453 284 967 64 915 492 696 
stack 72:    171 788 419 599 970 410 290 
stack 73:    233 783 288 716 389 159 701 
stack 74:    66 777 366 240 723 578 965 
stack 75:    93 672 851 956 2 139 548 
stack 76:    60 625 467 71 931 193 589 
stack 77:    360 0 605 758 508 370 505 
stack 78:    145 594 969 451 495 275 821 
stack 79:    209 797 18 30 318 92 998 
stack 80:    234 799 793 289 494 573 502 
stack 81:    142 301 968 682 674 522 258 
stack 82:    744 733 122 570 760 362 571 
stack 83:    506 565 365 306 806 335 812 
stack 84:    981 459 622 642 427 610 841 
stack 85:    255 651 916 311 568 857 162 
stack 86:    104 315 298 119 934 194 3 
stack 87:    76 870 641 287 869 829 639 
stack 88:    496 516 279 196 308 822 879 
stack 89:    791 513 113 764 91 554 11 
stack 90:    265 805 435 627 344 136 774 
stack 91:    529 779 310 536 498 342 798 
stack 92:    43 213 285 750 685 322 549 
stack 93:    541 673 79 772 483 557 187 
stack 94:    832 169 163 897 271 930 63 
stack 95:    94 117 173 164 877 602 218 
stack 96:    528 545 504 339 834 199 924 
stack 97:    399 980 277 885 712 520 397 
stack 98:    597 42 190 432 997 95 420 
stack 99:    944 664 769 116 686 137 985 
stack 100:    72 778 368 911 489 982 689 
stack 101:    367 464 910 340 941 989 790 
stack 102:    201 216 804 487 705 106 971 
stack 103:    118 837 438 766 299 692 936 
stack 104:    183 55 206 295 780 900 98 
stack 105:    195 948 593 230 450 661 844 
stack 106:    663 54 940 390 352 585 248 
stack 107:    795 721 1 959 266 684 964 
stack 108:    974 710 607 256 921 514 645 
stack 109:    356 327 926 205 814 816 724 
stack 110:    184 913 12 643 354 260 34 
stack 111:    468 17 648 486 668 179 550 
stack 112:    89 582 670 678 644 860 748 
stack 113:    539 747 152 966 600 655 472 
stack 114:    375 738 236 168 706 132 242 
stack 115:    587 679 865 38 507 338 542 
stack 116:    429 753 745 637 500 560 751 
stack 117:    337 652 581 831 313 731 350 
stack 118:    215 653 843 809 426 771 939 
stack 119:    204 855 501 109 912 559 272 
stack 120:    626 574 37 850 630 321 761 
stack 121:    848 876 619 558 715 608 358 
stack 122:    140 649 24 927 786 148 577 
stack 123:    847 65 319 736 406 519 999 
stack 124:    624 919 144 572 596 73 447 
stack 125:    986 167 359 754 278 257 70 
stack 126:    203 336 852 792 604 474 85 
stack 127:    170 442 854 929 977 614 763 
stack 128:    120 178 385 160 669 742 874 
stack 129:    198 421 23 827 973 41 737 
stack 130:    185 789 720 395 53 728 552 
stack 131:    422 124 671 613 20 675 133 
stack 132:    40 404 618 222 29 303 868 
stack 133:    141 121 533 749 802 830 300 
stack 134:    211 880 555 530 226 454 776 
stack 135:    901 261 741 439 189 305 902 
stack 136:    515 150 949 228 887 191 561 
stack 137:    567 466 767 752 755 983 667 
stack 138:    800 858 16 465 403 584 526 
stack 139:    908 363 26 461 923 484 544 
stack 140:    490 175 232 433 818 991 
stack 141:    129 547 425 4 214 
stack 142:    87 208 662 292 108 
stack 143:    220 
stack 144:    180 
stack 145:    491 978 
stack 146:    
stack 147:    
stack 148:    
stack 149:    
stack 150:    
