solved with: SP.post_optimization_methods.TabuSearch
time limit: 1800.0 s
time to solve: 661,53 s
objective value: 1291109.06

stacks (top to bottom):
stack 0:    0 500 
stack 1:    
stack 2:    502 
stack 3:    3 
stack 4:    4 
stack 5:    32 9 660 5 542 636 517 
stack 6:    799 506 535 133 507 976 508 
stack 7:    800 17 28 8 512 856 696 
stack 8:    756 566 931 548 460 10 859 
stack 9:    186 980 521 277 81 834 214 
stack 10:    838 15 167 12 951 260 224 
stack 11:    567 430 31 39 972 953 817 
stack 12:    281 496 850 518 677 861 846 
stack 13:    66 448 233 19 44 875 45 
stack 14:    367 254 477 820 64 29 194 
stack 15:    405 412 466 30 391 853 480 
stack 16:    543 157 804 930 350 828 457 
stack 17:    453 881 913 882 522 474 812 
stack 18:    20 707 819 730 775 592 520 
stack 19:    893 779 911 614 729 661 324 
stack 20:    47 140 789 319 927 786 396 
stack 21:    369 211 51 494 313 585 806 
stack 22:    974 93 973 706 492 645 639 
stack 23:    594 709 246 68 528 941 61 
stack 24:    546 150 848 708 605 126 615 
stack 25:    691 713 781 359 154 314 248 
stack 26:    683 197 42 268 92 932 563 
stack 27:    121 863 216 662 262 390 598 
stack 28:    407 988 715 53 484 143 158 
stack 29:    629 82 777 366 928 723 965 
stack 30:    227 837 274 395 814 692 936 
stack 31:    55 908 753 634 784 90 495 
stack 32:    664 478 88 451 149 348 223 
stack 33:    40 665 414 393 994 559 220 
stack 34:    611 310 265 444 802 173 357 
stack 35:    201 442 316 929 650 798 924 
stack 36:    89 318 670 678 644 57 85 
stack 37:    899 184 238 426 202 681 821 
stack 38:    975 111 700 481 250 59 947 
stack 39:    49 435 822 364 67 352 108 
stack 40:    172 161 968 553 815 110 210 
stack 41:    385 163 758 271 897 659 591 
stack 42:    422 697 654 222 725 776 115 
stack 43:    129 855 230 296 839 401 138 
stack 44:    78 791 694 245 273 657 454 
stack 45:    243 79 289 734 883 242 902 
stack 46:    294 633 386 410 291 895 97 
stack 47:    379 620 613 675 979 575 790 
stack 48:    171 50 86 896 219 207 667 
stack 49:    320 653 607 139 813 577 606 
stack 50:    156 780 596 923 945 235 714 
stack 51:    969 717 693 493 558 830 735 
stack 52:    732 178 905 922 188 829 740 
stack 53:    263 556 588 844 91 455 939 
stack 54:    411 733 880 80 705 763 701 
stack 55:    628 102 565 131 372 728 933 
stack 56:    229 120 169 181 593 389 920 
stack 57:    72 302 827 959 106 825 387 
stack 58:    276 130 788 419 599 970 914 
stack 59:    360 984 479 716 164 199 418 
stack 60:    376 993 866 488 473 934 680 
stack 61:    873 282 205 165 358 704 437 
stack 62:    744 583 722 237 446 189 322 
stack 63:    676 340 682 283 328 906 711 
stack 64:    576 847 901 770 695 303 179 
stack 65:    307 795 935 793 854 674 698 
stack 66:    891 888 101 623 871 392 998 
stack 67:    990 833 476 325 122 977 132 
stack 68:    441 323 767 641 755 938 371 
stack 69:    356 247 782 327 987 835 803 
stack 70:    624 582 937 590 403 573 719 
stack 71:    337 652 581 256 818 397 731 
stack 72:    404 465 757 177 869 589 218 
stack 73:    747 384 491 103 957 612 688 
stack 74:    326 94 261 745 741 499 180 
stack 75:    485 808 647 311 842 434 341 
stack 76:    
stack 77:    501 1 
stack 78:    2 
stack 79:    503 504 
stack 80:    6 505 724 
stack 81:    402 7 524 845 864 11 511 
stack 82:    104 807 727 510 989 609 514 
stack 83:    23 515 54 431 22 509 534 
stack 84:    380 459 765 622 642 26 544 
stack 85:    958 343 555 168 56 952 192 
stack 86:    547 315 331 128 760 13 420 
stack 87:    858 778 136 887 308 572 290 
stack 88:    635 603 516 663 196 469 305 
stack 89:    215 513 113 18 27 554 557 
stack 90:    200 884 52 24 954 14 415 
stack 91:    529 127 536 649 21 739 342 
stack 92:    16 878 206 743 112 259 532 
stack 93:    36 394 638 321 41 483 602 
stack 94:    525 135 287 530 498 432 997 
stack 95:    62 651 255 916 519 586 610 
stack 96:    239 286 155 630 545 540 166 
stack 97:    849 872 687 533 523 925 527 
stack 98:    671 832 643 221 354 34 470 
stack 99:    240 96 904 886 329 275 33 
stack 100:    58 962 983 526 759 25 100 
stack 101:    537 285 279 487 297 685 148 
stack 102:    43 145 541 955 750 892 971 
stack 103:    826 109 669 595 773 361 187 
stack 104:    452 35 408 621 424 38 992 
stack 105:    762 658 885 584 226 423 258 
stack 106:    252 805 926 244 564 720 463 
stack 107:    209 76 618 531 857 964 251 
stack 108:    616 421 213 811 617 84 471 
stack 109:    87 312 37 365 300 816 334 
stack 110:    198 898 75 400 482 445 874 
stack 111:    464 746 648 486 382 272 550 
stack 112:    539 152 600 655 306 824 472 
stack 113:    301 83 425 785 894 398 193 
stack 114:    456 375 738 538 749 447 868 
stack 115:    587 679 865 338 270 107 900 
stack 116:    579 429 909 46 860 560 751 
stack 117:    768 907 666 889 943 921 345 
stack 118:    797 809 843 772 771 497 561 
stack 119:    298 204 912 383 562 335 549 
stack 120:    626 867 823 764 836 416 985 
stack 121:    399 317 417 619 608 963 552 
stack 122:    142 801 960 231 915 123 668 
stack 123:    944 656 710 355 48 810 253 
stack 124:    280 436 996 406 841 370 578 
stack 125:    117 769 116 877 686 137 63 
stack 126:    203 336 852 792 604 551 433 
stack 127:    783 183 65 217 736 264 999 
stack 128:    917 377 288 159 347 330 241 
stack 129:    475 353 961 174 742 646 737 
stack 130:    60 627 269 787 794 461 134 
stack 131:    625 346 170 119 702 190 162 
stack 132:    374 752 368 182 601 689 98 
stack 133:    942 950 105 851 672 956 640 
stack 134:    234 74 949 267 632 349 95 
stack 135:    409 910 99 712 940 373 413 
stack 136:    225 160 381 228 147 77 684 
stack 137:    125 332 726 766 876 295 718 
stack 138:    580 363 890 428 299 568 946 
stack 139:    870 986 378 754 278 761 70 
stack 140:    185 981 458 879 339 249 257 
stack 141:    862 284 831 967 637 362 309 
stack 142:    673 69 570 467 208 292 631 
stack 143:    175 703 721 333 569 439 388 
stack 144:    840 574 236 212 995 71 146 
stack 145:    141 438 427 351 978 440 774 
stack 146:    597 124 690 489 982 571 699 
stack 147:    462 195 948 176 450 966 151 
stack 148:    490 304 114 118 232 991 748 
stack 149:    919 903 144 344 449 266 73 
stack 150:    468 153 443 796 293 191 918 

#####################################################

solved with: SP.post_optimization_methods.HillClimbing
time limit: 1800.0 s
time to solve: 424,47 s
objective value: 1291141.81

stacks (top to bottom):
stack 0:    0 500 
stack 1:    
stack 2:    502 
stack 3:    503 3 
stack 4:    4 
stack 5:    379 7 555 403 510 504 27 
stack 6:    479 506 508 507 972 372 5 
stack 7:    127 671 410 488 551 512 589 
stack 8:    19 9 84 963 14 612 735 
stack 9:    783 232 533 417 509 191 715 
stack 10:    629 15 700 398 560 224 11 
stack 11:    47 543 96 39 519 166 480 
stack 12:    807 385 518 956 13 249 997 
stack 13:    597 30 42 83 895 432 645 
stack 14:    950 584 132 330 345 259 455 
stack 15:    422 60 823 905 564 704 933 
stack 16:    651 605 865 953 434 251 790 
stack 17:    881 201 393 92 522 290 115 
stack 18:    635 276 788 907 970 702 882 
stack 19:    62 695 22 149 329 348 699 
stack 20:    286 935 316 960 943 526 235 
stack 21:    356 664 478 769 116 985 335 
stack 22:    611 994 28 231 81 25 548 
stack 23:    35 904 619 886 686 415 714 
stack 24:    466 778 638 854 977 148 457 
stack 25:    808 32 621 562 846 573 352 
stack 26:    974 899 795 343 630 41 322 
stack 27:    118 840 878 493 693 568 534 
stack 28:    799 620 265 46 649 176 447 
stack 29:    837 890 632 295 271 841 900 
stack 30:    234 574 269 216 487 439 861 
stack 31:    87 675 749 921 662 208 292 
stack 32:    826 230 449 742 262 305 681 
stack 33:    770 195 333 182 690 445 220 
stack 34:    140 705 741 189 73 701 902 
stack 35:    411 346 727 590 67 350 241 
stack 36:    312 102 37 566 667 806 418 
stack 37:    456 801 238 652 889 177 423 
stack 38:    547 298 99 135 498 934 194 
stack 39:    797 546 707 147 297 540 223 
stack 40:    94 687 181 186 163 759 450 
stack 41:    317 880 228 708 270 165 615 
stack 42:    153 444 443 607 75 853 575 
stack 43:    756 436 716 288 424 389 416 
stack 44:    458 50 86 596 133 107 207 
stack 45:    51 65 319 736 406 471 957 
stack 46:    281 49 663 796 766 296 585 
stack 47:    323 172 676 391 711 481 731 
stack 48:    74 850 310 188 896 461 219 
stack 49:    721 929 571 266 829 964 550 
stack 50:    261 787 642 976 552 978 440 
stack 51:    429 733 603 56 355 864 563 
stack 52:    399 233 617 452 996 586 134 
stack 53:    838 475 793 170 90 497 698 
stack 54:    917 101 623 427 351 817 63 
stack 55:    402 68 425 894 268 932 951 
stack 56:    490 464 114 722 908 433 991 
stack 57:    691 973 827 674 971 257 856 
stack 58:    888 213 178 414 200 786 927 
stack 59:    252 898 365 802 657 776 454 
stack 60:    744 800 374 378 111 154 751 
stack 61:    579 726 274 293 659 591 660 
stack 62:    873 703 476 831 569 483 857 
stack 63:    613 287 222 400 834 740 813 
stack 64:    567 576 211 782 88 282 103 
stack 65:    369 928 217 491 871 341 334 
stack 66:    713 572 730 202 725 966 763 
stack 67:    76 990 368 325 650 772 680 
stack 68:    82 785 167 599 815 214 250 
stack 69:    448 183 863 717 407 371 253 
stack 70:    944 175 847 120 962 363 918 
stack 71:    185 240 366 777 723 578 606 
stack 72:    239 916 685 830 300 179 859 
stack 73:    872 832 386 654 824 631 108 
stack 74:    171 124 227 775 146 437 158 
stack 75:    152 384 226 600 387 388 803 
stack 76:    
stack 77:    501 1 
stack 78:    2 
stack 79:    6 505 
stack 80:    538 8 
stack 81:    968 301 524 682 12 110 511 
stack 82:    307 515 901 122 260 492 187 
stack 83:    594 980 277 672 836 361 947 
stack 84:    430 459 206 431 244 26 610 
stack 85:    198 539 255 31 311 10 199 
stack 86:    336 412 246 109 331 553 818 
stack 87:    43 113 18 641 106 729 21 
stack 88:    405 516 20 523 308 938 33 
stack 89:    16 513 409 535 38 382 544 
stack 90:    353 435 627 136 344 588 514 
stack 91:    145 17 536 521 760 527 798 
stack 92:    40 819 750 879 313 460 517 
stack 93:    468 779 530 614 273 952 557 
stack 94:    36 23 743 780 897 930 598 
stack 95:    247 117 622 173 877 816 45 
stack 96:    525 528 93 545 961 339 520 
stack 97:    858 225 949 438 561 774 639 
stack 98:    981 131 44 24 554 532 143 
stack 99:    304 583 893 130 442 489 362 
stack 100:    104 529 121 911 982 940 396 
stack 101:    141 710 394 79 637 595 640 
stack 102:    958 910 318 340 941 119 57 
stack 103:    811 267 451 299 875 839 936 
stack 104:    280 144 648 848 592 495 549 
stack 105:    948 593 29 661 306 531 636 
stack 106:    762 376 315 161 993 866 906 
stack 107:    320 428 876 608 558 358 748 
stack 108:    697 404 477 752 959 739 390 
stack 109:    327 926 54 720 814 692 577 
stack 110:    337 913 643 354 473 474 34 
stack 111:    867 537 285 196 486 842 53 
stack 112:    89 670 197 61 314 328 162 
stack 113:    683 937 757 128 174 499 137 
stack 114:    624 294 375 236 52 706 324 
stack 115:    541 496 634 565 679 923 542 
stack 116:    66 55 789 647 395 728 724 
stack 117:    625 302 666 618 467 609 420 
stack 118:    462 843 653 139 689 939 965 
stack 119:    984 912 855 570 559 845 258 
stack 120:    626 884 556 883 851 696 85 
stack 121:    72 909 205 100 192 95 812 
stack 122:    157 747 484 264 357 151 828 
stack 123:    58 243 168 494 601 48 810 
stack 124:    732 746 633 221 291 210 924 
stack 125:    986 359 644 419 754 278 70 
stack 126:    791 580 169 279 794 821 874 
stack 127:    326 380 485 765 370 77 999 
stack 128:    942 805 835 242 892 91 868 
stack 129:    768 891 160 887 655 275 719 
stack 130:    229 332 408 988 383 347 920 
stack 131:    862 237 212 758 979 392 602 
stack 132:    367 360 581 885 669 463 472 
stack 133:    709 673 80 712 71 825 59 
stack 134:    142 203 792 852 604 761 397 
stack 135:    263 870 69 245 373 470 138 
stack 136:    587 987 112 164 945 688 998 
stack 137:    820 734 755 983 844 718 684 
stack 138:    254 582 975 781 190 914 989 
stack 139:    125 694 784 156 995 303 413 
stack 140:    421 150 256 64 869 668 737 
stack 141:    209 129 767 289 860 401 248 
stack 142:    903 955 738 922 804 946 98 
stack 143:    616 465 771 773 97 193 342 
stack 144:    215 809 321 931 309 272 180 
stack 145:    969 377 677 364 338 469 126 
stack 146:    849 78 919 822 381 954 349 
stack 147:    453 656 284 833 764 426 915 
stack 148:    665 204 184 678 283 925 218 
stack 149:    441 628 105 753 745 482 159 
stack 150:    658 155 446 967 123 646 992 
