lower bound for relaxed s_ij: 1291101.74

#####################################################

solved with: SP.mip_formulations.BinPackingFormulation
time limit: 1800.0 s
time to solve: 1810,66 s (time limit exceeded)
objective value: 1302176.34 (not optimal)

stacks (top to bottom):
stack 0:    9 0 10 2 15 11 16 
stack 1:    32 1 520 501 46 
stack 2:    24 67 6 42 27 504 516 
stack 3:    38 30 4 14 12 29 23 
stack 4:    25 5 44 13 45 28 22 
stack 5:    34 33 8 31 21 18 19 
stack 6:    49 58 37 26 17 48 57 
stack 7:    502 36 83 41 76 50 47 
stack 8:    63 60 39 40 64 59 55 
stack 9:    68 73 43 62 71 61 54 
stack 10:    78 82 72 65 66 77 79 
stack 11:    89 90 137 135 158 56 124 
stack 12:    97 52 92 500 81 95 88 
stack 13:    511 85 75 80 74 106 91 
stack 14:    107 108 70 96 100 86 102 
stack 15:    93 110 69 117 503 505 111 
stack 16:    136 141 132 513 118 87 116 
stack 17:    113 112 109 105 103 98 94 
stack 18:    114 128 119 104 121 123 127 
stack 19:    153 143 133 125 509 508 144 
stack 20:    142 115 150 130 152 151 126 
stack 21:    162 514 160 131 515 140 154 
stack 22:    138 525 533 178 177 168 529 
stack 23:    157 164 148 134 156 161 169 
stack 24:    548 175 139 182 166 183 180 
stack 25:    147 145 185 170 173 172 176 
stack 26:    188 163 506 146 179 187 165 
stack 27:    186 191 190 200 521 208 207 
stack 28:    189 197 194 510 198 203 205 
stack 29:    530 527 201 193 217 192 219 
stack 30:    532 206 243 196 260 216 545 
stack 31:    215 237 218 225 580 211 204 
stack 32:    236 223 228 528 232 202 231 
stack 33:    227 234 230 214 235 239 233 
stack 34:    252 242 226 224 259 210 247 
stack 35:    538 254 241 229 256 238 221 
stack 36:    248 269 245 249 255 253 268 
stack 37:    634 277 261 262 270 279 257 
stack 38:    244 272 276 264 251 273 271 
stack 39:    282 287 274 263 281 258 275 
stack 40:    289 288 280 290 266 285 283 
stack 41:    304 284 265 312 307 302 291 
stack 42:    299 309 295 303 293 292 323 
stack 43:    300 320 319 315 267 305 770 
stack 44:    310 294 301 313 311 286 296 
stack 45:    327 308 317 332 278 306 331 
stack 46:    333 322 297 329 335 314 334 
stack 47:    559 337 326 318 321 338 316 
stack 48:    325 372 349 345 351 340 344 
stack 49:    324 386 398 394 378 366 336 
stack 50:    352 350 360 346 328 361 684 
stack 51:    357 369 356 363 567 353 341 
stack 52:    347 358 343 342 594 359 348 
stack 53:    380 376 354 377 381 379 370 
stack 54:    362 399 385 367 364 400 395 
stack 55:    417 407 397 371 368 408 639 
stack 56:    438 454 430 391 373 568 414 
stack 57:    423 365 432 429 433 424 602 
stack 58:    393 392 384 389 388 382 387 
stack 59:    431 416 412 403 434 427 390 
stack 60:    425 436 406 452 415 396 439 
stack 61:    456 426 420 471 402 459 464 
stack 62:    562 405 446 440 411 451 561 
stack 63:    435 421 418 442 428 409 563 
stack 64:    443 453 413 410 404 449 445 
stack 65:    668 462 463 441 450 468 592 
stack 66:    489 476 419 744 737 480 812 
stack 67:    458 472 448 469 466 465 460 
stack 68:    482 481 484 467 474 470 461 
stack 69:    486 479 493 483 473 485 490 
stack 70:    499 498 447 495 478 494 492 
stack 71:    696 475 496 497 488 760 764 
stack 72:    625 714 705 699 736 487 624 
stack 73:    698 598 725 704 491 518 669 
stack 74:    605 617 622 526 519 623 596 
stack 75:    586 593 552 541 522 547 523 
stack 76:    517 531 544 
stack 77:    535 524 549 
stack 78:    555 553 
stack 79:    585 542 595 584 
stack 80:    554 557 551 3 
stack 81:    558 556 573 569 570 560 572 
stack 82:    565 574 587 546 575 
stack 83:    507 608 577 589 550 7 
stack 84:    583 588 564 582 579 
stack 85:    578 621 597 620 610 
stack 86:    591 576 637 618 604 
stack 87:    616 614 599 609 606 601 603 
stack 88:    600 611 581 590 607 
stack 89:    629 636 635 613 612 641 
stack 90:    512 640 615 649 648 683 646 
stack 91:    651 655 631 628 626 658 653 
stack 92:    659 619 666 652 632 647 
stack 93:    627 630 643 660 657 633 
stack 94:    664 656 644 642 654 638 663 
stack 95:    676 670 680 645 650 679 
stack 96:    678 706 687 673 672 695 
stack 97:    665 661 677 674 20 
stack 98:    723 697 675 717 694 667 691 
stack 99:    724 692 681 671 718 712 
stack 100:    688 690 686 703 682 700 
stack 101:    710 734 702 685 748 722 740 
stack 102:    713 709 711 707 689 716 
stack 103:    728 735 738 708 730 
stack 104:    729 715 742 726 719 
stack 105:    757 693 758 756 751 732 
stack 106:    739 759 753 727 745 733 
stack 107:    534 769 766 701 767 743 755 
stack 108:    721 720 731 771 768 752 747 
stack 109:    746 784 781 779 776 763 
stack 110:    539 762 778 750 777 749 786 
stack 111:    35 782 792 775 761 794 
stack 112:    537 765 785 780 799 773 788 
stack 113:    540 797 536 816 815 804 772 
stack 114:    869 879 774 840 805 861 
stack 115:    795 819 789 808 783 811 802 
stack 116:    818 817 814 820 798 801 793 
stack 117:    836 833 803 835 822 806 829 
stack 118:    823 854 843 796 809 807 848 
stack 119:    872 838 890 883 800 885 886 
stack 120:    825 831 821 845 830 846 832 
stack 121:    839 862 841 858 834 826 849 
stack 122:    857 859 824 842 827 867 864 
stack 123:    543 874 847 873 868 863 828 
stack 124:    860 853 844 865 856 837 852 
stack 125:    884 855 887 877 850 878 882 
stack 126:    904 880 870 900 895 871 898 
stack 127:    893 888 875 866 851 905 911 
stack 128:    53 907 892 906 876 903 
stack 129:    908 909 901 910 913 914 889 
stack 130:    916 897 899 894 921 917 912 
stack 131:    923 920 933 891 930 51 
stack 132:    915 944 924 919 926 
stack 133:    951 941 934 932 902 938 
stack 134:    936 929 940 948 939 935 943 
stack 135:    972 966 977 937 970 925 
stack 136:    945 956 950 942 965 967 958 
stack 137:    963 957 960 964 959 953 962 
stack 138:    946 952 976 981 947 949 969 
stack 139:    985 984 993 931 961 995 975 
stack 140:    955 991 998 978 971 989 997 
stack 141:    455 954 566 979 968 982 928 
stack 142:    437 992 994 973 999 974 987 
stack 143:    927 813 791 922 986 990 918 
stack 144:    896 881 662 980 810 754 741 
stack 145:    790 457 246 787 477 444 988 
stack 146:    571 330 209 383 250 212 983 
stack 147:    240 195 401 355 167 375 996 
stack 148:    422 298 181 374 339 84 184 
stack 149:    213 171 155 222 220 199 174 
stack 150:    149 122 120 159 129 101 99 

#####################################################

solved with: SP.constructive_heuristics.GeneralHeuristic
time limit: 1800.0 s
time to solve: 0,01 s
objective value: 1334608.29

stacks (top to bottom):
stack 0:    605 909 541 441 921 168 624 
stack 1:    946 175 432 42 719 974 602 
stack 2:    213 304 769 297 178 523 279 
stack 3:    374 933 967 29 151 439 794 
stack 4:    482 481 63 376 198 127 969 
stack 5:    908 333 33 103 8 160 606 
stack 6:    248 214 399 919 510 732 500 
stack 7:    149 540 193 289 290 621 804 
stack 8:    240 122 419 604 683 47 99 
stack 9:    881 598 762 920 123 305 975 
stack 10:    252 991 243 614 402 391 912 
stack 11:    35 237 164 308 470 156 861 
stack 12:    625 222 517 611 433 580 408 
stack 13:    137 36 792 694 717 257 917 
stack 14:    108 850 100 86 382 610 584 
stack 15:    892 612 588 525 256 54 216 
stack 16:    879 417 6 407 315 225 424 
stack 17:    68 236 93 287 228 674 328 
stack 18:    963 527 301 676 37 65 11 
stack 19:    141 24 194 146 309 233 204 
stack 20:    566 600 350 453 535 12 943 
stack 21:    571 662 262 454 345 124 596 
stack 22:    915 479 201 531 116 653 91 
stack 23:    530 5 487 338 727 150 970 
stack 24:    38 782 538 522 560 13 905 
stack 25:    698 326 682 403 94 700 811 
stack 26:    774 218 365 67 400 46 247 
stack 27:    320 269 69 582 633 990 126 
stack 28:    435 866 888 272 862 342 763 
stack 29:    985 294 114 978 406 578 695 
stack 30:    711 258 183 395 370 987 273 
stack 31:    746 678 968 224 26 238 925 
stack 32:    636 728 556 21 50 231 911 
stack 33:    539 559 865 463 837 900 492 
stack 34:    195 352 319 110 356 473 219 
stack 35:    499 993 288 941 664 642 910 
stack 36:    532 766 217 450 595 740 334 
stack 37:    729 693 30 656 409 846 553 
stack 38:    896 704 518 581 902 914 379 
stack 39:    209 478 329 645 378 88 57 
stack 40:    215 551 134 707 285 251 387 
stack 41:    634 73 143 321 343 340 414 
stack 42:    324 78 196 292 949 508 291 
stack 43:    455 960 392 462 998 632 744 
stack 44:    298 474 223 4 577 44 332 
stack 45:    250 725 162 789 672 66 154 
stack 46:    823 859 702 615 675 336 623 
stack 47:    714 665 234 828 360 106 271 
stack 48:    443 235 506 644 549 353 283 
stack 49:    758 385 778 170 96 52 913 
stack 50:    558 113 412 547 609 152 669 
stack 51:    572 801 28 660 278 891 567 
stack 52:    765 493 570 793 264 165 691 
stack 53:    512 957 659 346 546 381 296 
stack 54:    32 952 423 371 777 504 886 
stack 55:    25 277 640 809 937 807 898 
stack 56:    736 280 41 986 366 207 849 
stack 57:    534 9 979 935 286 895 529 
stack 58:    936 347 71 92 953 303 465 
stack 59:    70 448 557 428 845 187 829 
stack 60:    53 954 147 817 519 249 579 
stack 61:    857 261 34 121 870 603 730 
stack 62:    383 854 697 158 781 620 23 
stack 63:    904 153 318 39 841 415 788 
stack 64:    457 189 132 404 835 976 995 
stack 65:    355 339 825 721 670 358 720 
stack 66:    362 800 27 449 799 663 938 
stack 67:    325 386 266 514 819 388 751 
stack 68:    375 847 75 780 451 926 928 
stack 69:    136 548 992 589 826 618 275 
stack 70:    586 436 880 701 515 533 509 
stack 71:    498 927 477 631 661 654 185 
stack 72:    685 542 601 752 77 871 755 
stack 73:    790 536 988 868 397 840 786 
stack 74:    627 706 72 680 650 398 307 
stack 75:    922 112 495 853 186 942 646 
stack 76:    425 438 476 430 471 373 743 
stack 77:    467 484 959 569 161 205 144 
stack 78:    699 984 757 139 587 22 516 
stack 79:    831 10 372 745 18 192 302 
stack 80:    244 839 230 496 643 411 947 
stack 81:    120 668 431 60 97 268 737 
stack 82:    907 703 708 434 731 842 657 
stack 83:    734 284 771 270 349 594 903 
stack 84:    593 511 686 613 637 76 568 
stack 85:    171 537 681 368 983 806 741 
stack 86:    199 337 738 776 775 394 647 
stack 87:    705 924 851 295 677 524 877 
stack 88:    843 58 982 452 172 16 505 
stack 89:    327 821 117 689 45 488 832 
stack 90:    422 723 135 64 948 221 79 
stack 91:    651 883 590 182 169 918 754 
stack 92:    426 583 446 255 528 575 716 
stack 93:    181 554 742 798 544 208 545 
stack 94:    227 220 188 313 950 733 129 
stack 95:    0 2 576 80 718 658 166 
stack 96:    384 816 956 254 229 939 882 
stack 97:    489 206 673 824 177 130 667 
stack 98:    507 89 899 260 468 679 48 
stack 99:    357 655 785 961 445 712 361 
stack 100:    562 418 367 973 232 348 7 
stack 101:    447 715 671 628 550 889 639 
stack 102:    107 797 934 951 901 389 461 
stack 103:    458 104 115 503 363 306 95 
stack 104:    330 820 526 830 834 341 521 
stack 105:    437 844 31 140 390 265 989 
stack 106:    119 98 753 173 59 965 592 
stack 107:    263 322 638 466 211 180 770 
stack 108:    836 838 873 591 369 808 802 
stack 109:    282 796 897 980 314 111 747 
stack 110:    616 945 49 687 977 56 848 
stack 111:    813 890 574 885 74 626 51 
stack 112:    145 472 863 267 999 485 460 
stack 113:    393 486 148 245 573 202 761 
stack 114:    860 105 713 735 191 666 200 
stack 115:    167 622 226 128 887 858 971 
stack 116:    869 300 197 814 944 501 750 
stack 117:    696 688 940 856 784 599 176 
stack 118:    543 155 1 87 429 932 377 
stack 119:    833 565 726 497 259 81 331 
stack 120:    955 90 138 894 827 852 772 
stack 121:    818 739 310 239 876 253 684 
stack 122:    299 109 759 564 427 19 648 
stack 123:    401 803 421 210 179 962 722 
stack 124:    710 469 281 773 490 480 810 
stack 125:    874 884 931 555 311 652 597 
stack 126:    163 416 690 630 83 312 561 
stack 127:    617 84 872 410 520 996 760 
stack 128:    456 483 923 822 607 641 3 
stack 129:    893 413 964 317 203 783 125 
stack 130:    174 159 795 552 635 767 459 
stack 131:    629 133 131 779 494 351 323 
stack 132:    791 274 709 756 293 878 930 
stack 133:    966 916 585 502 17 101 812 
stack 134:    724 692 118 364 749 184 563 
stack 135:    444 608 242 15 442 867 464 
stack 136:    929 190 335 316 768 344 958 
stack 137:    787 142 619 241 864 102 764 
stack 138:    475 491 85 875 994 14 981 
stack 139:    972 420 815 748 649 359 
stack 140:    246 157 43 805 997 
stack 141:    212 513 62 61 55 396 20 
stack 142:    380 855 354 906 82 276 
stack 143:    405 40 
stack 144:    440 
stack 145:    
stack 146:    
stack 147:    
stack 148:    
stack 149:    
stack 150:    
