lower bound for relaxed s_ij: 1291111.42

#####################################################

solved with: SP.mip_formulations.BinPackingFormulation
time limit: 1800.0 s
time to solve: 1810,85 s (time limit exceeded)
objective value: 1300846.78 (not optimal)

stacks (top to bottom):
stack 0:    16 0 2 510 18 14 
stack 1:    17 22 13 7 21 5 3 
stack 2:    20 6 11 8 4 12 28 
stack 3:    502 36 519 9 508 27 504 
stack 4:    39 61 52 33 19 59 35 
stack 5:    25 538 505 546 38 40 24 
stack 6:    10 509 503 84 63 88 501 
stack 7:    30 32 31 54 41 34 506 
stack 8:    48 49 42 57 55 58 53 
stack 9:    71 72 64 50 51 45 67 
stack 10:    60 47 73 65 79 77 507 
stack 11:    516 76 83 62 68 81 66 
stack 12:    530 94 87 513 102 522 69 
stack 13:    97 74 101 95 80 86 75 
stack 14:    89 99 106 115 521 104 90 
stack 15:    128 122 107 96 117 126 512 
stack 16:    109 113 108 100 130 136 98 
stack 17:    140 146 124 103 133 152 118 
stack 18:    517 141 111 173 114 123 531 
stack 19:    142 119 131 518 523 144 139 
stack 20:    532 137 125 121 151 112 147 
stack 21:    556 154 129 120 548 544 563 
stack 22:    135 166 164 187 143 185 159 
stack 23:    167 188 127 138 171 134 176 
stack 24:    145 177 155 172 170 153 163 
stack 25:    190 157 169 533 149 178 182 
stack 26:    204 174 543 196 191 201 158 
stack 27:    186 193 192 184 183 180 199 
stack 28:    223 195 219 162 198 179 584 
stack 29:    208 202 181 197 207 214 209 
stack 30:    206 212 524 221 216 200 237 
stack 31:    213 210 218 228 520 227 203 
stack 32:    593 591 552 243 266 215 264 
stack 33:    238 224 241 240 235 231 211 
stack 34:    234 244 249 236 225 239 245 
stack 35:    247 248 652 205 696 641 599 
stack 36:    242 220 233 255 226 222 253 
stack 37:    260 252 276 275 232 250 257 
stack 38:    292 274 270 256 273 251 289 
stack 39:    277 261 254 265 246 537 280 
stack 40:    295 259 301 288 604 299 291 
stack 41:    290 279 287 281 271 293 262 
stack 42:    305 296 304 269 267 263 685 
stack 43:    286 318 567 610 602 558 327 
stack 44:    300 303 302 297 310 306 331 
stack 45:    337 328 324 325 316 307 312 
stack 46:    323 319 294 315 308 336 334 
stack 47:    577 562 317 355 352 335 333 
stack 48:    329 353 313 311 340 339 321 
stack 49:    393 371 376 342 389 320 400 
stack 50:    344 346 332 349 354 351 350 
stack 51:    343 374 322 358 368 364 278 
stack 52:    381 377 370 369 378 383 359 
stack 53:    392 347 403 341 362 372 361 
stack 54:    366 375 345 384 365 373 367 
stack 55:    382 363 391 390 388 380 397 
stack 56:    379 409 394 387 411 360 703 
stack 57:    402 412 416 417 395 405 421 
stack 58:    401 415 404 414 396 386 419 
stack 59:    555 431 429 426 424 385 438 
stack 60:    452 430 458 398 450 435 434 
stack 61:    425 428 436 418 408 399 406 
stack 62:    939 427 413 446 407 444 927 
stack 63:    443 455 451 439 449 420 422 
stack 64:    895 470 469 454 447 437 448 
stack 65:    463 480 457 482 432 
stack 66:    871 835 460 500 467 441 490 
stack 67:    800 465 466 445 472 475 433 
stack 68:    462 453 481 461 479 456 477 
stack 69:    488 495 483 459 492 491 464 
stack 70:    497 801 473 489 486 496 485 
stack 71:    825 821 795 772 476 487 831 
stack 72:    744 494 484 499 498 794 770 
stack 73:    758 742 586 541 493 731 746 
stack 74:    729 571 570 535 514 564 708 
stack 75:    666 605 645 700 611 607 671 
stack 76:    553 545 529 536 525 515 
stack 77:    1 534 560 
stack 78:    540 551 
stack 79:    576 550 580 539 582 566 
stack 80:    575 554 
stack 81:    547 595 589 603 
stack 82:    572 581 557 574 549 
stack 83:    588 585 559 578 597 565 43 
stack 84:    561 600 579 592 
stack 85:    601 594 568 573 609 598 
stack 86:    511 623 622 616 583 618 
stack 87:    596 613 627 606 629 587 
stack 88:    612 630 614 624 615 626 
stack 89:    656 631 619 646 655 
stack 90:    662 634 625 632 590 669 
stack 91:    15 608 642 636 637 650 635 
stack 92:    639 647 640 651 648 617 621 
stack 93:    653 638 654 620 643 628 633 
stack 94:    665 663 673 657 670 644 
stack 95:    659 667 681 674 664 658 679 
stack 96:    672 668 649 697 689 661 
stack 97:    690 678 677 687 675 683 702 
stack 98:    693 686 699 660 694 695 680 
stack 99:    23 727 684 676 718 712 
stack 100:    732 691 707 701 724 
stack 101:    26 728 723 710 688 709 526 
stack 102:    713 711 698 692 714 715 704 
stack 103:    527 726 705 733 745 682 739 
stack 104:    720 716 735 730 737 719 29 
stack 105:    749 743 706 777 734 722 
stack 106:    528 736 721 740 741 717 738 
stack 107:    767 725 762 796 785 814 778 
stack 108:    750 757 754 748 756 753 752 
stack 109:    763 761 747 768 769 760 
stack 110:    792 783 780 765 751 764 782 
stack 111:    771 775 789 788 
stack 112:    37 779 822 755 815 766 817 
stack 113:    787 773 784 781 791 776 759 
stack 114:    802 806 774 798 820 786 
stack 115:    838 790 840 839 
stack 116:    804 805 803 812 799 813 793 
stack 117:    809 810 808 797 823 819 811 
stack 118:    807 832 826 833 829 828 824 
stack 119:    827 816 845 830 852 542 
stack 120:    44 856 848 818 837 841 
stack 121:    855 844 850 866 865 
stack 122:    843 836 851 847 868 872 860 
stack 123:    46 859 870 842 876 875 
stack 124:    849 846 882 853 873 874 857 
stack 125:    880 890 862 907 878 886 883 
stack 126:    863 891 893 864 884 889 
stack 127:    888 914 861 908 915 905 903 
stack 128:    904 909 899 879 885 887 898 
stack 129:    906 902 877 924 900 913 919 
stack 130:    945 896 938 930 892 935 
stack 131:    923 56 920 925 901 940 894 
stack 132:    931 897 934 926 942 933 911 
stack 133:    941 921 912 910 948 917 922 
stack 134:    966 929 947 969 936 916 958 
stack 135:    937 943 928 918 953 944 
stack 136:    972 951 932 961 952 955 964 
stack 137:    978 973 949 979 950 971 956 
stack 138:    959 968 970 967 965 963 954 
stack 139:    987 957 995 992 946 997 
stack 140:    962 975 994 990 980 869 881 
stack 141:    867 854 977 976 960 356 858 
stack 142:    442 996 993 981 983 982 834 
stack 143:    357 471 348 998 974 984 569 
stack 144:    989 440 268 285 985 991 986 
stack 145:    298 258 309 283 217 988 338 
stack 146:    468 474 410 478 999 423 330 
stack 147:    229 116 284 272 326 282 314 
stack 148:    230 165 161 194 175 189 168 
stack 149:    91 150 92 78 70 148 160 
stack 150:    156 132 110 93 82 105 85 

#####################################################

solved with: SP.constructive_heuristics.GeneralHeuristic
time limit: 1800.0 s
time to solve: 0,00 s
objective value: 1333341.73

stacks (top to bottom):
stack 0:    488 532 181 412 58 857 986 
stack 1:    815 493 408 312 211 423 834 
stack 2:    625 568 557 875 180 886 422 
stack 3:    30 699 240 604 289 531 831 
stack 4:    622 804 577 402 953 158 291 
stack 5:    854 570 769 635 567 982 738 
stack 6:    94 571 254 565 81 650 752 
stack 7:    809 341 265 523 984 18 105 
stack 8:    440 705 977 751 482 719 980 
stack 9:    668 514 489 358 475 139 485 
stack 10:    110 750 363 274 756 372 350 
stack 11:    478 667 651 22 830 887 333 
stack 12:    39 554 678 170 673 171 506 
stack 13:    474 217 92 431 966 303 559 
stack 14:    711 71 686 318 628 898 253 
stack 15:    497 6 190 918 33 629 958 
stack 16:    348 822 374 247 712 599 794 
stack 17:    437 119 345 251 926 933 708 
stack 18:    371 430 141 173 219 566 680 
stack 19:    535 216 390 200 273 703 911 
stack 20:    527 381 202 297 739 839 696 
stack 21:    623 767 987 907 311 715 759 
stack 22:    174 129 802 60 940 955 487 
stack 23:    945 31 398 269 515 104 335 
stack 24:    666 161 142 553 760 327 435 
stack 25:    758 556 325 642 841 66 339 
stack 26:    393 121 947 979 449 609 263 
stack 27:    109 631 69 655 563 326 168 
stack 28:    502 593 370 818 773 924 786 
stack 29:    258 895 807 120 472 935 542 
stack 30:    772 721 310 868 508 670 464 
stack 31:    410 426 403 355 255 3 956 
stack 32:    888 600 781 828 724 477 865 
stack 33:    728 369 929 842 261 126 770 
stack 34:    17 140 463 632 162 389 90 
stack 35:    132 555 601 991 988 287 824 
stack 36:    494 893 9 606 270 808 683 
stack 37:    801 904 324 676 766 397 641 
stack 38:    959 736 949 101 637 913 185 
stack 39:    973 52 524 774 733 362 990 
stack 40:    620 694 549 583 115 777 971 
stack 41:    103 386 874 262 916 950 67 
stack 42:    154 332 301 366 192 153 823 
stack 43:    795 284 89 387 829 796 189 
stack 44:    662 912 313 34 367 29 85 
stack 45:    298 15 575 157 466 418 406 
stack 46:    319 379 882 51 654 395 331 
stack 47:    511 517 296 195 236 118 521 
stack 48:    377 462 177 716 718 98 330 
stack 49:    48 981 436 100 399 88 314 
stack 50:    723 25 96 657 963 405 421 
stack 51:    97 135 897 743 762 722 598 
stack 52:    91 596 838 210 169 336 361 
stack 53:    76 238 879 692 244 658 876 
stack 54:    146 836 862 910 383 626 819 
stack 55:    309 742 998 125 476 885 55 
stack 56:    468 357 931 32 999 320 685 
stack 57:    528 300 538 681 308 275 537 
stack 58:    932 445 63 84 961 595 621 
stack 59:    846 128 710 697 522 151 603 
stack 60:    137 505 968 687 768 682 544 
stack 61:    825 821 56 283 541 194 272 
stack 62:    941 188 45 467 574 232 134 
stack 63:    116 827 452 851 590 5 160 
stack 64:    800 343 73 413 510 163 884 
stack 65:    42 664 573 306 492 59 889 
stack 66:    647 798 481 833 351 27 490 
stack 67:    640 64 847 233 133 226 746 
stack 68:    612 608 806 264 205 869 700 
stack 69:    989 459 346 709 892 78 858 
stack 70:    937 87 930 416 551 250 611 
stack 71:    880 49 480 197 545 764 498 
stack 72:    729 974 983 747 183 701 942 
stack 73:    223 843 765 235 415 491 176 
stack 74:    749 451 294 816 80 536 209 
stack 75:    37 863 425 688 589 147 501 
stack 76:    305 691 957 580 706 293 607 
stack 77:    82 329 659 665 938 13 441 
stack 78:    792 473 122 277 193 748 810 
stack 79:    20 8 901 543 461 302 948 
stack 80:    279 921 870 155 745 178 587 
stack 81:    561 316 394 479 782 633 199 
stack 82:    242 634 576 740 54 852 356 
stack 83:    1 744 471 469 928 12 771 
stack 84:    835 167 909 902 784 548 24 
stack 85:    588 384 2 365 872 785 860 
stack 86:    206 877 172 866 411 507 504 
stack 87:    923 495 663 420 873 419 432 
stack 88:    993 951 428 108 38 840 175 
stack 89:    442 780 812 439 735 456 444 
stack 90:    401 529 127 41 734 610 257 
stack 91:    649 10 779 755 130 433 905 
stack 92:    962 460 304 414 917 280 520 
stack 93:    337 107 690 763 307 533 540 
stack 94:    26 285 586 638 72 581 970 
stack 95:    165 674 231 220 695 75 778 
stack 96:    693 353 579 925 826 850 797 
stack 97:    268 470 906 891 213 883 450 
stack 98:    23 93 630 547 775 652 731 
stack 99:    36 208 290 534 714 404 954 
stack 100:    672 914 503 952 894 661 338 
stack 101:    323 585 286 725 203 227 702 
stack 102:    867 639 16 483 757 409 340 
stack 103:    150 727 4 259 627 35 584 
stack 104:    443 0 985 315 77 614 817 
stack 105:    44 591 519 837 382 321 881 
stack 106:    562 856 166 500 123 582 512 
stack 107:    530 787 859 218 915 820 789 
stack 108:    230 243 322 646 546 40 788 
stack 109:    74 578 143 276 214 995 643 
stack 110:    726 224 597 385 138 717 373 
stack 111:    656 453 677 360 737 434 814 
stack 112:    427 295 861 619 509 564 43 
stack 113:    849 617 99 853 799 207 525 
stack 114:    47 79 707 299 730 994 14 
stack 115:    871 196 191 288 518 144 615 
stack 116:    645 803 164 57 965 934 618 
stack 117:    124 234 550 396 704 198 21 
stack 118:    229 896 969 228 675 438 282 
stack 119:    848 890 805 50 616 793 179 
stack 120:    458 539 114 936 7 811 239 
stack 121:    267 560 152 669 400 245 671 
stack 122:    613 328 215 102 380 364 486 
stack 123:    605 899 392 378 720 741 558 
stack 124:    499 454 832 944 256 65 975 
stack 125:    429 653 344 19 391 201 526 
stack 126:    648 317 86 845 992 359 997 
stack 127:    204 61 972 447 754 68 237 
stack 128:    943 212 790 248 278 496 148 
stack 129:    552 347 572 95 249 187 424 
stack 130:    761 636 864 976 679 602 159 
stack 131:    221 83 967 407 624 878 70 
stack 132:    484 684 513 113 689 368 182 
stack 133:    516 145 713 448 964 592 946 
stack 134:    698 241 813 352 53 271 225 
stack 135:    465 260 252 457 281 222 569 
stack 136:    292 62 149 375 184 644 753 
stack 137:    939 996 855 900 388 417 28 
stack 138:    46 156 920 660 106 354 927 
stack 139:    978 455 131 117 776 446 246 
stack 140:    376 342 111 334 922 
stack 141:    266 11 908 112 136 903 960 
stack 142:    186 783 594 791 
stack 143:    732 919 
stack 144:    
stack 145:    
stack 146:    844 349 
stack 147:    
stack 148:    
stack 149:    
stack 150:    
