solved with: SP.post_optimization_methods.TabuSearch
time limit: 1800.0 s
time to solve: 718,89 s
objective value: 1291112.68

stacks (top to bottom):
stack 0:    0 
stack 1:    2 
stack 2:    502 
stack 3:    
stack 4:    4 
stack 5:    606 505 659 752 91 517 841 
stack 6:    521 829 712 16 564 8 6 
stack 7:    713 930 20 518 403 123 854 
stack 8:    356 508 635 17 10 617 9 
stack 9:    485 529 381 27 441 495 597 
stack 10:    219 11 806 38 683 574 390 
stack 11:    304 217 573 720 513 14 795 
stack 12:    524 603 126 47 590 66 218 
stack 13:    13 796 558 823 516 984 765 
stack 14:    223 215 745 956 895 613 62 
stack 15:    383 929 425 948 576 267 288 
stack 16:    904 170 742 323 910 281 42 
stack 17:    289 52 646 449 952 921 35 
stack 18:    819 971 530 37 831 121 535 
stack 19:    395 838 736 499 979 947 928 
stack 20:    257 994 642 256 619 67 973 
stack 21:    107 922 411 259 347 884 419 
stack 22:    22 490 140 716 801 781 136 
stack 23:    902 807 464 478 26 297 567 
stack 24:    33 65 493 679 983 236 744 
stack 25:    526 669 787 228 536 905 867 
stack 26:    786 764 461 969 220 936 991 
stack 27:    958 243 408 32 36 474 479 
stack 28:    55 753 544 248 877 111 443 
stack 29:    531 816 134 452 265 579 240 
stack 30:    368 72 30 326 900 100 64 
stack 31:    859 949 325 644 866 373 802 
stack 32:    109 340 721 292 532 129 585 
stack 33:    723 97 549 822 568 571 421 
stack 34:    827 372 225 465 414 966 758 
stack 35:    202 234 101 130 201 445 728 
stack 36:    824 885 732 305 792 803 341 
stack 37:    95 401 420 914 682 463 940 
stack 38:    763 809 475 484 54 855 594 
stack 39:    600 195 167 861 470 309 878 
stack 40:    280 444 335 554 131 920 917 
stack 41:    480 805 46 110 959 748 560 
stack 42:    239 986 631 901 898 196 873 
stack 43:    192 176 889 183 840 482 230 
stack 44:    937 106 453 169 962 788 149 
stack 45:    94 145 915 424 935 348 772 
stack 46:    266 386 749 553 756 113 601 
stack 47:    440 227 628 903 794 632 429 
stack 48:    738 879 685 331 596 640 53 
stack 49:    780 972 825 118 483 412 658 
stack 50:    634 967 211 705 808 472 950 
stack 51:    789 639 845 300 581 790 82 
stack 52:    676 672 797 833 773 433 648 
stack 53:    843 369 812 237 60 636 242 
stack 54:    791 119 681 751 815 883 743 
stack 55:    997 69 349 254 700 417 989 
stack 56:    466 224 670 715 343 59 880 
stack 57:    250 407 258 616 690 132 891 
stack 58:    783 881 229 633 487 359 955 
stack 59:    710 382 249 923 389 714 908 
stack 60:    779 774 397 609 680 377 561 
stack 61:    295 112 652 274 187 985 352 
stack 62:    856 836 379 957 907 588 375 
stack 63:    888 172 650 346 138 643 775 
stack 64:    647 943 157 595 897 198 180 
stack 65:    992 365 641 105 263 942 102 
stack 66:    338 460 287 178 769 279 944 
stack 67:    245 961 282 92 846 255 731 
stack 68:    703 830 811 127 491 746 698 
stack 69:    271 226 608 951 366 741 77 
stack 70:    496 199 311 572 405 371 890 
stack 71:    575 328 324 436 185 168 442 
stack 72:    793 724 78 693 194 776 965 
stack 73:    103 598 427 872 409 977 468 
stack 74:    376 626 337 722 835 692 926 
stack 75:    605 476 394 81 739 283 285 
stack 76:    500 
stack 77:    1 501 
stack 78:    
stack 79:    3 503 506 
stack 80:    999 504 313 
stack 81:    7 671 5 15 882 84 188 
stack 82:    23 663 894 18 322 694 25 
stack 83:    321 43 509 396 507 511 691 
stack 84:    510 329 570 556 39 512 931 
stack 85:    528 41 711 159 494 726 186 
stack 86:    540 760 525 247 431 718 515 
stack 87:    892 611 771 380 993 938 666 
stack 88:    834 519 995 430 615 12 415 
stack 89:    21 649 520 150 730 146 514 
stack 90:    523 318 125 374 886 147 562 
stack 91:    29 96 696 19 31 209 708 
stack 92:    355 137 133 684 688 852 737 
stack 93:    303 353 471 719 310 522 607 
stack 94:    578 945 543 191 260 770 457 
stack 95:    206 135 301 542 709 124 75 
stack 96:    344 68 687 434 998 314 253 
stack 97:    28 582 851 622 189 924 817 
stack 98:    40 527 624 171 826 116 334 
stack 99:    909 208 48 45 750 364 548 
stack 100:    153 702 276 876 24 757 954 
stack 101:    592 203 629 486 837 919 832 
stack 102:    767 699 534 630 539 828 541 
stack 103:    316 291 537 190 98 388 141 
stack 104:    933 862 161 747 154 916 533 
stack 105:    740 455 251 906 162 976 981 
stack 106:    197 927 451 342 317 627 497 
stack 107:    550 49 205 860 165 996 874 
stack 108:    473 678 610 865 941 675 293 
stack 109:    804 34 481 755 410 820 538 
stack 110:    818 849 87 439 164 384 853 
stack 111:    759 477 980 621 467 798 120 
stack 112:    298 231 51 638 583 246 754 
stack 113:    58 551 277 210 63 416 70 
stack 114:    286 735 406 44 547 241 545 
stack 115:    156 489 83 74 333 602 273 
stack 116:    656 677 655 785 868 488 932 
stack 117:    252 978 847 367 332 50 546 
stack 118:    193 458 871 593 448 272 968 
stack 119:    704 896 800 645 357 160 428 
stack 120:    577 244 912 844 222 612 858 
stack 121:    668 108 308 166 438 71 661 
stack 122:    418 662 821 93 402 970 214 
stack 123:    315 625 307 990 351 446 76 
stack 124:    447 393 290 86 269 207 392 
stack 125:    569 363 385 982 79 913 618 
stack 126:    155 566 674 565 312 61 306 
stack 127:    988 151 557 459 552 90 233 
stack 128:    158 623 56 589 870 370 262 
stack 129:    734 686 104 782 391 563 235 
stack 130:    717 454 163 339 946 184 953 
stack 131:    784 761 361 559 555 213 175 
stack 132:    591 264 839 115 842 899 814 
stack 133:    57 80 620 177 114 586 142 
stack 134:    875 762 336 964 216 706 667 
stack 135:    99 653 268 354 261 733 911 
stack 136:    232 148 404 204 294 387 707 
stack 137:    599 492 299 857 799 689 664 
stack 138:    701 413 963 327 778 727 398 
stack 139:    278 360 399 974 657 654 302 
stack 140:    432 697 987 498 173 869 864 
stack 141:    400 934 345 777 604 673 144 
stack 142:    768 330 614 270 960 212 893 
stack 143:    85 221 73 939 810 181 89 
stack 144:    358 179 426 863 695 284 362 
stack 145:    182 319 584 238 725 462 200 
stack 146:    174 88 918 925 660 850 139 
stack 147:    450 848 378 422 729 117 651 
stack 148:    813 152 587 296 437 887 469 
stack 149:    665 320 143 275 128 350 435 
stack 150:    122 580 766 456 423 637 975 

#####################################################

solved with: SP.post_optimization_methods.HillClimbing
time limit: 1800.0 s
time to solve: 634,78 s
objective value: 1291121.18

stacks (top to bottom):
stack 0:    0 
stack 1:    2 
stack 2:    502 
stack 3:    5 
stack 4:    25 
stack 5:    338 676 505 558 509 9 6 
stack 6:    647 378 386 631 870 514 35 
stack 7:    7 327 642 810 507 371 297 
stack 8:    278 508 627 86 10 14 515 
stack 9:    729 518 27 563 512 755 931 
stack 10:    41 23 894 684 12 177 728 
stack 11:    520 17 87 624 573 15 795 
stack 12:    804 268 785 105 310 574 516 
stack 13:    473 107 133 36 861 483 375 
stack 14:    440 791 301 762 154 746 536 
stack 15:    659 752 535 299 910 494 714 
stack 16:    577 519 871 646 749 801 370 
stack 17:    135 679 953 695 911 975 858 
stack 18:    639 104 101 434 942 359 136 
stack 19:    685 481 694 394 940 238 739 
stack 20:    315 672 525 835 467 621 757 
stack 21:    58 74 31 422 983 604 419 
stack 22:    40 681 305 745 452 821 102 
stack 23:    368 32 112 718 748 236 926 
stack 24:    668 88 212 24 491 127 990 
stack 25:    531 276 134 542 812 792 772 
stack 26:    793 221 30 430 776 160 597 
stack 27:    356 458 169 438 343 50 175 
stack 28:    898 80 534 39 586 981 607 
stack 29:    813 904 150 982 946 65 437 
stack 30:    460 963 912 900 100 34 412 
stack 31:    537 323 866 220 384 928 744 
stack 32:    570 612 124 222 868 957 921 
stack 33:    862 61 257 138 425 213 708 
stack 34:    316 492 456 556 582 564 253 
stack 35:    605 923 879 972 596 640 331 
stack 36:    496 885 47 857 373 374 216 
stack 37:    122 909 361 643 398 118 908 
stack 38:    848 699 48 308 44 63 235 
stack 39:    244 108 727 194 209 59 691 
stack 40:    949 83 499 498 602 820 546 
stack 41:    677 400 247 46 411 342 164 
stack 42:    358 702 271 906 228 867 561 
stack 43:    845 782 234 248 115 692 880 
stack 44:    395 57 382 72 584 725 390 
stack 45:    109 340 251 439 377 737 262 
stack 46:    174 614 628 591 741 887 884 
stack 47:    824 360 733 341 893 781 878 
stack 48:    768 819 986 846 131 973 285 
stack 49:    179 312 143 994 688 715 661 
stack 50:    859 354 875 836 747 126 690 
stack 51:    68 381 261 402 803 907 446 
stack 52:    565 753 145 851 191 869 149 
stack 53:    99 797 655 636 860 917 417 
stack 54:    827 712 407 147 666 932 873 
stack 55:    805 217 451 317 560 571 334 
stack 56:    622 201 167 955 854 588 214 
stack 57:    740 557 211 730 436 306 637 
stack 58:    153 353 295 934 675 680 890 
stack 59:    245 997 202 206 69 140 224 
stack 60:    85 807 225 897 71 815 924 
stack 61:    466 566 806 471 985 775 895 
stack 62:    365 922 427 165 396 76 233 
stack 63:    717 391 146 583 314 938 468 
stack 64:    674 967 280 837 852 673 240 
stack 65:    137 945 783 130 318 84 442 
stack 66:    94 736 939 406 465 457 230 
stack 67:    606 226 477 296 632 959 853 
stack 68:    432 901 453 979 996 968 731 
stack 69:    304 787 264 913 388 132 116 
stack 70:    291 199 969 307 823 581 585 
stack 71:    849 587 721 722 608 720 826 
stack 72:    383 578 158 623 333 210 189 
stack 73:    610 335 620 769 700 832 864 
stack 74:    193 266 650 445 629 770 352 
stack 75:    330 223 652 405 91 802 120 
stack 76:    500 
stack 77:    1 501 
stack 78:    
stack 79:    3 503 4 
stack 80:    504 26 
stack 81:    599 95 543 254 416 81 62 
stack 82:    933 13 413 724 896 506 966 
stack 83:    20 19 52 559 166 828 511 
stack 84:    480 759 11 263 8 111 576 
stack 85:    22 510 645 180 256 462 548 
stack 86:    843 526 527 431 532 842 90 
stack 87:    549 403 336 517 294 441 495 
stack 88:    156 250 763 635 513 184 443 
stack 89:    780 454 363 809 523 617 392 
stack 90:    521 303 760 16 657 187 522 
stack 91:    575 528 28 192 701 965 428 
stack 92:    326 18 555 260 67 538 664 
stack 93:    530 176 590 66 38 472 533 
stack 94:    856 711 865 831 49 464 288 
stack 95:    888 96 423 660 309 302 362 
stack 96:    21 103 892 324 544 877 872 
stack 97:    97 925 37 195 114 552 142 
stack 98:    992 344 529 329 751 43 178 
stack 99:    376 524 551 185 433 246 726 
stack 100:    847 367 287 410 181 279 883 
stack 101:    29 401 346 459 414 682 658 
stack 102:    455 110 475 98 366 269 777 
stack 103:    634 325 339 461 732 716 954 
stack 104:    182 249 778 64 929 817 70 
stack 105:    626 426 789 157 429 798 944 
stack 106:    227 33 369 653 616 956 601 
stack 107:    229 159 572 121 347 814 855 
stack 108:    930 796 633 463 948 482 421 
stack 109:    713 603 298 638 448 267 42 
stack 110:    595 321 173 615 630 539 348 
stack 111:    829 980 903 951 259 976 139 
stack 112:    625 761 881 662 56 281 545 
stack 113:    355 252 332 470 667 989 53 
stack 114:    55 239 800 936 547 567 75 
stack 115:    197 447 598 833 79 51 916 
stack 116:    540 999 364 479 935 541 758 
stack 117:    958 686 693 840 554 277 991 
stack 118:    243 270 839 171 568 129 77 
stack 119:    656 215 764 974 293 409 648 
stack 120:    282 123 799 242 553 756 562 
stack 121:    978 592 696 45 313 850 241 
stack 122:    418 275 444 889 919 651 594 
stack 123:    208 337 290 589 698 882 284 
stack 124:    119 609 372 550 808 196 618 
stack 125:    961 767 918 151 683 790 497 
stack 126:    927 170 569 385 794 292 54 
stack 127:    774 408 320 148 205 380 977 
stack 128:    489 450 678 92 987 914 449 
stack 129:    784 971 190 641 237 863 844 
stack 130:    155 289 106 420 357 435 144 
stack 131:    328 822 941 654 593 204 82 
stack 132:    163 937 161 838 203 141 350 
stack 133:    779 345 162 891 128 874 984 
stack 134:    943 876 719 947 707 89 415 
stack 135:    580 988 493 219 960 379 188 
stack 136:    771 60 705 404 258 886 970 
stack 137:    786 830 397 697 168 950 283 
stack 138:    723 649 274 706 998 993 841 
stack 139:    902 703 300 117 198 670 349 
stack 140:    995 286 476 322 319 743 754 
stack 141:    734 665 490 750 687 486 915 
stack 142:    818 152 671 579 920 113 186 
stack 143:    232 669 816 393 231 964 255 
stack 144:    834 78 600 735 663 765 469 
stack 145:    766 399 709 125 272 218 351 
stack 146:    485 738 704 474 389 488 613 
stack 147:    172 644 773 962 387 788 200 
stack 148:    742 811 484 207 899 905 273 
stack 149:    710 73 183 478 424 825 952 
stack 150:    611 265 311 93 487 689 619 
