solved with: SP.post_optimization_methods.TabuSearch
time limit: 1800.0 s
time to solve: 833,33 s
objective value: 1291111.51

stacks (top to bottom):
stack 0:    0 
stack 1:    501 
stack 2:    2 
stack 3:    503 3 
stack 4:    506 
stack 5:    329 5 37 505 387 508 880 
stack 6:    219 6 858 515 8 511 9 
stack 7:    234 596 33 11 759 340 545 
stack 8:    512 187 496 476 676 864 13 
stack 9:    377 42 961 52 485 516 431 
stack 10:    686 23 513 521 610 20 756 
stack 11:    330 957 461 724 652 22 16 
stack 12:    532 543 556 344 374 427 688 
stack 13:    392 140 110 630 309 253 301 
stack 14:    280 128 288 525 308 15 396 
stack 15:    760 26 704 562 624 388 973 
stack 16:    747 560 950 631 182 164 34 
stack 17:    72 651 19 93 317 54 21 
stack 18:    548 474 32 296 946 209 703 
stack 19:    929 67 327 531 522 962 746 
stack 20:    245 527 145 623 111 40 380 
stack 21:    599 769 432 639 867 687 483 
stack 22:    567 428 497 574 484 362 263 
stack 23:    824 147 889 541 931 399 837 
stack 24:    526 311 589 30 985 619 258 
stack 25:    736 407 554 419 365 565 44 
stack 26:    530 564 925 46 536 393 828 
stack 27:    663 549 389 460 675 421 213 
stack 28:    537 441 789 561 614 384 737 
stack 29:    690 159 494 575 282 671 271 
stack 30:    767 758 806 358 572 57 628 
stack 31:    279 293 379 683 394 321 200 
stack 32:    450 810 816 303 102 597 620 
stack 33:    306 47 653 573 378 331 654 
stack 34:    118 947 275 221 294 744 227 
stack 35:    783 64 443 773 661 390 866 
stack 36:    839 802 966 86 566 844 51 
stack 37:    553 356 455 499 345 169 693 
stack 38:    112 338 942 956 216 949 398 
stack 39:    411 123 113 902 694 831 456 
stack 40:    580 61 718 786 88 310 788 
stack 41:    853 381 843 976 127 911 917 
stack 42:    181 172 834 143 606 664 739 
stack 43:    250 939 823 397 150 977 612 
stack 44:    825 592 741 218 416 334 360 
stack 45:    479 183 995 738 465 462 107 
stack 46:    452 706 133 896 251 401 784 
stack 47:    175 979 576 81 178 969 469 
stack 48:    286 674 965 636 697 490 325 
stack 49:    299 437 921 117 558 463 780 
stack 50:    927 594 938 812 990 65 400 
stack 51:    124 439 192 197 272 255 778 
stack 52:    404 326 492 420 92 149 729 
stack 53:    76 883 607 807 191 705 633 
stack 54:    194 609 291 598 559 698 224 
stack 55:    888 785 600 727 115 709 711 
stack 56:    220 762 719 943 242 656 968 
stack 57:    906 276 239 731 912 335 970 
stack 58:    144 879 196 289 190 590 426 
stack 59:    349 87 728 750 148 616 615 
stack 60:    236 941 923 721 185 243 813 
stack 61:    645 708 787 424 446 846 666 
stack 62:    222 257 722 887 650 859 146 
stack 63:    622 964 822 177 403 826 168 
stack 64:    444 73 97 754 805 228 793 
stack 65:    835 121 346 872 669 886 89 
stack 66:    876 684 935 163 184 180 640 
stack 67:    668 895 413 803 179 815 246 
stack 68:    878 225 74 584 836 988 193 
stack 69:    151 174 691 71 155 126 158 
stack 70:    987 449 603 642 587 873 855 
stack 71:    707 120 313 283 809 343 696 
stack 72:    678 764 932 482 307 643 402 
stack 73:    986 488 621 170 391 458 682 
stack 74:    953 268 278 882 105 417 160 
stack 75:    202 498 680 265 96 649 830 
stack 76:    500 
stack 77:    1 
stack 78:    502 
stack 79:    4 
stack 80:    481 125 504 
stack 81:    514 103 734 507 199 795 593 
stack 82:    644 510 7 885 50 801 368 
stack 83:    695 28 509 35 981 10 232 
stack 84:    90 161 677 55 967 951 517 
stack 85:    12 14 984 264 45 211 372 
stack 86:    53 17 972 700 601 954 214 
stack 87:    373 959 489 260 814 520 748 
stack 88:    952 790 259 18 960 799 983 
stack 89:    104 267 203 794 638 414 135 
stack 90:    524 339 132 62 519 894 865 
stack 91:    740 252 617 529 908 82 534 
stack 92:    518 845 571 29 43 122 31 
stack 93:    287 41 811 201 277 551 333 
stack 94:    989 928 523 63 36 546 363 
stack 95:    440 673 204 24 583 591 459 
stack 96:    442 106 629 608 818 109 77 
stack 97:    588 297 319 405 273 464 157 
stack 98:    800 60 188 453 134 998 926 
stack 99:    395 528 25 538 342 978 415 
stack 100:    869 714 881 206 997 292 98 
stack 101:    890 305 438 69 316 79 829 
stack 102:    337 385 899 466 903 165 119 
stack 103:    874 547 655 900 27 605 300 
stack 104:    533 540 766 550 353 315 429 
stack 105:    295 298 568 776 710 945 281 
stack 106:    85 68 604 448 749 916 247 
stack 107:    357 901 48 223 626 436 348 
stack 108:    535 819 852 974 58 613 189 
stack 109:    781 39 611 376 418 38 359 
stack 110:    582 475 792 382 215 570 820 
stack 111:    930 274 761 602 430 586 56 
stack 112:    755 454 870 78 713 660 897 
stack 113:    101 975 244 863 922 130 269 
stack 114:    578 248 689 581 408 993 445 
stack 115:    625 539 328 136 672 83 347 
stack 116:    195 99 94 95 341 646 354 
stack 117:    433 290 555 563 304 753 198 
stack 118:    129 542 808 751 996 701 771 
stack 119:    544 735 355 477 167 557 231 
stack 120:    991 752 579 473 723 435 66 
stack 121:    386 486 371 100 933 832 665 
stack 122:    350 138 777 49 480 919 70 
stack 123:    971 841 552 208 569 725 302 
stack 124:    173 207 410 909 963 850 914 
stack 125:    924 868 699 641 116 266 772 
stack 126:    154 240 237 994 108 915 934 
stack 127:    842 468 891 336 230 774 205 
stack 128:    59 176 491 585 681 361 918 
stack 129:    635 595 434 256 702 637 322 
stack 130:    732 627 131 791 370 833 366 
stack 131:    210 425 898 186 383 367 254 
stack 132:    757 862 892 955 658 992 948 
stack 133:    364 270 285 840 324 577 80 
stack 134:    284 618 796 685 821 137 775 
stack 135:    162 233 730 679 871 241 634 
stack 136:    884 904 632 893 657 217 937 
stack 137:    487 733 352 235 369 351 152 
stack 138:    782 229 779 745 999 848 936 
stack 139:    856 768 857 765 717 742 670 
stack 140:    920 958 647 838 471 495 854 
stack 141:    715 238 763 910 332 406 412 
stack 142:    75 940 312 860 375 827 261 
stack 143:    114 861 743 457 171 944 913 
stack 144:    493 467 797 262 142 478 726 
stack 145:    804 648 320 249 907 91 712 
stack 146:    662 139 905 470 323 980 847 
stack 147:    153 770 409 84 849 659 447 
stack 148:    226 156 720 314 982 798 141 
stack 149:    318 877 212 451 851 716 423 
stack 150:    817 692 166 875 667 422 472 

#####################################################

solved with: SP.post_optimization_methods.HillClimbing
time limit: 1800.0 s
time to solve: 611,76 s
objective value: 1291111.5

stacks (top to bottom):
stack 0:    0 
stack 1:    501 
stack 2:    2 
stack 3:    503 3 
stack 4:    506 
stack 5:    781 5 505 994 342 228 13 
stack 6:    513 507 375 700 323 508 511 
stack 7:    39 339 163 38 266 303 102 
stack 8:    533 509 512 74 531 68 10 
stack 9:    293 124 14 35 649 45 612 
stack 10:    287 444 36 694 472 16 168 
stack 11:    874 972 41 863 631 931 66 
stack 12:    17 764 521 551 517 205 325 
stack 13:    432 594 498 639 294 516 400 
stack 14:    804 259 758 313 614 756 107 
stack 15:    276 187 304 998 464 866 44 
stack 16:    542 647 226 170 915 275 232 
stack 17:    350 377 430 733 260 149 21 
stack 18:    449 212 867 416 945 243 620 
stack 19:    905 869 789 358 960 158 20 
stack 20:    311 629 524 155 253 316 233 
stack 21:    895 201 312 460 256 79 788 
stack 22:    452 529 24 552 538 376 473 
stack 23:    673 540 928 585 984 146 962 
stack 24:    248 662 547 735 885 427 844 
stack 25:    53 330 475 569 907 331 977 
stack 26:    443 239 283 46 182 393 399 
stack 27:    930 530 153 274 123 982 483 
stack 28:    28 621 223 754 258 937 778 
stack 29:    156 939 699 759 216 169 412 
stack 30:    680 768 385 405 992 31 387 
stack 31:    326 71 244 587 343 213 919 
stack 32:    755 305 870 296 309 208 827 
stack 33:    782 839 718 821 80 367 913 
stack 34:    355 422 950 776 944 536 917 
stack 35:    891 108 451 541 65 697 469 
stack 36:    940 43 744 406 593 51 490 
stack 37:    929 958 740 964 264 654 820 
stack 38:    683 67 394 584 333 361 780 
stack 39:    689 794 549 289 458 347 565 
stack 40:    318 661 320 199 127 688 973 
stack 41:    72 78 482 672 959 86 83 
stack 42:    356 488 921 142 637 633 963 
stack 43:    819 852 655 651 933 557 711 
stack 44:    162 602 713 610 682 126 368 
stack 45:    548 172 470 215 401 949 894 
stack 46:    599 751 147 191 574 546 784 
stack 47:    392 219 592 604 448 429 978 
stack 48:    901 582 704 911 421 951 948 
stack 49:    806 999 340 675 591 241 193 
stack 50:    906 112 975 606 477 130 269 
stack 51:    195 868 433 125 976 854 354 
stack 52:    128 770 618 371 997 616 56 
stack 53:    568 143 133 679 562 829 659 
stack 54:    64 845 220 908 956 641 463 
stack 55:    757 904 455 777 836 417 703 
stack 56:    622 995 974 738 613 308 932 
stack 57:    252 206 967 741 849 666 402 
stack 58:    678 853 890 151 492 667 798 
stack 59:    386 61 900 310 993 89 729 
stack 60:    856 971 603 273 619 813 693 
stack 61:    571 93 366 898 148 968 914 
stack 62:    442 722 728 800 943 750 224 
stack 63:    953 491 297 225 859 134 969 
stack 64:    487 236 161 332 726 380 372 
stack 65:    642 955 658 687 670 341 634 
stack 66:    875 370 860 583 730 601 167 
stack 67:    268 99 650 878 793 864 847 
stack 68:    284 881 627 691 115 873 831 
stack 69:    76 607 924 715 105 749 255 
stack 70:    210 183 425 803 643 92 652 
stack 71:    824 648 810 797 378 716 471 
stack 72:    817 229 120 121 965 925 459 
stack 73:    645 767 795 608 389 261 164 
stack 74:    286 884 468 446 369 832 119 
stack 75:    329 838 727 100 301 934 909 
stack 76:    500 
stack 77:    1 
stack 78:    502 
stack 79:    4 
stack 80:    6 42 504 
stack 81:    270 589 889 249 292 8 152 
stack 82:    736 785 510 7 15 801 566 
stack 83:    663 899 573 563 499 916 830 
stack 84:    12 250 47 705 579 805 9 
stack 85:    25 26 177 495 315 95 431 
stack 86:    357 952 11 799 396 54 936 
stack 87:    927 23 560 556 436 251 480 
stack 88:    535 514 19 58 833 520 254 
stack 89:    181 18 88 886 137 50 665 
stack 90:    760 174 834 938 515 40 345 
stack 91:    440 523 476 522 227 646 519 
stack 92:    518 653 808 979 543 624 918 
stack 93:    240 947 171 893 63 961 983 
stack 94:    299 525 27 307 186 246 926 
stack 95:    437 55 314 818 445 22 572 
stack 96:    695 222 588 981 353 94 534 
stack 97:    526 692 69 734 773 671 57 
stack 98:    987 288 32 434 352 586 179 
stack 99:    90 537 668 154 539 131 605 
stack 100:    295 298 779 29 414 49 362 
stack 101:    280 595 690 328 564 410 302 
stack 102:    527 632 528 996 30 656 423 
stack 103:    986 676 197 435 70 746 850 
stack 104:    732 532 381 636 970 388 545 
stack 105:    550 496 763 192 774 230 597 
stack 106:    129 762 609 438 461 165 34 
stack 107:    708 139 33 879 802 615 334 
stack 108:    106 291 857 87 242 117 188 
stack 109:    138 59 428 765 846 217 247 
stack 110:    580 630 166 185 420 792 775 
stack 111:    450 731 265 611 178 322 211 
stack 112:    234 48 701 97 980 657 214 
stack 113:    37 204 555 985 122 453 272 
stack 114:    176 238 403 485 826 717 742 
stack 115:    395 876 203 877 52 628 748 
stack 116:    761 159 407 685 577 489 383 
stack 117:    306 338 807 237 719 753 723 
stack 118:    989 825 439 327 766 321 772 
stack 119:    544 935 698 558 397 988 98 
stack 120:    349 677 942 478 681 359 200 
stack 121:    553 752 638 60 922 363 828 
stack 122:    481 379 892 626 157 150 160 
stack 123:    114 75 862 337 887 418 816 
stack 124:    923 467 184 457 710 77 198 
stack 125:    707 245 411 843 113 897 865 
stack 126:    279 720 576 196 207 282 426 
stack 127:    567 559 335 910 415 570 263 
stack 128:    175 644 409 872 136 554 271 
stack 129:    257 391 912 319 954 81 880 
stack 130:    747 684 783 486 990 709 135 
stack 131:    920 842 617 724 623 903 91 
stack 132:    479 635 790 144 786 494 235 
stack 133:    578 413 189 324 575 419 725 
stack 134:    840 714 796 62 218 809 281 
stack 135:    686 104 145 706 73 290 484 
stack 136:    85 424 408 317 814 209 300 
stack 137:    202 787 373 561 669 465 365 
stack 138:    454 474 101 346 110 277 462 
stack 139:    364 743 132 336 837 855 447 
stack 140:    674 118 598 841 221 82 141 
stack 141:    822 262 902 946 382 664 109 
stack 142:    835 600 581 745 390 180 348 
stack 143:    883 404 858 466 896 640 231 
stack 144:    267 791 84 190 111 712 398 
stack 145:    888 140 966 384 815 737 351 
stack 146:    882 278 96 823 696 456 360 
stack 147:    769 625 811 812 848 374 344 
stack 148:    596 285 103 957 441 660 590 
stack 149:    194 991 721 497 871 702 739 
stack 150:    861 493 941 173 851 116 771 
