lower bound for relaxed s_ij: 1291109.06

#####################################################

solved with: SP.mip_formulations.BinPackingFormulation
time limit: 1800.0 s
time to solve: 1810,81 s (time limit exceeded)
objective value: 1302884.19 (not optimal)

stacks (top to bottom):
stack 0:    508 17 7 4 3 501 6 
stack 1:    43 13 10 0 26 29 1 
stack 2:    31 19 21 20 14 33 5 
stack 3:    30 16 36 25 38 8 2 
stack 4:    32 24 22 35 23 27 18 
stack 5:    49 46 51 11 37 52 15 
stack 6:    45 48 505 41 40 34 28 
stack 7:    44 62 53 513 507 506 54 
stack 8:    70 60 50 69 66 67 42 
stack 9:    99 64 56 520 68 57 102 
stack 10:    65 521 72 87 500 58 91 
stack 11:    75 61 76 63 73 77 88 
stack 12:    83 71 74 82 86 81 79 
stack 13:    512 93 97 84 89 100 85 
stack 14:    92 95 510 108 502 94 109 
stack 15:    111 115 118 96 120 113 98 
stack 16:    117 112 503 140 139 106 110 
stack 17:    148 125 132 134 104 119 149 
stack 18:    122 525 156 124 128 164 107 
stack 19:    130 123 144 142 136 116 137 
stack 20:    162 171 157 131 127 153 146 
stack 21:    151 135 504 114 161 170 178 
stack 22:    159 160 121 166 141 150 152 
stack 23:    133 196 129 184 143 528 537 
stack 24:    188 163 214 192 147 595 553 
stack 25:    194 180 176 138 224 158 529 
stack 26:    181 169 173 190 154 155 168 
stack 27:    191 197 195 174 145 201 175 
stack 28:    179 177 186 183 182 198 185 
stack 29:    205 216 208 193 514 189 187 
stack 30:    222 200 203 218 217 206 232 
stack 31:    223 516 204 210 212 233 231 
stack 32:    250 237 202 211 253 209 230 
stack 33:    229 235 220 215 247 240 226 
stack 34:    281 248 234 244 257 245 256 
stack 35:    252 242 287 258 221 267 251 
stack 36:    278 260 255 239 225 249 560 
stack 37:    259 284 279 236 227 629 618 
stack 38:    262 274 241 238 518 276 269 
stack 39:    273 272 268 261 254 270 246 
stack 40:    298 317 290 319 266 533 291 
stack 41:    285 280 265 519 275 294 297 
stack 42:    306 286 304 288 277 303 282 
stack 43:    310 289 312 292 313 296 315 
stack 44:    300 309 323 314 305 311 299 
stack 45:    718 320 301 295 332 647 632 
stack 46:    340 308 328 321 334 331 316 
stack 47:    326 318 325 346 329 327 554 
stack 48:    347 348 343 324 336 302 330 
stack 49:    350 349 342 337 307 335 538 
stack 50:    341 370 363 359 355 353 338 
stack 51:    381 351 352 366 367 586 583 
stack 52:    371 610 558 354 358 377 360 
stack 53:    369 368 357 364 361 383 387 
stack 54:    403 379 365 362 399 382 394 
stack 55:    392 375 396 385 384 389 388 
stack 56:    633 386 393 380 401 411 593 
stack 57:    391 404 390 405 397 416 409 
stack 58:    871 837 413 373 420 417 415 
stack 59:    569 455 428 458 400 402 447 
stack 60:    418 407 414 398 440 438 427 
stack 61:    408 424 412 446 422 448 701 
stack 62:    432 425 439 435 423 452 431 
stack 63:    461 445 451 442 441 436 429 
stack 64:    437 444 462 433 443 434 600 
stack 65:    482 430 419 465 893 499 480 
stack 66:    449 459 457 478 453 486 476 
stack 67:    592 483 470 490 481 456 454 
stack 68:    800 542 540 488 460 880 848 
stack 69:    664 493 484 469 492 468 464 
stack 70:    741 497 477 494 485 489 466 
stack 71:    555 479 475 474 471 769 809 
stack 72:    693 720 682 677 495 472 487 
stack 73:    681 585 613 498 515 496 589 
stack 74:    641 612 575 517 522 491 668 
stack 75:    581 646 644 598 526 532 591 
stack 76:    539 557 524 534 
stack 77:    564 566 530 
stack 78:    551 548 570 562 545 
stack 79:    536 550 552 543 544 
stack 80:    549 563 547 573 531 561 
stack 81:    606 574 541 604 607 
stack 82:    567 579 568 559 578 556 
stack 83:    571 577 594 587 
stack 84:    9 584 576 
stack 85:    509 601 580 588 582 597 
stack 86:    616 609 608 572 619 617 605 
stack 87:    511 615 622 621 599 596 
stack 88:    623 634 614 635 636 628 
stack 89:    12 630 603 639 626 611 
stack 90:    643 620 631 637 
stack 91:    650 649 651 642 590 648 
stack 92:    655 602 645 627 638 652 
stack 93:    658 680 624 657 
stack 94:    690 706 625 659 
stack 95:    683 756 744 686 640 714 730 
stack 96:    667 653 670 669 656 666 662 
stack 97:    661 679 665 654 688 660 
stack 98:    674 671 692 695 691 663 
stack 99:    694 687 684 678 675 672 698 
stack 100:    523 727 723 689 685 721 676 
stack 101:    696 703 697 704 700 707 699 
stack 102:    719 715 717 709 705 725 673 
stack 103:    711 702 716 712 708 713 710 
stack 104:    733 732 737 734 729 722 728 
stack 105:    750 726 740 736 743 724 747 
stack 106:    762 746 749 731 739 
stack 107:    745 753 742 751 748 758 757 
stack 108:    767 764 754 759 735 768 766 
stack 109:    527 760 761 755 771 774 
stack 110:    787 763 
stack 111:    772 806 738 795 773 811 782 
stack 112:    775 777 785 804 780 
stack 113:    791 776 770 765 794 781 790 
stack 114:    802 796 783 816 789 803 812 
stack 115:    808 805 798 813 786 814 792 
stack 116:    535 836 807 799 842 820 
stack 117:    826 817 801 797 823 821 
stack 118:    830 833 810 834 819 825 824 
stack 119:    39 845 829 839 827 828 831 
stack 120:    859 822 853 857 847 
stack 121:    835 843 873 890 858 844 
stack 122:    865 856 854 832 838 
stack 123:    47 849 884 881 879 876 846 
stack 124:    860 867 868 840 861 546 
stack 125:    872 910 851 883 850 904 55 
stack 126:    906 870 875 864 863 891 887 
stack 127:    919 909 889 896 874 905 894 
stack 128:    59 885 862 882 878 895 899 
stack 129:    922 908 897 886 907 912 902 
stack 130:    923 929 892 918 900 926 921 
stack 131:    928 924 934 911 914 925 948 
stack 132:    935 953 927 952 888 951 950 
stack 133:    999 972 965 961 903 979 977 
stack 134:    915 954 938 944 930 947 949 
stack 135:    933 936 945 940 920 917 916 
stack 136:    973 963 971 969 958 939 959 
stack 137:    975 932 956 937 957 913 962 
stack 138:    988 974 970 986 942 960 985 
stack 139:    941 967 989 946 931 964 983 
stack 140:    992 993 866 841 968 943 997 
stack 141:    345 565 982 966 980 978 995 
stack 142:    877 818 955 991 981 998 855 
stack 143:    793 984 976 990 901 869 898 
stack 144:    852 815 788 778 467 374 450 
stack 145:    378 784 779 752 994 987 395 
stack 146:    421 376 473 463 426 406 410 
stack 147:    372 344 90 996 356 339 333 
stack 148:    165 293 271 228 78 263 243 
stack 149:    219 80 283 264 322 199 105 
stack 150:    167 213 207 126 103 172 101 

#####################################################

solved with: SP.constructive_heuristics.GeneralHeuristic
time limit: 1800.0 s
time to solve: 0,10 s
objective value: 1337244.36

stacks (top to bottom):
stack 0:    800 78 644 535 527 17 6 
stack 1:    511 692 722 453 637 447 102 
stack 2:    761 796 308 226 486 353 607 
stack 3:    426 208 97 495 826 595 730 
stack 4:    981 259 799 986 861 269 948 
stack 5:    606 927 430 541 138 460 766 
stack 6:    928 609 970 295 214 299 997 
stack 7:    935 298 193 492 878 912 465 
stack 8:    181 661 354 268 599 846 666 
stack 9:    423 751 911 514 86 502 109 
stack 10:    941 674 525 180 834 427 538 
stack 11:    565 407 234 873 691 780 855 
stack 12:    909 398 390 202 419 844 604 
stack 13:    455 216 748 139 736 926 553 
stack 14:    598 836 686 106 874 573 302 
stack 15:    727 965 258 570 5 394 701 
stack 16:    581 992 479 358 631 983 55 
stack 17:    463 746 776 526 734 27 771 
stack 18:    634 445 557 795 916 107 951 
stack 19:    396 341 144 602 568 438 528 
stack 20:    779 151 260 220 334 757 450 
stack 21:    719 519 123 563 310 708 996 
stack 22:    205 932 364 777 244 819 698 
stack 23:    919 658 351 675 783 26 904 
stack 24:    752 93 71 785 20 436 774 
stack 25:    690 306 61 881 145 710 947 
stack 26:    293 756 974 497 829 504 110 
stack 27:    72 798 414 755 543 459 276 
stack 28:    778 718 630 75 96 879 3 
stack 29:    852 129 225 301 402 618 356 
stack 30:    682 876 764 577 524 534 175 
stack 31:    540 961 890 786 545 164 814 
stack 32:    421 681 349 500 548 362 903 
stack 33:    372 793 685 287 824 33 880 
stack 34:    616 706 386 567 712 882 360 
stack 35:    973 498 157 294 496 759 578 
stack 36:    406 646 929 92 688 596 676 
stack 37:    80 613 677 885 982 566 332 
stack 38:    285 11 485 905 233 636 944 
stack 39:    44 272 76 166 920 270 546 
stack 40:    872 477 179 239 474 185 632 
stack 41:    493 229 622 825 902 899 91 
stack 42:    741 275 437 14 804 18 94 
stack 43:    650 896 136 277 215 336 812 
stack 44:    521 69 352 946 456 330 199 
stack 45:    711 576 305 840 206 147 333 
stack 46:    207 391 320 159 54 464 562 
stack 47:    376 165 866 584 624 763 57 
stack 48:    859 702 323 811 316 499 950 
stack 49:    615 827 864 863 724 978 831 
stack 50:    845 619 760 112 517 178 782 
stack 51:    623 379 169 289 318 397 662 
stack 52:    191 408 835 176 738 58 480 
stack 53:    254 770 190 19 765 705 962 
stack 54:    219 228 132 867 625 217 431 
stack 55:    125 889 235 957 363 170 15 
stack 56:    679 131 108 66 335 429 721 
stack 57:    655 74 183 522 816 127 728 
stack 58:    693 160 118 312 700 628 617 
stack 59:    772 704 989 422 959 476 230 
stack 60:    167 924 70 558 670 958 651 
stack 61:    9 744 134 400 593 591 101 
stack 62:    60 620 452 789 714 894 589 
stack 63:    122 368 574 984 626 34 105 
stack 64:    791 549 82 645 735 489 466 
stack 65:    59 290 307 187 416 256 857 
stack 66:    720 99 601 24 182 238 850 
stack 67:    696 532 717 383 246 792 28 
stack 68:    64 640 520 68 471 198 914 
stack 69:    111 50 115 142 282 544 501 
stack 70:    345 726 197 862 716 531 1 
stack 71:    432 865 934 405 41 813 224 
stack 72:    585 775 806 603 327 451 660 
stack 73:    915 177 203 503 412 627 29 
stack 74:    12 608 381 314 135 494 794 
stack 75:    612 271 13 530 311 925 454 
stack 76:    856 357 960 491 985 790 769 
stack 77:    369 361 461 773 590 656 554 
stack 78:    83 273 84 547 355 446 137 
stack 79:    569 375 347 171 803 249 487 
stack 80:    418 248 940 8 296 150 315 
stack 81:    667 403 488 4 478 561 848 
stack 82:    263 830 121 120 313 858 898 
stack 83:    975 664 697 385 579 635 747 
stack 84:    815 575 837 993 892 943 411 
stack 85:    963 48 387 442 73 399 251 
stack 86:    47 126 49 46 37 384 52 
stack 87:    90 65 571 513 908 201 409 
stack 88:    326 888 838 434 40 600 322 
stack 89:    473 509 592 0 998 143 647 
stack 90:    870 839 140 740 192 417 283 
stack 91:    508 36 833 614 559 389 257 
stack 92:    350 952 462 649 211 346 231 
stack 93:    633 53 35 743 518 146 586 
stack 94:    374 810 669 731 642 847 88 
stack 95:    309 678 435 713 297 594 668 
stack 96:    196 163 868 119 410 339 809 
stack 97:    344 654 155 907 556 891 98 
stack 98:    10 572 552 699 247 81 100 
stack 99:    788 467 365 210 472 21 995 
stack 100:    972 823 781 209 113 2 893 
stack 101:    784 954 753 918 227 415 395 
stack 102:    923 130 539 242 930 583 264 
stack 103:    955 483 966 817 324 758 938 
stack 104:    956 665 7 945 886 987 158 
stack 105:    39 732 204 805 95 468 587 
stack 106:    133 683 745 274 380 186 470 
stack 107:    103 213 340 188 787 284 218 
stack 108:    223 671 141 969 976 979 443 
stack 109:    425 672 51 328 515 663 895 
stack 110:    523 148 875 684 853 931 990 
stack 111:    723 482 45 729 913 325 939 
stack 112:    641 849 162 250 588 742 820 
stack 113:    922 715 195 25 154 152 977 
stack 114:    555 991 680 564 659 85 869 
stack 115:    767 317 342 971 897 832 267 
stack 116:    194 551 266 221 605 67 331 
stack 117:    689 469 62 597 23 964 153 
stack 118:    265 994 749 38 505 212 707 
stack 119:    968 413 428 200 393 550 303 
stack 120:    818 988 643 822 114 116 42 
stack 121:    378 184 942 458 149 490 949 
stack 122:    449 860 262 279 900 388 921 
stack 123:    610 808 261 737 621 709 917 
stack 124:    286 30 687 370 638 652 338 
stack 125:    337 653 319 739 329 611 725 
stack 126:    280 424 762 754 510 768 529 
stack 127:    32 392 582 343 366 648 243 
stack 128:    117 536 304 89 420 401 629 
stack 129:    953 484 292 444 433 639 673 
stack 130:    999 278 910 104 883 842 657 
stack 131:    841 906 851 807 481 537 172 
stack 132:    371 843 281 252 124 507 291 
stack 133:    542 937 237 174 980 161 695 
stack 134:    300 43 255 56 236 560 901 
stack 135:    750 63 189 828 79 448 77 
stack 136:    512 580 694 241 321 457 821 
stack 137:    733 31 156 87 245 
stack 138:    475 377 232 
stack 139:    877 222 439 16 703 348 128 
stack 140:    884 373 802 440 240 367 887 
stack 141:    871 933 168 441 506 382 
stack 142:    404 936 516 359 533 
stack 143:    173 854 
stack 144:    22 288 801 967 797 
stack 145:    253 
stack 146:    
stack 147:    
stack 148:    
stack 149:    
stack 150:    
