solved with: SP.post_optimization_methods.TabuSearch
time limit: 1800.0 s
time to solve: 638,42 s
objective value: 1291107.8

stacks (top to bottom):
stack 0:    
stack 1:    
stack 2:    2 
stack 3:    
stack 4:    505 
stack 5:    508 5 6 8 14 524 507 
stack 6:    15 271 38 53 520 727 20 
stack 7:    398 513 480 84 519 749 110 
stack 8:    888 509 889 452 313 861 928 
stack 9:    510 328 531 681 979 9 879 
stack 10:    931 601 544 735 512 421 930 
stack 11:    957 690 847 65 518 662 17 
stack 12:    536 673 730 822 18 456 26 
stack 13:    871 991 21 476 430 614 24 
stack 14:    377 329 43 390 425 305 639 
stack 15:    863 225 51 223 199 426 621 
stack 16:    935 846 336 419 760 543 719 
stack 17:    686 78 397 486 813 114 201 
stack 18:    729 651 970 525 362 718 445 
stack 19:    521 143 542 660 778 559 42 
stack 20:    435 40 522 135 57 633 588 
stack 21:    360 34 578 781 131 238 532 
stack 22:    316 366 120 176 831 628 527 
stack 23:    982 243 396 343 347 606 28 
stack 24:    379 526 687 848 824 440 973 
stack 25:    153 640 433 622 634 163 102 
stack 26:    152 216 838 232 444 27 355 
stack 27:    637 943 52 181 908 995 983 
stack 28:    919 369 37 63 383 956 803 
stack 29:    403 845 32 540 530 162 324 
stack 30:    252 768 533 764 856 539 679 
stack 31:    972 33 62 793 625 259 311 
stack 32:    827 365 790 918 233 301 630 
stack 33:    274 409 276 574 914 191 109 
stack 34:    132 590 816 124 157 715 776 
stack 35:    487 473 716 724 429 659 890 
stack 36:    89 183 106 929 840 39 563 
stack 37:    338 85 939 767 538 219 875 
stack 38:    802 58 139 44 492 69 393 
stack 39:    545 711 752 934 602 348 550 
stack 40:    48 985 319 202 736 149 56 
stack 41:    381 439 189 168 414 546 273 
stack 42:    296 209 969 844 300 841 119 
stack 43:    334 697 765 677 184 364 597 
stack 44:    267 938 479 699 669 916 420 
stack 45:    407 220 453 825 213 270 618 
stack 46:    664 829 779 210 564 212 188 
stack 47:    83 571 604 481 624 723 72 
stack 48:    756 385 394 631 947 842 607 
stack 49:    561 737 891 612 204 579 862 
stack 50:    154 97 684 494 286 129 174 
stack 51:    554 894 116 963 130 617 961 
stack 52:    76 568 966 196 758 253 175 
stack 53:    984 241 820 692 667 180 98 
stack 54:    586 376 944 832 485 190 917 
stack 55:    623 278 416 353 497 833 342 
stack 56:    350 641 742 293 835 197 203 
stack 57:    828 665 937 289 417 437 404 
stack 58:    412 895 582 725 244 731 907 
stack 59:    887 108 92 478 356 739 64 
stack 60:    745 774 277 902 304 837 923 
stack 61:    994 436 629 992 128 830 900 
stack 62:    913 652 95 294 810 386 410 
stack 63:    312 297 280 576 482 422 354 
stack 64:    783 650 96 125 389 864 318 
stack 65:    780 269 599 466 137 73 732 
stack 66:    170 577 656 583 302 408 263 
stack 67:    469 268 722 868 865 826 428 
stack 68:    598 261 821 307 986 921 208 
stack 69:    670 860 953 936 105 237 474 
stack 70:    323 387 471 146 457 613 818 
stack 71:    368 320 909 873 375 626 773 
stack 72:    472 182 615 345 750 491 892 
stack 73:    349 949 427 906 654 925 896 
stack 74:    809 147 418 115 77 401 645 
stack 75:    321 657 685 616 111 112 941 
stack 76:    0 500 
stack 77:    1 501 
stack 78:    3 503 502 
stack 79:    
stack 80:    4 107 504 603 
stack 81:    506 326 496 228 713 705 400 
stack 82:    227 649 904 898 46 477 7 
stack 83:    31 534 104 872 22 785 16 
stack 84:    10 987 855 12 883 515 903 
stack 85:    511 373 834 514 431 166 60 
stack 86:    382 516 100 867 35 807 857 
stack 87:    282 11 222 331 306 528 523 
stack 88:    932 224 86 483 541 517 391 
stack 89:    990 303 214 13 585 870 800 
stack 90:    675 295 565 886 127 691 721 
stack 91:    698 490 36 230 19 29 996 
stack 92:    370 260 134 572 499 704 45 
stack 93:    475 706 743 734 789 998 700 
stack 94:    646 291 169 748 30 358 126 
stack 95:    23 55 676 709 557 458 753 
stack 96:    989 763 592 788 680 804 570 
stack 97:    239 308 315 980 140 61 218 
stack 98:    451 708 552 945 384 551 587 
stack 99:    215 460 741 161 609 346 746 
stack 100:    357 25 99 787 54 371 79 
stack 101:    754 81 933 121 843 340 529 
stack 102:    915 547 658 819 155 812 968 
stack 103:    288 556 148 839 792 817 272 
stack 104:    710 70 755 647 195 50 257 
stack 105:    877 795 194 971 642 90 762 
stack 106:    610 791 535 462 688 548 59 
stack 107:    498 897 605 82 254 851 187 
stack 108:    549 193 874 372 150 703 958 
stack 109:    950 424 247 595 784 335 344 
stack 110:    144 619 666 337 537 671 976 
stack 111:    796 432 849 880 123 325 275 
stack 112:    136 948 701 955 823 211 569 
stack 113:    584 997 322 901 566 661 798 
stack 114:    655 689 836 553 438 560 177 
stack 115:    608 380 663 988 728 611 869 
stack 116:    287 726 695 351 266 678 759 
stack 117:    94 468 145 200 101 41 940 
stack 118:    555 866 314 769 229 47 999 
stack 119:    290 327 738 172 911 221 775 
stack 120:    702 693 960 207 744 285 234 
stack 121:    248 242 281 974 171 593 446 
stack 122:    884 558 707 399 858 465 594 
stack 123:    772 562 448 714 164 392 265 
stack 124:    567 926 283 806 240 591 981 
stack 125:    636 648 117 49 967 751 484 
stack 126:    852 632 786 93 74 186 67 
stack 127:    151 449 249 489 352 455 332 
stack 128:    423 493 668 255 206 434 638 
stack 129:    178 88 279 740 450 899 977 
stack 130:    405 747 359 118 712 893 596 
stack 131:    179 672 694 620 946 251 299 
stack 132:    771 250 912 777 733 589 258 
stack 133:    160 292 103 853 361 138 965 
stack 134:    443 363 882 580 954 575 454 
stack 135:    920 573 814 635 378 167 850 
stack 136:    310 333 627 330 122 256 133 
stack 137:    156 878 815 581 959 298 644 
stack 138:    395 367 309 922 459 80 165 
stack 139:    674 339 876 341 782 600 402 
stack 140:    141 470 173 766 68 158 720 
stack 141:    770 927 159 464 415 66 975 
stack 142:    811 924 442 87 205 717 236 
stack 143:    808 952 374 854 411 905 696 
stack 144:    978 246 113 495 461 447 75 
stack 145:    245 226 885 488 406 91 284 
stack 146:    185 317 993 910 761 653 142 
stack 147:    859 682 71 643 962 231 441 
stack 148:    388 964 463 881 797 262 217 
stack 149:    757 683 794 198 805 799 942 
stack 150:    264 192 235 413 801 467 951 

#####################################################

solved with: SP.post_optimization_methods.HillClimbing
time limit: 1800.0 s
time to solve: 440,01 s
objective value: 1291107.8

stacks (top to bottom):
stack 0:    
stack 1:    
stack 2:    2 
stack 3:    
stack 4:    505 
stack 5:    796 768 904 46 937 715 16 
stack 6:    757 55 15 815 213 20 507 
stack 7:    152 58 252 116 90 7 930 
stack 8:    509 760 21 889 33 713 861 
stack 9:    771 328 932 224 578 593 9 
stack 10:    931 57 181 86 497 940 441 
stack 11:    83 11 480 485 748 302 679 
stack 12:    535 341 12 620 923 18 26 
stack 13:    702 151 352 514 17 142 102 
stack 14:    227 76 120 884 524 307 999 
stack 15:    950 215 38 78 581 653 167 
stack 16:    297 697 489 519 826 491 421 
stack 17:    23 246 763 442 534 113 520 
stack 18:    350 34 966 518 486 537 813 
stack 19:    673 407 897 288 271 541 723 
stack 20:    154 672 791 577 466 417 437 
stack 21:    439 204 401 256 944 402 981 
stack 22:    827 333 366 969 822 527 22 
stack 23:    96 36 755 27 394 784 977 
stack 24:    651 374 146 430 979 313 445 
stack 25:    756 376 29 615 440 324 875 
stack 26:    144 590 153 52 666 563 793 
stack 27:    469 726 216 240 591 50 420 
stack 28:    498 81 37 104 392 298 803 
stack 29:    664 549 912 230 471 35 133 
stack 30:    108 249 540 983 812 410 671 
stack 31:    770 92 245 707 337 858 594 
stack 32:    255 412 416 934 244 731 559 
stack 33:    339 926 261 124 643 974 921 
stack 34:    414 130 289 99 807 917 857 
stack 35:    894 115 855 168 330 122 44 
stack 36:    584 296 41 202 60 119 607 
stack 37:    648 767 544 406 538 237 907 
stack 38:    730 40 294 712 841 835 293 
stack 39:    860 690 938 853 64 588 899 
stack 40:    170 269 233 824 971 177 700 
stack 41:    571 291 764 546 787 996 603 
stack 42:    729 927 357 586 960 283 305 
stack 43:    978 87 209 736 691 63 550 
stack 44:    382 268 737 552 551 75 234 
stack 45:    935 637 241 948 175 955 263 
stack 46:    409 902 906 304 575 837 400 
stack 47:    223 453 839 455 817 114 617 
stack 48:    650 235 356 821 654 236 968 
stack 49:    920 429 565 212 872 465 72 
stack 50:    698 295 435 449 882 251 386 
stack 51:    334 878 51 636 635 618 775 
stack 52:    396 347 348 916 371 218 951 
stack 53:    290 608 722 970 678 284 201 
stack 54:    193 963 856 703 67 560 69 
stack 55:    949 646 708 222 986 566 965 
stack 56:    846 287 913 982 205 680 148 
stack 57:    780 189 206 806 123 630 195 
stack 58:    990 488 194 794 797 911 140 
stack 59:    943 459 742 761 391 458 976 
stack 60:    871 95 111 995 785 105 843 
stack 61:    326 562 859 844 68 149 163 
stack 62:    670 359 135 724 164 165 596 
stack 63:    836 816 276 786 988 669 404 
stack 64:    687 758 717 80 461 484 746 
stack 65:    885 85 306 128 721 753 446 
stack 66:    368 192 656 918 66 150 301 
stack 67:    802 599 137 139 699 358 600 
stack 68:    610 641 320 684 84 592 127 
stack 69:    828 915 210 682 719 947 91 
stack 70:    367 601 626 300 482 112 942 
stack 71:    919 89 789 864 279 740 188 
stack 72:    338 808 629 595 176 483 456 
stack 73:    160 854 499 901 705 900 299 
stack 74:    809 419 93 660 266 344 842 
stack 75:    451 468 377 668 147 805 273 
stack 76:    0 500 
stack 77:    1 501 
stack 78:    3 503 502 
stack 79:    
stack 80:    4 504 515 219 
stack 81:    5 508 6 777 8 896 346 
stack 82:    506 513 647 131 399 197 517 
stack 83:    248 772 547 598 939 645 728 
stack 84:    10 987 774 323 883 331 631 
stack 85:    511 510 260 652 522 161 431 
stack 86:    427 743 867 14 849 512 539 
stack 87:    952 405 752 694 390 207 523 
stack 88:    555 418 179 365 925 928 229 
stack 89:    317 220 39 13 56 270 265 
stack 90:    554 612 649 533 434 408 579 
stack 91:    887 564 516 945 877 19 958 
stack 92:    526 929 303 572 735 450 30 
stack 93:    531 747 433 640 879 253 354 
stack 94:    132 711 895 444 353 322 759 
stack 95:    250 415 25 874 258 190 961 
stack 96:    360 182 845 238 166 397 532 
stack 97:    536 521 936 998 548 614 24 
stack 98:    866 329 100 795 525 254 973 
stack 99:    888 423 545 739 462 734 477 
stack 100:    312 31 225 997 819 47 355 
stack 101:    156 470 933 804 211 257 529 
stack 102:    490 574 363 262 528 361 73 
stack 103:    424 173 530 908 221 28 732 
stack 104:    984 381 178 200 543 157 171 
stack 105:    493 327 336 143 582 54 762 
stack 106:    665 242 71 605 558 180 662 
stack 107:    398 32 814 214 378 495 892 
stack 108:    964 308 580 384 542 946 61 
stack 109:    185 243 494 701 873 792 332 
stack 110:    264 277 891 632 953 492 285 
stack 111:    852 693 695 217 776 583 818 
stack 112:    847 476 286 633 129 725 569 
stack 113:    310 388 370 790 77 553 474 
stack 114:    282 226 962 830 259 447 587 
stack 115:    811 70 97 573 228 834 42 
stack 116:    349 125 43 74 425 452 611 
stack 117:    487 387 683 905 362 45 109 
stack 118:    557 53 993 621 727 956 342 
stack 119:    267 473 413 954 801 661 340 
stack 120:    745 274 688 914 191 823 208 
stack 121:    48 876 609 428 773 718 231 
stack 122:    159 738 991 602 782 467 749 
stack 123:    674 989 663 781 481 766 798 
stack 124:    314 868 411 318 138 335 850 
stack 125:    994 369 373 496 49 967 454 
stack 126:    924 141 556 825 383 893 158 
stack 127:    475 379 292 838 169 744 862 
stack 128:    134 985 716 659 155 203 890 
stack 129:    94 567 436 903 351 799 311 
stack 130:    779 706 568 624 733 62 393 
stack 131:    627 395 972 172 315 345 750 
stack 132:    829 88 65 281 769 606 980 
stack 133:    403 309 107 820 704 625 597 
stack 134:    183 992 82 118 677 778 187 
stack 135:    561 463 639 880 832 638 59 
stack 136:    316 863 910 709 199 676 851 
stack 137:    783 478 103 198 613 628 869 
stack 138:    136 657 692 272 585 751 570 
stack 139:    655 675 443 460 922 741 457 
stack 140:    196 375 831 174 696 110 800 
stack 141:    623 689 898 464 372 848 975 
stack 142:    686 121 426 280 959 644 870 
stack 143:    239 247 810 101 619 319 941 
stack 144:    604 622 886 184 422 634 720 
stack 145:    278 479 385 232 642 325 275 
stack 146:    658 117 616 98 714 788 576 
stack 147:    754 472 909 667 840 765 364 
stack 148:    380 681 432 343 186 865 79 
stack 149:    710 145 957 389 881 438 126 
stack 150:    321 685 448 106 162 589 833 
