lower bound for relaxed s_ij: 692256.88

#####################################################

solved with: SP.mip_formulations.BinPackingFormulation
time limit: 1800.0 s
time to solve: 1816,42 s (time limit exceeded)
objective value: 709252.95 (not optimal)

stacks (top to bottom):
stack 0:    382 0 19 376 10 
stack 1:    381 2 6 28 
stack 2:    12 24 30 20 17 4 22 
stack 3:    18 378 1 380 37 16 29 
stack 4:    33 3 35 21 43 11 45 
stack 5:    34 387 42 23 60 48 9 
stack 6:    7 394 388 13 407 471 452 
stack 7:    476 377 70 31 399 84 15 
stack 8:    47 46 57 51 14 82 26 
stack 9:    77 44 66 59 52 40 69 
stack 10:    454 62 395 79 41 55 78 
stack 11:    72 65 64 53 71 74 96 
stack 12:    87 91 67 93 73 97 81 
stack 13:    95 49 89 384 94 383 92 
stack 14:    100 102 98 112 111 75 108 
stack 15:    495 110 80 488 469 456 410 
stack 16:    114 396 134 85 126 106 113 
stack 17:    136 129 116 133 117 90 118 
stack 18:    101 393 119 99 138 135 124 
stack 19:    145 143 109 121 464 142 467 
stack 20:    115 158 447 400 162 157 150 
stack 21:    141 144 404 122 139 137 130 
stack 22:    155 132 161 159 154 401 148 
stack 23:    149 191 169 481 474 213 172 
stack 24:    409 164 458 403 406 147 163 
stack 25:    483 475 165 462 184 492 175 
stack 26:    182 192 166 200 176 402 168 
stack 27:    413 180 181 194 193 189 195 
stack 28:    178 187 468 418 201 177 216 
stack 29:    224 212 186 470 225 227 218 
stack 30:    211 202 460 207 203 196 209 
stack 31:    242 518 275 233 173 487 420 
stack 32:    502 205 501 466 246 499 210 
stack 33:    199 238 485 221 228 533 231 
stack 34:    234 243 459 260 253 248 226 
stack 35:    538 484 257 241 268 271 252 
stack 36:    222 255 223 256 261 269 266 
stack 37:    508 240 230 249 264 220 236 
stack 38:    422 254 272 262 259 267 493 
stack 39:    497 277 250 498 273 505 283 
stack 40:    289 280 311 263 287 687 659 
stack 41:    290 510 305 288 274 278 494 
stack 42:    308 167 651 315 317 282 304 
stack 43:    293 298 301 299 294 284 302 
stack 44:    300 473 295 426 310 547 292 
stack 45:    303 323 332 567 600 328 316 
stack 46:    570 507 351 579 325 569 341 
stack 47:    335 334 313 309 327 322 324 
stack 48:    354 307 583 573 343 597 548 
stack 49:    749 333 345 326 337 738 39 
stack 50:    730 340 312 360 356 703 727 
stack 51:    647 636 671 319 359 365 352 
stack 52:    663 348 428 389 648 602 660 
stack 53:    366 368 559 367 331 364 363 
stack 54:    581 346 353 580 541 603 578 
stack 55:    594 361 595 374 349 373 433 
stack 56:    430 543 568 372 350 371 369 
stack 57:    616 562 416 584 552 577 604 
stack 58:    588 521 523 539 534 362 414 
stack 59:    525 496 572 425 434 542 503 
stack 60:    490 463 479 440 441 524 520 
stack 61:    457 450 444 432 431 435 451 
stack 62:    535 540 429 423 449 439 513 
stack 63:    443 437 427 446 436 448 438 
stack 64:    442 480 453 465 445 461 455 
stack 65:    375 
stack 66:    472 
stack 67:    
stack 68:    491 500 
stack 69:    379 482 504 489 478 
stack 70:    5 519 
stack 71:    477 
stack 72:    527 517 
stack 73:    511 526 514 
stack 74:    506 512 531 8 
stack 75:    544 530 528 486 515 
stack 76:    516 536 537 549 532 522 
stack 77:    386 558 546 385 
stack 78:    566 554 
stack 79:    560 553 585 563 509 
stack 80:    556 545 565 561 391 
stack 81:    575 596 586 564 587 550 
stack 82:    390 551 392 
stack 83:    592 599 555 
stack 84:    598 574 
stack 85:    571 
stack 86:    593 607 601 625 624 589 
stack 87:    398 397 591 644 
stack 88:    638 609 637 617 608 619 
stack 89:    656 590 
stack 90:    613 611 25 
stack 91:    662 646 621 623 661 655 642 
stack 92:    649 633 658 631 614 
stack 93:    701 618 702 640 
stack 94:    405 653 627 643 641 639 27 
stack 95:    709 680 672 705 652 
stack 96:    674 668 665 666 677 
stack 97:    683 675 679 657 673 670 32 
stack 98:    36 692 681 678 669 
stack 99:    708 699 688 707 695 685 
stack 100:    717 712 698 718 693 
stack 101:    411 722 706 686 716 710 694 
stack 102:    408 689 741 736 731 
stack 103:    726 715 696 724 697 721 38 
stack 104:    740 719 711 734 725 
stack 105:    732 739 733 714 412 
stack 106:    723 748 
stack 107:    744 735 417 
stack 108:    415 746 728 737 
stack 109:    419 
stack 110:    421 
stack 111:    
stack 112:    742 690 747 
stack 113:    704 720 691 743 745 
stack 114:    700 676 713 684 729 682 50 
stack 115:    667 424 650 635 626 630 664 
stack 116:    654 628 629 645 632 610 634 
stack 117:    615 606 620 612 605 622 582 
stack 118:    576 357 355 358 339 557 56 
stack 119:    320 370 344 529 347 342 321 
stack 120:    286 258 247 297 338 318 265 
stack 121:    285 329 314 296 276 245 281 
stack 122:    244 251 219 279 270 239 336 
stack 123:    291 206 306 330 235 237 54 
stack 124:    232 215 179 174 217 188 229 
stack 125:    152 153 140 204 183 156 197 
stack 126:    208 185 151 214 198 190 58 
stack 127:    146 160 131 170 61 171 128 
stack 128:    125 88 127 103 123 104 120 
stack 129:    63 83 107 105 86 76 68 

#####################################################

solved with: SP.constructive_heuristics.GeneralHeuristic
time limit: 1800.0 s
time to solve: 0,01 s
objective value: 749436.88

stacks (top to bottom):
stack 0:    535 419 206 696 376 625 342 
stack 1:    233 2 220 509 130 632 392 
stack 2:    286 691 49 196 55 269 548 
stack 3:    361 411 155 182 139 225 488 
stack 4:    280 662 64 574 135 156 503 
stack 5:    428 311 43 221 228 96 584 
stack 6:    647 103 212 31 618 469 520 
stack 7:    740 195 492 583 283 687 438 
stack 8:    704 291 282 640 456 50 604 
stack 9:    405 692 372 165 607 78 727 
stack 10:    303 109 199 748 515 736 68 
stack 11:    251 609 53 719 37 216 356 
stack 12:    523 424 20 4 501 307 566 
stack 13:    521 300 323 498 201 445 461 
stack 14:    339 645 483 565 472 6 729 
stack 15:    511 348 423 474 326 231 113 
stack 16:    42 278 402 432 371 522 58 
stack 17:    568 254 277 79 678 90 148 
stack 18:    306 633 257 256 427 209 39 
stack 19:    308 732 164 57 466 322 399 
stack 20:    366 460 207 62 166 144 603 
stack 21:    357 506 665 464 679 292 38 
stack 22:    525 368 479 299 642 597 660 
stack 23:    167 560 656 672 593 519 414 
stack 24:    152 243 21 711 261 106 494 
stack 25:    178 699 91 666 493 296 318 
stack 26:    18 389 388 485 661 533 439 
stack 27:    136 330 517 259 527 403 532 
stack 28:    188 17 288 470 435 118 417 
stack 29:    333 149 486 169 172 86 104 
stack 30:    680 186 476 401 321 682 524 
stack 31:    242 536 546 643 267 198 171 
stack 32:    35 349 295 301 248 142 76 
stack 33:    240 250 351 707 541 341 529 
stack 34:    355 153 114 708 482 689 241 
stack 35:    749 214 344 559 137 440 542 
stack 36:    131 617 72 85 353 453 684 
stack 37:    320 489 48 631 347 612 281 
stack 38:    442 161 184 10 420 500 229 
stack 39:    626 683 502 159 154 553 670 
stack 40:    88 244 386 312 659 577 56 
stack 41:    63 698 425 598 112 177 302 
stack 42:    185 382 0 46 80 26 227 
stack 43:    508 454 627 639 147 644 605 
stack 44:    690 733 274 325 703 552 455 
stack 45:    12 223 346 418 393 658 673 
stack 46:    415 370 189 73 284 150 622 
stack 47:    742 127 537 591 70 652 624 
stack 48:    430 170 606 746 287 213 725 
stack 49:    588 202 557 592 327 210 630 
stack 50:    720 358 635 447 747 81 385 
stack 51:    234 293 33 668 528 449 25 
stack 52:    651 726 507 44 549 51 276 
stack 53:    671 422 230 275 431 589 218 
stack 54:    289 538 556 187 332 22 421 
stack 55:    232 581 615 649 426 547 8 
stack 56:    224 715 475 381 200 669 578 
stack 57:    215 219 270 387 354 352 82 
stack 58:    101 360 71 677 111 531 45 
stack 59:    36 176 384 264 676 329 128 
stack 60:    637 712 571 437 686 657 138 
stack 61:    663 374 629 724 122 585 369 
stack 62:    146 526 596 481 741 252 710 
stack 63:    667 429 394 564 619 239 513 
stack 64:    650 30 739 716 465 69 620 
stack 65:    208 495 315 377 590 314 54 
stack 66:    616 539 396 459 380 364 602 
stack 67:    700 179 628 340 586 608 16 
stack 68:    335 132 367 59 697 168 569 
stack 69:    463 141 313 133 84 410 555 
stack 70:    378 158 621 310 266 245 610 
stack 71:    151 34 331 334 573 226 391 
stack 72:    594 279 23 706 192 41 599 
stack 73:    123 157 1 718 695 580 634 
stack 74:    338 613 102 345 693 27 105 
stack 75:    636 709 319 15 365 324 713 
stack 76:    107 570 450 444 641 406 375 
stack 77:    217 87 400 623 268 587 336 
stack 78:    398 490 675 309 253 343 433 
stack 79:    723 3 646 407 263 737 75 
stack 80:    145 478 468 373 611 467 448 
stack 81:    285 181 134 504 412 363 204 
stack 82:    258 222 7 512 29 108 738 
stack 83:    143 717 13 530 477 471 550 
stack 84:    160 562 290 722 601 14 702 
stack 85:    416 246 404 362 383 735 582 
stack 86:    5 595 140 203 681 94 304 
stack 87:    544 255 180 298 126 561 745 
stack 88:    235 116 579 294 124 316 648 
stack 89:    162 98 193 734 480 183 451 
stack 90:    390 95 653 52 714 117 554 
stack 91:    397 408 551 271 731 237 197 
stack 92:    379 514 688 273 119 499 97 
stack 93:    638 575 100 121 545 9 328 
stack 94:    409 518 558 129 337 452 32 
stack 95:    743 262 272 205 491 563 236 
stack 96:    174 77 89 350 40 190 664 
stack 97:    61 572 534 473 434 11 694 
stack 98:    110 47 701 705 265 163 28 
stack 99:    516 305 462 66 458 92 120 
stack 100:    654 115 413 65 194 685 436 
stack 101:    543 576 496 728 260 99 600 
stack 102:    247 730 540 674 238 191 74 
stack 103:    457 443 211 497 67 60 614 
stack 104:    125 24 19 395 249 359 487 
stack 105:    317 173 744 
stack 106:    510 505 446 175 567 721 
stack 107:    83 441 
stack 108:    297 484 655 
stack 109:    93 
stack 110:    
stack 111:    
stack 112:    
stack 113:    
stack 114:    
stack 115:    
stack 116:    
stack 117:    
stack 118:    
stack 119:    
stack 120:    
stack 121:    
stack 122:    
stack 123:    
stack 124:    
stack 125:    
stack 126:    
stack 127:    
stack 128:    
stack 129:    
