solved with: SP.post_optimization_methods.TabuSearch
time limit: 1800.0 s
time to solve: 681,36 s
objective value: 692244.76

stacks (top to bottom):
stack 0:    0 
stack 1:    1 
stack 2:    
stack 3:    
stack 4:    
stack 5:    5 
stack 6:    
stack 7:    7 
stack 8:    
stack 9:    
stack 10:    
stack 11:    
stack 12:    
stack 13:    388 393 17 
stack 14:    389 397 14 50 567 352 21 
stack 15:    337 279 16 645 402 538 205 
stack 16:    196 257 466 403 391 392 540 
stack 17:    635 670 620 206 285 214 54 
stack 18:    86 545 405 399 18 180 733 
stack 19:    637 119 38 122 394 154 506 
stack 20:    398 406 633 412 455 681 744 
stack 21:    400 215 353 165 250 616 361 
stack 22:    586 251 677 67 445 606 216 
stack 23:    189 456 485 651 457 198 694 
stack 24:    603 55 318 683 591 668 650 
stack 25:    471 263 559 632 152 85 417 
stack 26:    600 663 28 739 125 120 31 
stack 27:    735 543 702 407 553 524 569 
stack 28:    518 519 644 78 30 539 435 
stack 29:    112 47 745 340 521 636 42 
stack 30:    623 201 408 323 723 374 169 
stack 31:    607 411 243 164 33 531 37 
stack 32:    423 580 629 170 350 626 671 
stack 33:    75 592 259 414 746 96 449 
stack 34:    79 186 686 319 136 516 736 
stack 35:    682 138 146 204 174 544 482 
stack 36:    202 362 630 97 700 356 190 
stack 37:    332 347 684 699 732 520 695 
stack 38:    416 465 730 574 305 724 701 
stack 39:    576 486 458 297 277 261 597 
stack 40:    643 584 675 160 235 147 212 
stack 41:    557 163 420 628 371 252 255 
stack 42:    509 660 244 373 233 444 716 
stack 43:    84 338 269 570 421 171 344 
stack 44:    481 241 617 92 515 551 496 
stack 45:    369 692 468 470 477 240 234 
stack 46:    712 565 144 52 290 304 731 
stack 47:    135 111 572 64 740 130 346 
stack 48:    314 451 697 652 71 558 467 
stack 49:    312 604 693 359 60 512 493 
stack 50:    659 672 148 237 571 363 621 
stack 51:    128 307 345 109 142 116 129 
stack 52:    661 658 536 666 556 155 167 
stack 53:    161 747 228 253 192 715 301 
stack 54:    183 550 355 438 648 726 461 
stack 55:    242 612 231 522 123 640 229 
stack 56:    611 268 133 609 448 452 149 
stack 57:    489 434 140 211 223 181 238 
stack 58:    132 151 280 577 562 491 530 
stack 59:    209 124 68 717 283 738 647 
stack 60:    555 476 187 529 107 549 197 
stack 61:    145 365 265 631 328 177 208 
stack 62:    690 547 274 710 587 88 372 
stack 63:    221 258 156 322 298 602 306 
stack 64:    498 207 523 271 296 507 748 
stack 65:    
stack 66:    376 
stack 67:    375 378 377 2 
stack 68:    3 
stack 69:    4 379 
stack 70:    380 
stack 71:    6 
stack 72:    381 382 
stack 73:    8 383 
stack 74:    384 9 
stack 75:    10 385 
stack 76:    386 11 
stack 77:    387 12 
stack 78:    289 13 410 284 418 76 62 
stack 79:    40 20 395 224 404 32 614 
stack 80:    333 390 667 19 15 334 25 
stack 81:    101 433 41 270 194 483 162 
stack 82:    342 281 689 335 121 460 487 
stack 83:    22 24 315 396 260 53 589 
stack 84:    653 264 568 59 596 581 594 
stack 85:    499 239 115 102 23 527 563 
stack 86:    143 401 294 443 504 266 35 
stack 87:    462 46 77 341 368 131 578 
stack 88:    330 358 533 709 514 370 26 
stack 89:    348 513 501 367 360 311 593 
stack 90:    427 575 500 36 27 293 541 
stack 91:    329 44 66 634 303 72 657 
stack 92:    680 173 639 691 463 254 172 
stack 93:    511 282 484 707 409 339 188 
stack 94:    737 424 89 65 704 320 29 
stack 95:    278 624 450 585 415 220 168 
stack 96:    43 200 39 246 542 178 87 
stack 97:    734 615 497 526 357 276 510 
stack 98:    741 34 598 63 535 439 608 
stack 99:    262 708 605 413 638 218 273 
stack 100:    713 425 430 718 191 227 475 
stack 101:    222 49 45 459 546 114 674 
stack 102:    588 61 488 473 158 150 184 
stack 103:    428 182 103 219 157 721 503 
stack 104:    720 703 566 299 56 225 627 
stack 105:    104 159 83 134 727 705 528 
stack 106:    51 490 742 474 105 153 82 
stack 107:    422 649 291 364 118 336 552 
stack 108:    419 106 469 599 113 300 302 
stack 109:    447 442 193 502 245 232 286 
stack 110:    210 492 331 70 601 696 725 
stack 111:    74 480 179 426 706 349 213 
stack 112:    256 622 58 436 48 646 137 
stack 113:    554 354 110 508 532 564 534 
stack 114:    316 325 610 446 685 249 464 
stack 115:    656 176 711 69 313 472 749 
stack 116:    91 517 203 288 175 495 272 
stack 117:    309 292 267 98 454 579 90 
stack 118:    100 248 625 595 479 440 478 
stack 119:    618 525 432 429 655 729 126 
stack 120:    141 57 321 81 275 431 326 
stack 121:    673 351 583 561 664 494 719 
stack 122:    230 453 437 613 317 560 80 
stack 123:    537 678 324 99 548 166 295 
stack 124:    743 287 199 714 95 679 139 
stack 125:    94 327 441 688 590 343 236 
stack 126:    310 195 582 687 366 247 226 
stack 127:    642 93 665 662 698 654 117 
stack 128:    722 127 185 669 728 619 676 
stack 129:    641 108 217 505 308 73 573 

#####################################################

solved with: SP.post_optimization_methods.HillClimbing
time limit: 1800.0 s
time to solve: 377,65 s
objective value: 692244.76

stacks (top to bottom):
stack 0:    0 
stack 1:    1 
stack 2:    
stack 3:    
stack 4:    
stack 5:    5 
stack 6:    
stack 7:    382 
stack 8:    
stack 9:    
stack 10:    
stack 11:    
stack 12:    
stack 13:    13 388 393 
stack 14:    86 735 43 14 50 304 227 
stack 15:    588 390 590 551 164 21 731 
stack 16:    684 706 598 631 364 719 391 
stack 17:    397 94 214 300 470 30 593 
stack 18:    641 399 98 370 483 18 676 
stack 19:    635 622 66 634 553 724 529 
stack 20:    661 406 257 536 556 729 736 
stack 21:    209 258 156 453 77 68 232 
stack 22:    22 332 525 56 463 527 344 
stack 23:    314 348 423 462 157 73 581 
stack 24:    195 215 179 275 336 120 169 
stack 25:    373 678 413 115 552 65 412 
stack 26:    196 28 127 572 403 31 320 
stack 27:    75 533 297 484 67 587 35 
stack 28:    743 264 146 296 438 700 226 
stack 29:    486 411 508 405 113 266 648 
stack 30:    670 505 248 645 601 178 695 
stack 31:    49 285 243 69 575 445 539 
stack 32:    576 38 469 259 187 579 616 
stack 33:    312 592 355 683 528 596 80 
stack 34:    316 545 747 202 473 714 126 
stack 35:    623 703 644 713 532 504 564 
stack 36:    604 502 466 512 60 614 538 
stack 37:    189 183 93 424 318 343 302 
stack 38:    351 547 561 305 137 534 240 
stack 39:    513 111 217 280 105 414 116 
stack 40:    201 165 365 265 685 328 129 
stack 41:    615 347 89 193 277 626 96 
stack 42:    342 176 609 352 357 430 191 
stack 43:    642 106 677 100 472 62 213 
stack 44:    489 490 441 515 664 204 340 
stack 45:    447 652 46 319 578 744 455 
stack 46:    488 653 651 130 82 295 229 
stack 47:    262 124 317 679 704 640 261 
stack 48:    600 103 548 739 732 107 339 
stack 49:    241 338 458 290 457 170 53 
stack 50:    566 163 730 465 362 97 175 
stack 51:    550 325 560 366 139 619 90 
stack 52:    720 659 154 740 346 184 733 
stack 53:    690 583 228 669 125 681 540 
stack 54:    292 267 293 746 460 172 374 
stack 55:    672 586 518 519 654 237 117 
stack 56:    310 122 456 269 745 625 142 
stack 57:    61 327 617 70 742 313 476 
stack 58:    138 58 646 253 311 530 188 
stack 59:    321 699 568 245 602 464 725 
stack 60:    611 251 526 710 452 234 461 
stack 61:    182 299 324 501 102 446 503 
stack 62:    134 705 728 118 123 166 87 
stack 63:    637 702 474 535 496 482 272 
stack 64:    618 99 271 507 606 491 197 
stack 65:    
stack 66:    375 
stack 67:    376 377 2 
stack 68:    3 
stack 69:    4 378 379 
stack 70:    380 
stack 71:    381 
stack 72:    7 6 
stack 73:    8 383 
stack 74:    384 9 
stack 75:    10 385 
stack 76:    386 11 
stack 77:    387 12 
stack 78:    135 395 492 709 577 17 597 
stack 79:    389 499 436 16 121 171 475 
stack 80:    71 15 23 531 569 671 392 
stack 81:    119 40 554 394 128 443 149 
stack 82:    20 279 284 404 246 349 260 
stack 83:    557 565 400 309 667 396 235 
stack 84:    51 682 24 19 33 409 542 
stack 85:    605 41 633 408 570 402 361 
stack 86:    624 585 415 567 571 88 26 
stack 87:    161 186 666 341 155 29 726 
stack 88:    289 398 322 25 167 594 449 
stack 89:    354 471 148 401 716 692 152 
stack 90:    427 331 47 546 595 27 541 
stack 91:    34 48 689 487 718 356 238 
stack 92:    422 574 630 514 591 417 647 
stack 93:    480 418 39 345 407 37 715 
stack 94:    712 428 45 140 494 691 431 
stack 95:    658 79 426 308 323 54 42 
stack 96:    91 200 52 410 36 236 32 
stack 97:    369 358 268 44 599 168 510 
stack 98:    708 680 429 212 573 286 368 
stack 99:    333 219 420 500 63 440 326 
stack 100:    663 57 239 199 247 95 208 
stack 101:    451 697 83 437 467 160 521 
stack 102:    741 158 360 544 288 350 162 
stack 103:    737 612 270 150 721 522 59 
stack 104:    353 101 81 687 287 72 627 
stack 105:    291 485 281 335 421 549 657 
stack 106:    416 649 256 711 224 454 192 
stack 107:    143 233 444 434 133 276 372 
stack 108:    244 419 607 151 220 662 520 
stack 109:    104 367 55 136 273 218 650 
stack 110:    673 110 481 92 628 506 363 
stack 111:    498 144 537 442 145 638 131 
stack 112:    132 517 629 359 225 493 674 
stack 113:    221 558 675 584 250 334 205 
stack 114:    543 206 307 459 198 479 177 
stack 115:    84 278 263 294 425 497 448 
stack 116:    74 688 562 153 563 223 621 
stack 117:    643 432 159 717 655 516 301 
stack 118:    173 639 693 668 589 694 306 
stack 119:    523 109 211 477 180 255 216 
stack 120:    509 511 433 141 707 524 181 
stack 121:    329 450 274 559 632 698 435 
stack 122:    210 108 665 468 749 76 701 
stack 123:    656 337 282 303 748 283 738 
stack 124:    112 580 231 185 298 613 254 
stack 125:    242 620 722 315 114 64 608 
stack 126:    660 555 230 686 727 723 147 
stack 127:    603 610 371 696 439 636 190 
stack 128:    734 222 330 207 85 78 252 
stack 129:    582 194 203 174 249 495 478 
