lower bound for relaxed s_ij: 692236.34

#####################################################

solved with: SP.mip_formulations.BinPackingFormulation
time limit: 1800.0 s
time to solve: 1804,42 s (time limit exceeded)
objective value: 707401.03 (not optimal)

stacks (top to bottom):
stack 0:    7 0 18 1 
stack 1:    20 13 5 2 14 11 12 
stack 2:    4 8 38 25 16 375 27 
stack 3:    21 378 32 24 35 28 
stack 4:    30 387 41 17 457 380 39 
stack 5:    392 33 6 390 36 19 26 
stack 6:    40 396 23 54 46 57 53 
stack 7:    64 29 393 31 48 51 403 
stack 8:    62 56 66 61 47 377 49 
stack 9:    9 52 74 72 67 402 69 
stack 10:    82 459 89 68 60 76 405 
stack 11:    478 382 78 480 58 449 87 
stack 12:    96 389 401 77 383 90 83 
stack 13:    460 73 65 406 93 119 95 
stack 14:    496 105 386 477 81 75 407 
stack 15:    107 128 116 131 110 114 80 
stack 16:    122 111 97 121 101 92 84 
stack 17:    123 132 108 388 86 104 103 
stack 18:    113 495 134 147 115 518 142 
stack 19:    148 118 155 157 144 135 470 
stack 20:    137 124 145 136 126 140 120 
stack 21:    141 158 130 399 165 161 160 
stack 22:    483 143 499 519 138 170 153 
stack 23:    413 454 179 159 491 474 174 
stack 24:    183 178 149 139 175 411 190 
stack 25:    186 150 164 450 189 476 182 
stack 26:    152 486 184 163 177 209 197 
stack 27:    169 180 212 417 210 196 181 
stack 28:    557 492 216 185 171 205 523 
stack 29:    222 230 194 215 204 167 220 
stack 30:    223 218 221 203 207 199 191 
stack 31:    467 195 227 208 200 225 481 
stack 32:    489 487 233 211 234 239 236 
stack 33:    214 445 250 238 198 251 226 
stack 34:    512 94 669 493 256 245 217 
stack 35:    265 261 249 246 206 590 678 
stack 36:    286 422 494 462 237 260 240 
stack 37:    279 274 244 242 526 504 283 
stack 38:    270 257 258 232 263 264 254 
stack 39:    241 269 284 282 659 268 267 
stack 40:    549 500 293 272 511 290 248 
stack 41:    559 298 463 301 281 276 271 
stack 42:    318 296 312 323 311 305 280 
stack 43:    322 295 308 306 299 316 300 
stack 44:    314 310 243 520 556 545 291 
stack 45:    324 571 508 327 321 338 315 
stack 46:    608 498 303 580 427 319 337 
stack 47:    353 326 343 587 534 309 341 
stack 48:    728 313 320 371 726 722 729 
stack 49:    721 708 363 307 714 679 668 
stack 50:    348 357 347 358 331 364 333 
stack 51:    640 655 328 684 651 670 682 
stack 52:    626 421 335 410 424 624 595 
stack 53:    336 360 342 339 356 359 355 
stack 54:    563 551 351 346 365 345 373 
stack 55:    533 532 537 349 362 374 538 
stack 56:    535 547 540 507 550 369 548 
stack 57:    528 527 531 521 525 509 501 
stack 58:    516 482 455 506 515 510 473 
stack 59:    490 488 461 370 497 472 475 
stack 60:    471 466 429 425 433 415 408 
stack 61:    444 438 426 436 418 452 435 
stack 62:    451 464 441 420 456 428 443 
stack 63:    434 437 430 432 440 446 442 
stack 64:    439 468 453 447 465 458 448 
stack 65:    
stack 66:    
stack 67:    376 
stack 68:    479 505 503 484 3 
stack 69:    502 469 
stack 70:    381 379 
stack 71:    
stack 72:    
stack 73:    485 
stack 74:    522 530 384 
stack 75:    513 517 524 
stack 76:    10 529 385 
stack 77:    539 570 546 544 
stack 78:    514 
stack 79:    542 560 554 558 536 567 
stack 80:    398 541 
stack 81:    543 602 553 569 584 
stack 82:    391 561 588 586 15 
stack 83:    603 565 564 593 573 
stack 84:    591 575 599 597 577 572 394 
stack 85:    576 627 606 582 
stack 86:    395 619 605 610 
stack 87:    397 625 616 609 22 
stack 88:    601 604 598 581 
stack 89:    644 607 629 634 628 
stack 90:    645 648 611 630 620 400 
stack 91:    660 653 618 639 632 617 
stack 92:    649 621 623 
stack 93:    676 631 643 680 
stack 94:    404 671 633 646 
stack 95:    672 687 635 
stack 96:    674 690 675 667 664 654 
stack 97:    704 661 686 
stack 98:    699 665 693 689 
stack 99:    409 688 677 673 694 710 34 
stack 100:    720 719 701 713 683 
stack 101:    740 681 692 732 727 412 
stack 102:    738 702 723 731 745 37 
stack 103:    414 716 685 711 
stack 104:    696 724 
stack 105:    746 735 717 741 736 743 725 
stack 106:    742 734 737 730 
stack 107:    739 733 718 42 416 
stack 108:    44 43 
stack 109:    749 419 
stack 110:    45 744 
stack 111:    747 706 695 712 50 
stack 112:    748 715 709 641 707 656 700 
stack 113:    666 703 697 691 705 698 658 
stack 114:    662 652 637 650 423 657 663 
stack 115:    642 638 594 614 596 592 647 
stack 116:    636 579 615 622 600 589 583 
stack 117:    585 555 613 578 574 566 612 
stack 118:    568 344 562 552 372 361 340 
stack 119:    329 334 317 352 431 288 368 
stack 120:    367 354 289 332 259 330 366 
stack 121:    275 350 285 302 304 325 278 
stack 122:    297 287 292 229 192 294 253 
stack 123:    201 273 255 262 193 277 266 
stack 124:    235 228 219 247 252 133 231 
stack 125:    162 224 172 156 106 91 71 
stack 126:    213 127 79 202 151 187 59 
stack 127:    146 109 100 70 125 98 112 
stack 128:    173 88 55 176 129 166 188 
stack 129:    168 117 102 99 85 154 63 

#####################################################

solved with: SP.constructive_heuristics.GeneralHeuristic
time limit: 1800.0 s
time to solve: 0,00 s
objective value: 751666.97

stacks (top to bottom):
stack 0:    660 221 60 121 427 417 680 
stack 1:    109 441 675 734 331 569 523 
stack 2:    224 664 508 530 259 596 15 
stack 3:    640 0 550 197 315 431 277 
stack 4:    235 100 704 619 575 337 469 
stack 5:    295 738 31 205 167 678 595 
stack 6:    398 227 719 323 565 207 91 
stack 7:    194 128 336 11 458 668 682 
stack 8:    329 107 134 75 744 37 729 
stack 9:    535 669 603 720 692 732 435 
stack 10:    707 62 649 667 171 272 470 
stack 11:    507 672 616 628 695 657 376 
stack 12:    249 349 430 72 356 172 538 
stack 13:    168 747 94 438 6 320 564 
stack 14:    275 45 169 513 19 71 34 
stack 15:    322 631 623 114 730 220 647 
stack 16:    105 737 244 545 76 236 268 
stack 17:    527 357 279 143 553 643 25 
stack 18:    99 749 89 270 179 237 665 
stack 19:    512 23 54 305 280 705 368 
stack 20:    382 211 155 661 189 590 566 
stack 21:    297 598 450 511 622 229 166 
stack 22:    697 746 425 597 630 691 592 
stack 23:    332 120 693 93 506 39 416 
stack 24:    8 269 449 428 316 731 518 
stack 25:    717 165 190 481 83 502 226 
stack 26:    318 343 77 606 544 340 612 
stack 27:    466 238 454 694 27 472 98 
stack 28:    478 29 601 370 567 87 501 
stack 29:    102 21 250 126 514 271 154 
stack 30:    483 138 522 48 536 181 670 
stack 31:    655 455 218 605 209 384 412 
stack 32:    543 364 712 129 59 278 188 
stack 33:    88 562 541 456 440 248 85 
stack 34:    488 344 551 396 724 266 231 
stack 35:    555 286 149 618 73 65 276 
stack 36:    30 40 7 534 433 546 583 
stack 37:    464 230 216 388 110 144 292 
stack 38:    688 131 581 556 359 586 684 
stack 39:    150 386 621 260 497 515 679 
stack 40:    139 33 401 258 200 646 252 
stack 41:    55 392 479 36 390 217 620 
stack 42:    721 82 137 571 122 177 584 
stack 43:    626 369 68 494 580 415 582 
stack 44:    642 636 41 407 267 288 658 
stack 45:    467 66 474 436 446 402 352 
stack 46:    348 261 274 676 690 602 58 
stack 47:    528 477 242 184 339 104 447 
stack 48:    117 728 152 493 539 632 683 
stack 49:    653 18 635 529 710 255 262 
stack 50:    70 461 652 650 634 135 174 
stack 51:    563 641 419 645 383 161 281 
stack 52:    314 410 723 558 51 299 403 
stack 53:    195 741 180 462 101 187 552 
stack 54:    10 265 560 526 234 610 57 
stack 55:    409 568 13 347 116 243 52 
stack 56:    540 594 608 303 437 282 574 
stack 57:    439 20 246 702 485 424 12 
stack 58:    579 482 393 310 607 204 115 
stack 59:    123 498 648 97 457 319 406 
stack 60:    148 327 656 176 373 193 443 
stack 61:    141 587 90 341 411 3 452 
stack 62:    215 420 2 465 247 28 330 
stack 63:    367 542 421 4 206 609 366 
stack 64:    662 613 706 108 223 423 145 
stack 65:    414 709 56 86 432 103 84 
stack 66:    638 178 256 576 743 698 589 
stack 67:    208 309 232 599 505 140 600 
stack 68:    516 703 324 681 245 617 400 
stack 69:    444 202 9 111 378 311 26 
stack 70:    715 346 362 468 360 604 375 
stack 71:    578 591 654 14 69 521 317 
stack 72:    633 124 399 160 572 573 95 
stack 73:    365 321 164 283 212 745 548 
stack 74:    557 118 5 233 80 239 63 
stack 75:    302 735 736 524 254 510 473 
stack 76:    228 471 531 147 170 284 624 
stack 77:    289 296 203 549 74 210 192 
stack 78:    173 395 451 146 397 151 153 
stack 79:    391 533 742 185 487 16 405 
stack 80:    740 426 577 371 727 380 1 
stack 81:    43 132 387 159 588 290 106 
stack 82:    585 47 716 739 611 689 199 
stack 83:    480 163 520 673 92 294 663 
stack 84:    201 460 313 713 418 593 394 
stack 85:    532 537 699 687 429 46 379 
stack 86:    547 381 445 685 345 686 35 
stack 87:    222 674 496 504 291 300 22 
stack 88:    490 186 644 351 561 525 355 
stack 89:    127 637 404 257 500 718 42 
stack 90:    326 701 136 198 484 374 125 
stack 91:    287 298 61 225 725 119 191 
stack 92:    162 492 489 293 442 722 475 
stack 93:    44 308 335 495 651 50 112 
stack 94:    334 219 422 463 24 448 361 
stack 95:    354 554 499 157 333 142 509 
stack 96:    353 434 559 625 130 17 408 
stack 97:    312 175 733 503 614 726 714 
stack 98:    285 413 519 677 49 240 182 
stack 99:    350 671 32 476 453 700 325 
stack 100:    708 96 639 251 264 372 133 
stack 101:    666 183 363 307 385 
stack 102:    615 158 389 711 627 301 156 
stack 103:    78 358 328 113 306 38 659 
stack 104:    748 629 81 696 196 304 253 
stack 105:    64 486 342 377 338 53 
stack 106:    79 213 241 
stack 107:    459 214 570 491 517 263 
stack 108:    273 67 
stack 109:    
stack 110:    
stack 111:    
stack 112:    
stack 113:    
stack 114:    
stack 115:    
stack 116:    
stack 117:    
stack 118:    
stack 119:    
stack 120:    
stack 121:    
stack 122:    
stack 123:    
stack 124:    
stack 125:    
stack 126:    
stack 127:    
stack 128:    
stack 129:    
