solved with: SP.post_optimization_methods.TabuSearch
time limit: 1800.0 s
time to solve: 1456,52 s
objective value: 692254.52

stacks (top to bottom):
stack 0:    0 
stack 1:    
stack 2:    
stack 3:    379 
stack 4:    4 
stack 5:    5 
stack 6:    
stack 7:    382 
stack 8:    
stack 9:    9 
stack 10:    10 
stack 11:    
stack 12:    
stack 13:    388 41 730 390 
stack 14:    232 305 635 479 18 225 702 
stack 15:    705 438 110 547 360 744 314 
stack 16:    19 471 115 525 482 300 504 
stack 17:    603 520 400 304 411 87 178 
stack 18:    45 487 490 639 252 231 206 
stack 19:    137 497 337 21 429 97 628 
stack 20:    283 408 62 398 238 42 516 
stack 21:    86 27 531 162 22 423 235 
stack 22:    601 397 318 161 33 25 480 
stack 23:    277 253 128 707 38 709 282 
stack 24:    439 478 489 34 475 428 181 
stack 25:    208 534 421 26 256 422 700 
stack 26:    425 617 414 540 39 576 358 
stack 27:    648 666 351 552 441 124 551 
stack 28:    748 650 103 632 171 365 75 
stack 29:    364 509 404 435 417 57 338 
stack 30:    493 261 405 582 452 416 539 
stack 31:    536 164 554 262 537 251 37 
stack 32:    205 500 664 652 716 731 671 
stack 33:    568 359 618 657 367 247 199 
stack 34:    96 450 136 694 56 599 625 
stack 35:    727 172 81 458 437 713 44 
stack 36:    200 565 123 455 346 183 347 
stack 37:    158 739 149 566 555 80 66 
stack 38:    420 548 572 514 431 526 212 
stack 39:    154 518 43 281 168 512 496 
stack 40:    117 459 693 285 634 529 335 
stack 41:    233 142 49 736 222 719 678 
stack 42:    215 627 588 319 51 712 506 
stack 43:    148 498 145 163 596 271 78 
stack 44:    223 157 646 230 484 214 607 
stack 45:    151 93 545 268 362 725 313 
stack 46:    624 184 209 723 636 127 59 
stack 47:    130 71 121 250 173 696 155 
stack 48:    658 612 299 98 587 560 354 
stack 49:    245 210 449 286 557 114 649 
stack 50:    444 553 295 430 111 192 95 
stack 51:    717 676 198 446 69 204 626 
stack 52:    722 221 324 315 165 672 73 
stack 53:    656 600 357 182 122 140 593 
stack 54:    287 698 320 669 258 174 219 
stack 55:    89 686 562 623 714 621 371 
stack 56:    454 530 563 665 653 470 146 
stack 57:    276 505 302 234 270 239 308 
stack 58:    546 134 711 544 542 188 651 
stack 59:    60 278 501 463 631 297 372 
stack 60:    706 266 334 355 170 99 473 
stack 61:    322 193 207 197 361 321 254 
stack 62:    543 558 65 728 440 91 106 
stack 63:    131 275 691 740 125 469 129 
stack 64:    578 697 356 620 633 352 236 
stack 65:    375 
stack 66:    1 376 
stack 67:    2 3 377 
stack 68:    378 
stack 69:    
stack 70:    380 
stack 71:    7 6 381 
stack 72:    
stack 73:    8 383 
stack 74:    384 
stack 75:    385 
stack 76:    386 11 
stack 77:    12 
stack 78:    734 16 14 23 13 387 260 
stack 79:    577 394 589 17 368 661 389 
stack 80:    15 442 401 396 410 683 532 
stack 81:    306 592 472 393 391 483 30 
stack 82:    392 28 407 492 333 464 348 
stack 83:    608 76 434 395 179 280 701 
stack 84:    619 265 718 443 451 373 226 
stack 85:    249 20 590 550 24 332 399 
stack 86:    218 167 561 708 609 528 409 
stack 87:    580 403 614 257 720 522 402 
stack 88:    46 32 153 419 461 36 474 
stack 89:    747 594 79 743 288 342 196 
stack 90:    35 586 264 556 70 194 486 
stack 91:    413 733 406 642 63 654 144 
stack 92:    108 301 715 269 259 663 113 
stack 93:    432 31 263 29 240 741 272 
stack 94:    160 508 511 445 329 660 343 
stack 95:    602 105 220 426 640 687 721 
stack 96:    307 704 662 604 243 185 135 
stack 97:    517 54 645 294 292 52 695 
stack 98:    340 48 55 746 507 195 684 
stack 99:    688 126 559 227 248 139 298 
stack 100:    457 323 677 564 673 82 40 
stack 101:    570 488 366 415 412 460 104 
stack 102:    84 177 689 527 738 581 710 
stack 103:    447 311 53 726 325 242 667 
stack 104:    120 453 606 418 328 476 681 
stack 105:    189 112 503 228 330 274 64 
stack 106:    659 605 724 448 74 513 491 
stack 107:    613 732 344 176 88 303 353 
stack 108:    224 92 237 50 615 735 495 
stack 109:    583 584 309 674 327 424 47 
stack 110:    213 310 569 690 180 729 290 
stack 111:    574 535 465 68 680 246 116 
stack 112:    58 541 679 591 85 341 427 
stack 113:    296 637 107 267 186 90 692 
stack 114:    190 644 629 630 579 61 462 
stack 115:    641 742 573 369 745 502 519 
stack 116:    597 456 598 201 549 203 638 
stack 117:    94 466 187 293 229 217 524 
stack 118:    191 668 132 515 289 133 143 
stack 119:    312 141 336 523 682 433 616 
stack 120:    345 119 244 273 610 571 468 
stack 121:    611 350 166 211 655 585 152 
stack 122:    699 316 643 477 685 138 622 
stack 123:    241 109 349 737 467 370 101 
stack 124:    494 317 339 675 279 284 100 
stack 125:    72 485 118 567 150 436 77 
stack 126:    575 83 499 703 374 291 147 
stack 127:    481 169 749 521 159 216 595 
stack 128:    510 533 255 538 175 647 102 
stack 129:    331 156 363 202 67 670 326 

#####################################################

solved with: SP.post_optimization_methods.HillClimbing
time limit: 1800.0 s
time to solve: 385,86 s
objective value: 692260.58

stacks (top to bottom):
stack 0:    0 
stack 1:    
stack 2:    
stack 3:    379 
stack 4:    4 
stack 5:    5 
stack 6:    
stack 7:    382 
stack 8:    
stack 9:    9 
stack 10:    10 
stack 11:    
stack 12:    13 
stack 13:    16 14 390 
stack 14:    15 175 440 396 433 661 681 
stack 15:    76 299 602 397 124 289 260 
stack 16:    20 170 355 22 665 335 354 
stack 17:    510 154 208 193 207 534 26 
stack 18:    184 706 635 393 518 675 333 
stack 19:    394 34 36 279 102 138 409 
stack 20:    603 400 561 23 341 37 416 
stack 21:    717 498 508 418 398 150 412 
stack 22:    108 578 56 525 25 431 417 
stack 23:    245 264 187 24 707 744 95 
stack 24:    414 302 29 716 638 371 399 
stack 25:    574 659 694 540 368 410 673 
stack 26:    648 205 441 105 606 556 30 
stack 27:    200 266 27 265 356 197 216 
stack 28:    403 742 93 489 339 250 274 
stack 29:    658 277 196 711 415 201 44 
stack 30:    420 617 172 349 473 70 82 
stack 31:    584 31 107 745 167 251 411 
stack 32:    432 218 47 247 313 695 254 
stack 33:    494 317 521 421 48 256 736 
stack 34:    459 413 119 537 87 587 178 
stack 35:    131 54 572 513 225 308 127 
stack 36:    457 730 49 328 69 159 443 
stack 37:    517 493 327 691 304 609 423 
stack 38:    634 134 490 67 114 88 532 
stack 39:    164 156 366 281 297 680 168 
stack 40:    570 46 158 79 623 273 539 
stack 41:    307 463 436 248 683 140 480 
stack 42:    705 261 548 674 618 424 651 
stack 43:    89 545 645 725 258 97 729 
stack 44:    575 624 722 112 585 649 696 
stack 45:    444 94 71 363 731 427 155 
stack 46:    597 666 86 728 227 646 303 
stack 47:    276 319 422 527 204 298 581 
stack 48:    189 455 660 100 236 129 678 
stack 49:    430 176 81 654 240 514 495 
stack 50:    688 656 255 123 672 143 524 
stack 51:    296 262 350 509 294 110 655 
stack 52:    117 520 244 367 708 199 147 
stack 53:    553 546 429 192 346 300 235 
stack 54:    541 320 630 516 723 133 684 
stack 55:    605 676 542 243 229 526 152 
stack 56:    283 121 334 145 477 482 607 
stack 57:    543 291 499 703 467 528 496 
stack 58:    588 325 106 690 73 712 506 
stack 59:    215 72 312 698 621 737 622 
stack 60:    641 359 309 686 562 663 469 
stack 61:    224 601 515 492 293 180 272 
stack 62:    481 592 161 162 511 361 139 
stack 63:    454 497 743 253 111 217 203 
stack 64:    613 305 644 530 446 77 329 
stack 65:    375 
stack 66:    1 376 
stack 67:    2 3 377 
stack 68:    378 
stack 69:    
stack 70:    380 
stack 71:    7 381 6 
stack 72:    
stack 73:    8 383 
stack 74:    384 
stack 75:    385 
stack 76:    386 11 
stack 77:    12 
stack 78:    306 388 733 406 292 387 522 
stack 79:    450 92 552 550 160 17 389 
stack 80:    340 310 576 391 401 719 599 
stack 81:    241 487 28 234 404 741 402 
stack 82:    263 392 362 32 342 18 202 
stack 83:    456 405 21 547 642 286 407 
stack 84:    19 177 53 55 593 451 636 
stack 85:    505 395 50 529 284 64 353 
stack 86:    447 142 726 321 314 246 625 
stack 87:    693 568 466 372 360 504 519 
stack 88:    611 268 598 591 479 370 671 
stack 89:    500 732 589 533 538 66 290 
stack 90:    62 629 35 566 39 445 700 
stack 91:    668 434 238 42 564 185 195 
stack 92:    237 408 559 483 620 230 373 
stack 93:    213 331 278 179 419 211 219 
stack 94:    747 590 98 704 579 33 616 
stack 95:    573 439 267 259 85 502 194 
stack 96:    210 141 740 652 571 332 626 
stack 97:    83 45 270 640 458 474 464 
stack 98:    351 426 316 549 38 670 57 
stack 99:    748 115 157 41 169 746 595 
stack 100:    627 233 749 689 222 40 226 
stack 101:    536 438 344 582 452 174 692 
stack 102:    58 425 586 228 739 677 507 
stack 103:    151 301 345 166 657 628 113 
stack 104:    43 318 701 365 252 470 146 
stack 105:    126 221 171 61 555 551 104 
stack 106:    109 637 269 330 639 326 206 
stack 107:    448 442 501 619 687 709 462 
stack 108:    580 128 615 173 604 348 347 
stack 109:    249 715 461 52 653 271 713 
stack 110:    232 223 662 523 685 435 135 
stack 111:    285 643 465 557 63 468 560 
stack 112:    287 130 471 311 631 163 460 
stack 113:    190 669 600 324 718 51 242 
stack 114:    191 65 118 220 569 437 720 
stack 115:    577 96 91 198 209 476 231 
stack 116:    727 369 337 280 183 75 212 
stack 117:    488 724 475 80 428 486 59 
stack 118:    137 364 295 449 74 68 667 
stack 119:    120 453 136 563 153 544 144 
stack 120:    374 186 714 90 610 125 282 
stack 121:    148 632 182 531 735 188 343 
stack 122:    608 679 594 478 275 664 721 
stack 123:    84 99 257 165 323 358 512 
stack 124:    583 103 60 336 315 352 101 
stack 125:    612 614 503 149 122 484 181 
stack 126:    322 567 535 357 565 647 214 
stack 127:    485 734 650 472 682 633 738 
stack 128:    558 699 554 132 239 78 116 
stack 129:    697 288 596 491 702 710 338 
