solved with: SP.post_optimization_methods.TabuSearch
time limit: 1800.0 s
time to solve: 583,28 s
objective value: 692243.58

stacks (top to bottom):
stack 0:    
stack 1:    376 
stack 2:    2 
stack 3:    378 
stack 4:    
stack 5:    379 5 
stack 6:    
stack 7:    
stack 8:    8 
stack 9:    
stack 10:    
stack 11:    
stack 12:    
stack 13:    119 15 388 
stack 14:    515 710 394 398 181 676 65 
stack 15:    132 493 390 642 406 88 32 
stack 16:    18 393 395 520 30 24 391 
stack 17:    594 141 35 634 483 315 748 
stack 18:    645 596 573 201 283 344 530 
stack 19:    684 273 702 397 635 661 729 
stack 20:    314 305 312 628 587 682 116 
stack 21:    106 68 34 630 78 414 588 
stack 22:    233 195 720 712 207 559 534 
stack 23:    75 422 212 297 413 313 400 
stack 24:    529 399 345 428 326 420 647 
stack 25:    412 693 96 569 460 696 691 
stack 26:    403 271 267 500 458 747 550 
stack 27:    411 98 348 111 143 100 426 
stack 28:    528 404 607 728 716 446 512 
stack 29:    554 219 620 220 538 364 244 
stack 30:    707 545 97 416 165 456 370 
stack 31:    718 113 33 721 665 479 421 
stack 32:    336 621 675 252 185 704 685 
stack 33:    595 350 522 687 40 101 429 
stack 34:    650 488 131 188 572 238 49 
stack 35:    251 263 329 455 599 324 371 
stack 36:    417 608 133 139 155 161 290 
stack 37:    666 523 239 291 469 633 555 
stack 38:    199 357 191 281 537 570 171 
stack 39:    169 304 586 558 668 268 148 
stack 40:    501 277 699 122 282 638 115 
stack 41:    695 678 216 430 578 495 574 
stack 42:    178 637 615 215 423 539 576 
stack 43:    331 669 124 435 50 197 579 
stack 44:    151 714 162 177 451 585 513 
stack 45:    744 598 624 732 152 698 544 
stack 46:    726 129 54 454 245 492 593 
stack 47:    59 591 440 150 739 262 471 
stack 48:    619 727 58 264 641 193 623 
stack 49:    443 507 481 580 136 649 107 
stack 50:    241 373 254 120 284 72 205 
stack 51:    464 654 543 342 270 663 531 
stack 52:    651 436 746 553 63 182 511 
stack 53:    463 248 617 627 473 730 508 
stack 54:    603 265 589 614 359 613 302 
stack 55:    237 83 548 243 351 230 368 
stack 56:    146 360 639 363 87 79 566 
stack 57:    225 526 224 518 123 203 85 
stack 58:    564 77 299 82 609 341 713 
stack 59:    242 510 316 289 478 723 372 
stack 60:    144 296 134 462 366 472 261 
stack 61:    533 303 541 332 505 711 437 
stack 62:    125 438 358 602 84 218 442 
stack 63:    715 339 295 459 605 222 733 
stack 64:    565 556 489 330 705 234 306 
stack 65:    0 
stack 66:    1 375 
stack 67:    377 
stack 68:    3 
stack 69:    4 
stack 70:    380 
stack 71:    381 
stack 72:    6 7 382 
stack 73:    383 
stack 74:    384 9 
stack 75:    385 10 
stack 76:    386 11 
stack 77:    387 12 
stack 78:    389 571 20 470 13 14 145 
stack 79:    28 46 278 19 590 17 128 
stack 80:    147 16 274 227 622 121 708 
stack 81:    130 697 260 415 285 51 563 
stack 82:    355 392 410 343 301 689 37 
stack 83:    27 655 660 365 701 21 396 
stack 84:    256 749 255 22 179 434 706 
stack 85:    408 582 611 334 551 562 149 
stack 86:    318 294 327 293 352 42 322 
stack 87:    279 612 402 736 717 23 154 
stack 88:    26 519 731 250 159 719 452 
stack 89:    110 323 43 405 419 25 173 
stack 90:    44 31 196 552 223 221 431 
stack 91:    246 407 618 445 535 401 626 
stack 92:    738 29 646 48 288 186 592 
stack 93:    542 525 653 356 560 485 658 
stack 94:    722 648 467 39 465 490 55 
stack 95:    74 259 175 61 547 557 409 
stack 96:    253 157 41 601 258 56 457 
stack 97:    734 474 567 643 745 632 629 
stack 98:    247 686 321 498 575 38 447 
stack 99:    163 652 99 606 516 517 527 
stack 100:    208 677 494 742 673 86 36 
stack 101:    425 581 170 353 740 189 640 
stack 102:    439 468 625 328 45 741 484 
stack 103:    156 577 127 671 114 597 433 
stack 104:    317 561 104 449 362 418 95 
stack 105:    64 202 659 667 174 168 503 
stack 106:    183 683 482 232 536 631 213 
stack 107:    496 480 298 524 502 432 680 
stack 108:    217 76 309 499 504 89 272 
stack 109:    184 236 190 610 674 690 320 
stack 110:    694 249 448 117 47 93 681 
stack 111:    349 703 153 340 172 427 286 
stack 112:    194 118 584 226 214 487 656 
stack 113:    476 453 506 198 209 568 287 
stack 114:    424 743 616 53 52 688 311 
stack 115:    240 319 137 367 67 204 275 
stack 116:    497 546 466 325 549 62 600 
stack 117:    180 108 700 338 103 337 354 
stack 118:    66 211 292 231 57 308 73 
stack 119:    266 679 725 166 672 142 444 
stack 120:    280 692 70 532 60 71 192 
stack 121:    257 164 310 583 126 664 69 
stack 122:    521 491 90 657 644 670 206 
stack 123:    514 374 709 94 662 509 335 
stack 124:    187 347 361 300 160 369 461 
stack 125:    735 235 80 540 475 276 176 
stack 126:    724 167 200 307 346 450 229 
stack 127:    228 636 604 92 140 210 333 
stack 128:    91 112 269 109 105 138 486 
stack 129:    737 81 158 102 135 441 477 

#####################################################

solved with: SP.post_optimization_methods.HillClimbing
time limit: 1800.0 s
time to solve: 562,81 s
objective value: 692243.58

stacks (top to bottom):
stack 0:    
stack 1:    376 
stack 2:    2 
stack 3:    378 
stack 4:    
stack 5:    379 5 
stack 6:    
stack 7:    
stack 8:    8 
stack 9:    
stack 10:    
stack 11:    
stack 12:    
stack 13:    15 388 426 
stack 14:    16 528 453 498 390 234 649 
stack 15:    496 22 653 53 395 635 162 
stack 16:    167 519 521 660 30 391 24 
stack 17:    392 180 76 94 114 354 71 
stack 18:    564 394 18 553 670 205 154 
stack 19:    19 397 405 356 25 322 451 
stack 20:    625 707 20 682 614 516 461 
stack 21:    404 655 506 227 428 284 432 
stack 22:    26 455 497 34 124 466 62 
stack 23:    355 190 610 58 300 69 128 
stack 24:    146 721 209 99 665 214 433 
stack 25:    361 38 143 73 406 626 272 
stack 26:    304 542 748 70 244 413 261 
stack 27:    240 259 590 422 623 86 49 
stack 28:    619 722 265 411 677 364 338 
stack 29:    331 415 630 414 238 366 335 
stack 30:    683 279 712 621 174 644 135 
stack 31:    44 196 31 328 33 666 285 
stack 32:    417 255 571 327 309 223 708 
stack 33:    358 749 577 348 179 535 706 
stack 34:    96 224 97 54 446 716 286 
stack 35:    731 243 579 182 168 115 600 
stack 36:    247 294 353 416 42 632 149 
stack 37:    412 430 208 709 39 57 37 
stack 38:    693 611 359 118 369 532 629 
stack 39:    194 734 342 726 465 352 51 
stack 40:    488 480 491 602 419 667 72 
stack 41:    248 674 478 562 138 730 444 
stack 42:    187 125 718 295 572 197 698 
stack 43:    64 323 239 173 60 574 142 
stack 44:    156 347 538 293 711 245 492 
stack 45:    669 624 605 503 633 509 477 
stack 46:    548 50 435 230 325 549 85 
stack 47:    130 728 308 641 365 313 544 
stack 48:    305 646 481 48 689 471 745 
stack 49:    147 501 178 321 740 742 508 
stack 50:    175 747 617 213 330 705 445 
stack 51:    746 337 139 663 638 688 177 
stack 52:    645 81 113 191 518 459 560 
stack 53:    443 556 489 627 181 601 473 
stack 54:    256 246 267 739 121 201 95 
stack 55:    241 225 714 616 569 495 172 
stack 56:    319 586 609 701 126 88 210 
stack 57:    493 345 281 315 78 520 487 
stack 58:    188 199 357 523 615 479 207 
stack 59:    195 727 482 61 537 672 192 
stack 60:    271 266 253 367 157 467 341 
stack 61:    702 636 715 80 736 212 584 
stack 62:    373 349 336 131 606 647 84 
stack 63:    74 249 204 170 642 588 324 
stack 64:    565 463 150 550 547 486 457 
stack 65:    0 
stack 66:    1 375 
stack 67:    377 
stack 68:    3 
stack 69:    4 
stack 70:    6 380 
stack 71:    381 
stack 72:    7 382 
stack 73:    383 
stack 74:    384 9 
stack 75:    385 10 
stack 76:    386 11 
stack 77:    387 12 
stack 78:    318 468 393 252 13 79 14 
stack 79:    389 219 29 402 437 691 681 
stack 80:    596 589 622 575 297 729 36 
stack 81:    169 260 534 462 658 563 454 
stack 82:    439 317 679 343 551 17 396 
stack 83:    408 533 694 545 226 23 21 
stack 84:    514 398 541 231 612 741 105 
stack 85:    28 510 303 98 232 407 429 
stack 86:    425 236 67 280 161 421 400 
stack 87:    46 217 277 692 504 431 32 
stack 88:    83 298 200 90 185 613 527 
stack 89:    299 27 202 269 399 43 643 
stack 90:    554 184 620 292 499 452 570 
stack 91:    312 603 220 189 129 401 45 
stack 92:    424 166 458 418 306 673 55 
stack 93:    403 494 434 668 717 423 517 
stack 94:    464 686 676 362 301 557 171 
stack 95:    360 127 639 296 559 340 442 
stack 96:    476 710 274 587 447 320 409 
stack 97:    648 289 283 530 268 344 47 
stack 98:    654 507 410 117 41 567 107 
stack 99:    141 144 251 35 634 599 680 
stack 100:    737 176 583 490 664 719 311 
stack 101:    119 278 108 332 536 723 372 
stack 102:    724 652 153 164 475 40 662 
stack 103:    573 112 525 326 696 511 733 
stack 104:    91 270 700 628 160 56 592 
stack 105:    595 106 307 546 351 732 555 
stack 106:    720 637 158 291 657 472 290 
stack 107:    650 257 675 659 215 420 460 
stack 108:    594 163 133 470 288 531 484 
stack 109:    233 122 448 65 258 287 656 
stack 110:    552 75 254 651 685 368 218 
stack 111:    235 436 339 704 203 576 371 
stack 112:    438 77 82 580 275 186 333 
stack 113:    183 198 608 100 522 165 566 
stack 114:    66 699 604 155 370 52 93 
stack 115:    598 581 374 558 316 640 89 
stack 116:    695 738 449 334 262 713 513 
stack 117:    329 263 68 524 502 427 585 
stack 118:    314 684 725 500 440 618 690 
stack 119:    529 216 703 578 134 661 152 
stack 120:    59 743 540 250 206 512 145 
stack 121:    137 582 543 456 193 568 148 
stack 122:    561 264 276 103 505 101 302 
stack 123:    110 350 607 92 136 87 485 
stack 124:    515 237 151 483 697 593 441 
stack 125:    735 591 104 671 363 346 450 
stack 126:    678 228 132 526 310 687 116 
stack 127:    744 120 102 123 63 469 222 
stack 128:    474 211 631 111 282 159 229 
stack 129:    273 242 109 140 221 597 539 
