lower bound for relaxed s_ij: 692235.08

#####################################################

solved with: SP.mip_formulations.BinPackingFormulation
time limit: 1800.0 s
time to solve: 1804,15 s (time limit exceeded)
objective value: 707387.73 (not optimal)

stacks (top to bottom):
stack 0:    8 385 12 0 17 
stack 1:    21 22 4 376 378 2 25 
stack 2:    23 27 9 375 3 37 1 
stack 3:    13 47 44 30 379 24 16 
stack 4:    18 35 14 19 33 6 32 
stack 5:    400 36 73 68 31 28 26 
stack 6:    57 7 61 45 43 52 42 
stack 7:    38 381 46 56 377 41 29 
stack 8:    72 384 39 502 70 58 55 
stack 9:    447 49 77 76 48 69 65 
stack 10:    386 524 51 382 102 569 81 
stack 11:    392 60 380 396 95 114 87 
stack 12:    86 78 75 63 92 90 88 
stack 13:    67 383 100 79 71 89 62 
stack 14:    466 456 128 117 390 96 91 
stack 15:    106 512 387 103 94 66 388 
stack 16:    112 109 399 133 132 98 84 
stack 17:    393 111 402 105 146 398 107 
stack 18:    143 101 152 394 145 139 134 
stack 19:    127 147 120 137 121 144 99 
stack 20:    183 465 141 138 113 498 170 
stack 21:    497 535 193 157 203 116 140 
stack 22:    136 130 154 150 142 153 148 
stack 23:    474 167 454 163 411 452 149 
stack 24:    176 164 124 171 177 161 158 
stack 25:    179 407 182 168 151 173 155 
stack 26:    445 184 156 166 416 404 174 
stack 27:    198 448 178 191 175 186 185 
stack 28:    189 461 476 473 215 208 218 
stack 29:    472 469 207 211 187 507 209 
stack 30:    204 196 199 470 413 219 467 
stack 31:    242 197 239 226 225 206 221 
stack 32:    224 212 214 205 200 231 220 
stack 33:    663 542 274 217 229 622 261 
stack 34:    82 247 210 227 83 668 50 
stack 35:    276 419 409 249 228 234 230 
stack 36:    241 503 232 237 256 245 414 
stack 37:    233 468 487 272 480 248 235 
stack 38:    273 252 493 489 268 262 267 
stack 39:    293 265 285 545 300 253 478 
stack 40:    283 278 583 529 263 310 271 
stack 41:    530 292 275 486 426 266 282 
stack 42:    279 522 514 501 519 305 298 
stack 43:    309 123 115 54 317 284 307 
stack 44:    595 425 295 297 296 312 290 
stack 45:    299 326 311 286 564 553 321 
stack 46:    747 611 679 318 683 313 40 
stack 47:    565 346 340 573 327 323 339 
stack 48:    347 643 353 325 342 597 345 
stack 49:    331 372 363 733 723 688 701 
stack 50:    343 335 334 341 332 350 737 
stack 51:    352 344 366 362 355 357 348 
stack 52:    374 356 368 360 462 429 367 
stack 53:    647 354 403 369 422 594 628 
stack 54:    358 575 563 365 370 581 579 
stack 55:    552 500 459 449 364 417 506 
stack 56:    431 371 554 533 551 548 625 
stack 57:    566 547 523 550 527 557 508 
stack 58:    537 534 525 492 490 485 460 
stack 59:    491 513 483 520 518 433 517 
stack 60:    511 420 412 430 432 496 515 
stack 61:    509 504 479 494 443 435 477 
stack 62:    444 495 440 446 453 439 434 
stack 63:    441 437 436 442 475 438 451 
stack 64:    464 458 463 455 457 450 424 
stack 65:    
stack 66:    
stack 67:    
stack 68:    
stack 69:    
stack 70:    499 488 481 482 505 
stack 71:    516 510 471 
stack 72:    5 
stack 73:    
stack 74:    593 484 
stack 75:    10 
stack 76:    546 538 521 549 11 
stack 77:    389 544 528 
stack 78:    540 559 556 555 536 
stack 79:    562 541 567 531 574 
stack 80:    526 580 568 578 532 
stack 81:    391 570 558 15 
stack 82:    560 602 
stack 83:    590 577 561 
stack 84:    586 576 591 571 543 592 
stack 85:    603 596 601 585 584 600 
stack 86:    588 621 614 620 618 
stack 87:    395 605 613 587 598 
stack 88:    599 604 615 612 634 616 397 
stack 89:    20 729 677 607 749 
stack 90:    635 606 632 645 637 626 623 
stack 91:    401 636 631 638 633 624 
stack 92:    649 
stack 93:    648 654 619 610 653 630 
stack 94:    681 673 678 652 667 674 685 
stack 95:    405 686 680 656 
stack 96:    664 651 660 666 406 
stack 97:    644 691 675 655 
stack 98:    34 408 684 689 682 
stack 99:    410 707 692 694 671 706 
stack 100:    709 712 690 687 703 699 696 
stack 101:    697 708 704 
stack 102:    721 700 
stack 103:    698 711 710 702 720 670 
stack 104:    727 726 715 731 
stack 105:    415 705 745 
stack 106:    725 741 
stack 107:    735 748 736 722 
stack 108:    418 730 728 
stack 109:    662 744 746 
stack 110:    
stack 111:    719 421 732 743 53 
stack 112:    717 724 742 738 734 739 740 
stack 113:    716 718 714 693 676 672 423 
stack 114:    650 695 713 669 665 646 641 
stack 115:    609 642 661 640 659 658 657 
stack 116:    629 582 639 608 617 627 351 
stack 117:    359 572 427 373 589 539 337 
stack 118:    428 294 322 329 319 304 361 
stack 119:    333 336 288 281 320 315 328 
stack 120:    314 349 316 301 338 280 330 
stack 121:    216 324 302 308 306 303 202 
stack 122:    269 287 213 291 259 289 277 
stack 123:    264 257 270 254 260 250 195 
stack 124:    201 222 251 255 244 240 258 
stack 125:    236 246 223 243 238 160 194 
stack 126:    162 181 192 188 190 180 165 
stack 127:    172 129 59 159 74 97 131 
stack 128:    169 135 108 85 125 126 118 
stack 129:    64 119 104 93 122 110 80 

#####################################################

solved with: SP.constructive_heuristics.GeneralHeuristic
time limit: 1800.0 s
time to solve: 0,00 s
objective value: 753012.29

stacks (top to bottom):
stack 0:    176 542 197 112 111 369 508 
stack 1:    393 709 426 255 185 131 281 
stack 2:    269 181 499 482 95 253 139 
stack 3:    695 724 744 667 655 683 733 
stack 4:    38 4 586 587 173 148 658 
stack 5:    580 568 583 300 6 670 238 
stack 6:    407 163 489 493 414 88 303 
stack 7:    504 226 712 519 372 5 625 
stack 8:    639 610 378 591 492 653 581 
stack 9:    464 582 169 246 516 412 32 
stack 10:    129 524 335 168 355 424 53 
stack 11:    457 225 52 564 30 142 738 
stack 12:    566 410 376 105 266 70 498 
stack 13:    550 601 33 430 114 435 194 
stack 14:    441 447 559 184 671 153 80 
stack 15:    717 459 182 685 363 87 723 
stack 16:    82 530 384 245 68 190 477 
stack 17:    64 178 35 19 702 394 578 
stack 18:    157 317 375 209 417 361 110 
stack 19:    27 234 687 439 486 306 438 
stack 20:    537 614 224 529 263 411 16 
stack 21:    713 421 383 0 731 92 442 
stack 22:    347 678 635 675 726 326 612 
stack 23:    401 127 164 469 102 50 218 
stack 24:    431 700 48 432 688 548 451 
stack 25:    93 463 679 71 89 337 26 
stack 26:    344 663 210 484 607 602 594 
stack 27:    440 483 468 545 532 69 288 
stack 28:    251 159 651 741 137 708 668 
stack 29:    294 644 371 596 231 490 539 
stack 30:    681 78 603 488 470 478 628 
stack 31:    276 449 36 138 622 351 737 
stack 32:    511 86 632 45 98 645 672 
stack 33:    617 425 619 450 624 732 367 
stack 34:    673 331 152 329 180 517 551 
stack 35:    314 436 241 721 272 310 646 
stack 36:    585 710 684 501 416 221 640 
stack 37:    599 396 536 597 433 533 11 
stack 38:    358 523 461 544 660 227 202 
stack 39:    455 642 565 130 133 429 696 
stack 40:    419 715 248 689 97 240 330 
stack 41:    415 573 44 39 357 171 434 
stack 42:    257 207 382 748 571 195 328 
stack 43:    562 456 420 233 214 487 514 
stack 44:    179 285 472 295 297 699 569 
stack 45:    212 14 652 200 132 404 321 
stack 46:    677 613 25 144 158 170 140 
stack 47:    85 117 199 600 413 174 188 
stack 48:    374 405 308 692 206 626 557 
stack 49:    216 572 636 22 618 91 345 
stack 50:    609 23 47 362 17 630 641 
stack 51:    359 104 520 63 443 674 734 
stack 52:    292 124 462 150 244 693 338 
stack 53:    143 196 541 353 505 452 701 
stack 54:    444 509 274 193 403 113 307 
stack 55:    526 392 555 503 311 480 649 
stack 56:    213 287 18 437 76 101 616 
stack 57:    409 453 2 146 290 507 714 
stack 58:    156 454 205 691 166 230 122 
stack 59:    259 72 494 648 296 736 656 
stack 60:    552 595 381 402 680 215 743 
stack 61:    20 242 400 354 364 41 718 
stack 62:    408 324 192 370 502 177 528 
stack 63:    302 518 12 399 289 373 589 
stack 64:    386 109 239 13 323 237 379 
stack 65:    333 34 735 666 73 398 460 
stack 66:    540 445 191 136 728 423 506 
stack 67:    349 563 669 106 46 686 350 
stack 68:    162 588 621 232 531 342 258 
stack 69:    59 500 265 203 261 749 280 
stack 70:    49 283 279 43 31 388 485 
stack 71:    428 664 584 42 339 186 40 
stack 72:    513 119 638 312 62 155 165 
stack 73:    705 368 360 720 175 134 515 
stack 74:    495 270 395 543 187 151 739 
stack 75:    189 67 100 256 313 634 322 
stack 76:    458 352 343 284 29 126 740 
stack 77:    236 534 730 380 604 145 325 
stack 78:    336 21 340 605 121 99 704 
stack 79:    301 254 51 235 623 682 304 
stack 80:    629 747 389 575 698 286 271 
stack 81:    198 252 327 745 66 267 277 
stack 82:    427 223 8 707 558 366 154 
stack 83:    264 108 334 521 476 341 250 
stack 84:    647 183 512 703 592 81 55 
stack 85:    650 491 662 556 694 554 320 
stack 86:    466 299 77 471 65 24 315 
stack 87:    247 9 593 3 208 125 107 
stack 88:    217 465 577 282 84 220 28 
stack 89:    278 474 356 61 75 262 467 
stack 90:    7 96 510 79 522 637 90 
stack 91:    291 479 527 228 275 305 160 
stack 92:    309 497 56 546 576 561 161 
stack 93:    418 365 611 661 346 590 243 
stack 94:    172 201 135 481 318 397 319 
stack 95:    123 729 535 229 560 348 598 
stack 96:    10 608 716 249 570 377 83 
stack 97:    547 74 390 643 268 627 579 
stack 98:    316 120 211 549 58 332 1 
stack 99:    665 654 538 706 103 657 406 
stack 100:    57 448 60 567 746 475 496 
stack 101:    204 615 149 
stack 102:    54 697 473 387 37 422 15 
stack 103:    222 525 273 385 711 574 219 
stack 104:    719 742 620 298 659 676 118 
stack 105:    115 141 722 260 
stack 106:    293 116 
stack 107:    391 128 167 727 606 553 94 
stack 108:    446 
stack 109:    725 631 147 
stack 110:    690 633 
stack 111:    
stack 112:    
stack 113:    
stack 114:    
stack 115:    
stack 116:    
stack 117:    
stack 118:    
stack 119:    
stack 120:    
stack 121:    
stack 122:    
stack 123:    
stack 124:    
stack 125:    
stack 126:    
stack 127:    
stack 128:    
stack 129:    
