solved with: SP.post_optimization_methods.TabuSearch
time limit: 1800.0 s
time to solve: 644,41 s
objective value: 692267.82

stacks (top to bottom):
stack 0:    1 
stack 1:    
stack 2:    
stack 3:    378 
stack 4:    
stack 5:    
stack 6:    6 
stack 7:    382 
stack 8:    383 
stack 9:    384 
stack 10:    
stack 11:    
stack 12:    
stack 13:    13 388 16 
stack 14:    251 338 483 472 260 493 54 
stack 15:    667 390 394 423 263 113 197 
stack 16:    700 530 449 228 725 550 271 
stack 17:    19 395 79 579 697 51 634 
stack 18:    153 297 35 482 311 241 39 
stack 19:    361 701 173 705 618 414 410 
stack 20:    508 20 42 207 304 82 58 
stack 21:    543 339 720 743 546 641 470 
stack 22:    33 477 608 326 587 237 438 
stack 23:    188 525 279 627 466 139 632 
stack 24:    289 100 538 556 187 633 623 
stack 25:    34 653 62 715 40 554 26 
stack 26:    244 88 125 528 596 693 421 
stack 27:    616 656 319 31 130 529 321 
stack 28:    722 30 299 435 578 417 622 
stack 29:    490 370 37 434 694 172 455 
stack 30:    103 593 476 406 84 500 524 
stack 31:    242 422 275 233 607 643 369 
stack 32:    146 348 312 481 345 231 710 
stack 33:    240 110 230 46 133 341 105 
stack 34:    320 372 327 549 352 555 469 
stack 35:    333 149 486 428 169 45 86 
stack 36:    286 615 447 93 266 547 55 
stack 37:    219 629 358 497 365 245 503 
stack 38:    562 200 175 142 685 210 467 
stack 39:    155 681 706 176 322 448 513 
stack 40:    208 151 164 264 599 729 520 
stack 41:    463 95 570 295 661 268 74 
stack 42:    131 424 523 330 444 135 684 
stack 43:    575 638 298 504 545 484 569 
stack 44:    272 351 161 739 307 603 229 
stack 45:    247 609 748 429 238 191 736 
stack 46:    291 61 574 198 436 612 604 
stack 47:    127 709 47 212 70 652 624 
stack 48:    232 170 746 53 287 75 213 
stack 49:    214 254 283 328 364 673 204 
stack 50:    115 223 65 437 719 676 713 
stack 51:    544 478 64 91 598 343 239 
stack 52:    430 699 571 514 98 666 373 
stack 53:    303 662 649 698 162 573 433 
stack 54:    174 143 255 728 99 294 104 
stack 55:    234 617 87 134 73 695 209 
stack 56:    224 89 432 563 225 522 456 
stack 57:    258 182 498 106 97 190 630 
stack 58:    285 723 515 485 71 731 548 
stack 59:    647 475 313 517 324 585 236 
stack 60:    690 460 77 66 359 78 552 
stack 61:    663 588 704 606 650 724 265 
stack 62:    595 344 270 479 688 195 664 
stack 63:    101 136 360 677 111 531 584 
stack 64:    215 368 367 116 453 642 597 
stack 65:    0 375 
stack 66:    376 
stack 67:    377 
stack 68:    4 2 
stack 69:    379 3 
stack 70:    5 380 
stack 71:    381 
stack 72:    7 8 
stack 73:    9 
stack 74:    
stack 75:    10 385 
stack 76:    386 12 11 
stack 77:    387 
stack 78:    683 17 458 14 15 156 118 
stack 79:    708 389 407 737 741 76 25 
stack 80:    18 293 21 67 273 22 648 
stack 81:    443 400 301 269 28 391 392 
stack 82:    576 457 24 396 512 393 29 
stack 83:    411 277 59 678 669 625 296 
stack 84:    398 415 635 23 288 601 702 
stack 85:    397 692 259 184 399 401 640 
stack 86:    539 211 309 491 403 168 644 
stack 87:    355 340 194 261 561 583 412 
stack 88:    36 350 501 527 402 541 610 
stack 89:    405 181 193 418 310 445 183 
stack 90:    594 521 732 416 639 404 735 
stack 91:    408 568 85 256 474 27 660 
stack 92:    49 507 733 246 325 220 703 
stack 93:    167 502 267 278 94 589 218 
stack 94:    409 558 252 337 452 687 32 
stack 95:    179 413 280 679 342 276 336 
stack 96:    141 129 166 696 41 488 281 
stack 97:    654 511 526 425 126 332 108 
stack 98:    651 518 680 672 519 148 56 
stack 99:    450 454 305 510 426 119 38 
stack 100:    419 257 665 464 657 446 150 
stack 101:    202 734 716 284 69 314 620 
stack 102:    473 427 112 353 177 465 302 
stack 103:    506 243 489 468 189 567 248 
stack 104:    675 192 52 714 440 532 487 
stack 105:    535 540 586 689 619 533 738 
stack 106:    63 335 203 726 48 721 631 
stack 107:    123 44 354 362 509 50 451 
stack 108:    581 199 180 121 43 655 96 
stack 109:    140 626 60 565 686 138 580 
stack 110:    749 742 671 442 165 420 92 
stack 111:    717 222 72 158 316 670 605 
stack 112:    366 132 205 250 159 154 363 
stack 113:    516 249 566 124 226 318 582 
stack 114:    206 645 331 492 356 602 68 
stack 115:    308 495 315 537 431 137 227 
stack 116:    560 317 590 371 90 441 682 
stack 117:    235 262 592 553 147 117 171 
stack 118:    83 114 109 668 674 349 611 
stack 119:    691 144 462 122 163 81 727 
stack 120:    357 572 557 57 505 439 128 
stack 121:    152 628 306 459 196 747 542 
stack 122:    730 496 346 551 564 471 659 
stack 123:    712 157 740 499 658 347 577 
stack 124:    290 534 711 480 201 745 329 
stack 125:    185 107 559 334 274 600 494 
stack 126:    178 145 646 621 300 323 221 
stack 127:    536 186 591 282 744 80 120 
stack 128:    636 374 613 102 707 253 614 
stack 129:    160 217 637 718 292 216 461 

#####################################################

solved with: SP.post_optimization_methods.HillClimbing
time limit: 1800.0 s
time to solve: 373,76 s
objective value: 692267.82

stacks (top to bottom):
stack 0:    1 
stack 1:    
stack 2:    
stack 3:    378 
stack 4:    
stack 5:    
stack 6:    6 
stack 7:    7 
stack 8:    383 
stack 9:    384 
stack 10:    
stack 11:    
stack 12:    
stack 13:    388 13 486 
stack 14:    390 188 30 472 453 260 73 
stack 15:    361 185 80 148 488 227 604 
stack 16:    405 34 262 681 294 124 27 
stack 17:    397 635 19 220 406 90 632 
stack 18:    36 21 396 621 400 611 39 
stack 19:    308 732 31 401 399 352 410 
stack 20:    543 366 24 570 460 351 342 
stack 21:    424 42 426 505 69 38 25 
stack 22:    704 495 119 299 642 22 597 
stack 23:    717 346 373 112 253 573 171 
stack 24:    535 121 257 427 269 745 634 
stack 25:    699 662 434 177 492 412 28 
stack 26:    671 315 230 275 200 431 304 
stack 27:    616 715 129 133 259 403 58 
stack 28:    594 709 701 47 139 82 50 
stack 29:    149 263 326 452 96 172 104 
stack 30:    742 285 528 485 45 421 336 
stack 31:    408 482 37 111 271 687 584 
stack 32:    297 35 349 298 301 201 142 
stack 33:    576 413 685 670 541 296 603 
stack 34:    355 199 114 428 689 477 241 
stack 35:    374 217 140 40 509 365 314 
stack 36:    136 224 475 364 97 318 56 
stack 37:    208 568 719 91 418 612 347 
stack 38:    749 430 700 668 312 741 693 
stack 39:    626 683 116 159 154 553 51 
stack 40:    457 629 711 67 60 614 461 
stack 41:    109 464 661 209 302 738 86 
stack 42:    247 251 730 674 238 71 356 
stack 43:    691 692 277 502 334 343 605 
stack 44:    234 333 429 586 608 548 68 
stack 45:    174 214 559 66 327 440 532 
stack 46:    650 489 574 273 480 150 105 
stack 47:    508 422 57 122 639 324 644 
stack 48:    357 645 335 561 583 446 226 
stack 49:    49 557 497 592 99 600 729 
stack 50:    358 305 739 283 676 747 451 
stack 51:    125 672 593 94 519 469 640 
stack 52:    280 187 545 698 665 718 471 
stack 53:    63 303 102 565 292 445 76 
stack 54:    232 338 157 459 195 135 513 
stack 55:    127 212 669 371 137 624 229 
stack 56:    521 101 110 518 250 175 439 
stack 57:    712 65 87 181 194 707 106 
stack 58:    286 293 289 169 564 736 239 
stack 59:    152 450 675 182 322 328 713 
stack 60:    242 656 546 267 643 198 204 
stack 61:    206 155 367 205 216 245 578 
stack 62:    628 463 344 270 444 264 156 
stack 63:    107 330 235 479 93 113 120 
stack 64:    191 551 311 725 531 677 210 
stack 65:    0 375 
stack 66:    376 
stack 67:    377 
stack 68:    4 2 
stack 69:    379 3 
stack 70:    5 380 
stack 71:    381 
stack 72:    382 8 
stack 73:    9 
stack 74:    
stack 75:    10 385 
stack 76:    386 12 11 
stack 77:    387 
stack 78:    398 20 395 462 14 15 529 
stack 79:    723 748 389 407 228 75 577 
stack 80:    145 637 617 515 43 16 467 
stack 81:    647 442 17 363 493 391 392 
stack 82:    115 18 178 512 393 29 433 
stack 83:    215 143 530 394 550 533 731 
stack 84:    562 290 23 79 41 26 702 
stack 85:    160 636 168 362 625 414 735 
stack 86:    511 348 423 481 474 360 660 
stack 87:    33 609 544 255 180 740 268 
stack 88:    416 52 278 402 601 456 522 
stack 89:    726 507 341 190 276 503 128 
stack 90:    411 331 192 404 130 554 117 
stack 91:    539 483 627 724 549 369 664 
stack 92:    272 714 585 563 236 163 183 
stack 93:    575 638 340 100 134 256 108 
stack 94:    409 240 558 313 716 138 32 
stack 95:    258 415 288 501 147 470 417 
stack 96:    83 243 72 126 353 684 610 
stack 97:    244 141 44 527 354 547 659 
stack 98:    146 588 581 623 737 587 552 
stack 99:    490 651 516 579 517 458 54 
stack 100:    654 339 165 491 607 432 555 
stack 101:    663 496 646 728 98 666 619 
stack 102:    61 572 323 468 332 694 455 
stack 103:    708 526 506 596 74 710 252 
stack 104:    151 203 132 184 420 441 520 
stack 105:    222 162 425 473 734 78 648 
stack 106:    419 219 514 53 688 567 602 
stack 107:    179 170 534 249 307 466 500 
stack 108:    62 706 696 176 325 84 589 
stack 109:    320 370 613 679 598 284 630 
stack 110:    153 615 158 447 310 55 266 
stack 111:    536 46 319 537 225 599 92 
stack 112:    525 523 300 649 437 193 48 
stack 113:    103 306 77 89 350 641 438 
stack 114:    88 131 291 633 64 449 345 
stack 115:    720 538 85 556 189 498 337 
stack 116:    606 746 221 287 231 213 448 
stack 117:    317 590 652 744 282 618 487 
stack 118:    167 680 164 476 186 321 682 
stack 119:    123 211 372 653 59 246 631 
stack 120:    454 202 722 161 218 582 622 
stack 121:    560 233 591 70 705 173 542 
stack 122:    223 504 499 673 658 494 721 
stack 123:    667 743 261 695 569 118 265 
stack 124:    690 95 678 733 274 248 703 
stack 125:    254 368 697 566 580 435 281 
stack 126:    478 571 686 196 657 436 524 
stack 127:    595 510 359 316 329 620 727 
stack 128:    540 443 279 484 295 655 237 
stack 129:    207 144 309 166 465 81 197 
