lower bound for relaxed s_ij: 692233.9

#####################################################

solved with: SP.mip_formulations.BinPackingFormulation
time limit: 1800.0 s
time to solve: 1804,37 s (time limit exceeded)
objective value: 704583.12 (not optimal)

stacks (top to bottom):
stack 0:    7 23 0 12 
stack 1:    3 2 20 16 8 375 10 
stack 2:    9 33 21 1 32 14 
stack 3:    34 29 30 4 24 516 18 
stack 4:    25 19 11 35 13 27 26 
stack 5:    31 389 47 48 46 37 42 
stack 6:    41 39 64 380 52 383 60 
stack 7:    51 38 5 376 63 59 386 
stack 8:    17 55 43 36 489 61 50 
stack 9:    88 45 391 58 57 67 78 
stack 10:    79 71 77 40 440 403 86 
stack 11:    450 396 81 466 385 66 91 
stack 12:    85 93 408 456 455 394 62 
stack 13:    402 90 118 119 72 117 80 
stack 14:    98 95 381 382 97 76 70 
stack 15:    400 114 94 92 399 395 111 
stack 16:    473 492 462 136 100 499 103 
stack 17:    387 497 127 109 468 122 491 
stack 18:    123 412 130 128 410 144 102 
stack 19:    398 132 140 120 107 113 134 
stack 20:    470 153 147 414 459 138 135 
stack 21:    154 115 176 116 161 198 476 
stack 22:    142 164 141 484 487 480 145 
stack 23:    166 152 508 494 479 171 143 
stack 24:    500 172 178 149 478 156 475 
stack 25:    194 416 528 187 506 155 173 
stack 26:    192 181 165 465 204 205 162 
stack 27:    197 200 169 150 510 199 196 
stack 28:    493 207 193 191 170 502 188 
stack 29:    206 217 566 223 160 519 215 
stack 30:    523 537 234 227 184 241 518 
stack 31:    201 216 521 202 535 203 552 
stack 32:    222 242 214 232 220 219 195 
stack 33:    643 247 239 244 229 189 504 
stack 34:    237 512 280 221 233 224 260 
stack 35:    259 249 263 243 238 419 212 
stack 36:    287 252 275 277 240 270 236 
stack 37:    281 264 262 273 268 250 235 
stack 38:    297 269 305 285 306 296 245 
stack 39:    49 320 291 278 352 343 231 
stack 40:    258 246 254 261 253 425 267 
stack 41:    266 257 507 283 282 279 274 
stack 42:    319 265 315 317 295 313 284 
stack 43:    292 293 515 517 302 511 312 
stack 44:    563 540 308 289 532 322 301 
stack 45:    496 294 310 558 539 524 288 
stack 46:    299 348 332 331 353 307 674 
stack 47:    606 584 561 548 350 341 290 
stack 48:    298 529 593 547 427 363 534 
stack 49:    304 316 340 327 324 583 573 
stack 50:    575 358 356 349 300 338 346 
stack 51:    621 371 329 321 360 355 627 
stack 52:    641 333 364 644 603 567 618 
stack 53:    481 426 413 422 351 611 607 
stack 54:    368 545 369 477 362 373 366 
stack 55:    431 559 365 367 541 538 551 
stack 56:    553 543 581 587 370 591 571 
stack 57:    485 498 509 495 486 472 467 
stack 58:    514 409 384 531 560 544 525 
stack 59:    483 482 471 432 374 505 490 
stack 60:    488 418 449 421 433 453 501 
stack 61:    429 417 446 442 461 454 452 
stack 62:    448 444 447 437 445 439 438 
stack 63:    474 451 435 430 457 441 460 
stack 64:    463 464 469 436 443 434 458 
stack 65:    
stack 66:    
stack 67:    377 
stack 68:    378 
stack 69:    379 
stack 70:    
stack 71:    6 
stack 72:    
stack 73:    
stack 74:    530 513 503 
stack 75:    520 
stack 76:    546 522 557 555 
stack 77:    388 526 527 
stack 78:    549 542 536 533 
stack 79:    554 
stack 80:    600 576 556 550 595 15 
stack 81:    390 562 
stack 82:    619 601 570 568 579 
stack 83:    580 589 565 572 577 392 393 
stack 84:    
stack 85:    586 578 596 582 
stack 86:    614 
stack 87:    397 22 605 613 604 608 602 
stack 88:    609 648 630 599 
stack 89:    645 615 
stack 90:    640 616 628 650 
stack 91:    635 622 658 657 
stack 92:    617 647 636 646 642 401 
stack 93:    28 625 634 653 662 620 
stack 94:    638 632 666 670 649 404 
stack 95:    639 698 696 661 
stack 96:    655 663 710 708 701 689 
stack 97:    406 407 675 683 405 
stack 98:    672 677 690 688 659 
stack 99:    685 693 687 681 711 680 
stack 100:    718 695 705 691 717 411 
stack 101:    714 700 697 684 721 719 
stack 102:    725 713 730 682 
stack 103:    726 699 722 727 694 
stack 104:    743 731 736 712 734 703 
stack 105:    745 44 739 749 741 415 
stack 106:    732 740 737 
stack 107:    738 720 
stack 108:    723 735 744 747 742 729 716 
stack 109:    746 748 733 728 
stack 110:    692 707 706 686 420 676 715 
stack 111:    679 668 702 724 678 709 704 
stack 112:    633 669 624 660 654 673 665 
stack 113:    656 637 631 667 664 597 423 
stack 114:    629 598 623 610 594 626 424 
stack 115:    359 671 612 592 590 652 651 
stack 116:    564 361 428 328 357 574 334 
stack 117:    588 569 337 585 339 342 372 
stack 118:    326 347 354 345 344 330 255 
stack 119:    53 336 314 335 323 325 318 
stack 120:    311 309 303 272 226 228 151 
stack 121:    286 225 276 251 218 211 175 
stack 122:    213 208 248 230 256 271 209 
stack 123:    183 190 179 186 182 177 139 
stack 124:    56 180 210 167 174 185 168 
stack 125:    157 124 146 163 159 158 125 
stack 126:    131 121 105 133 129 112 110 
stack 127:    106 137 89 148 108 54 126 
stack 128:    74 73 65 87 82 68 104 
stack 129:    96 69 101 83 75 99 84 

#####################################################

solved with: SP.constructive_heuristics.GeneralHeuristic
time limit: 1800.0 s
time to solve: 0,00 s
objective value: 751727.56

stacks (top to bottom):
stack 0:    723 523 222 697 165 476 393 
stack 1:    105 444 432 107 0 72 372 
stack 2:    463 131 718 437 410 595 696 
stack 3:    619 366 113 26 10 212 446 
stack 4:    11 178 416 511 558 676 182 
stack 5:    259 247 546 55 556 125 209 
stack 6:    328 672 95 192 184 97 60 
stack 7:    610 339 132 693 130 436 618 
stack 8:    101 612 263 630 364 603 742 
stack 9:    154 655 663 628 565 451 684 
stack 10:    28 287 169 200 61 661 452 
stack 11:    39 713 408 455 678 438 330 
stack 12:    664 677 497 515 253 602 652 
stack 13:    98 114 513 425 233 325 286 
stack 14:    201 249 496 269 193 636 525 
stack 15:    44 83 166 389 235 143 185 
stack 16:    669 686 34 370 489 215 236 
stack 17:    743 206 600 426 417 159 54 
stack 18:    53 509 309 32 295 460 392 
stack 19:    739 202 521 683 427 338 599 
stack 20:    41 19 316 221 583 538 704 
stack 21:    735 625 320 617 462 499 199 
stack 22:    407 714 380 282 156 376 16 
stack 23:    73 671 46 353 711 80 218 
stack 24:    732 300 536 346 394 649 729 
stack 25:    359 23 191 480 741 439 467 
stack 26:    106 406 639 36 698 422 709 
stack 27:    598 210 242 613 574 590 654 
stack 28:    726 304 418 635 622 423 15 
stack 29:    706 588 409 122 658 66 651 
stack 30:    29 264 717 163 504 442 272 
stack 31:    17 609 332 535 128 680 174 
stack 32:    362 548 170 681 555 145 117 
stack 33:    335 357 358 507 232 204 383 
stack 34:    594 349 243 219 659 490 611 
stack 35:    545 181 396 478 238 419 133 
stack 36:    641 576 223 118 550 255 104 
stack 37:    702 377 341 440 524 303 276 
stack 38:    9 740 35 21 340 302 441 
stack 39:    65 580 371 605 363 541 126 
stack 40:    667 482 624 725 120 285 355 
stack 41:    180 623 89 584 58 275 424 
stack 42:    213 137 167 459 312 68 334 
stack 43:    387 115 449 532 688 318 228 
stack 44:    707 428 314 614 37 307 434 
stack 45:    75 365 540 350 40 570 226 
stack 46:    429 299 562 557 240 231 102 
stack 47:    637 214 289 280 491 313 501 
stack 48:    56 298 712 119 662 129 401 
stack 49:    258 666 13 690 615 195 173 
stack 50:    483 420 585 390 77 343 144 
stack 51:    435 466 721 241 360 657 715 
stack 52:    626 414 395 475 20 84 148 
stack 53:    553 239 413 519 674 665 673 
stack 54:    656 246 589 329 708 682 86 
stack 55:    488 333 24 12 42 505 453 
stack 56:    74 685 273 47 27 694 724 
stack 57:    109 5 549 699 14 577 134 
stack 58:    597 337 512 207 305 189 103 
stack 59:    172 266 1 529 517 279 260 
stack 60:    746 33 537 468 52 433 567 
stack 61:    633 543 123 297 399 405 660 
stack 62:    96 183 116 503 604 91 404 
stack 63:    190 136 351 196 18 270 720 
stack 64:    431 31 356 127 283 108 342 
stack 65:    606 493 294 153 484 310 494 
stack 66:    745 292 675 528 445 486 716 
stack 67:    336 638 705 152 391 138 534 
stack 68:    692 379 88 278 100 150 291 
stack 69:    49 51 311 262 2 526 50 
stack 70:    640 533 261 542 582 689 650 
stack 71:    485 315 710 317 701 531 544 
stack 72:    388 87 308 48 472 345 225 
stack 73:    361 164 645 547 62 162 271 
stack 74:    38 530 520 722 63 155 251 
stack 75:    402 492 43 552 344 411 458 
stack 76:    621 347 631 421 382 608 386 
stack 77:    481 85 578 220 186 112 627 
stack 78:    25 450 234 430 198 70 205 
stack 79:    575 57 30 508 171 479 277 
stack 80:    79 632 747 203 348 352 571 
stack 81:    563 581 554 691 8 373 111 
stack 82:    473 566 687 268 502 158 415 
stack 83:    629 326 319 384 161 385 728 
stack 84:    564 22 748 94 321 284 6 
stack 85:    616 93 187 456 59 737 378 
stack 86:    369 281 367 216 695 465 733 
stack 87:    157 237 90 142 522 527 642 
stack 88:    569 559 398 749 3 4 487 
stack 89:    668 7 293 593 374 734 518 
stack 90:    69 45 252 244 306 290 211 
stack 91:    92 64 81 596 573 539 607 
stack 92:    368 71 744 561 412 634 141 
stack 93:    474 592 448 731 601 568 168 
stack 94:    354 327 586 324 135 375 703 
stack 95:    208 82 146 76 457 719 403 
stack 96:    500 194 700 254 572 730 151 
stack 97:    498 477 464 587 648 250 99 
stack 98:    738 160 516 245 510 139 177 
stack 99:    447 147 469 331 296 591 560 
stack 100:    217 197 188 506 644 175 551 
stack 101:    514 124 179 470 727 230 256 
stack 102:    248 121 323 140 620 454 110 
stack 103:    397 400 257 149 322 301 288 
stack 104:    265 176 381 78 
stack 105:    679 643 653 229 646 443 579 
stack 106:    227 224 
stack 107:    736 670 267 495 
stack 108:    471 647 461 
stack 109:    274 
stack 110:    67 
stack 111:    
stack 112:    
stack 113:    
stack 114:    
stack 115:    
stack 116:    
stack 117:    
stack 118:    
stack 119:    
stack 120:    
stack 121:    
stack 122:    
stack 123:    
stack 124:    
stack 125:    
stack 126:    
stack 127:    
stack 128:    
stack 129:    
