lower bound for relaxed s_ij: 692241.14

#####################################################

solved with: SP.mip_formulations.BinPackingFormulation
time limit: 1800.0 s
time to solve: 1804,20 s (time limit exceeded)
objective value: 703615.9 (not optimal)

stacks (top to bottom):
stack 0:    0 39 38 393 30 
stack 1:    8 11 1 2 
stack 2:    3 28 20 386 
stack 3:    12 15 18 377 17 379 26 
stack 4:    27 23 29 5 25 36 34 
stack 5:    380 56 9 46 32 21 62 
stack 6:    460 382 31 397 42 41 51 
stack 7:    383 68 40 64 35 388 6 
stack 8:    57 45 50 72 66 60 73 
stack 9:    61 74 391 43 398 49 65 
stack 10:    7 52 390 384 67 83 47 
stack 11:    69 90 75 447 87 86 85 
stack 12:    95 59 98 100 389 387 385 
stack 13:    16 115 97 63 407 55 483 
stack 14:    94 92 96 105 79 402 91 
stack 15:    446 395 81 466 14 571 406 
stack 16:    482 143 88 491 150 146 130 
stack 17:    113 125 128 127 112 121 107 
stack 18:    401 103 84 140 129 124 134 
stack 19:    511 135 120 106 500 152 119 
stack 20:    136 441 454 449 149 148 108 
stack 21:    137 165 122 415 411 168 116 
stack 22:    145 154 164 147 153 160 142 
stack 23:    162 414 173 473 492 131 476 
stack 24:    159 157 175 163 169 172 167 
stack 25:    417 171 177 181 179 478 180 
stack 26:    506 166 216 416 187 556 186 
stack 27:    493 489 182 214 225 197 199 
stack 28:    545 512 510 475 419 184 195 
stack 29:    185 404 408 220 207 203 200 
stack 30:    232 194 613 567 227 579 239 
stack 31:    418 231 201 235 228 190 217 
stack 32:    546 515 474 236 221 218 206 
stack 33:    553 547 530 552 240 219 224 
stack 34:    413 667 260 223 202 261 249 
stack 35:    222 263 229 271 253 245 468 
stack 36:    213 526 247 282 538 518 274 
stack 37:    234 257 256 237 554 490 581 
stack 38:    269 480 255 246 488 481 521 
stack 39:    543 524 486 280 254 288 281 
stack 40:    569 562 270 290 265 283 276 
stack 41:    286 308 101 78 313 264 312 
stack 42:    296 289 299 557 293 278 298 
stack 43:    323 284 302 563 568 426 566 
stack 44:    425 317 595 570 307 327 294 
stack 45:    292 578 301 319 311 295 309 
stack 46:    656 343 322 303 341 630 310 
stack 47:    640 636 607 337 330 320 334 
stack 48:    340 628 328 627 597 336 618 
stack 49:    338 339 358 365 540 616 622 
stack 50:    333 361 345 373 366 351 575 
stack 51:    472 465 354 347 342 349 344 
stack 52:    572 544 372 362 359 371 527 
stack 53:    369 357 374 590 428 576 605 
stack 54:    598 577 355 588 555 561 549 
stack 55:    523 573 370 367 368 363 559 
stack 56:    533 479 548 537 502 536 531 
stack 57:    517 519 503 507 499 528 516 
stack 58:    513 485 439 420 392 423 508 
stack 59:    501 477 495 429 455 496 498 
stack 60:    505 497 422 412 436 437 471 
stack 61:    470 435 433 434 431 469 464 
stack 62:    456 440 463 461 467 450 459 
stack 63:    457 448 442 432 443 430 444 
stack 64:    453 452 458 445 424 438 451 
stack 65:    375 
stack 66:    462 376 
stack 67:    
stack 68:    378 
stack 69:    4 
stack 70:    381 
stack 71:    494 487 514 484 
stack 72:    520 522 
stack 73:    509 504 
stack 74:    
stack 75:    10 
stack 76:    542 
stack 77:    532 535 534 529 551 525 
stack 78:    13 560 
stack 79:    574 541 539 
stack 80:    550 
stack 81:    585 565 582 564 558 
stack 82:    591 
stack 83:    602 596 
stack 84:    396 19 594 589 394 
stack 85:    601 593 592 586 580 603 587 
stack 86:    641 600 583 
stack 87:    22 606 615 
stack 88:    604 
stack 89:    399 24 635 633 624 
stack 90:    626 599 658 
stack 91:    400 617 609 631 
stack 92:    664 642 650 663 657 
stack 93:    643 661 660 674 671 670 
stack 94:    703 687 644 700 645 697 
stack 95:    403 651 652 655 653 405 
stack 96:    688 648 672 666 690 686 676 
stack 97:    683 702 685 679 659 675 
stack 98:    410 668 673 
stack 99:    677 682 708 719 701 669 33 
stack 100:    711 715 665 706 704 409 
stack 101:    681 710 695 714 698 694 713 
stack 102:    712 709 718 37 
stack 103:    732 733 
stack 104:    696 743 699 740 707 
stack 105:    737 744 745 
stack 106:    742 738 735 749 721 729 
stack 107:    48 725 748 746 
stack 108:    205 747 44 730 739 693 680 
stack 109:    727 741 734 731 736 53 
stack 110:    722 726 716 662 728 724 691 
stack 111:    689 723 717 705 684 720 692 
stack 112:    421 647 678 649 625 654 639 
stack 113:    629 638 634 646 623 632 637 
stack 114:    614 612 621 297 364 350 608 
stack 115:    316 619 584 611 620 610 332 
stack 116:    352 348 427 360 353 356 326 
stack 117:    329 325 306 335 331 346 291 
stack 118:    321 318 314 315 305 304 324 
stack 119:    285 266 287 275 259 300 272 
stack 120:    267 277 279 250 268 248 243 
stack 121:    251 258 244 273 252 262 242 
stack 122:    212 210 198 191 241 204 238 
stack 123:    230 176 192 215 211 233 226 
stack 124:    158 209 196 193 189 208 183 
stack 125:    170 58 156 104 188 178 144 
stack 126:    133 70 161 174 132 141 126 
stack 127:    114 71 155 139 151 54 138 
stack 128:    109 118 117 111 123 110 76 
stack 129:    102 77 99 93 89 80 82 

#####################################################

solved with: SP.constructive_heuristics.GeneralHeuristic
time limit: 1800.0 s
time to solve: 0,01 s
objective value: 749133.88

stacks (top to bottom):
stack 0:    372 221 347 475 2 183 226 
stack 1:    84 159 90 311 151 680 262 
stack 2:    109 48 348 414 299 112 293 
stack 3:    287 215 360 744 640 596 416 
stack 4:    114 333 91 288 718 616 437 
stack 5:    401 601 418 220 211 581 502 
stack 6:    584 318 118 646 564 522 469 
stack 7:    413 727 97 541 420 645 294 
stack 8:    417 45 140 582 351 398 746 
stack 9:    422 642 484 543 49 671 332 
stack 10:    612 728 29 283 101 337 729 
stack 11:    10 396 378 705 530 78 320 
stack 12:    410 192 619 12 433 116 141 
stack 13:    198 667 602 134 167 478 346 
stack 14:    322 525 125 740 714 733 630 
stack 15:    329 103 491 79 282 217 324 
stack 16:    577 93 99 445 317 228 394 
stack 17:    614 229 355 175 430 107 590 
stack 18:    258 732 652 236 365 73 549 
stack 19:    267 453 231 362 442 631 76 
stack 20:    251 7 472 702 735 46 195 
stack 21:    380 369 227 349 249 576 691 
stack 22:    448 638 534 207 28 713 639 
stack 23:    95 67 14 256 336 654 37 
stack 24:    400 651 265 219 224 261 152 
stack 25:    399 61 696 341 43 538 138 
stack 26:    292 603 124 698 575 33 605 
stack 27:    497 176 182 339 606 438 464 
stack 28:    193 737 270 635 426 20 483 
stack 29:    16 314 8 173 147 434 312 
stack 30:    382 171 150 39 682 373 199 
stack 31:    668 439 260 700 202 579 405 
stack 32:    297 139 463 83 749 531 720 
stack 33:    161 529 254 449 295 481 121 
stack 34:    133 598 738 547 122 624 571 
stack 35:    321 684 569 628 127 568 274 
stack 36:    687 655 47 184 492 745 334 
stack 37:    457 170 501 263 650 298 731 
stack 38:    747 137 269 246 701 444 528 
stack 39:    102 70 506 135 473 521 178 
stack 40:    316 585 509 245 599 402 350 
stack 41:    277 548 610 730 607 240 589 
stack 42:    88 0 225 105 504 540 690 
stack 43:    456 441 40 715 392 239 736 
stack 44:    94 560 580 280 748 281 658 
stack 45:    656 209 503 611 625 327 51 
stack 46:    726 44 664 447 17 358 559 
stack 47:    213 96 38 197 85 364 233 
stack 48:    742 3 636 387 500 142 132 
stack 49:    592 487 688 408 663 674 498 
stack 50:    586 643 345 393 130 676 608 
stack 51:    621 77 649 546 699 371 381 
stack 52:    210 717 201 203 669 686 53 
stack 53:    57 558 41 278 123 536 428 
stack 54:    244 609 510 131 276 238 305 
stack 55:    59 342 60 34 618 632 243 
stack 56:    286 120 357 415 419 704 268 
stack 57:    89 69 427 695 255 86 563 
stack 58:    723 241 50 179 666 455 82 
stack 59:    158 573 708 526 660 235 4 
stack 60:    92 677 146 366 670 144 451 
stack 61:    533 212 196 15 432 253 719 
stack 62:    465 623 11 55 706 376 304 
stack 63:    166 232 374 56 600 653 250 
stack 64:    230 489 301 488 709 172 309 
stack 65:    5 52 570 290 594 257 697 
stack 66:    24 205 185 169 87 557 518 
stack 67:    634 155 296 377 66 379 65 
stack 68:    425 306 23 515 395 308 516 
stack 69:    722 482 284 626 361 604 637 
stack 70:    553 194 63 9 665 739 300 
stack 71:    532 177 535 397 110 555 388 
stack 72:    662 495 474 551 148 149 622 
stack 73:    68 216 411 389 344 476 62 
stack 74:    678 188 461 454 672 353 561 
stack 75:    452 477 275 710 615 319 80 
stack 76:    505 58 222 143 303 412 26 
stack 77:    117 325 458 354 659 206 724 
stack 78:    285 403 145 480 694 252 467 
stack 79:    470 514 743 335 450 527 693 
stack 80:    352 446 383 641 574 673 115 
stack 81:    104 517 266 460 163 247 386 
stack 82:    519 681 587 35 42 490 692 
stack 83:    273 685 164 466 100 385 126 
stack 84:    421 13 507 512 384 679 409 
stack 85:    593 494 200 259 537 588 248 
stack 86:    629 572 157 404 391 30 272 
stack 87:    191 204 562 307 1 187 160 
stack 88:    523 162 165 218 567 496 326 
stack 89:    711 583 106 264 174 508 459 
stack 90:    544 565 359 181 75 486 550 
stack 91:    71 493 214 661 542 190 242 
stack 92:    647 315 578 657 597 627 6 
stack 93:    340 703 154 712 153 36 368 
stack 94:    485 499 617 390 25 237 119 
stack 95:    22 429 633 328 313 431 734 
stack 96:    136 234 741 330 406 423 375 
stack 97:    716 27 620 289 443 31 675 
stack 98:    479 440 511 539 223 291 471 
stack 99:    271 302 113 524 424 72 436 
stack 100:    323 338 18 108 64 208 279 
stack 101:    111 683 81 168 721 556 356 
stack 102:    156 189 435 552 613 32 363 
stack 103:    462 343 520 725 468 566 54 
stack 104:    513 689 644 707 
stack 105:    19 370 367 98 407 21 186 
stack 106:    595 545 554 310 
stack 107:    74 648 129 128 331 180 
stack 108:    
stack 109:    591 
stack 110:    
stack 111:    
stack 112:    
stack 113:    
stack 114:    
stack 115:    
stack 116:    
stack 117:    
stack 118:    
stack 119:    
stack 120:    
stack 121:    
stack 122:    
stack 123:    
stack 124:    
stack 125:    
stack 126:    
stack 127:    
stack 128:    
stack 129:    
