lower bound for relaxed s_ij: 692241.14

#####################################################

solved with: SP.mip_formulations.BinPackingFormulation
time limit: 1800.0 s
time to solve: 1804,50 s (time limit exceeded)
objective value: 702075.46 (not optimal)

stacks (top to bottom):
stack 0:    4 16 23 0 387 
stack 1:    17 2 376 375 3 
stack 2:    8 6 34 29 36 377 24 
stack 3:    19 379 9 42 33 25 10 
stack 4:    45 31 54 14 13 47 37 
stack 5:    46 50 27 18 38 11 5 
stack 6:    385 28 32 21 63 383 64 
stack 7:    12 43 35 61 56 22 51 
stack 8:    457 41 53 49 48 26 69 
stack 9:    395 71 393 62 378 39 52 
stack 10:    471 126 115 380 55 480 451 
stack 11:    89 381 79 70 68 88 80 
stack 12:    86 449 384 74 407 81 67 
stack 13:    388 397 99 386 91 73 389 
stack 14:    392 83 93 382 110 85 87 
stack 15:    487 478 406 405 467 90 125 
stack 16:    105 121 122 396 391 106 77 
stack 17:    137 109 404 134 390 111 102 
stack 18:    131 493 400 107 166 119 411 
stack 19:    494 130 408 124 463 398 114 
stack 20:    157 169 142 123 410 401 139 
stack 21:    112 415 153 132 461 452 128 
stack 22:    160 145 161 455 150 163 168 
stack 23:    154 170 171 162 165 159 140 
stack 24:    505 498 508 182 175 149 173 
stack 25:    164 156 479 179 465 176 188 
stack 26:    517 497 167 186 211 199 502 
stack 27:    177 492 477 202 187 174 416 
stack 28:    172 489 196 475 473 201 192 
stack 29:    205 418 198 209 476 197 214 
stack 30:    221 208 523 228 516 483 506 
stack 31:    223 193 227 484 230 222 216 
stack 32:    588 233 207 616 248 242 204 
stack 33:    241 218 259 251 244 571 247 
stack 34:    220 490 419 515 513 514 219 
stack 35:    509 253 258 239 240 491 229 
stack 36:    530 518 265 264 255 257 238 
stack 37:    277 269 262 544 280 529 250 
stack 38:    263 261 268 270 234 281 279 
stack 39:    688 668 310 256 44 
stack 40:    296 301 285 267 273 304 332 
stack 41:    425 426 283 278 266 288 292 
stack 42:    275 295 294 286 297 289 274 
stack 43:    535 533 525 511 315 293 423 
stack 44:    317 503 318 324 329 321 298 
stack 45:    345 327 309 291 313 663 341 
stack 46:    592 567 547 316 339 557 549 
stack 47:    320 302 538 334 565 336 328 
stack 48:    608 340 325 319 358 667 678 
stack 49:    311 333 330 596 372 346 551 
stack 50:    357 355 368 356 323 361 352 
stack 51:    351 350 364 363 342 365 360 
stack 52:    359 369 337 362 344 367 371 
stack 53:    366 349 542 429 532 526 373 
stack 54:    605 568 612 602 601 600 370 
stack 55:    580 578 577 541 552 427 528 
stack 56:    575 611 574 488 374 560 522 
stack 57:    543 550 524 512 428 496 539 
stack 58:    570 536 447 421 422 443 519 
stack 59:    510 481 500 501 434 504 495 
stack 60:    432 485 472 470 464 469 486 
stack 61:    453 438 430 435 437 482 431 
stack 62:    459 439 456 466 424 468 462 
stack 63:    454 442 440 436 458 474 460 
stack 64:    444 450 448 441 445 446 433 
stack 65:    
stack 66:    1 
stack 67:    
stack 68:    
stack 69:    
stack 70:    
stack 71:    499 
stack 72:    
stack 73:    7 531 
stack 74:    507 
stack 75:    
stack 76:    603 520 561 537 609 587 
stack 77:    
stack 78:    534 
stack 79:    521 576 
stack 80:    15 540 
stack 81:    627 527 636 
stack 82:    573 554 553 546 556 
stack 83:    548 591 582 
stack 84:    594 545 572 585 
stack 85:    20 394 569 566 559 555 581 
stack 86:    562 623 610 649 
stack 87:    589 586 579 
stack 88:    598 631 615 
stack 89:    629 606 630 593 
stack 90:    641 637 584 640 604 399 
stack 91:    647 646 633 599 
stack 92:    676 669 662 661 620 
stack 93:    403 618 691 664 621 652 402 
stack 94:    634 645 643 654 653 
stack 95:    657 655 692 
stack 96:    635 642 687 685 30 
stack 97:    665 682 677 672 660 681 
stack 98:    656 690 712 683 
stack 99:    704 675 701 709 
stack 100:    705 715 703 686 674 737 716 
stack 101:    414 728 718 707 680 702 409 
stack 102:    730 726 736 689 738 700 
stack 103:    742 699 725 711 735 412 729 
stack 104:    413 727 743 733 740 721 40 
stack 105:    747 734 714 708 731 
stack 106:    722 717 749 739 723 719 
stack 107:    724 732 697 706 741 720 696 
stack 108:    698 632 694 744 673 417 713 
stack 109:    748 746 710 684 
stack 110:    693 420 745 695 
stack 111:    666 679 644 670 628 651 671 
stack 112:    648 659 658 650 639 638 622 
stack 113:    613 597 617 614 625 607 595 
stack 114:    624 287 619 348 314 354 626 
stack 115:    583 590 558 563 564 347 353 
stack 116:    305 331 307 284 343 308 338 
stack 117:    322 306 312 335 326 303 212 
stack 118:    249 245 299 300 271 272 290 
stack 119:    276 260 194 282 236 155 254 
stack 120:    232 183 252 217 231 246 135 
stack 121:    58 224 210 237 243 235 226 
stack 122:    215 213 200 190 184 225 206 
stack 123:    191 189 203 180 185 195 127 
stack 124:    158 103 181 146 143 178 129 
stack 125:    151 136 148 95 101 152 59 
stack 126:    120 141 144 138 133 113 147 
stack 127:    117 108 96 92 118 60 116 
stack 128:    72 84 98 78 75 104 57 
stack 129:    94 76 65 97 100 82 66 

#####################################################

solved with: SP.constructive_heuristics.GeneralHeuristic
time limit: 1800.0 s
time to solve: 0,00 s
objective value: 750461.02

stacks (top to bottom):
stack 0:    570 237 158 542 63 653 710 
stack 1:    72 688 530 264 516 633 389 
stack 2:    648 583 745 244 235 212 399 
stack 3:    432 715 699 675 111 390 423 
stack 4:    612 398 386 176 346 744 343 
stack 5:    306 76 48 681 719 507 204 
stack 6:    580 99 579 511 150 91 700 
stack 7:    241 164 743 333 458 5 282 
stack 8:    115 749 238 209 64 482 272 
stack 9:    747 413 697 363 21 649 125 
stack 10:    136 266 501 160 175 128 383 
stack 11:    117 45 385 561 259 251 304 
stack 12:    454 118 694 725 642 52 626 
stack 13:    141 71 600 718 647 596 229 
stack 14:    232 601 65 630 531 171 101 
stack 15:    575 318 124 313 411 721 129 
stack 16:    276 379 521 421 256 222 636 
stack 17:    693 20 245 327 309 664 740 
stack 18:    584 553 369 269 153 557 431 
stack 19:    151 392 28 268 295 34 74 
stack 20:    120 614 283 535 569 396 354 
stack 21:    732 498 508 418 149 165 69 
stack 22:    617 305 503 375 56 39 44 
stack 23:    302 441 490 187 339 11 95 
stack 24:    4 294 29 196 81 219 671 
stack 25:    722 193 325 319 26 527 373 
stack 26:    734 205 606 662 33 300 206 
stack 27:    351 602 182 336 3 356 197 
stack 28:    578 448 122 368 735 560 353 
stack 29:    58 548 727 598 714 708 502 
stack 30:    213 397 265 559 163 595 539 
stack 31:    215 89 517 107 167 692 178 
stack 32:    634 337 132 685 654 429 271 
stack 33:    322 488 350 404 415 435 348 
stack 34:    388 624 189 154 471 289 625 
stack 35:    656 255 24 102 428 59 147 
stack 36:    505 49 689 321 712 140 443 
stack 37:    46 563 704 121 162 227 433 
stack 38:    730 142 534 746 298 116 40 
stack 39:    148 650 619 292 475 556 247 
stack 40:    287 733 79 6 623 90 424 
stack 41:    420 676 565 257 188 673 314 
stack 42:    108 261 499 618 609 651 469 
stack 43:    263 201 68 615 183 185 127 
stack 44:    608 92 23 655 585 696 371 
stack 45:    103 156 281 492 461 70 504 
stack 46:    357 27 540 555 646 401 51 
stack 47:    277 419 452 18 529 330 284 
stack 48:    550 669 408 455 660 139 236 
stack 49:    169 436 483 683 216 104 290 
stack 50:    632 278 472 112 170 228 25 
stack 51:    172 405 509 270 640 687 370 
stack 52:    705 520 400 367 731 409 486 
stack 53:    494 668 726 677 410 593 684 
stack 54:    536 545 645 377 297 604 97 
stack 55:    605 190 134 231 526 729 143 
stack 56:    145 17 334 378 274 173 308 
stack 57:    7 301 674 291 691 467 528 
stack 58:    15 126 422 581 10 57 152 
stack 59:    562 686 571 587 663 260 522 
stack 60:    500 538 739 446 672 328 464 
stack 61:    456 14 466 382 407 80 372 
stack 62:    717 317 586 161 440 358 214 
stack 63:    96 590 86 513 239 564 252 
stack 64:    394 307 589 644 198 77 66 
stack 65:    275 381 384 36 477 515 387 
stack 66:    611 574 83 438 406 344 737 
stack 67:    450 706 286 279 514 680 347 
stack 68:    177 311 114 240 365 470 203 
stack 69:    485 184 426 690 723 661 361 
stack 70:    742 374 0 13 199 87 638 
stack 71:    200 627 447 310 73 329 506 
stack 72:    577 724 166 621 519 678 254 
stack 73:    552 60 434 592 355 133 217 
stack 74:    84 457 588 315 100 246 195 
stack 75:    425 395 533 2 465 713 30 
stack 76:    659 487 359 573 345 657 652 
stack 77:    296 109 137 16 342 174 402 
stack 78:    481 221 53 207 576 242 495 
stack 79:    403 414 463 728 682 417 460 
stack 80:    510 340 9 78 138 474 155 
stack 81:    698 567 62 523 22 665 639 
stack 82:    597 554 32 643 711 628 427 
stack 83:    613 558 453 591 366 547 430 
stack 84:    444 94 19 736 55 451 599 
stack 85:    543 50 220 61 707 332 695 
stack 86:    459 12 331 362 610 716 211 
stack 87:    493 285 192 709 335 181 667 
stack 88:    218 603 537 186 37 416 303 
stack 89:    635 479 741 491 75 326 532 
stack 90:    393 629 525 566 323 391 230 
stack 91:    497 93 489 250 144 551 146 
stack 92:    249 299 376 106 620 159 702 
stack 93:    666 679 658 312 262 119 273 
stack 94:    98 518 42 616 476 607 135 
stack 95:    131 637 439 267 85 622 194 
stack 96:    349 546 110 701 243 360 720 
stack 97:    594 234 288 179 38 88 462 
stack 98:    8 572 316 202 631 67 670 
stack 99:    130 157 41 248 352 738 226 
stack 100:    748 223 233 380 445 437 113 
stack 101:    478 364 582 258 473 280 180 
stack 102:    1 210 224 320 442 449 47 
stack 103:    541 43 324 123 168 512 82 
stack 104:    568 105 35 480 338 
stack 105:    191 208 484 524 
stack 106:    31 641 253 544 468 341 
stack 107:    54 293 225 496 
stack 108:    549 412 
stack 109:    703 
stack 110:    
stack 111:    
stack 112:    
stack 113:    
stack 114:    
stack 115:    
stack 116:    
stack 117:    
stack 118:    
stack 119:    
stack 120:    
stack 121:    
stack 122:    
stack 123:    
stack 124:    
stack 125:    
stack 126:    
stack 127:    
stack 128:    
stack 129:    
