lower bound for relaxed s_ij: 692243.58

#####################################################

solved with: SP.mip_formulations.BinPackingFormulation
time limit: 1800.0 s
time to solve: 1735,74 s
objective value: 692246.02

stacks (top to bottom):
stack 0:    
stack 1:    0 
stack 2:    2 
stack 3:    378 
stack 4:    
stack 5:    5 
stack 6:    381 
stack 7:    
stack 8:    8 383 
stack 9:    
stack 10:    
stack 11:    
stack 12:    12 
stack 13:    572 504 
stack 14:    14 703 548 137 292 389 156 
stack 15:    667 350 328 344 205 117 451 
stack 16:    105 624 123 281 360 264 481 
stack 17:    192 651 626 497 452 118 310 
stack 18:    129 20 464 341 87 353 250 
stack 19:    19 719 635 578 447 405 354 
stack 20:    440 690 286 300 162 543 710 
stack 21:    679 248 247 86 215 222 396 
stack 22:    709 616 694 371 485 203 22 
stack 23:    251 398 740 307 278 509 23 
stack 24:    24 724 183 110 296 571 374 
stack 25:    550 364 194 120 232 473 25 
stack 26:    343 220 362 554 524 367 553 
stack 27:    27 529 170 621 231 213 259 
stack 28:    500 513 233 270 477 98 403 
stack 29:    674 649 480 330 163 625 575 
stack 30:    242 195 349 288 588 282 240 
stack 31:    109 187 279 160 31 549 289 
stack 32:    463 496 116 177 346 727 457 
stack 33:    209 408 179 76 688 673 315 
stack 34:    409 212 634 592 172 567 671 
stack 35:    35 597 322 540 593 245 701 
stack 36:    319 482 326 623 521 373 564 
stack 37:    237 729 97 111 268 173 37 
stack 38:    574 465 317 368 696 646 141 
stack 39:    414 684 327 125 700 336 101 
stack 40:    484 539 605 742 145 519 542 
stack 41:    41 158 273 104 587 499 138 
stack 42:    347 249 181 654 417 197 311 
stack 43:    661 357 726 580 546 147 418 
stack 44:    712 566 352 745 94 683 577 
stack 45:    636 645 632 622 614 666 725 
stack 46:    552 74 422 617 601 304 448 
stack 47:    692 148 606 655 47 66 718 
stack 48:    114 507 63 370 274 738 239 
stack 49:    695 686 238 164 693 685 85 
stack 50:    704 67 224 70 425 146 438 
stack 51:    178 670 628 717 498 682 199 
stack 52:    721 308 559 72 562 664 663 
stack 53:    555 155 180 511 541 131 576 
stack 54:    275 291 71 54 139 698 126 
stack 55:    176 494 149 68 244 132 579 
stack 56:    56 91 202 159 133 638 609 
stack 57:    65 458 306 255 108 495 157 
stack 58:    369 687 60 604 582 226 630 
stack 59:    211 333 603 254 313 493 271 
stack 60:    629 515 136 152 84 325 253 
stack 61:    263 581 82 107 80 557 89 
stack 62:    335 723 266 223 267 154 510 
stack 63:    619 699 662 747 83 276 277 
stack 64:    103 702 207 657 618 75 668 
stack 65:    375 
stack 66:    376 1 
stack 67:    377 
stack 68:    3 
stack 69:    4 379 
stack 70:    380 
stack 71:    6 
stack 72:    7 382 
stack 73:    
stack 74:    9 384 
stack 75:    385 10 
stack 76:    386 11 387 
stack 77:    13 
stack 78:    208 731 689 230 520 388 64 
stack 79:    545 530 528 633 501 469 324 
stack 80:    390 15 503 569 505 312 363 
stack 81:    122 69 442 283 216 391 16 
stack 82:    392 474 17 585 466 95 90 
stack 83:    393 200 18 206 394 287 261 
stack 84:    395 260 171 730 644 100 472 
stack 85:    610 489 479 124 591 241 144 
stack 86:    470 713 189 21 359 127 79 
stack 87:    323 665 533 198 397 514 290 
stack 88:    627 456 441 468 339 201 272 
stack 89:    708 258 607 602 445 706 399 
stack 90:    523 284 669 257 88 401 400 
stack 91:    174 332 430 26 453 492 135 
stack 92:    193 214 191 402 648 460 113 
stack 93:    372 518 28 165 77 561 143 
stack 94:    29 404 210 204 185 150 356 
stack 95:    508 681 534 316 532 221 30 
stack 96:    294 406 182 142 407 734 744 
stack 97:    196 705 595 318 502 293 32 
stack 98:    643 594 33 340 228 631 741 
stack 99:    637 516 565 527 714 678 34 
stack 100:    640 348 190 410 612 715 590 
stack 101:    411 36 537 106 558 563 449 
stack 102:    329 660 615 536 355 608 412 
stack 103:    269 677 168 134 44 413 38 
stack 104:    739 586 512 39 711 733 102 
stack 105:    736 462 218 525 40 415 589 
stack 106:    416 483 334 491 556 675 647 
stack 107:    42 659 716 93 691 119 246 
stack 108:    476 43 749 535 236 130 81 
stack 109:    301 419 652 560 358 599 229 
stack 110:    551 478 420 722 707 488 45 
stack 111:    46 697 735 639 728 421 265 
stack 112:    184 99 455 188 78 366 73 
stack 113:    642 737 672 656 423 620 48 
stack 114:    424 49 720 280 121 459 96 
stack 115:    314 92 570 50 526 345 169 
stack 116:    426 295 51 544 243 303 331 
stack 117:    427 428 475 52 467 443 439 
stack 118:    653 112 584 490 53 167 680 
stack 119:    175 446 429 166 748 573 262 
stack 120:    55 252 365 305 153 297 361 
stack 121:    256 151 186 434 676 234 431 
stack 122:    432 596 302 140 57 337 517 
stack 123:    487 522 217 58 641 433 454 
stack 124:    321 59 613 450 342 309 227 
stack 125:    338 600 320 128 435 225 743 
stack 126:    61 351 568 531 444 436 471 
stack 127:    62 219 611 437 298 506 161 
stack 128:    658 486 746 598 650 299 538 
stack 129:    583 285 235 732 547 461 115 

#####################################################

solved with: SP.constructive_heuristics.GeneralHeuristic
time limit: 1800.0 s
time to solve: 0,01 s
objective value: 751551.81

stacks (top to bottom):
stack 0:    192 441 686 735 730 267 356 
stack 1:    14 432 52 684 336 245 575 
stack 2:    24 699 232 252 303 229 663 
stack 3:    692 13 320 513 171 678 121 
stack 4:    442 470 690 111 345 614 481 
stack 5:    174 182 528 349 732 161 510 
stack 6:    746 368 227 199 460 127 379 
stack 7:    709 42 285 204 668 666 81 
stack 8:    551 63 12 405 564 272 647 
stack 9:    114 539 99 214 452 529 542 
stack 10:    669 86 344 724 353 205 697 
stack 11:    489 65 594 58 243 363 265 
stack 12:    257 20 340 525 639 682 246 
stack 13:    475 129 21 173 18 448 431 
stack 14:    350 92 33 466 47 421 287 
stack 15:    151 702 185 278 101 577 130 
stack 16:    484 559 380 305 80 89 557 
stack 17:    314 321 598 91 119 359 141 
stack 18:    194 580 498 652 318 558 590 
stack 19:    288 518 397 588 282 683 23 
stack 20:    628 15 411 742 170 389 696 
stack 21:    695 716 584 124 710 262 156 
stack 22:    654 216 260 302 125 163 601 
stack 23:    586 39 554 480 10 225 509 
stack 24:    643 7 351 223 622 617 733 
stack 25:    364 474 215 83 76 157 562 
stack 26:    406 123 655 337 543 346 297 
stack 27:    74 419 104 458 488 560 589 
stack 28:    565 235 618 437 593 715 457 
stack 29:    705 629 656 720 44 434 436 
stack 30:    424 362 632 281 425 264 691 
stack 31:    665 651 370 82 499 685 378 
stack 32:    390 376 55 507 680 289 403 
stack 33:    208 482 605 53 490 373 415 
stack 34:    61 190 347 371 703 521 45 
stack 35:    275 600 51 399 304 165 701 
stack 36:    637 251 97 511 147 469 102 
stack 37:    62 583 723 355 524 413 418 
stack 38:    256 283 284 616 224 132 381 
stack 39:    122 661 183 455 137 270 64 
stack 40:    269 27 626 394 549 459 259 
stack 41:    263 176 653 357 722 366 621 
stack 42:    69 56 43 133 383 688 646 
stack 43:    512 596 233 203 435 280 743 
stack 44:    5 395 737 71 28 597 620 
stack 45:    729 606 595 1 266 75 540 
stack 46:    642 694 478 117 573 504 749 
stack 47:    19 531 273 535 90 506 384 
stack 48:    68 50 54 295 526 714 25 
stack 49:    301 574 118 226 72 315 433 
stack 50:    508 319 333 726 150 438 375 
stack 51:    60 408 191 213 290 79 361 
stack 52:    329 294 414 446 676 447 48 
stack 53:    640 662 248 4 309 631 167 
stack 54:    681 627 420 217 603 382 671 
stack 55:    348 409 200 503 162 748 664 
stack 56:    674 704 160 625 143 261 354 
stack 57:    500 195 712 94 307 106 700 
stack 58:    328 181 645 624 388 644 698 
stack 59:    237 149 105 46 207 327 471 
stack 60:    0 175 17 522 548 292 493 
stack 61:    536 212 592 422 585 146 477 
stack 62:    736 184 467 87 429 222 77 
stack 63:    392 427 155 494 180 334 210 
stack 64:    168 258 568 110 271 400 718 
stack 65:    462 179 299 738 138 514 599 
stack 66:    530 487 623 228 468 108 648 
stack 67:    338 136 244 139 166 339 95 
stack 68:    377 220 527 672 417 367 16 
stack 69:    9 145 635 451 578 98 325 
stack 70:    721 369 78 254 673 202 144 
stack 71:    552 473 544 439 296 241 231 
stack 72:    717 689 464 230 341 576 113 
stack 73:    636 555 242 615 93 206 728 
stack 74:    103 391 547 734 385 135 169 
stack 75:    667 440 404 612 740 330 571 
stack 76:    523 486 607 613 387 37 563 
stack 77:    196 316 189 158 188 238 96 
stack 78:    109 534 659 465 186 567 85 
stack 79:    218 116 687 581 310 239 153 
stack 80:    739 29 407 711 657 30 374 
stack 81:    430 731 26 485 453 492 322 
stack 82:    679 660 398 131 491 22 250 
stack 83:    187 546 569 479 706 443 727 
stack 84:    658 308 342 313 255 159 472 
stack 85:    426 67 520 423 360 84 66 
stack 86:    619 49 247 602 317 693 277 
stack 87:    386 352 219 115 561 236 725 
stack 88:    719 88 128 532 501 324 253 
stack 89:    148 416 343 483 608 154 454 
stack 90:    533 2 677 164 306 591 32 
stack 91:    393 142 566 291 221 140 449 
stack 92:    323 476 497 641 402 73 293 
stack 93:    463 35 572 650 100 609 331 
stack 94:    41 286 268 300 197 57 634 
stack 95:    178 545 633 172 201 126 638 
stack 96:    31 274 587 495 538 630 502 
stack 97:    3 335 410 461 298 611 396 
stack 98:    332 713 747 326 450 456 444 
stack 99:    670 372 610 11 505 152 107 
stack 100:    570 401 541 312 311 675 744 
stack 101:    193 211 134 59 112 8 741 
stack 102:    249 515 745 579 34 553 38 
stack 103:    496 279 209 177 40 365 519 
stack 104:    516 649 6 537 556 412 
stack 105:    428 550 708 120 198 36 358 
stack 106:    445 707 276 517 
stack 107:    240 
stack 108:    70 234 
stack 109:    582 
stack 110:    604 
stack 111:    
stack 112:    
stack 113:    
stack 114:    
stack 115:    
stack 116:    
stack 117:    
stack 118:    
stack 119:    
stack 120:    
stack 121:    
stack 122:    
stack 123:    
stack 124:    
stack 125:    
stack 126:    
stack 127:    
stack 128:    
stack 129:    
