lower bound for relaxed s_ij: 692236.26

#####################################################

solved with: SP.mip_formulations.BinPackingFormulation
time limit: 1800.0 s
time to solve: 1804,70 s (time limit exceeded)
objective value: 708869.91 (not optimal)

stacks (top to bottom):
stack 0:    6 10 2 4 
stack 1:    383 5 8 0 
stack 2:    389 384 1 377 39 26 17 
stack 3:    19 24 11 380 376 
stack 4:    30 375 25 37 27 18 16 
stack 5:    444 22 454 393 381 36 28 
stack 6:    51 50 31 404 398 41 34 
stack 7:    55 7 52 38 47 42 13 
stack 8:    9 80 62 49 533 14 378 
stack 9:    77 56 406 72 61 507 379 
stack 10:    92 112 113 91 84 63 45 
stack 11:    435 463 104 71 64 75 79 
stack 12:    69 395 83 60 82 76 85 
stack 13:    479 465 118 400 54 474 129 
stack 14:    443 405 78 121 117 410 93 
stack 15:    102 411 87 105 100 99 111 
stack 16:    123 110 94 106 95 86 394 
stack 17:    138 90 149 116 140 103 96 
stack 18:    143 128 125 408 97 528 453 
stack 19:    145 468 150 142 107 98 477 
stack 20:    399 139 154 152 109 163 157 
stack 21:    160 137 141 136 135 126 159 
stack 22:    464 397 175 146 171 445 169 
stack 23:    449 161 151 158 153 156 101 
stack 24:    148 212 220 412 594 532 396 
stack 25:    190 168 192 162 178 188 173 
stack 26:    195 187 164 155 202 219 205 
stack 27:    439 177 199 193 174 416 166 
stack 28:    207 180 179 182 490 184 176 
stack 29:    198 191 402 218 197 498 183 
stack 30:    472 246 224 185 501 237 200 
stack 31:    554 489 189 556 534 264 515 
stack 32:    196 210 418 208 206 203 216 
stack 33:    234 230 217 223 204 233 228 
stack 34:    215 266 262 542 225 573 584 
stack 35:    236 419 250 421 244 238 221 
stack 36:    256 229 249 469 414 231 235 
stack 37:    526 232 519 493 272 239 531 
stack 38:    227 241 257 458 295 293 269 
stack 39:    279 263 252 275 255 254 267 
stack 40:    44 316 313 347 338 285 260 
stack 41:    305 292 291 276 304 68 632 
stack 42:    646 596 278 265 713 686 614 
stack 43:    311 288 296 282 280 289 297 
stack 44:    299 286 284 317 475 320 318 
stack 45:    331 306 358 287 327 211 226 
stack 46:    298 294 550 323 520 478 330 
stack 47:    339 346 315 283 502 571 328 
stack 48:    602 568 429 308 303 322 307 
stack 49:    593 569 335 321 345 565 353 
stack 50:    733 740 715 147 325 372 360 
stack 51:    415 368 359 340 362 326 627 
stack 52:    615 590 635 369 357 337 361 
stack 53:    352 367 557 591 581 370 566 
stack 54:    583 349 363 374 599 578 517 
stack 55:    625 645 365 385 663 662 561 
stack 56:    570 373 552 522 511 560 529 
stack 57:    527 553 551 539 497 549 535 
stack 58:    537 525 431 401 420 506 514 
stack 59:    521 481 461 508 491 524 494 
stack 60:    495 425 434 430 427 504 483 
stack 61:    470 466 432 451 433 440 459 
stack 62:    455 450 436 428 422 442 437 
stack 63:    448 441 446 452 447 457 438 
stack 64:    467 480 456 460 484 423 485 
stack 65:    488 482 
stack 66:    
stack 67:    462 
stack 68:    486 476 3 
stack 69:    512 471 
stack 70:    499 487 
stack 71:    492 
stack 72:    473 
stack 73:    382 541 
stack 74:    538 503 496 516 
stack 75:    540 530 509 500 513 
stack 76:    510 558 386 
stack 77:    572 505 12 
stack 78:    387 543 536 
stack 79:    391 564 523 388 
stack 80:    390 547 545 559 15 
stack 81:    574 544 
stack 82:    567 587 585 589 579 577 562 
stack 83:    20 588 601 555 600 546 
stack 84:    658 657 582 623 595 548 631 
stack 85:    616 586 592 580 598 
stack 86:    21 392 576 607 
stack 87:    612 611 604 597 
stack 88:    23 613 626 605 622 
stack 89:    633 610 638 603 639 637 
stack 90:    609 655 650 
stack 91:    621 618 628 619 
stack 92:    660 644 654 643 
stack 93:    403 652 651 624 665 664 634 
stack 94:    29 667 656 674 636 653 
stack 95:    668 641 680 673 
stack 96:    648 689 640 694 676 696 32 
stack 97:    691 677 679 683 649 685 666 
stack 98:    407 695 701 711 642 678 671 
stack 99:    698 672 682 
stack 100:    33 699 688 687 728 413 
stack 101:    409 708 693 718 721 35 
stack 102:    717 
stack 103:    705 714 727 720 710 706 
stack 104:    712 730 709 
stack 105:    719 747 739 716 40 
stack 106:    737 744 742 723 
stack 107:    735 725 726 
stack 108:    43 731 729 417 
stack 109:    745 741 
stack 110:    48 746 
stack 111:    738 46 
stack 112:    684 748 
stack 113:    670 743 732 722 690 749 
stack 114:    703 724 647 734 736 424 707 
stack 115:    630 669 704 681 314 697 692 
stack 116:    606 355 700 608 351 702 675 
stack 117:    426 629 366 620 617 661 659 
stack 118:    371 343 575 518 563 336 348 
stack 119:    354 334 364 350 341 356 324 
stack 120:    344 342 329 309 274 53 332 
stack 121:    333 319 290 310 247 243 302 
stack 122:    57 261 312 277 268 201 271 
stack 123:    281 258 301 240 273 300 270 
stack 124:    186 253 194 89 259 222 172 
stack 125:    245 251 59 242 213 248 120 
stack 126:    214 124 209 119 127 181 88 
stack 127:    165 131 132 134 58 170 144 
stack 128:    108 81 167 133 114 130 122 
stack 129:    67 70 115 74 66 65 73 

#####################################################

solved with: SP.constructive_heuristics.GeneralHeuristic
time limit: 1800.0 s
time to solve: 0,01 s
objective value: 751363.95

stacks (top to bottom):
stack 0:    443 657 78 410 58 268 483 
stack 1:    65 179 395 106 272 221 704 
stack 2:    354 616 648 479 87 250 120 
stack 3:    455 551 344 635 303 718 247 
stack 4:    553 123 293 309 661 0 40 
stack 5:    387 431 189 609 726 159 15 
stack 6:    319 69 446 618 146 318 243 
stack 7:    306 215 577 225 304 211 459 
stack 8:    124 425 256 161 449 400 385 
stack 9:    670 342 468 273 565 351 659 
stack 10:    119 748 142 156 228 531 508 
stack 11:    30 241 11 135 515 169 423 
stack 12:    426 145 125 519 295 176 378 
stack 13:    281 403 210 530 155 202 482 
stack 14:    64 254 82 289 111 85 134 
stack 15:    74 607 478 330 608 373 122 
stack 16:    527 234 84 457 386 356 560 
stack 17:    630 311 154 296 174 267 549 
stack 18:    407 195 246 117 504 222 524 
stack 19:    625 298 719 321 152 100 676 
stack 20:    9 569 677 397 490 534 13 
stack 21:    589 178 418 164 520 374 581 
stack 22:    510 585 745 265 140 433 219 
stack 23:    583 383 439 177 688 260 248 
stack 24:    572 104 660 315 208 26 421 
stack 25:    738 647 539 462 358 103 730 
stack 26:    448 261 350 55 80 199 172 
stack 27:    21 613 603 284 206 742 713 
stack 28:    245 703 602 679 550 105 300 
stack 29:    190 404 498 557 706 163 736 
stack 30:    251 167 381 220 68 709 662 
stack 31:    537 56 198 232 288 280 244 
stack 32:    59 168 276 641 454 712 138 
stack 33:    606 290 207 102 16 721 73 
stack 34:    312 593 596 642 475 238 4 
stack 35:    70 586 499 249 516 233 297 
stack 36:    23 151 118 469 571 47 353 
stack 37:    737 399 185 595 224 14 360 
stack 38:    743 464 217 264 507 671 271 
stack 39:    409 66 722 601 559 97 749 
stack 40:    44 646 620 327 673 424 697 
stack 41:    196 672 1 496 486 720 205 
stack 42:    466 366 242 710 640 109 566 
stack 43:    308 731 604 326 171 501 46 
stack 44:    651 71 638 434 442 653 663 
stack 45:    665 36 664 562 573 17 181 
stack 46:    7 132 700 568 110 402 166 
stack 47:    333 339 277 460 375 61 685 
stack 48:    240 341 579 252 337 494 529 
stack 49:    258 299 580 54 594 686 130 
stack 50:    570 349 393 540 262 584 681 
stack 51:    525 715 313 113 401 338 379 
stack 52:    633 587 98 628 617 89 552 
stack 53:    382 62 362 683 420 546 631 
stack 54:    658 51 230 218 597 372 536 
stack 55:    112 502 101 744 477 447 690 
stack 56:    456 623 121 141 307 380 485 
stack 57:    57 334 575 389 432 116 266 
stack 58:    368 643 107 689 639 591 314 
stack 59:    187 544 701 452 708 649 376 
stack 60:    133 193 95 38 25 417 201 
stack 61:    305 435 567 705 503 96 561 
stack 62:    444 278 286 451 32 707 3 
stack 63:    724 746 223 126 45 200 332 
stack 64:    470 450 682 365 34 542 396 
stack 65:    467 554 493 18 735 655 274 
stack 66:    165 406 37 650 453 517 522 
stack 67:    6 291 352 153 747 558 461 
stack 68:    19 741 538 279 158 294 414 
stack 69:    582 227 512 160 91 285 511 
stack 70:    521 669 359 576 203 419 53 
stack 71:    684 357 60 322 93 394 237 
stack 72:    343 668 90 474 361 632 310 
stack 73:    441 148 28 513 488 437 302 
stack 74:    186 489 316 325 696 491 259 
stack 75:    2 727 162 263 476 188 430 
stack 76:    108 732 10 39 283 427 680 
stack 77:    645 518 392 481 346 598 532 
stack 78:    480 180 49 282 543 484 728 
stack 79:    547 545 471 492 42 253 213 
stack 80:    292 610 644 287 336 35 535 
stack 81:    50 335 143 150 729 320 675 
stack 82:    139 612 191 255 637 702 324 
stack 83:    691 436 422 76 674 99 506 
stack 84:    698 509 500 605 412 114 12 
stack 85:    67 22 592 717 622 440 183 
stack 86:    463 377 367 41 398 739 413 
stack 87:    5 555 528 239 678 416 458 
stack 88:    131 147 257 600 184 194 514 
stack 89:    364 329 611 236 83 723 323 
stack 90:    390 355 574 137 8 687 63 
stack 91:    209 415 667 429 363 173 692 
stack 92:    331 505 497 88 348 270 438 
stack 93:    615 92 52 231 157 636 563 
stack 94:    526 621 182 94 408 693 216 
stack 95:    733 740 405 347 548 445 170 
stack 96:    81 29 384 192 317 79 619 
stack 97:    33 699 24 27 556 725 666 
stack 98:    371 629 115 340 369 411 328 
stack 99:    495 472 695 588 197 428 136 
stack 100:    652 714 229 564 75 694 129 
stack 101:    20 31 128 541 370 627 599 
stack 102:    214 212 624 626 614 226 
stack 103:    391 734 656 175 275 716 634 
stack 104:    301 127 590 86 345 533 578 
stack 105:    48 654 523 235 144 
stack 106:    473 388 
stack 107:    77 72 204 711 269 
stack 108:    43 465 
stack 109:    487 149 
stack 110:    
stack 111:    
stack 112:    
stack 113:    
stack 114:    
stack 115:    
stack 116:    
stack 117:    
stack 118:    
stack 119:    
stack 120:    
stack 121:    
stack 122:    
stack 123:    
stack 124:    
stack 125:    
stack 126:    
stack 127:    
stack 128:    
stack 129:    
