lower bound for relaxed s_ij: 692253.34

#####################################################

solved with: SP.mip_formulations.BinPackingFormulation
time limit: 1800.0 s
time to solve: 1788,01 s
objective value: 692260.58

stacks (top to bottom):
stack 0:    
stack 1:    
stack 2:    377 
stack 3:    3 
stack 4:    4 
stack 5:    380 
stack 6:    
stack 7:    7 
stack 8:    383 
stack 9:    384 
stack 10:    
stack 11:    387 
stack 12:    
stack 13:    201 445 602 
stack 14:    538 465 587 555 136 390 481 
stack 15:    606 622 250 496 478 500 75 
stack 16:    689 595 154 254 233 391 226 
stack 17:    705 695 523 333 661 468 120 
stack 18:    90 76 470 406 393 277 479 
stack 19:    736 583 260 220 350 576 394 
stack 20:    100 731 259 209 228 396 395 
stack 21:    246 369 325 486 469 631 696 
stack 22:    687 397 739 24 485 68 599 
stack 23:    236 69 23 674 197 111 708 
stack 24:    544 524 630 316 490 274 149 
stack 25:    620 234 493 26 656 232 71 
stack 26:    302 401 504 558 187 215 512 
stack 27:    199 156 626 467 256 113 473 
stack 28:    403 652 541 262 312 332 147 
stack 29:    734 701 174 110 483 280 122 
stack 30:    30 291 248 143 706 247 586 
stack 31:    32 283 342 166 664 321 216 
stack 32:    322 63 745 91 314 651 643 
stack 33:    442 33 625 675 264 89 463 
stack 34:    343 522 249 84 658 575 360 
stack 35:    361 329 646 451 610 410 502 
stack 36:    623 724 517 339 36 476 276 
stack 37:    494 307 237 206 152 660 412 
stack 38:    439 518 454 160 568 670 38 
stack 39:    178 184 170 296 540 196 101 
stack 40:    129 592 566 422 611 444 40 
stack 41:    516 637 621 299 477 514 446 
stack 42:    649 453 417 632 363 634 676 
stack 43:    564 205 616 613 720 571 92 
stack 44:    455 744 549 545 353 319 83 
stack 45:    699 315 318 710 697 554 686 
stack 46:    341 668 370 281 49 210 449 
stack 47:    721 97 648 507 679 667 525 
stack 48:    499 423 93 344 102 336 171 
stack 49:    99 212 700 628 67 221 354 
stack 50:    77 271 601 607 222 688 118 
stack 51:    530 492 173 678 527 252 426 
stack 52:    717 605 372 534 508 310 126 
stack 53:    78 666 124 357 53 662 114 
stack 54:    450 138 498 636 733 292 159 
stack 55:    181 596 509 227 359 195 747 
stack 56:    355 579 458 642 574 735 609 
stack 57:    718 671 338 597 546 742 356 
stack 58:    131 304 433 245 511 618 107 
stack 59:    59 548 311 434 560 654 600 
stack 60:    239 608 150 472 297 624 128 
stack 61:    132 320 103 570 569 641 474 
stack 62:    639 448 693 580 272 488 62 
stack 63:    81 691 719 550 713 177 202 
stack 64:    737 440 352 255 64 327 371 
stack 65:    1 0 375 
stack 66:    376 
stack 67:    2 
stack 68:    378 
stack 69:    379 
stack 70:    5 
stack 71:    381 6 
stack 72:    8 382 
stack 73:    
stack 74:    9 
stack 75:    385 10 
stack 76:    
stack 77:    386 11 12 
stack 78:    13 681 286 287 213 603 388 
stack 79:    389 305 324 14 505 66 294 
stack 80:    217 270 15 647 16 334 229 
stack 81:    520 261 98 17 330 185 208 
stack 82:    198 573 457 176 169 617 392 
stack 83:    18 615 543 345 362 726 290 
stack 84:    19 203 563 242 635 301 74 
stack 85:    303 44 273 21 257 714 20 
stack 86:    501 180 677 157 144 313 300 
stack 87:    746 460 328 73 240 188 22 
stack 88:    565 121 398 711 533 266 194 
stack 89:    680 399 489 140 528 193 464 
stack 90:    335 25 400 430 211 251 589 
stack 91:    223 269 148 123 289 542 278 
stack 92:    27 295 72 85 309 258 402 
stack 93:    673 738 480 182 28 404 640 
stack 94:    346 135 585 218 29 134 684 
stack 95:    175 308 190 235 127 46 405 
stack 96:    526 461 163 491 351 31 723 
stack 97:    109 349 268 161 539 407 106 
stack 98:    408 556 337 87 650 532 347 
stack 99:    34 729 409 348 503 431 551 
stack 100:    521 619 452 298 35 326 692 
stack 101:    712 506 459 515 513 704 411 
stack 102:    95 241 191 56 263 37 224 
stack 103:    413 482 655 536 531 730 657 
stack 104:    39 553 137 471 142 725 414 
stack 105:    582 238 183 415 416 373 214 
stack 106:    669 561 331 552 368 41 588 
stack 107:    709 42 591 153 282 112 447 
stack 108:    749 105 293 665 578 43 418 
stack 109:    419 663 547 567 275 172 672 
stack 110:    577 225 715 614 82 45 420 
stack 111:    638 581 627 421 146 572 741 
stack 112:    79 364 438 366 267 145 47 
stack 113:    48 645 682 590 690 584 495 
stack 114:    425 108 424 50 365 484 186 
stack 115:    443 253 653 557 51 519 510 
stack 116:    466 189 162 562 219 306 231 
stack 117:    155 716 52 743 497 427 374 
stack 118:    165 179 119 428 130 244 88 
stack 119:    323 54 612 429 265 57 279 
stack 120:    55 707 529 168 698 694 644 
stack 121:    115 86 462 151 117 594 96 
stack 122:    703 593 432 192 133 702 604 
stack 123:    722 230 58 732 748 358 158 
stack 124:    200 475 559 125 70 94 685 
stack 125:    65 141 435 60 317 487 288 
stack 126:    61 659 285 139 284 80 436 
stack 127:    629 740 728 104 207 437 598 
stack 128:    441 116 535 340 243 204 727 
stack 129:    164 537 456 367 633 167 683 

#####################################################

solved with: SP.constructive_heuristics.GeneralHeuristic
time limit: 1800.0 s
time to solve: 0,00 s
objective value: 752430.52

stacks (top to bottom):
stack 0:    475 524 629 234 426 202 258 
stack 1:    236 18 549 703 49 551 388 
stack 2:    1 104 470 124 268 469 497 
stack 3:    620 25 129 595 157 644 276 
stack 4:    738 331 642 35 300 332 436 
stack 5:    302 668 715 392 264 730 347 
stack 6:    724 678 465 361 422 235 540 
stack 7:    95 32 30 552 462 418 640 
stack 8:    368 547 145 590 244 604 599 
stack 9:    323 687 295 143 444 296 312 
stack 10:    42 743 519 375 656 231 214 
stack 11:    671 297 141 146 467 60 187 
stack 12:    705 273 10 130 694 118 101 
stack 13:    259 461 423 608 632 445 684 
stack 14:    384 517 739 256 301 344 140 
stack 15:    305 109 639 213 393 310 676 
stack 16:    121 223 581 262 289 197 543 
stack 17:    174 537 660 279 167 589 686 
stack 18:    293 712 665 272 390 193 40 
stack 19:    316 619 592 567 725 41 88 
stack 20:    457 238 271 603 356 147 114 
stack 21:    729 486 160 11 670 690 708 
stack 22:    27 527 401 179 611 92 584 
stack 23:    689 283 434 628 379 373 487 
stack 24:    638 55 314 542 631 748 280 
stack 25:    494 9 346 0 376 624 485 
stack 26:    736 198 54 601 299 610 284 
stack 27:    721 526 237 315 429 7 348 
stack 28:    717 178 117 186 484 288 266 
stack 29:    311 131 677 85 679 133 136 
stack 30:    718 466 585 364 430 476 208 
stack 31:    439 155 573 189 319 437 62 
stack 32:    108 79 166 137 636 211 192 
stack 33:    516 613 50 222 285 402 407 
stack 34:    303 163 699 545 593 45 250 
stack 35:    372 240 571 410 159 274 106 
stack 36:    669 663 622 254 220 349 321 
stack 37:    270 203 44 577 397 647 243 
stack 38:    499 239 228 645 17 615 377 
stack 39:    100 596 650 409 363 391 479 
stack 40:    56 342 212 329 546 260 255 
stack 41:    565 695 338 154 298 688 598 
stack 42:    561 587 459 646 309 449 20 
stack 43:    701 491 591 359 230 326 463 
stack 44:    201 606 183 320 82 557 47 
stack 45:    659 471 371 188 68 726 512 
stack 46:    115 242 29 378 438 682 496 
stack 47:    749 173 355 617 507 490 161 
stack 48:    241 261 380 64 399 600 575 
stack 49:    353 269 432 74 185 216 683 
stack 50:    563 72 578 451 248 415 692 
stack 51:    681 553 652 448 357 291 514 
stack 52:    335 385 383 698 172 365 354 
stack 53:    162 711 153 57 550 710 94 
stack 54:    105 386 33 306 626 232 685 
stack 55:    325 219 38 505 382 702 483 
stack 56:    150 210 723 204 83 394 412 
stack 57:    217 263 441 731 125 152 307 
stack 58:    450 442 501 170 249 658 733 
stack 59:    623 8 337 111 233 75 149 
stack 60:    521 73 541 560 168 43 226 
stack 61:    498 621 350 742 672 405 257 
stack 62:    612 369 98 433 330 5 500 
stack 63:    13 398 535 26 411 503 696 
stack 64:    39 15 649 454 52 653 195 
stack 65:    200 63 534 502 414 395 533 
stack 66:    728 406 555 700 707 139 416 
stack 67:    538 180 627 87 245 674 362 
stack 68:    564 205 91 529 720 641 358 
stack 69:    138 227 648 156 334 693 113 
stack 70:    480 86 506 403 424 477 196 
stack 71:    408 691 625 713 282 447 697 
stack 72:    77 165 144 119 566 317 336 
stack 73:    709 509 716 556 633 251 22 
stack 74:    389 387 654 142 651 662 292 
stack 75:    333 425 3 21 58 732 122 
stack 76:    116 97 313 345 327 495 420 
stack 77:    90 520 76 14 247 594 374 
stack 78:    164 70 719 207 675 89 431 
stack 79:    583 443 206 37 351 510 714 
stack 80:    582 637 184 539 580 511 741 
stack 81:    544 630 460 666 440 706 508 
stack 82:    181 559 458 568 396 525 66 
stack 83:    523 570 328 513 286 474 446 
stack 84:    19 744 135 148 177 657 427 
stack 85:    605 59 281 562 536 265 194 
stack 86:    182 737 745 151 360 126 481 
stack 87:    492 530 597 661 190 28 586 
stack 88:    34 722 456 482 727 488 12 
stack 89:    23 452 221 275 290 528 6 
stack 90:    343 287 308 680 294 489 464 
stack 91:    253 614 304 123 24 4 277 
stack 92:    455 252 472 667 134 572 478 
stack 93:    191 176 413 78 664 421 102 
stack 94:    103 400 324 607 127 558 618 
stack 95:    381 569 46 404 215 171 229 
stack 96:    246 370 493 579 16 128 120 
stack 97:    322 169 417 655 531 747 473 
stack 98:    673 69 340 31 318 110 532 
stack 99:    746 61 99 67 53 2 80 
stack 100:    209 51 36 576 107 602 224 
stack 101:    341 740 548 504 616 84 588 
stack 102:    734 81 367 112 
stack 103:    48 453 574 635 435 735 554 
stack 104:    132 419 339 175 522 278 71 
stack 105:    65 515 352 428 643 158 
stack 106:    225 96 
stack 107:    218 704 93 366 634 609 468 
stack 108:    199 267 
stack 109:    518 
stack 110:    
stack 111:    
stack 112:    
stack 113:    
stack 114:    
stack 115:    
stack 116:    
stack 117:    
stack 118:    
stack 119:    
stack 120:    
stack 121:    
stack 122:    
stack 123:    
stack 124:    
stack 125:    
stack 126:    
stack 127:    
stack 128:    
stack 129:    
