solved with: SP.post_optimization_methods.TabuSearch
time limit: 1800.0 s
time to solve: 587,03 s
objective value: 692247.28

stacks (top to bottom):
stack 0:    
stack 1:    1 376 
stack 2:    2 
stack 3:    
stack 4:    
stack 5:    5 
stack 6:    381 380 
stack 7:    7 
stack 8:    383 
stack 9:    
stack 10:    385 
stack 11:    
stack 12:    12 
stack 13:    245 320 564 
stack 14:    392 513 36 390 606 469 15 
stack 15:    102 29 20 631 410 730 220 
stack 16:    393 138 664 52 403 744 22 
stack 17:    357 483 675 553 643 25 333 
stack 18:    451 270 665 635 402 24 125 
stack 19:    344 109 41 23 260 622 663 
stack 20:    88 707 132 625 454 593 253 
stack 21:    168 227 121 545 453 614 229 
stack 22:    249 607 310 204 495 153 268 
stack 23:    527 649 321 661 187 446 566 
stack 24:    194 105 31 428 282 731 316 
stack 25:    152 208 401 165 93 190 226 
stack 26:    512 318 601 449 277 501 34 
stack 27:    146 30 466 234 27 193 472 
stack 28:    642 350 171 342 476 424 37 
stack 29:    507 250 126 406 689 271 63 
stack 30:    143 421 113 241 569 48 536 
stack 31:    747 666 467 363 576 618 418 
stack 32:    461 328 723 51 306 38 181 
stack 33:    594 570 311 90 83 481 112 
stack 34:    419 667 456 450 74 417 248 
stack 35:    44 149 323 692 65 73 307 
stack 36:    213 551 531 68 47 72 231 
stack 37:    413 547 365 519 327 345 182 
stack 38:    535 493 681 460 632 254 366 
stack 39:    636 559 212 588 678 267 658 
stack 40:    585 653 719 54 255 262 624 
stack 41:    173 439 246 702 485 284 595 
stack 42:    568 542 441 206 147 609 443 
stack 43:    534 433 505 119 251 473 294 
stack 44:    186 216 522 561 360 590 266 
stack 45:    721 427 474 575 436 597 85 
stack 46:    676 261 674 499 690 602 58 
stack 47:    329 579 508 293 209 197 372 
stack 48:    201 141 169 438 605 491 172 
stack 49:    728 324 426 479 217 620 355 
stack 50:    348 295 134 331 364 170 236 
stack 51:    641 60 77 503 341 281 515 
stack 52:    478 78 314 480 558 114 659 
stack 53:    626 150 629 315 628 458 431 
stack 54:    741 180 587 291 356 101 340 
stack 55:    279 243 696 81 497 290 91 
stack 56:    218 179 200 630 627 160 525 
stack 57:    326 312 603 701 136 140 166 
stack 58:    70 652 748 650 694 292 583 
stack 59:    322 738 308 335 115 651 59 
stack 60:    367 688 131 737 240 440 714 
stack 61:    638 608 305 524 207 573 452 
stack 62:    528 563 556 586 470 361 106 
stack 63:    554 185 177 530 673 695 679 
stack 64:    662 482 223 687 309 145 156 
stack 65:    0 375 
stack 66:    
stack 67:    377 
stack 68:    378 3 
stack 69:    4 379 
stack 70:    6 
stack 71:    
stack 72:    382 
stack 73:    8 
stack 74:    9 384 
stack 75:    10 
stack 76:    386 11 
stack 77:    387 
stack 78:    395 13 464 388 724 14 548 
stack 79:    391 21 17 389 680 16 405 
stack 80:    296 298 581 86 518 684 682 
stack 81:    219 550 159 32 18 176 28 
stack 82:    533 397 396 500 611 716 199 
stack 83:    123 429 225 92 133 400 412 
stack 84:    33 313 713 19 683 26 394 
stack 85:    228 398 746 302 399 198 252 
stack 86:    289 82 111 124 686 35 600 
stack 87:    100 496 163 164 432 129 729 
stack 88:    334 414 346 155 598 374 698 
stack 89:    498 645 369 580 238 582 264 
stack 90:    735 97 520 157 299 87 574 
stack 91:    287 40 202 425 725 161 191 
stack 92:    640 706 404 718 546 411 42 
stack 93:    107 64 347 118 420 336 486 
stack 94:    62 613 422 214 463 39 435 
stack 95:    409 303 704 283 407 142 509 
stack 96:    257 130 66 514 415 408 416 
stack 97:    648 494 633 457 319 371 337 
stack 98:    434 108 210 196 104 84 304 
stack 99:    222 351 487 184 430 359 646 
stack 100:    230 742 110 189 144 510 612 
stack 101:    195 178 256 175 46 247 726 
stack 102:    444 669 221 158 301 448 188 
stack 103:    265 128 560 211 526 610 57 
stack 104:    537 549 604 49 69 192 657 
stack 105:    516 488 490 644 634 521 50 
stack 106:    148 116 244 511 656 373 71 
stack 107:    43 471 708 96 639 565 154 
stack 108:    162 273 717 739 338 259 722 
stack 109:    55 539 711 599 465 103 288 
stack 110:    45 660 562 591 577 330 368 
stack 111:    734 215 349 233 621 362 317 
stack 112:    459 423 517 263 743 552 592 
stack 113:    297 353 94 468 272 654 442 
stack 114:    540 89 616 135 53 691 506 
stack 115:    275 703 285 343 484 617 538 
stack 116:    117 655 437 61 733 732 502 
stack 117:    555 139 720 258 710 352 668 
stack 118:    183 122 237 529 727 280 596 
stack 119:    127 709 697 619 672 67 589 
stack 120:    532 56 151 685 276 120 95 
stack 121:    615 445 462 572 544 700 705 
stack 122:    235 99 740 203 339 504 300 
stack 123:    79 242 370 541 167 523 745 
stack 124:    286 137 571 239 584 567 174 
stack 125:    274 358 205 623 269 80 98 
stack 126:    557 492 477 677 489 447 647 
stack 127:    455 637 578 749 224 699 76 
stack 128:    354 715 332 671 232 736 693 
stack 129:    543 75 712 670 325 475 278 

#####################################################

solved with: SP.post_optimization_methods.HillClimbing
time limit: 1800.0 s
time to solve: 401,83 s
objective value: 692247.28

stacks (top to bottom):
stack 0:    
stack 1:    1 376 
stack 2:    2 
stack 3:    
stack 4:    
stack 5:    5 
stack 6:    6 380 
stack 7:    7 
stack 8:    383 
stack 9:    
stack 10:    385 
stack 11:    
stack 12:    12 
stack 13:    389 14 15 
stack 14:    392 195 390 683 19 565 95 
stack 15:    557 480 667 189 49 260 220 
stack 16:    393 244 588 545 417 16 678 
stack 17:    213 537 331 364 300 50 435 
stack 18:    395 151 224 180 672 264 106 
stack 19:    152 467 363 23 305 436 452 
stack 20:    555 303 671 309 739 411 325 
stack 21:    594 273 342 293 67 614 366 
stack 22:    62 491 630 399 402 292 700 
stack 23:    44 89 159 32 93 415 627 
stack 24:    109 414 495 241 449 428 38 
stack 25:    549 250 77 46 161 725 191 
stack 26:    318 708 270 41 237 418 26 
stack 27:    287 652 482 238 311 27 472 
stack 28:    186 295 543 246 410 115 590 
stack 29:    56 413 404 126 529 514 341 
stack 30:    660 33 426 718 406 408 251 
stack 31:    201 512 326 141 90 693 254 
stack 32:    146 655 461 466 144 259 412 
stack 33:    563 496 485 553 269 87 609 
stack 34:    178 96 256 320 639 372 112 
stack 35:    471 653 149 618 73 276 679 
stack 36:    40 423 343 124 433 503 448 
stack 37:    637 118 432 724 628 501 277 
stack 38:    55 183 539 479 576 217 119 
stack 39:    487 621 212 497 92 39 714 
stack 40:    43 139 258 200 136 646 624 
stack 41:    79 625 214 494 689 199 510 
stack 42:    100 748 677 696 81 196 304 
stack 43:    728 493 438 692 632 593 469 
stack 44:    334 332 522 216 511 267 595 
stack 45:    662 507 706 158 577 120 743 
stack 46:    483 113 328 358 738 335 659 
stack 47:    532 641 243 489 157 53 566 
stack 48:    102 535 179 272 57 622 156 
stack 49:    344 540 463 575 633 104 255 
stack 50:    608 587 605 694 745 262 744 
stack 51:    434 645 717 66 97 371 281 
stack 52:    490 626 105 357 185 643 239 
stack 53:    636 123 735 619 687 727 229 
stack 54:    715 350 257 74 197 240 340 
stack 55:    551 613 221 505 190 732 572 
stack 56:    150 674 492 610 76 291 133 
stack 57:    562 456 541 72 440 352 589 
stack 58:    78 230 464 110 327 339 600 
stack 59:    697 498 111 648 457 225 337 
stack 60:    143 688 598 581 556 359 586 
stack 61:    70 274 607 242 450 209 518 
stack 62:    173 455 664 654 187 710 712 
stack 63:    228 367 206 308 523 584 647 
stack 64:    286 500 736 722 705 458 192 
stack 65:    0 375 
stack 66:    
stack 67:    377 
stack 68:    378 3 
stack 69:    4 379 
stack 70:    381 
stack 71:    
stack 72:    382 
stack 73:    8 
stack 74:    9 384 
stack 75:    10 
stack 76:    386 11 
stack 77:    387 
stack 78:    297 13 420 388 634 333 181 
stack 79:    391 31 147 403 25 407 22 
stack 80:    21 603 36 245 524 592 682 
stack 81:    516 235 517 635 606 582 28 
stack 82:    47 17 611 18 716 129 34 
stack 83:    324 513 307 226 207 620 154 
stack 84:    398 208 323 460 65 564 394 
stack 85:    29 20 164 430 661 248 400 
stack 86:    749 396 665 686 85 35 288 
stack 87:    329 397 734 86 52 299 37 
stack 88:    519 468 338 24 525 355 663 
stack 89:    578 459 550 427 691 172 252 
stack 90:    30 223 203 401 429 570 319 
stack 91:    194 351 508 530 673 345 656 
stack 92:    222 346 310 134 167 475 278 
stack 93:    409 527 107 306 730 405 231 
stack 94:    547 369 422 165 546 91 361 
stack 95:    528 554 499 742 51 142 670 
stack 96:    168 704 580 68 356 453 538 
stack 97:    585 45 719 175 470 726 71 
stack 98:    579 419 285 629 486 80 188 
stack 99:    721 650 137 130 122 177 101 
stack 100:    353 591 534 301 160 573 583 
stack 101:    740 227 445 454 121 484 271 
stack 102:    354 99 232 597 446 42 416 
stack 103:    249 675 365 723 558 567 729 
stack 104:    127 559 571 746 601 155 210 
stack 105:    644 138 48 282 731 125 98 
stack 106:    439 322 631 421 443 431 509 
stack 107:    666 642 313 713 280 617 515 
stack 108:    568 162 615 737 321 315 193 
stack 109:    279 131 163 211 370 283 424 
stack 110:    531 116 204 153 182 268 574 
stack 111:    132 733 140 596 698 668 253 
stack 112:    348 261 676 542 690 602 58 
stack 113:    94 218 425 474 54 69 442 
stack 114:    451 202 82 569 114 236 680 
stack 115:    640 148 215 477 184 360 330 
stack 116:    444 699 61 298 83 481 502 
stack 117:    296 169 685 711 103 373 63 
stack 118:    289 707 205 536 316 658 166 
stack 119:    314 128 649 336 476 84 290 
stack 120:    638 349 520 604 504 176 59 
stack 121:    488 347 64 171 561 362 657 
stack 122:    669 616 60 599 263 145 544 
stack 123:    88 720 198 521 695 506 473 
stack 124:    709 219 302 233 135 447 174 
stack 125:    478 265 560 234 526 465 294 
stack 126:    703 108 437 284 684 266 548 
stack 127:    747 275 312 681 701 247 374 
stack 128:    441 702 170 75 623 651 368 
stack 129:    117 533 741 462 317 552 612 
