lower bound for relaxed s_ij: 692248.46

#####################################################

solved with: SP.mip_formulations.BinPackingFormulation
time limit: 3600.0 s
time to solve: 2062,08 s
objective value: 692250.9

stacks (top to bottom):
stack 0:    
stack 1:    376 
stack 2:    
stack 3:    1 378 
stack 4:    379 
stack 5:    380 
stack 6:    
stack 7:    382 
stack 8:    
stack 9:    9 
stack 10:    10 
stack 11:    
stack 12:    12 
stack 13:    147 13 550 
stack 14:    646 390 644 553 114 203 657 
stack 15:    185 306 491 258 96 213 112 
stack 16:    448 454 227 121 157 16 547 
stack 17:    392 89 662 640 99 104 302 
stack 18:    318 364 292 164 122 617 734 
stack 19:    256 189 252 41 559 503 337 
stack 20:    701 671 675 280 272 226 658 
stack 21:    255 567 231 93 85 666 499 
stack 22:    414 583 209 23 466 709 473 
stack 23:    683 654 339 88 178 398 581 
stack 24:    514 493 79 620 602 313 506 
stack 25:    599 365 563 206 649 282 556 
stack 26:    148 540 564 194 27 297 724 
stack 27:    237 718 150 702 207 584 123 
stack 28:    235 632 566 743 717 578 403 
stack 29:    452 659 86 349 234 95 211 
stack 30:    156 71 693 298 128 455 138 
stack 31:    529 738 188 627 446 39 406 
stack 32:    266 407 275 748 152 507 481 
stack 33:    586 192 320 633 34 631 408 
stack 34:    329 158 573 342 229 520 264 
stack 35:    596 531 444 605 447 496 259 
stack 36:    181 526 603 561 645 465 707 
stack 37:    467 362 628 371 83 458 591 
stack 38:    50 552 283 40 678 486 135 
stack 39:    415 288 643 315 592 139 111 
stack 40:    542 325 522 437 740 687 485 
stack 41:    570 334 290 728 416 539 344 
stack 42:    726 373 598 357 296 651 588 
stack 43:    623 317 228 613 519 418 464 
stack 44:    140 703 742 616 460 343 67 
stack 45:    714 669 504 579 426 286 445 
stack 46:    704 732 697 692 667 98 727 
stack 47:    47 170 66 494 267 729 700 
stack 48:    326 236 323 713 261 423 367 
stack 49:    204 80 90 270 72 582 141 
stack 50:    305 82 612 451 242 146 251 
stack 51:    608 366 246 144 51 722 614 
stack 52:    477 182 155 736 172 214 176 
stack 53:    545 572 254 585 535 647 600 
stack 54:    716 351 281 129 124 527 336 
stack 55:    154 87 250 232 160 456 57 
stack 56:    216 143 441 223 69 285 462 
stack 57:    538 198 105 145 78 230 217 
stack 58:    589 195 132 744 177 516 116 
stack 59:    660 474 179 74 747 205 219 
stack 60:    469 673 308 435 482 676 495 
stack 61:    548 694 688 682 102 247 528 
stack 62:    64 348 330 739 173 70 630 
stack 63:    710 68 291 109 63 480 648 
stack 64:    295 705 360 698 238 576 680 
stack 65:    0 375 
stack 66:    
stack 67:    2 377 
stack 68:    4 3 
stack 69:    
stack 70:    5 
stack 71:    6 381 
stack 72:    7 
stack 73:    8 383 
stack 74:    384 
stack 75:    385 
stack 76:    386 11 
stack 77:    387 
stack 78:    543 442 388 311 689 91 131 
stack 79:    389 604 134 685 14 575 430 
stack 80:    15 661 169 356 240 165 354 
stack 81:    677 487 443 684 257 391 720 
stack 82:    190 624 17 745 222 215 108 
stack 83:    609 483 338 18 393 260 475 
stack 84:    708 394 509 345 601 635 19 
stack 85:    521 319 395 665 218 606 20 
stack 86:    699 193 706 333 294 21 396 
stack 87:    278 372 397 712 690 48 22 
stack 88:    399 551 233 536 670 133 65 
stack 89:    24 224 515 513 350 301 199 
stack 90:    248 352 268 610 508 25 400 
stack 91:    358 279 166 130 401 26 149 
stack 92:    679 492 626 243 517 402 370 
stack 93:    289 241 580 549 327 126 28 
stack 94:    29 741 404 136 120 196 629 
stack 95:    562 405 363 30 478 590 440 
stack 96:    637 162 35 31 271 321 221 
stack 97:    32 142 518 262 324 611 81 
stack 98:    622 208 94 479 33 618 502 
stack 99:    409 523 171 733 463 76 439 
stack 100:    187 110 505 269 253 355 410 
stack 101:    411 668 244 723 476 353 36 
stack 102:    571 263 558 276 412 119 37 
stack 103:    413 38 625 322 544 284 151 
stack 104:    265 721 641 202 615 696 293 
stack 105:    359 594 220 459 569 568 425 
stack 106:    574 533 554 107 103 525 735 
stack 107:    621 498 347 417 638 331 42 
stack 108:    510 43 197 634 691 457 180 
stack 109:    310 419 44 274 639 434 565 
stack 110:    45 420 557 560 225 210 100 
stack 111:    421 470 541 725 46 537 161 
stack 112:    299 174 97 656 175 127 422 
stack 113:    619 113 49 75 184 118 715 
stack 114:    341 125 183 92 424 711 314 
stack 115:    607 303 500 191 277 346 73 
stack 116:    746 652 490 309 488 328 730 
stack 117:    332 427 471 52 489 546 511 
stack 118:    53 369 186 653 159 273 428 
stack 119:    101 340 54 200 429 595 300 
stack 120:    117 55 681 335 307 532 663 
stack 121:    245 431 461 56 368 249 686 
stack 122:    239 636 534 672 432 212 167 
stack 123:    433 137 58 555 512 674 468 
stack 124:    597 484 374 650 59 655 153 
stack 125:    60 361 695 501 168 530 449 
stack 126:    287 436 115 163 77 497 61 
stack 127:    316 453 731 472 587 62 719 
stack 128:    664 642 84 304 577 201 438 
stack 129:    106 450 312 593 524 749 737 

#####################################################

solved with: SP.constructive_heuristics.GeneralHeuristic
time limit: 3600.0 s
time to solve: 0,00 s
objective value: 752878.96

stacks (top to bottom):
stack 0:    192 558 410 489 274 127 22 
stack 1:    155 586 157 587 482 406 67 
stack 2:    29 145 224 252 620 520 259 
stack 3:    710 187 601 717 271 707 430 
stack 4:    443 361 70 75 748 434 211 
stack 5:    607 636 417 390 575 468 212 
stack 6:    140 431 519 460 39 61 618 
stack 7:    542 318 171 630 747 36 385 
stack 8:    613 627 526 561 233 37 511 
stack 9:    624 113 365 732 574 146 666 
stack 10:    545 156 376 355 631 676 480 
stack 11:    310 571 693 253 243 523 568 
stack 12:    325 137 745 554 687 690 151 
stack 13:    263 170 463 118 205 184 576 
stack 14:    193 166 375 90 532 277 672 
stack 15:    84 58 461 579 465 578 91 
stack 16:    130 652 244 412 21 336 727 
stack 17:    190 216 329 436 178 273 648 
stack 18:    237 303 287 154 359 246 600 
stack 19:    604 741 515 262 354 153 72 
stack 20:    279 208 444 665 663 565 19 
stack 21:    487 421 364 99 85 655 464 
stack 22:    71 409 505 49 494 167 221 
stack 23:    454 64 668 294 553 293 300 
stack 24:    255 688 694 83 552 577 559 
stack 25:    726 239 661 491 625 111 588 
stack 26:    677 622 334 411 223 63 680 
stack 27:    235 599 540 362 447 426 321 
stack 28:    433 198 44 418 551 711 403 
stack 29:    420 240 649 581 108 445 486 
stack 30:    250 197 614 207 423 128 176 
stack 31:    594 739 173 202 634 696 730 
stack 32:    392 34 217 398 225 163 606 
stack 33:    721 186 557 304 555 46 657 
stack 34:    182 518 646 723 563 218 611 
stack 35:    679 522 335 120 377 3 590 
stack 36:    675 352 508 451 103 229 737 
stack 37:    132 673 308 462 350 546 378 
stack 38:    60 659 200 31 628 92 124 
stack 39:    415 363 402 267 291 282 691 
stack 40:    684 619 204 722 488 698 260 
stack 41:    316 256 330 174 396 475 528 
stack 42:    265 150 172 96 196 689 400 
stack 43:    47 641 566 682 427 356 327 
stack 44:    326 386 290 509 201 709 249 
stack 45:    514 0 746 87 470 283 550 
stack 46:    609 89 479 269 261 30 408 
stack 47:    452 6 407 405 309 206 547 
stack 48:    8 373 179 74 139 569 28 
stack 49:    543 189 136 388 126 674 595 
stack 50:    596 338 394 404 213 302 749 
stack 51:    448 340 315 490 656 635 506 
stack 52:    242 371 56 645 129 591 65 
stack 53:    32 43 2 349 168 112 495 
stack 54:    86 1 441 612 215 107 719 
stack 55:    358 88 134 387 637 541 230 
stack 56:    106 101 521 122 725 582 720 
stack 57:    474 643 391 650 104 100 384 
stack 58:    278 529 623 285 610 158 536 
stack 59:    671 105 360 647 123 13 639 
stack 60:    664 472 162 16 458 438 313 
stack 61:    347 393 258 93 644 25 138 
stack 62:    245 228 437 734 149 331 180 
stack 63:    731 642 332 580 78 503 502 
stack 64:    510 254 299 585 592 322 425 
stack 65:    148 241 268 52 374 234 537 
stack 66:    94 570 450 183 435 524 116 
stack 67:    117 477 288 498 348 51 455 
stack 68:    572 275 705 456 57 214 422 
stack 69:    632 548 231 713 147 617 678 
stack 70:    531 442 692 603 9 301 428 
stack 71:    289 227 567 33 353 729 251 
stack 72:    53 54 82 573 602 712 81 
stack 73:    416 342 605 429 351 516 264 
stack 74:    188 714 195 616 716 424 485 
stack 75:    654 257 272 142 357 367 584 
stack 76:    742 312 667 397 73 324 284 
stack 77:    701 45 743 35 50 115 346 
stack 78:    597 305 276 17 513 473 496 
stack 79:    538 280 194 695 395 109 615 
stack 80:    248 339 419 226 501 152 131 
stack 81:    453 110 736 564 220 27 379 
stack 82:    181 15 125 69 583 549 700 
stack 83:    492 296 80 97 439 507 370 
stack 84:    380 589 399 40 539 11 135 
stack 85:    185 68 102 41 740 26 20 
stack 86:    55 333 169 681 499 114 95 
stack 87:    413 7 459 247 651 381 686 
stack 88:    493 319 18 414 382 62 525 
stack 89:    608 500 121 119 59 534 670 
stack 90:    708 660 484 66 307 48 12 
stack 91:    372 662 467 345 23 466 715 
stack 92:    236 317 669 728 446 735 337 
stack 93:    295 699 621 718 702 457 383 
stack 94:    535 144 4 733 478 629 175 
stack 95:    389 79 697 685 368 286 440 
stack 96:    562 323 598 292 328 76 297 
stack 97:    704 341 640 14 159 556 133 
stack 98:    5 517 401 658 141 527 199 
stack 99:    366 476 164 471 270 161 432 
stack 100:    320 143 653 209 449 77 497 
stack 101:    703 469 533 512 504 560 344 
stack 102:    683 38 160 238 219 481 724 
stack 103:    369 306 633 210 343 98 544 
stack 104:    266 626 165 311 530 638 203 
stack 105:    24 483 706 191 10 
stack 106:    298 42 
stack 107:    232 
stack 108:    738 222 281 314 
stack 109:    593 744 
stack 110:    177 
stack 111:    
stack 112:    
stack 113:    
stack 114:    
stack 115:    
stack 116:    
stack 117:    
stack 118:    
stack 119:    
stack 120:    
stack 121:    
stack 122:    
stack 123:    
stack 124:    
stack 125:    
stack 126:    
stack 127:    
stack 128:    
stack 129:    
