lower bound for relaxed s_ij: 692243.58

#####################################################

solved with: SP.mip_formulations.BinPackingFormulation
time limit: 3600.0 s
time to solve: 2366,79 s
objective value: 692243.58

stacks (top to bottom):
stack 0:    
stack 1:    
stack 2:    2 
stack 3:    378 
stack 4:    379 
stack 5:    380 
stack 6:    
stack 7:    382 
stack 8:    
stack 9:    9 
stack 10:    
stack 11:    
stack 12:    
stack 13:    613 389 13 
stack 14:    490 148 444 168 151 121 605 
stack 15:    601 15 479 183 81 557 222 
stack 16:    245 219 115 135 108 16 260 
stack 17:    460 393 626 392 469 589 503 
stack 18:    234 261 250 542 212 200 159 
stack 19:    652 37 628 46 558 473 587 
stack 20:    449 218 122 90 97 689 403 
stack 21:    130 119 116 533 196 182 576 
stack 22:    324 472 397 66 641 658 22 
stack 23:    454 424 240 206 117 714 655 
stack 24:    749 199 372 38 238 47 252 
stack 25:    25 509 495 332 334 285 174 
stack 26:    499 233 113 291 26 230 644 
stack 27:    600 502 169 296 497 193 282 
stack 28:    523 524 251 598 280 543 583 
stack 29:    367 404 270 541 480 306 264 
stack 30:    468 485 559 317 175 191 405 
stack 31:    578 465 607 638 290 573 361 
stack 32:    698 141 99 32 507 217 215 
stack 33:    565 693 527 254 564 310 228 
stack 34:    440 554 340 418 666 704 546 
stack 35:    203 133 410 326 547 227 224 
stack 36:    450 102 588 517 466 539 690 
stack 37:    545 744 526 283 711 636 274 
stack 38:    155 78 443 413 530 176 253 
stack 39:    710 308 166 735 39 513 581 
stack 40:    330 161 415 275 256 103 687 
stack 41:    647 79 624 94 720 610 632 
stack 42:    694 259 681 569 514 120 732 
stack 43:    470 186 114 651 137 528 195 
stack 44:    163 143 674 287 737 437 160 
stack 45:    740 625 616 730 617 358 657 
stack 46:    123 719 579 268 149 243 692 
stack 47:    463 131 483 118 604 323 89 
stack 48:    592 65 721 104 87 520 48 
stack 49:    273 697 597 124 593 567 563 
stack 50:    425 733 699 307 614 549 68 
stack 51:    521 348 345 553 80 701 231 
stack 52:    476 52 747 675 590 519 555 
stack 53:    213 242 88 453 53 93 152 
stack 54:    602 561 683 105 738 459 648 
stack 55:    430 69 516 631 448 179 482 
stack 56:    537 109 91 709 63 726 189 
stack 57:    128 442 96 190 300 73 185 
stack 58:    284 293 197 125 663 187 74 
stack 59:    570 59 464 298 518 142 487 
stack 60:    371 72 619 221 194 95 341 
stack 61:    322 615 548 288 241 328 671 
stack 62:    620 562 67 272 727 700 494 
stack 63:    75 706 320 568 180 172 582 
stack 64:    333 702 192 723 363 220 739 
stack 65:    375 1 0 
stack 66:    376 
stack 67:    377 
stack 68:    3 
stack 69:    4 
stack 70:    5 
stack 71:    6 381 
stack 72:    7 
stack 73:    383 8 384 
stack 74:    385 
stack 75:    10 
stack 76:    11 386 
stack 77:    12 387 
stack 78:    618 684 508 388 247 412 112 
stack 79:    344 471 144 14 357 416 347 
stack 80:    734 390 339 650 265 438 552 
stack 81:    672 572 713 608 171 244 391 
stack 82:    279 696 27 17 292 106 599 
stack 83:    76 201 127 267 18 634 263 
stack 84:    19 577 635 488 277 311 394 
stack 85:    445 505 258 214 165 395 20 
stack 86:    21 313 208 150 736 319 396 
stack 87:    664 337 532 501 670 226 126 
stack 88:    204 140 551 477 455 398 23 
stack 89:    302 646 742 181 399 24 359 
stack 90:    585 729 210 138 134 400 297 
stack 91:    401 571 484 678 673 216 45 
stack 92:    402 362 667 686 703 665 209 
stack 93:    225 28 85 685 177 111 315 
stack 94:    609 560 612 211 662 235 29 
stack 95:    30 677 580 529 365 596 498 
stack 96:    731 446 346 31 107 586 406 
stack 97:    621 748 676 493 162 246 407 
stack 98:    33 654 318 232 408 630 321 
stack 99:    481 86 271 439 409 34 680 
stack 100:    489 342 236 535 35 594 679 
stack 101:    566 299 353 364 441 411 36 
stack 102:    643 691 157 276 153 70 705 
stack 103:    262 355 544 467 170 707 351 
stack 104:    629 312 167 414 294 451 198 
stack 105:    715 286 642 266 556 538 40 
stack 106:    369 457 478 49 575 492 41 
stack 107:    249 722 606 269 669 417 42 
stack 108:    100 603 661 305 129 43 164 
stack 109:    419 44 627 645 639 336 331 
stack 110:    725 420 550 350 295 622 370 
stack 111:    474 659 653 360 223 421 98 
stack 112:    422 574 229 741 724 536 743 
stack 113:    92 374 343 281 660 640 423 
stack 114:    504 695 708 278 139 316 239 
stack 115:    50 426 728 716 500 255 595 
stack 116:    366 515 368 746 188 257 51 
stack 117:    427 458 352 461 373 301 237 
stack 118:    496 649 428 510 82 452 136 
stack 119:    54 584 309 56 77 656 429 
stack 120:    184 688 178 325 327 55 682 
stack 121:    431 329 207 522 511 314 540 
stack 122:    512 525 57 432 338 248 712 
stack 123:    433 58 147 506 456 304 668 
stack 124:    434 462 534 475 531 486 132 
stack 125:    611 158 83 637 60 591 435 
stack 126:    354 61 303 101 436 447 173 
stack 127:    62 745 156 633 71 84 623 
stack 128:    202 110 205 154 356 146 335 
stack 129:    349 491 718 289 145 64 717 

#####################################################

solved with: SP.constructive_heuristics.GeneralHeuristic
time limit: 3600.0 s
time to solve: 0,00 s
objective value: 752818.36

stacks (top to bottom):
stack 0:    481 618 620 380 631 331 594 
stack 1:    324 223 313 674 192 217 84 
stack 2:    6 5 625 87 723 408 396 
stack 3:    109 431 404 210 681 501 239 
stack 4:    86 397 219 378 746 495 36 
stack 5:    118 314 301 305 17 596 581 
stack 6:    181 598 339 518 441 685 610 
stack 7:    78 462 67 240 329 677 212 
stack 8:    597 643 701 34 648 297 315 
stack 9:    422 37 262 454 720 381 558 
stack 10:    710 490 211 578 347 582 89 
stack 11:    450 357 372 466 120 39 711 
stack 12:    445 123 483 300 290 480 341 
stack 13:    12 523 702 398 2 224 386 
stack 14:    21 493 749 432 364 182 295 
stack 15:    609 611 165 544 376 93 506 
stack 16:    504 0 307 90 52 277 132 
stack 17:    570 389 460 158 688 310 358 
stack 18:    496 54 604 63 416 356 675 
stack 19:    491 215 379 583 657 282 743 
stack 20:    472 366 362 651 667 507 538 
stack 21:    1 299 88 272 266 703 23 
stack 22:    167 742 56 424 147 193 152 
stack 23:    612 733 188 586 285 417 263 
stack 24:    425 355 418 529 373 179 599 
stack 25:    566 571 251 654 121 319 276 
stack 26:    621 369 270 660 492 377 482 
stack 27:    560 258 104 420 45 287 294 
stack 28:    249 96 201 471 731 148 160 
stack 29:    646 735 747 175 117 655 555 
stack 30:    627 353 579 447 530 488 665 
stack 31:    204 157 124 216 55 563 707 
stack 32:    537 489 50 585 371 221 274 
stack 33:    715 144 320 97 461 532 696 
stack 34:    419 551 616 617 451 126 136 
stack 35:    128 229 116 265 334 438 82 
stack 36:    289 640 306 159 304 70 153 
stack 37:    7 344 267 278 392 444 680 
stack 38:    458 14 250 606 426 317 568 
stack 39:    434 122 337 283 569 4 429 
stack 40:    143 740 119 524 363 176 11 
stack 41:    409 268 81 542 177 663 739 
stack 42:    664 32 467 24 20 384 668 
stack 43:    474 574 414 242 624 497 351 
stack 44:    113 446 517 46 146 336 164 
stack 45:    92 463 64 72 717 539 573 
stack 46:    592 163 565 678 671 564 400 
stack 47:    442 127 269 704 636 394 519 
stack 48:    203 322 284 741 228 29 370 
stack 49:    102 402 455 48 108 589 106 
stack 50:    91 286 325 683 68 590 690 
stack 51:    649 505 695 526 340 661 479 
stack 52:    698 213 208 58 149 22 195 
stack 53:    401 133 433 659 730 553 328 
stack 54:    131 15 633 134 510 180 638 
stack 55:    140 548 697 527 227 528 391 
stack 56:    53 641 412 257 406 411 605 
stack 57:    234 218 28 459 332 549 3 
stack 58:    61 57 645 238 237 27 403 
stack 59:    684 748 207 390 311 222 679 
stack 60:    30 62 415 709 145 639 716 
stack 61:    33 333 288 673 724 350 321 
stack 62:    554 352 689 47 252 191 546 
stack 63:    25 312 734 584 511 296 541 
stack 64:    343 77 31 73 18 171 395 
stack 65:    349 236 718 729 535 595 43 
stack 66:    360 484 368 94 318 550 187 
stack 67:    100 600 475 603 327 107 448 
stack 68:    110 575 95 172 500 487 552 
stack 69:    348 477 80 435 622 682 670 
stack 70:    186 470 246 280 614 338 209 
stack 71:    375 449 261 588 10 206 745 
stack 72:    273 521 98 399 231 137 226 
stack 73:    166 457 628 465 727 714 42 
stack 74:    354 508 476 694 38 71 423 
stack 75:    330 342 69 666 365 513 382 
stack 76:    141 653 130 626 111 385 230 
stack 77:    162 178 66 662 326 173 705 
stack 78:    383 413 139 16 656 494 41 
stack 79:    615 241 691 547 567 634 623 
stack 80:    302 367 281 428 323 129 644 
stack 81:    155 719 225 125 630 359 253 
stack 82:    345 197 220 437 74 712 174 
stack 83:    308 142 275 456 405 292 103 
stack 84:    440 672 76 464 99 183 700 
stack 85:    652 512 721 298 135 168 198 
stack 86:    647 44 562 346 732 194 728 
stack 87:    725 515 232 105 531 669 473 
stack 88:    468 478 49 607 255 619 361 
stack 89:    545 744 75 722 608 514 540 
stack 90:    485 291 190 259 247 115 469 
stack 91:    245 629 388 525 303 387 453 
stack 92:    602 65 293 737 316 593 40 
stack 93:    59 83 439 114 8 170 452 
stack 94:    443 699 708 642 637 556 543 
stack 95:    279 393 85 26 503 264 632 
stack 96:    499 202 161 726 189 51 260 
stack 97:    613 184 693 254 686 692 335 
stack 98:    374 706 713 169 154 205 576 
stack 99:    101 309 534 199 635 650 687 
stack 100:    79 676 19 580 138 156 13 
stack 101:    421 150 410 738 520 591 536 
stack 102:    430 561 577 112 151 557 486 
stack 103:    436 502 196 248 60 658 244 
stack 104:    233 559 516 35 
stack 105:    427 601 271 533 235 256 587 
stack 106:    572 9 
stack 107:    509 522 498 
stack 108:    736 407 243 
stack 109:    185 200 
stack 110:    214 
stack 111:    
stack 112:    
stack 113:    
stack 114:    
stack 115:    
stack 116:    
stack 117:    
stack 118:    
stack 119:    
stack 120:    
stack 121:    
stack 122:    
stack 123:    
stack 124:    
stack 125:    
stack 126:    
stack 127:    
stack 128:    
stack 129:    
