lower bound for relaxed s_ij: 692227.76

#####################################################

solved with: SP.mip_formulations.BinPackingFormulation
time limit: 3600.0 s
time to solve: 2405,90 s
objective value: 692237.52

stacks (top to bottom):
stack 0:    
stack 1:    377 
stack 2:    
stack 3:    3 
stack 4:    4 
stack 5:    380 
stack 6:    
stack 7:    382 
stack 8:    
stack 9:    384 
stack 10:    
stack 11:    
stack 12:    
stack 13:    388 207 389 
stack 14:    67 373 324 640 607 147 447 
stack 15:    390 550 356 281 353 474 348 
stack 16:    113 323 200 96 428 241 139 
stack 17:    279 445 102 82 664 473 216 
stack 18:    723 307 127 247 462 369 261 
stack 19:    260 570 434 85 635 528 443 
stack 20:    332 395 693 167 327 308 452 
stack 21:    151 455 724 679 646 126 596 
stack 22:    304 128 22 732 225 156 198 
stack 23:    169 454 97 510 267 541 653 
stack 24:    675 263 234 564 256 715 99 
stack 25:    669 289 633 533 158 702 400 
stack 26:    441 134 451 57 716 131 600 
stack 27:    129 104 246 720 546 489 402 
stack 28:    257 192 586 269 460 585 337 
stack 29:    258 449 674 582 292 577 29 
stack 30:    480 435 44 565 368 361 66 
stack 31:    191 136 329 174 186 77 273 
stack 32:    649 595 118 597 542 548 262 
stack 33:    310 537 295 344 197 535 189 
stack 34:    717 94 472 628 506 204 34 
stack 35:    623 592 410 222 201 135 576 
stack 36:    411 584 588 731 634 575 249 
stack 37:    299 412 627 148 194 599 309 
stack 38:    413 448 240 185 737 606 721 
stack 39:    729 593 526 317 534 553 572 
stack 40:    583 265 259 98 538 444 359 
stack 41:    78 748 683 297 656 509 503 
stack 42:    294 746 42 486 220 481 224 
stack 43:    205 352 499 629 419 43 439 
stack 44:    573 218 320 581 574 500 672 
stack 45:    734 143 704 519 698 580 601 
stack 46:    476 556 446 196 50 637 421 
stack 47:    161 442 47 314 89 64 517 
stack 48:    343 366 341 680 423 274 209 
stack 49:    608 605 620 424 709 508 475 
stack 50:    268 235 347 644 643 175 114 
stack 51:    51 138 83 123 119 61 69 
stack 52:    305 105 52 302 112 427 625 
stack 53:    163 670 507 286 183 232 149 
stack 54:    560 219 213 160 133 54 429 
stack 55:    312 657 137 590 559 652 511 
stack 56:    173 458 494 336 338 351 165 
stack 57:    699 740 725 667 355 694 727 
stack 58:    255 518 141 433 244 482 316 
stack 59:    603 275 59 264 484 457 239 
stack 60:    522 711 681 271 71 498 60 
stack 61:    335 91 300 488 372 150 622 
stack 62:    187 440 346 154 578 666 75 
stack 63:    478 690 631 68 319 701 111 
stack 64:    568 318 195 254 90 707 287 
stack 65:    375 0 
stack 66:    1 376 2 
stack 67:    
stack 68:    378 
stack 69:    379 
stack 70:    5 
stack 71:    381 6 
stack 72:    7 
stack 73:    383 8 
stack 74:    9 
stack 75:    10 385 
stack 76:    386 11 
stack 77:    387 12 
stack 78:    278 515 330 645 13 505 144 
stack 79:    558 326 513 722 349 166 14 
stack 80:    243 315 103 523 125 493 15 
stack 81:    210 391 392 117 695 193 16 
stack 82:    655 524 691 228 17 611 453 
stack 83:    393 598 325 19 555 18 214 
stack 84:    749 266 153 540 322 290 394 
stack 85:    459 374 547 648 115 20 270 
stack 86:    360 396 545 358 21 639 253 
stack 87:    638 397 130 744 662 132 450 
stack 88:    23 65 682 673 632 345 398 
stack 89:    654 202 24 713 456 357 399 
stack 90:    469 25 293 179 589 296 477 
stack 91:    401 252 245 230 549 504 26 
stack 92:    530 340 242 238 677 80 27 
stack 93:    692 350 124 226 403 630 28 
stack 94:    676 73 172 579 121 331 404 
stack 95:    483 227 471 566 532 30 405 
stack 96:    31 422 276 706 406 365 140 
stack 97:    32 176 40 642 407 730 618 
stack 98:    437 33 408 248 470 525 512 
stack 99:    409 100 177 212 199 171 101 
stack 100:    35 465 610 684 543 284 496 
stack 101:    36 178 491 229 591 206 81 
stack 102:    487 626 561 551 208 76 37 
stack 103:    438 563 370 689 364 414 38 
stack 104:    726 122 116 636 604 562 39 
stack 105:    415 334 333 108 544 342 416 
stack 106:    41 621 659 619 492 170 594 
stack 107:    719 742 708 107 301 55 417 
stack 108:    418 616 712 282 520 728 328 
stack 109:    739 280 354 461 613 554 671 
stack 110:    45 277 152 420 485 231 233 
stack 111:    46 735 678 514 501 661 687 
stack 112:    685 72 743 587 741 738 710 
stack 113:    48 651 215 663 285 696 250 
stack 114:    363 303 49 571 497 665 567 
stack 115:    313 367 425 617 527 145 668 
stack 116:    557 612 467 641 490 426 110 
stack 117:    164 463 84 95 362 431 203 
stack 118:    93 184 658 221 211 53 86 
stack 119:    168 536 272 70 688 251 180 
stack 120:    237 298 339 703 464 430 479 
stack 121:    650 291 181 146 56 188 162 
stack 122:    79 736 521 745 733 502 432 
stack 123:    466 58 686 700 157 718 120 
stack 124:    614 190 516 747 602 159 529 
stack 125:    87 182 624 142 106 74 714 
stack 126:    615 371 155 660 495 436 236 
stack 127:    705 288 62 109 531 697 552 
stack 128:    88 63 468 609 569 92 283 
stack 129:    321 647 223 217 306 539 311 

#####################################################

solved with: SP.constructive_heuristics.GeneralHeuristic
time limit: 3600.0 s
time to solve: 0,00 s
objective value: 747170.44

stacks (top to bottom):
stack 0:    699 265 491 229 448 426 183 
stack 1:    437 291 27 628 694 309 450 
stack 2:    608 130 134 545 324 408 114 
stack 3:    376 700 277 92 653 139 224 
stack 4:    513 362 115 272 433 715 316 
stack 5:    40 215 677 422 355 625 576 
stack 6:    367 280 729 155 534 120 232 
stack 7:    35 397 670 709 400 273 253 
stack 8:    584 425 641 389 431 436 236 
stack 9:    383 626 551 385 652 262 718 
stack 10:    605 523 327 157 597 357 503 
stack 11:    263 268 611 144 247 541 721 
stack 12:    300 515 498 330 68 306 250 
stack 13:    676 187 371 680 336 509 2 
stack 14:    48 87 314 368 580 214 443 
stack 15:    182 736 550 118 239 81 639 
stack 16:    45 363 207 413 212 664 502 
stack 17:    704 392 339 505 701 146 447 
stack 18:    530 377 159 108 34 77 520 
stack 19:    654 478 326 208 121 42 38 
stack 20:    411 102 612 213 629 403 43 
stack 21:    299 161 562 489 342 696 661 
stack 22:    524 158 490 684 142 256 429 
stack 23:    176 724 645 414 152 402 248 
stack 24:    685 234 617 380 607 697 249 
stack 25:    122 598 471 222 30 99 666 
stack 26:    304 79 200 329 174 286 365 
stack 27:    124 592 409 527 518 141 20 
stack 28:    238 621 191 166 590 474 496 
stack 29:    14 484 716 283 728 552 110 
stack 30:    573 356 221 358 507 475 594 
stack 31:    301 96 483 536 70 220 287 
stack 32:    650 333 659 8 712 361 485 
stack 33:    275 446 50 58 7 353 741 
stack 34:    537 218 303 284 543 201 140 
stack 35:    168 624 112 688 417 29 512 
stack 36:    723 290 686 420 567 274 198 
stack 37:    620 352 373 148 529 0 710 
stack 38:    692 335 196 678 640 53 571 
stack 39:    334 54 204 186 282 37 56 
stack 40:    279 219 160 76 581 574 171 
stack 41:    445 412 109 516 132 510 427 
stack 42:    350 418 725 465 434 454 9 
stack 43:    388 318 145 493 707 348 482 
stack 44:    522 681 294 533 82 46 432 
stack 45:    73 691 137 349 737 430 111 
stack 46:    298 364 378 722 631 405 600 
stack 47:    623 190 320 49 526 481 714 
stack 48:    202 305 742 217 506 727 452 
stack 49:    67 717 466 540 488 64 270 
stack 50:    610 561 55 177 185 240 553 
stack 51:    197 25 419 22 579 74 209 
stack 52:    343 84 649 698 97 531 572 
stack 53:    23 205 258 257 242 370 285 
stack 54:    487 346 748 359 292 423 660 
stack 55:    210 252 226 731 495 69 479 
stack 56:    435 246 269 455 211 517 75 
stack 57:    638 614 71 322 747 508 492 
stack 58:    583 615 195 538 473 745 244 
stack 59:    63 657 658 703 119 497 528 
stack 60:    332 116 128 463 347 643 582 
stack 61:    65 33 690 264 514 646 695 
stack 62:    129 136 651 80 39 28 149 
stack 63:    568 440 259 644 175 351 622 
stack 64:    719 647 744 616 549 542 311 
stack 65:    313 340 395 565 637 619 194 
stack 66:    459 151 675 235 453 101 439 
stack 67:    469 164 105 178 593 462 369 
stack 68:    720 546 117 13 587 138 665 
stack 69:    682 673 396 19 569 504 738 
stack 70:    36 227 674 564 296 548 477 
stack 71:    393 341 31 297 566 106 672 
stack 72:    315 381 460 609 501 706 267 
stack 73:    1 458 21 193 589 539 188 
stack 74:    32 711 449 407 730 618 89 
stack 75:    260 325 271 558 633 345 398 
stack 76:    360 172 410 386 606 123 668 
stack 77:    230 302 100 241 199 180 671 
stack 78:    310 560 98 444 3 532 577 
stack 79:    372 585 735 559 591 500 156 
stack 80:    705 604 636 642 60 382 308 
stack 81:    499 245 667 494 732 154 206 
stack 82:    295 401 535 251 12 15 384 
stack 83:    734 468 281 457 150 406 6 
stack 84:    374 344 90 554 189 613 733 
stack 85:    655 143 125 11 331 337 225 
stack 86:    563 93 441 519 689 544 170 
stack 87:    476 415 5 47 394 231 416 
stack 88:    72 17 713 4 456 18 61 
stack 89:    127 276 555 167 293 511 328 
stack 90:    556 59 62 627 602 181 601 
stack 91:    480 104 95 51 428 203 338 
stack 92:    243 726 390 547 312 743 679 
stack 93:    749 44 153 184 10 57 375 
stack 94:    669 595 107 588 24 255 634 
stack 95:    323 648 632 52 66 421 599 
stack 96:    237 438 321 192 603 278 442 
stack 97:    169 288 557 379 702 162 16 
stack 98:    289 740 424 662 451 126 135 
stack 99:    91 521 133 746 317 147 165 
stack 100:    78 387 85 635 486 216 86 
stack 101:    266 94 319 630 575 404 525 
stack 102:    163 113 693 223 83 470 687 
stack 103:    103 570 228 708 173 26 233 
stack 104:    88 739 354 683 461 399 261 
stack 105:    41 391 663 
stack 106:    366 254 578 
stack 107:    467 307 131 464 596 
stack 108:    586 
stack 109:    179 
stack 110:    472 
stack 111:    656 
stack 112:    
stack 113:    
stack 114:    
stack 115:    
stack 116:    
stack 117:    
stack 118:    
stack 119:    
stack 120:    
stack 121:    
stack 122:    
stack 123:    
stack 124:    
stack 125:    
stack 126:    
stack 127:    
stack 128:    
stack 129:    
