lower bound for relaxed s_ij: 692247.2

#####################################################

solved with: SP.mip_formulations.BinPackingFormulation
time limit: 3600.0 s
time to solve: 1991,19 s
objective value: 692252.08

stacks (top to bottom):
stack 0:    
stack 1:    
stack 2:    
stack 3:    3 
stack 4:    379 
stack 5:    
stack 6:    6 
stack 7:    7 
stack 8:    
stack 9:    
stack 10:    385 
stack 11:    11 
stack 12:    12 
stack 13:    274 589 89 
stack 14:    14 117 197 440 639 83 593 
stack 15:    733 286 472 353 133 15 460 
stack 16:    461 365 447 696 529 739 391 
stack 17:    478 742 255 229 182 189 392 
stack 18:    675 100 705 393 654 147 395 
stack 19:    559 374 166 605 48 111 104 
stack 20:    237 588 674 244 505 496 103 
stack 21:    290 457 368 636 699 309 508 
stack 22:    595 453 735 242 351 169 22 
stack 23:    343 335 439 141 663 594 126 
stack 24:    577 615 319 647 186 24 399 
stack 25:    400 445 679 314 156 698 187 
stack 26:    297 200 401 364 464 307 108 
stack 27:    160 613 718 444 494 325 301 
stack 28:    710 144 288 226 227 483 438 
stack 29:    90 148 81 158 549 224 313 
stack 30:    30 164 72 749 470 306 685 
stack 31:    515 407 299 272 112 285 211 
stack 32:    252 537 543 370 666 273 163 
stack 33:    372 361 513 599 459 231 465 
stack 34:    354 347 619 357 209 409 530 
stack 35:    585 555 35 637 550 443 105 
stack 36:    701 359 253 474 713 545 254 
stack 37:    412 161 504 592 312 172 728 
stack 38:    315 689 116 686 82 612 317 
stack 39:    606 356 715 540 498 533 414 
stack 40:    415 657 570 455 535 590 348 
stack 41:    41 662 523 87 456 451 74 
stack 42:    93 645 558 488 203 671 546 
stack 43:    79 669 327 239 568 466 418 
stack 44:    501 140 632 64 607 525 248 
stack 45:    687 746 500 420 363 332 486 
stack 46:    700 660 722 321 271 171 98 
stack 47:    516 678 492 677 493 521 56 
stack 48:    668 658 640 552 569 651 278 
stack 49:    193 631 125 489 518 684 520 
stack 50:    655 627 134 442 641 50 102 
stack 51:    623 142 110 63 373 201 426 
stack 52:    427 485 247 738 221 249 213 
stack 53:    664 581 467 127 53 683 341 
stack 54:    583 539 250 266 96 95 119 
stack 55:    283 527 240 495 218 688 155 
stack 56:    178 289 251 329 302 76 157 
stack 57:    719 729 132 734 432 736 628 
stack 58:    475 265 130 680 544 433 691 
stack 59:    135 243 281 194 113 77 128 
stack 60:    638 717 499 245 625 66 277 
stack 61:    436 463 236 215 152 150 228 
stack 62:    560 731 206 345 437 510 230 
stack 63:    355 551 507 564 709 196 574 
stack 64:    270 716 744 575 514 503 279 
stack 65:    1 375 
stack 66:    2 376 0 
stack 67:    377 
stack 68:    378 
stack 69:    4 
stack 70:    380 
stack 71:    5 381 
stack 72:    382 
stack 73:    383 8 
stack 74:    9 384 
stack 75:    10 
stack 76:    386 
stack 77:    387 
stack 78:    13 704 604 388 650 480 419 
stack 79:    298 177 295 502 566 724 389 
stack 80:    390 622 268 217 323 511 210 
stack 81:    572 151 562 448 16 80 69 
stack 82:    139 264 17 610 97 191 260 
stack 83:    661 18 703 267 602 635 334 
stack 84:    394 19 653 643 441 304 276 
stack 85:    20 396 708 220 109 579 294 
stack 86:    73 482 422 121 21 665 123 
stack 87:    241 78 212 205 330 198 397 
stack 88:    23 617 183 458 398 296 190 
stack 89:    553 167 667 173 88 65 620 
stack 90:    524 238 670 526 216 25 181 
stack 91:    107 26 598 603 580 476 84 
stack 92:    27 402 479 300 185 656 600 
stack 93:    403 328 404 506 118 28 642 
stack 94:    29 616 175 720 346 184 484 
stack 95:    730 732 333 162 609 434 405 
stack 96:    532 131 292 256 406 31 633 
stack 97:    587 32 630 473 497 573 192 
stack 98:    711 614 336 33 408 170 214 
stack 99:    75 360 202 676 320 509 34 
stack 100:    487 208 36 541 61 153 410 
stack 101:    282 634 477 528 222 697 411 
stack 102:    538 611 649 596 37 71 452 
stack 103:    122 234 748 692 235 38 413 
stack 104:    318 39 340 672 522 561 219 
stack 105:    40 275 115 331 469 225 154 
stack 106:    344 727 371 180 416 308 449 
stack 107:    42 743 608 362 91 369 417 
stack 108:    129 259 176 258 146 565 43 
stack 109:    120 350 714 349 44 694 446 
stack 110:    747 682 45 681 421 726 690 
stack 111:    199 618 263 195 92 136 46 
stack 112:    745 47 542 737 204 584 179 
stack 113:    287 262 85 174 423 512 326 
stack 114:    246 165 536 424 49 337 124 
stack 115:    68 491 621 547 582 721 425 
stack 116:    51 556 106 648 578 519 138 
stack 117:    624 576 257 52 366 233 316 
stack 118:    695 311 188 137 428 342 534 
stack 119:    644 429 284 490 269 54 712 
stack 120:    430 723 586 725 339 55 310 
stack 121:    741 629 646 601 567 706 431 
stack 122:    223 554 207 322 67 481 57 
stack 123:    367 531 324 58 517 70 652 
stack 124:    454 557 693 548 293 291 59 
stack 125:    303 435 471 86 462 94 60 
stack 126:    358 261 597 143 62 450 571 
stack 127:    659 159 149 338 114 99 591 
stack 128:    673 305 232 145 168 707 626 
stack 129:    280 563 101 740 702 468 352 

#####################################################

solved with: SP.constructive_heuristics.GeneralHeuristic
time limit: 3600.0 s
time to solve: 0,00 s
objective value: 752345.68

stacks (top to bottom):
stack 0:    117 440 244 373 666 154 561 
stack 1:    614 238 359 453 64 546 626 
stack 2:    659 90 30 263 639 156 211 
stack 3:    622 261 139 210 376 533 414 
stack 4:    85 14 20 149 338 3 473 
stack 5:    746 223 673 372 740 128 503 
stack 6:    655 725 478 444 31 235 736 
stack 7:    429 421 549 542 127 285 189 
stack 8:    406 714 327 477 324 94 0 
stack 9:    120 689 636 686 194 545 684 
stack 10:    629 536 692 65 663 580 271 
stack 11:    577 259 539 11 321 451 326 
stack 12:    576 178 380 526 15 737 697 
stack 13:    180 347 131 428 226 155 341 
stack 14:    355 442 116 320 721 499 112 
stack 15:    282 552 468 348 691 712 512 
stack 16:    188 26 288 172 594 44 593 
stack 17:    101 575 272 299 522 70 254 
stack 18:    303 328 177 695 292 114 71 
stack 19:    13 368 427 494 215 48 584 
stack 20:    727 333 18 122 448 743 95 
stack 21:    343 627 158 602 529 346 441 
stack 22:    407 566 269 578 138 508 248 
stack 23:    394 251 495 367 470 466 313 
stack 24:    532 550 630 105 564 530 260 
stack 25:    701 511 2 641 374 544 651 
stack 26:    365 551 340 302 227 749 98 
stack 27:    711 252 72 507 531 49 395 
stack 28:    148 402 731 86 185 654 643 
stack 29:    675 100 618 110 582 83 384 
stack 30:    286 623 432 540 66 102 34 
stack 31:    319 491 458 345 474 54 24 
stack 32:    200 447 439 567 99 688 534 
stack 33:    315 705 255 541 459 249 426 
stack 34:    183 422 604 205 504 330 190 
stack 35:    159 291 270 173 306 314 147 
stack 36:    208 500 744 433 506 232 713 
stack 37:    297 559 607 486 22 220 620 
stack 38:    5 47 234 669 619 96 709 
stack 39:    73 361 63 36 196 628 119 
stack 40:    436 6 115 169 201 118 413 
stack 41:    554 464 599 236 699 279 465 
stack 42:    538 107 553 17 450 310 438 
stack 43:    262 45 637 456 633 521 431 
stack 44:    658 305 702 8 317 124 80 
stack 45:    557 748 89 239 25 182 484 
stack 46:    562 747 174 16 250 677 728 
stack 47:    515 613 634 331 528 480 296 
stack 48:    79 730 32 682 646 497 187 
stack 49:    39 501 616 157 381 153 69 
stack 50:    555 35 284 4 472 289 589 
stack 51:    661 199 121 76 665 222 389 
stack 52:    78 186 445 502 734 351 652 
stack 53:    350 516 42 609 443 146 706 
stack 54:    430 41 165 386 53 574 57 
stack 55:    487 457 505 253 370 455 425 
stack 56:    246 129 681 203 266 397 392 
stack 57:    719 378 280 543 61 605 337 
stack 58:    615 585 21 195 424 58 520 
stack 59:    606 193 383 489 352 518 276 
stack 60:    527 162 611 264 300 667 437 
stack 61:    400 224 316 258 476 74 449 
stack 62:    287 137 396 364 123 204 37 
stack 63:    160 631 125 51 420 307 111 
stack 64:    647 281 19 657 556 648 28 
stack 65:    660 357 601 467 9 610 97 
stack 66:    387 586 412 293 404 245 168 
stack 67:    290 732 52 678 671 635 334 
stack 68:    93 240 329 649 598 481 391 
stack 69:    588 696 67 653 38 418 410 
stack 70:    662 322 679 312 720 230 108 
stack 71:    668 729 152 498 715 708 579 
stack 72:    241 717 242 106 179 294 460 
stack 73:    344 664 274 560 704 126 452 
stack 74:    27 265 10 362 488 176 56 
stack 75:    454 670 482 323 471 82 573 
stack 76:    723 645 597 247 175 568 517 
stack 77:    29 388 55 273 228 301 399 
stack 78:    68 217 237 335 726 479 600 
stack 79:    23 134 490 415 150 462 417 
stack 80:    257 733 741 416 523 91 493 
stack 81:    358 1 161 267 221 349 191 
stack 82:    403 583 233 434 423 369 192 
stack 83:    475 353 693 547 136 650 332 
stack 84:    243 558 164 408 738 304 213 
stack 85:    700 75 311 385 308 342 603 
stack 86:    687 375 275 184 672 109 219 
stack 87:    318 674 718 166 130 225 104 
stack 88:    151 572 135 298 745 207 483 
stack 89:    595 537 50 569 379 694 214 
stack 90:    461 581 33 167 632 690 84 
stack 91:    638 336 197 59 591 411 12 
stack 92:    283 587 366 492 405 43 171 
stack 93:    371 81 143 703 592 724 525 
stack 94:    548 716 339 92 680 519 309 
stack 95:    40 356 132 563 363 145 103 
stack 96:    624 617 231 739 325 510 446 
stack 97:    524 393 640 382 514 590 707 
stack 98:    435 268 463 206 163 535 277 
stack 99:    644 133 676 742 496 509 113 
stack 100:    596 377 198 141 683 181 60 
stack 101:    144 140 256 212 216 170 7 
stack 102:    354 608 571 87 409 698 565 
stack 103:    390 202 295 570 398 469 278 
stack 104:    621 142 401 88 685 229 419 
stack 105:    360 209 485 656 612 
stack 106:    513 77 642 
stack 107:    735 625 46 
stack 108:    710 62 722 
stack 109:    
stack 110:    218 
stack 111:    
stack 112:    
stack 113:    
stack 114:    
stack 115:    
stack 116:    
stack 117:    
stack 118:    
stack 119:    
stack 120:    
stack 121:    
stack 122:    
stack 123:    
stack 124:    
stack 125:    
stack 126:    
stack 127:    
stack 128:    
stack 129:    
