lower bound for relaxed s_ij: 692241.22

#####################################################

solved with: SP.mip_formulations.BinPackingFormulation
time limit: 3600.0 s
time to solve: 2070,53 s
objective value: 692246.1

stacks (top to bottom):
stack 0:    0 
stack 1:    376 1 
stack 2:    
stack 3:    378 
stack 4:    
stack 5:    380 6 5 
stack 6:    
stack 7:    7 
stack 8:    383 
stack 9:    9 
stack 10:    385 
stack 11:    386 
stack 12:    
stack 13:    456 734 223 
stack 14:    458 681 313 716 135 507 152 
stack 15:    79 640 392 739 515 246 249 
stack 16:    711 404 149 216 188 206 131 
stack 17:    237 462 296 298 373 348 17 
stack 18:    572 680 357 66 87 244 18 
stack 19:    431 126 288 19 635 263 553 
stack 20:    341 522 332 277 20 476 656 
stack 21:    21 240 303 157 278 247 451 
stack 22:    509 628 267 172 335 657 235 
stack 23:    221 652 466 173 714 530 23 
stack 24:    24 272 115 399 684 637 583 
stack 25:    695 25 590 359 688 400 268 
stack 26:    205 531 280 488 641 181 401 
stack 27:    521 528 27 251 104 665 331 
stack 28:    176 306 225 209 642 745 429 
stack 29:    29 597 493 353 132 184 31 
stack 30:    654 455 355 673 646 543 442 
stack 31:    100 744 333 619 144 124 606 
stack 32:    719 550 32 634 208 593 228 
stack 33:    134 118 670 649 608 408 264 
stack 34:    514 518 478 194 561 175 666 
stack 35:    292 542 148 500 469 302 210 
stack 36:    492 211 138 484 245 705 36 
stack 37:    574 587 67 520 336 569 315 
stack 38:    659 586 479 477 171 85 342 
stack 39:    557 89 747 229 571 334 367 
stack 40:    40 639 636 591 630 627 621 
stack 41:    721 727 416 259 691 625 70 
stack 42:    595 270 475 629 722 700 42 
stack 43:    43 643 73 672 676 120 360 
stack 44:    547 309 452 450 374 165 585 
stack 45:    45 696 137 460 698 308 674 
stack 46:    644 362 150 555 506 421 146 
stack 47:    523 312 274 618 667 147 422 
stack 48:    253 48 300 285 99 196 62 
stack 49:    222 712 663 707 231 709 600 
stack 50:    141 238 683 369 540 307 425 
stack 51:    143 344 219 701 708 689 440 
stack 52:    427 474 63 145 448 736 592 
stack 53:    53 622 490 604 544 273 589 
stack 54:    650 532 748 446 439 549 136 
stack 55:    740 461 71 304 110 215 122 
stack 56:    567 731 503 497 364 366 310 
stack 57:    432 467 301 226 433 197 612 
stack 58:    368 351 741 584 576 290 159 
stack 59:    434 287 517 358 102 694 682 
stack 60:    94 526 183 107 98 193 139 
stack 61:    594 704 321 325 562 582 61 
stack 62:    224 207 743 471 282 437 447 
stack 63:    601 653 596 502 371 718 109 
stack 64:    588 441 661 726 130 510 212 
stack 65:    375 
stack 66:    
stack 67:    2 377 
stack 68:    3 
stack 69:    379 4 
stack 70:    
stack 71:    381 
stack 72:    382 
stack 73:    8 
stack 74:    384 
stack 75:    10 
stack 76:    11 
stack 77:    387 12 
stack 78:    388 706 632 201 389 13 398 
stack 79:    677 291 669 472 14 178 702 
stack 80:    465 262 15 142 390 347 614 
stack 81:    391 16 356 236 345 573 370 
stack 82:    482 218 485 599 92 179 316 
stack 83:    626 491 393 200 610 537 113 
stack 84:    563 121 394 443 260 189 198 
stack 85:    339 564 638 692 566 395 508 
stack 86:    541 396 529 84 615 678 161 
stack 87:    22 697 496 275 199 560 397 
stack 88:    403 363 230 710 487 489 252 
stack 89:    169 266 289 305 648 284 44 
stack 90:    504 658 160 255 154 232 192 
stack 91:    26 568 243 167 511 69 498 
stack 92:    402 651 603 559 254 174 125 
stack 93:    281 737 140 28 662 655 96 
stack 94:    578 554 703 454 164 623 202 
stack 95:    30 114 108 538 250 405 565 
stack 96:    406 609 265 155 119 346 261 
stack 97:    546 103 191 527 407 95 182 
stack 98:    33 631 352 213 227 324 453 
stack 99:    409 34 536 720 350 177 54 
stack 100:    534 449 323 580 457 35 410 
stack 101:    293 581 195 151 129 411 524 
stack 102:    412 37 613 239 445 328 166 
stack 103:    128 38 413 349 414 327 470 
stack 104:    271 78 39 468 624 558 499 
stack 105:    415 577 516 575 326 713 319 
stack 106:    41 690 647 660 620 686 322 
stack 107:    715 617 417 80 64 494 83 
stack 108:    730 598 418 256 214 116 605 
stack 109:    463 314 732 539 501 668 419 
stack 110:    420 664 76 112 88 46 717 
stack 111:    687 495 330 75 675 127 533 
stack 112:    723 117 47 512 283 556 525 
stack 113:    257 423 320 633 56 217 242 
stack 114:    49 220 81 86 742 354 424 
stack 115:    50 679 51 551 156 91 105 
stack 116:    513 93 180 372 203 426 728 
stack 117:    685 276 318 106 671 52 233 
stack 118:    611 428 343 746 361 733 163 
stack 119:    186 187 72 286 248 190 65 
stack 120:    430 55 729 749 693 340 153 
stack 121:    486 299 481 480 616 123 294 
stack 122:    74 185 170 97 68 241 57 
stack 123:    607 329 158 58 90 444 365 
stack 124:    535 162 724 258 602 505 59 
stack 125:    60 338 725 738 645 464 435 
stack 126:    699 459 483 337 735 436 519 
stack 127:    438 168 552 548 545 311 77 
stack 128:    297 279 101 133 579 111 82 
stack 129:    269 473 570 234 204 317 295 

#####################################################

solved with: SP.constructive_heuristics.GeneralHeuristic
time limit: 3600.0 s
time to solve: 0,00 s
objective value: 751630.59

stacks (top to bottom):
stack 0:    40 522 277 568 58 127 613 
stack 1:    126 298 195 112 552 746 437 
stack 2:    441 286 604 295 576 182 583 
stack 3:    341 465 653 493 188 236 436 
stack 4:    723 218 194 173 102 330 558 
stack 5:    269 296 375 337 202 600 18 
stack 6:    162 647 554 317 290 4 345 
stack 7:    60 299 138 27 506 707 616 
stack 8:    420 528 120 515 174 678 5 
stack 9:    338 55 355 353 250 76 273 
stack 10:    186 732 180 579 539 634 233 
stack 11:    640 270 466 86 51 414 453 
stack 12:    237 211 694 446 489 342 242 
stack 13:    719 685 431 460 95 163 498 
stack 14:    357 692 607 749 80 549 565 
stack 15:    432 696 443 683 410 249 61 
stack 16:    205 187 321 190 316 606 674 
stack 17:    24 16 532 609 303 247 346 
stack 18:    339 730 376 230 693 125 573 
stack 19:    727 172 517 240 157 524 499 
stack 20:    221 191 267 495 720 311 36 
stack 21:    224 578 455 502 395 401 605 
stack 22:    438 618 454 275 12 13 177 
stack 23:    695 706 214 88 405 736 592 
stack 24:    26 305 352 110 468 156 217 
stack 25:    598 509 325 73 2 562 666 
stack 26:    362 486 731 219 28 708 139 
stack 27:    412 30 557 503 487 231 123 
stack 28:    314 279 570 671 641 450 447 
stack 29:    581 35 632 413 560 367 198 
stack 30:    108 660 548 131 232 603 425 
stack 31:    721 380 258 542 645 713 228 
stack 32:    521 462 409 106 10 52 585 
stack 33:    481 416 457 129 209 310 445 
stack 34:    53 687 171 675 439 748 307 
stack 35:    594 488 326 508 3 494 65 
stack 36:    514 492 21 650 480 737 569 
stack 37:    534 114 348 670 643 124 469 
stack 38:    626 396 572 363 648 90 284 
stack 39:    482 459 306 92 142 691 115 
stack 40:    266 323 289 63 448 512 161 
stack 41:    664 703 543 739 215 83 268 
stack 42:    368 32 72 722 384 451 54 
stack 43:    504 220 501 181 264 31 656 
stack 44:    121 472 313 580 577 154 235 
stack 45:    332 415 710 39 421 91 682 
stack 46:    546 253 391 386 700 328 192 
stack 47:    43 669 617 47 99 62 440 
stack 48:    94 663 117 183 252 223 728 
stack 49:    74 588 309 178 212 385 113 
stack 50:    595 725 418 302 68 254 77 
stack 51:    128 564 513 690 238 204 82 
stack 52:    680 151 66 354 530 662 350 
stack 53:    550 274 170 646 625 610 365 
stack 54:    100 681 490 711 673 433 655 
stack 55:    491 505 478 747 651 201 470 
stack 56:    281 555 98 701 327 717 294 
stack 57:    78 0 587 369 619 206 109 
stack 58:    29 101 428 649 744 452 11 
stack 59:    288 677 406 628 516 668 210 
stack 60:    15 48 497 381 85 389 709 
stack 61:    601 639 292 584 426 544 69 
stack 62:    81 304 285 435 507 377 189 
stack 63:    118 133 547 17 130 14 165 
stack 64:    474 84 135 200 20 272 244 
stack 65:    567 620 148 144 408 444 424 
stack 66:    143 19 383 629 347 349 582 
stack 67:    423 535 743 741 726 104 42 
stack 68:    434 262 8 226 540 667 1 
stack 69:    291 483 158 44 251 642 366 
stack 70:    456 518 358 714 742 155 336 
stack 71:    141 280 38 477 390 718 637 
stack 72:    312 203 333 373 392 282 57 
stack 73:    716 417 75 213 476 429 331 
stack 74:    297 379 137 394 87 686 105 
stack 75:    608 208 575 340 510 153 64 
stack 76:    222 293 484 411 551 122 9 
stack 77:    715 699 602 167 631 227 621 
stack 78:    33 176 527 260 371 116 322 
stack 79:    529 359 729 229 672 46 136 
stack 80:    318 207 473 134 308 593 589 
stack 81:    79 287 697 67 403 225 684 
stack 82:    93 638 372 630 400 559 152 
stack 83:    449 597 351 374 159 702 319 
stack 84:    402 107 278 324 657 519 422 
stack 85:    531 458 566 475 265 246 283 
stack 86:    41 168 704 596 97 111 419 
stack 87:    185 591 301 343 160 361 335 
stack 88:    169 724 378 256 496 745 96 
stack 89:    712 150 526 633 193 315 614 
stack 90:    430 652 599 259 196 245 525 
stack 91:    541 50 45 25 688 334 263 
stack 92:    467 636 500 147 627 70 442 
stack 93:    276 89 479 511 536 23 166 
stack 94:    271 103 658 538 7 698 733 
stack 95:    523 34 234 661 248 175 537 
stack 96:    320 140 356 571 241 623 397 
stack 97:    49 461 71 329 300 239 553 
stack 98:    22 563 738 255 676 197 146 
stack 99:    644 393 471 199 6 545 665 
stack 100:    659 243 561 734 37 119 382 
stack 101:    427 622 485 635 399 533 689 
stack 102:    257 388 590 179 612 370 398 
stack 103:    574 586 56 624 261 705 
stack 104:    654 149 132 184 
stack 105:    611 404 164 556 
stack 106:    344 387 679 59 360 
stack 107:    463 216 407 464 
stack 108:    740 520 364 735 
stack 109:    145 
stack 110:    615 
stack 111:    
stack 112:    
stack 113:    
stack 114:    
stack 115:    
stack 116:    
stack 117:    
stack 118:    
stack 119:    
stack 120:    
stack 121:    
stack 122:    
stack 123:    
stack 124:    
stack 125:    
stack 126:    
stack 127:    
stack 128:    
stack 129:    
