lower bound for relaxed s_ij: 692233.9

#####################################################

solved with: SP.mip_formulations.BinPackingFormulation
time limit: 3600.0 s
time to solve: 1943,40 s
objective value: 692242.4

stacks (top to bottom):
stack 0:    0 
stack 1:    
stack 2:    2 
stack 3:    
stack 4:    
stack 5:    380 
stack 6:    
stack 7:    382 7 
stack 8:    
stack 9:    9 
stack 10:    385 
stack 11:    386 
stack 12:    
stack 13:    89 118 579 
stack 14:    75 592 370 734 314 14 448 
stack 15:    614 450 465 391 710 666 165 
stack 16:    454 508 316 137 308 363 241 
stack 17:    640 716 104 17 534 274 175 
stack 18:    522 182 169 45 455 393 346 
stack 19:    635 260 625 560 232 168 564 
stack 20:    395 341 136 121 469 200 34 
stack 21:    271 652 441 159 217 117 479 
stack 22:    629 620 521 654 205 397 303 
stack 23:    193 207 398 482 122 178 699 
stack 24:    253 176 129 319 576 221 639 
stack 25:    213 740 162 599 419 284 459 
stack 26:    173 502 477 228 715 401 668 
stack 27:    486 572 258 219 191 675 337 
stack 28:    628 549 204 589 28 356 268 
stack 29:    650 520 29 458 442 246 405 
stack 30:    546 683 257 132 463 343 123 
stack 31:    540 282 230 506 188 608 181 
stack 32:    658 698 266 222 326 32 224 
stack 33:    408 242 244 494 348 467 81 
stack 34:    483 185 285 691 91 415 300 
stack 35:    256 212 336 468 445 374 575 
stack 36:    566 292 36 497 315 487 439 
stack 37:    85 700 634 551 580 438 330 
stack 38:    413 425 351 627 587 318 689 
stack 39:    414 732 334 183 659 313 233 
stack 40:    196 641 581 637 555 366 437 
stack 41:    154 489 616 609 542 623 646 
stack 42:    617 42 545 498 709 254 220 
stack 43:    604 601 692 529 214 530 527 
stack 44:    743 672 680 588 656 670 359 
stack 45:    194 420 367 350 167 317 195 
stack 46:    421 721 515 644 638 730 735 
stack 47:    702 720 615 662 607 597 471 
stack 48:    722 67 87 717 133 693 86 
stack 49:    746 299 83 236 724 667 684 
stack 50:    362 331 130 495 525 340 248 
stack 51:    590 748 727 426 573 718 261 
stack 52:    218 160 713 626 235 112 585 
stack 53:    95 358 101 496 443 53 297 
stack 54:    345 726 177 729 725 197 138 
stack 55:    582 624 55 731 695 174 361 
stack 56:    577 543 94 500 108 278 552 
stack 57:    745 492 524 559 310 190 276 
stack 58:    554 697 269 602 161 707 96 
stack 59:    250 69 147 70 660 134 434 
stack 60:    523 237 166 570 113 127 156 
stack 61:    328 61 485 66 535 114 476 
stack 62:    63 622 537 98 273 548 280 
stack 63:    288 302 598 557 247 561 365 
stack 64:    97 125 481 449 708 685 252 
stack 65:    375 1 
stack 66:    376 
stack 67:    377 
stack 68:    3 378 
stack 69:    379 4 
stack 70:    5 
stack 71:    381 6 
stack 72:    
stack 73:    383 8 384 
stack 74:    
stack 75:    10 
stack 76:    11 
stack 77:    387 12 
stack 78:    681 335 665 706 388 371 13 
stack 79:    424 332 283 503 223 389 82 
stack 80:    461 556 511 390 593 323 15 
stack 81:    688 78 163 259 238 651 16 
stack 82:    392 653 264 690 632 531 304 
stack 83:    647 19 18 642 603 663 74 
stack 84:    739 682 263 209 322 311 394 
stack 85:    60 509 456 596 550 216 20 
stack 86:    569 312 433 396 664 21 591 
stack 87:    719 22 293 201 24 574 462 
stack 88:    703 270 267 23 306 281 472 
stack 89:    399 738 301 93 296 150 701 
stack 90:    400 25 605 464 170 562 544 
stack 91:    189 619 249 145 26 612 402 
stack 92:    27 289 88 226 547 262 171 
stack 93:    403 333 291 305 741 600 349 
stack 94:    594 325 533 513 633 255 404 
stack 95:    30 478 452 126 80 686 474 
stack 96:    737 687 451 203 103 31 406 
stack 97:    215 728 711 407 339 329 158 
stack 98:    352 149 678 251 33 287 148 
stack 99:    657 151 172 507 155 164 409 
stack 100:    505 410 35 460 696 240 613 
stack 101:    610 584 453 309 277 184 411 
stack 102:    139 92 37 198 565 712 412 
stack 103:    38 676 140 206 440 72 536 
stack 104:    39 128 528 355 704 73 648 
stack 105:    475 40 736 307 558 272 295 
stack 106:    116 320 211 41 618 630 416 
stack 107:    694 46 491 71 655 705 417 
stack 108:    279 43 418 470 229 265 243 
stack 109:    538 457 239 360 44 571 586 
stack 110:    636 621 595 499 490 109 631 
stack 111:    671 539 673 553 135 742 661 
stack 112:    47 64 679 422 512 373 65 
stack 113:    423 146 324 131 100 231 48 
stack 114:    488 180 111 480 49 645 143 
stack 115:    446 518 286 199 50 187 321 
stack 116:    541 327 427 275 102 723 51 
stack 117:    52 519 583 58 338 210 142 
stack 118:    76 516 504 643 429 369 428 
stack 119:    225 357 510 368 669 514 54 
stack 120:    430 526 99 298 202 192 714 
stack 121:    517 106 431 144 344 747 56 
stack 122:    294 674 432 186 649 466 57 
stack 123:    744 353 153 347 105 59 473 
stack 124:    342 208 484 611 110 493 447 
stack 125:    107 179 290 77 444 435 364 
stack 126:    245 115 436 152 749 606 501 
stack 127:    79 62 677 568 124 578 567 
stack 128:    68 354 141 119 372 120 90 
stack 129:    157 733 234 227 563 532 84 

#####################################################

solved with: SP.constructive_heuristics.GeneralHeuristic
time limit: 3600.0 s
time to solve: 0,01 s
objective value: 751248.81

stacks (top to bottom):
stack 0:    193 549 260 370 707 1 73 
stack 1:    408 475 711 132 169 664 646 
stack 2:    68 513 269 472 578 9 585 
stack 3:    312 465 290 599 588 574 384 
stack 4:    523 375 576 607 210 642 406 
stack 5:    282 177 36 385 661 631 562 
stack 6:    674 624 643 33 25 677 122 
stack 7:    743 625 363 701 252 261 295 
stack 8:    69 583 307 535 195 86 171 
stack 9:    194 690 425 695 323 544 415 
stack 10:    488 421 353 149 160 575 134 
stack 11:    457 125 316 427 606 220 402 
stack 12:    381 55 67 47 691 709 262 
stack 13:    196 589 730 440 72 605 349 
stack 14:    358 189 61 483 563 84 268 
stack 15:    185 227 597 568 397 389 699 
stack 16:    423 245 503 511 206 338 109 
stack 17:    107 728 354 152 301 311 439 
stack 18:    450 740 748 506 54 246 448 
stack 19:    744 292 104 340 675 567 659 
stack 20:    392 78 129 478 669 442 51 
stack 21:    722 225 76 89 374 114 462 
stack 22:    688 30 524 559 555 276 170 
stack 23:    505 367 234 350 723 714 297 
stack 24:    653 665 662 232 666 686 548 
stack 25:    647 737 342 537 459 412 65 
stack 26:    446 715 391 736 126 12 557 
stack 27:    111 11 621 281 497 91 243 
stack 28:    683 154 335 182 332 71 648 
stack 29:    492 581 123 644 463 138 148 
stack 30:    566 352 721 115 264 59 467 
stack 31:    614 41 738 176 119 398 542 
stack 32:    253 131 205 231 560 192 593 
stack 33:    180 186 267 77 679 359 181 
stack 34:    43 681 17 93 708 376 371 
stack 35:    541 103 717 444 611 344 216 
stack 36:    207 151 702 105 314 487 175 
stack 37:    453 22 667 749 706 15 56 
stack 38:    228 480 368 609 676 322 364 
stack 39:    63 256 672 19 66 98 273 
stack 40:    399 162 598 596 188 580 401 
stack 41:    294 213 584 484 26 221 272 
stack 42:    331 602 491 637 214 315 428 
stack 43:    222 697 416 377 536 479 233 
stack 44:    146 236 137 140 191 616 626 
stack 45:    533 460 100 579 351 318 639 
stack 46:    519 209 339 426 514 438 90 
stack 47:    658 75 540 4 452 333 303 
stack 48:    37 572 147 734 526 13 20 
stack 49:    289 347 481 45 223 729 165 
stack 50:    420 145 532 670 254 741 82 
stack 51:    502 516 680 458 291 712 422 
stack 52:    79 700 622 53 608 476 473 
stack 53:    230 654 531 62 150 742 229 
stack 54:    173 635 266 698 413 461 529 
stack 55:    299 482 202 490 142 10 704 
stack 56:    517 94 565 645 731 615 378 
stack 57:    468 499 24 247 317 561 183 
stack 58:    387 38 436 570 530 437 735 
stack 59:    166 208 520 285 29 447 434 
stack 60:    522 219 174 394 278 627 573 
stack 61:    682 108 456 133 355 337 552 
stack 62:    694 404 692 28 326 287 74 
stack 63:    577 719 496 451 386 44 638 
stack 64:    551 34 603 112 178 668 373 
stack 65:    582 429 727 545 48 21 405 
stack 66:    237 42 372 556 217 390 528 
stack 67:    716 251 226 660 547 308 197 
stack 68:    271 255 454 156 471 474 356 
stack 69:    601 97 130 726 525 155 411 
stack 70:    212 157 543 498 732 693 612 
stack 71:    153 424 652 343 7 655 248 
stack 72:    379 70 80 369 124 305 512 
stack 73:    85 485 39 167 414 466 718 
stack 74:    320 35 324 163 393 321 600 
stack 75:    620 521 319 336 586 380 300 
stack 76:    486 509 500 58 16 455 435 
stack 77:    215 745 50 164 190 470 265 
stack 78:    239 362 32 366 81 684 313 
stack 79:    92 250 357 136 87 493 696 
stack 80:    617 242 489 118 720 632 117 
stack 81:    746 538 630 83 360 507 663 
stack 82:    510 141 31 685 235 143 334 
stack 83:    629 5 258 678 418 296 304 
stack 84:    395 733 445 168 388 564 747 
stack 85:    325 211 382 410 636 200 656 
stack 86:    477 286 449 571 298 713 8 
stack 87:    95 703 249 64 110 18 57 
stack 88:    640 283 3 259 6 135 361 
stack 89:    604 539 88 113 2 127 274 
stack 90:    179 657 198 504 430 306 623 
stack 91:    345 495 310 494 527 224 417 
stack 92:    633 257 671 218 327 159 346 
stack 93:    594 628 204 172 46 244 348 
stack 94:    432 288 144 40 284 419 240 
stack 95:    199 687 592 121 263 302 128 
stack 96:    569 277 184 610 161 705 96 
stack 97:    116 106 518 341 649 120 558 
stack 98:    101 590 60 328 270 634 591 
stack 99:    400 673 99 651 275 587 241 
stack 100:    546 396 238 441 409 14 0 
stack 101:    279 309 52 433 383 293 365 
stack 102:    139 515 187 464 158 280 
stack 103:    739 203 49 23 724 329 501 
stack 104:    618 27 431 407 469 330 613 
stack 105:    595 201 710 102 689 
stack 106:    619 508 725 
stack 107:    641 534 
stack 108:    554 553 
stack 109:    650 403 550 
stack 110:    
stack 111:    443 
stack 112:    
stack 113:    
stack 114:    
stack 115:    
stack 116:    
stack 117:    
stack 118:    
stack 119:    
stack 120:    
stack 121:    
stack 122:    
stack 123:    
stack 124:    
stack 125:    
stack 126:    
stack 127:    
stack 128:    
stack 129:    
