lower bound for relaxed s_ij: 692253.26

#####################################################

solved with: SP.mip_formulations.BinPackingFormulation
time limit: 3600.0 s
time to solve: 2377,37 s
objective value: 692260.58

stacks (top to bottom):
stack 0:    375 
stack 1:    0 
stack 2:    2 377 
stack 3:    3 
stack 4:    
stack 5:    
stack 6:    382 
stack 7:    
stack 8:    
stack 9:    384 
stack 10:    
stack 11:    
stack 12:    387 
stack 13:    664 530 388 
stack 14:    490 146 143 145 234 135 389 
stack 15:    325 210 454 211 656 471 187 
stack 16:    439 479 134 173 165 691 157 
stack 17:    169 733 112 88 27 17 512 
stack 18:    393 449 726 679 216 86 592 
stack 19:    634 505 520 606 460 247 635 
stack 20:    623 177 615 269 368 66 20 
stack 21:    98 396 590 497 521 194 181 
stack 22:    732 123 79 232 374 168 397 
stack 23:    468 442 676 483 399 346 583 
stack 24:    190 239 226 357 324 246 722 
stack 25:    141 558 556 117 74 352 400 
stack 26:    26 203 443 360 322 366 438 
stack 27:    649 231 409 158 75 147 249 
stack 28:    511 206 335 209 296 280 242 
stack 29:    444 529 579 516 338 174 692 
stack 30:    256 359 100 142 103 225 148 
stack 31:    708 406 207 150 90 603 678 
stack 32:    319 154 283 323 407 178 89 
stack 33:    163 537 200 106 76 101 251 
stack 34:    347 295 493 667 632 457 119 
stack 35:    431 600 370 215 541 156 586 
stack 36:    580 522 620 563 37 640 311 
stack 37:    331 91 337 217 524 341 270 
stack 38:    94 334 198 348 73 575 38 
stack 39:    320 289 170 39 480 265 414 
stack 40:    613 316 619 312 630 566 680 
stack 41:    710 627 276 416 328 517 137 
stack 42:    659 716 709 666 259 712 609 
stack 43:    735 718 70 418 302 113 118 
stack 44:    683 527 515 248 637 642 160 
stack 45:    45 528 263 644 607 179 720 
stack 46:    344 99 699 749 705 166 581 
stack 47:    695 669 243 126 333 340 671 
stack 48:    688 534 536 725 423 523 48 
stack 49:    724 363 218 502 681 68 484 
stack 50:    486 508 87 544 95 97 274 
stack 51:    371 686 71 555 675 197 594 
stack 52:    616 729 611 739 427 700 52 
stack 53:    605 482 53 474 428 279 625 
stack 54:    702 582 261 241 589 546 267 
stack 55:    639 430 153 643 731 748 268 
stack 56:    273 618 578 674 221 314 549 
stack 57:    507 472 57 742 339 560 677 
stack 58:    728 552 506 290 433 693 577 
stack 59:    144 475 697 349 286 244 59 
stack 60:    672 628 706 542 648 313 310 
stack 61:    287 694 138 122 233 591 184 
stack 62:    245 309 84 326 102 162 661 
stack 63:    538 318 588 518 745 208 315 
stack 64:    275 532 559 285 139 124 525 
stack 65:    376 
stack 66:    1 
stack 67:    
stack 68:    378 
stack 69:    4 379 
stack 70:    380 5 
stack 71:    6 
stack 72:    381 7 
stack 73:    8 
stack 74:    383 9 
stack 75:    10 385 
stack 76:    386 11 
stack 77:    12 
stack 78:    13 719 654 665 663 266 652 
stack 79:    14 596 567 501 254 297 133 
stack 80:    711 361 646 696 185 390 15 
stack 81:    16 624 306 332 573 391 557 
stack 82:    593 180 392 121 321 510 668 
stack 83:    531 18 476 499 292 151 492 
stack 84:    717 224 350 277 394 260 19 
stack 85:    237 219 446 746 395 689 223 
stack 86:    343 125 547 21 195 188 461 
stack 87:    367 104 500 495 601 114 22 
stack 88:    673 238 569 467 304 398 23 
stack 89:    171 458 175 587 466 293 24 
stack 90:    540 539 721 303 445 193 25 
stack 91:    236 401 358 684 82 403 599 
stack 92:    402 564 481 81 115 136 329 
stack 93:    189 450 614 550 96 327 28 
stack 94:    29 662 33 604 404 571 373 
stack 95:    30 405 503 441 176 353 252 
stack 96:    647 455 513 63 622 641 31 
stack 97:    32 545 110 258 129 80 202 
stack 98:    227 655 561 636 509 408 584 
stack 99:    250 734 282 34 653 747 687 
stack 100:    205 714 535 410 35 494 330 
stack 101:    36 411 464 436 369 93 489 
stack 102:    595 412 488 362 272 222 257 
stack 103:    413 598 551 585 108 744 651 
stack 104:    40 130 355 77 498 294 415 
stack 105:    434 741 463 364 284 740 608 
stack 106:    572 565 459 685 562 650 41 
stack 107:    42 417 448 638 300 298 192 
stack 108:    713 43 682 235 131 72 214 
stack 109:    301 631 44 570 419 372 533 
stack 110:    212 191 120 105 182 127 420 
stack 111:    421 715 670 487 46 727 736 
stack 112:    204 738 422 478 470 140 47 
stack 113:    690 85 152 701 128 65 183 
stack 114:    424 49 56 299 473 161 92 
stack 115:    425 50 645 660 526 440 432 
stack 116:    253 132 426 465 167 51 543 
stack 117:    626 462 116 264 658 172 228 
stack 118:    723 271 54 240 229 698 288 
stack 119:    67 703 342 201 429 230 262 
stack 120:    55 336 155 737 602 633 308 
stack 121:    199 568 548 612 365 317 281 
stack 122:    491 574 743 553 196 707 447 
stack 123:    111 58 477 485 451 617 64 
stack 124:    437 291 149 629 278 107 453 
stack 125:    307 220 514 435 164 452 60 
stack 126:    255 597 704 61 519 305 657 
stack 127:    78 730 62 345 69 213 109 
stack 128:    610 351 159 576 554 354 469 
stack 129:    356 621 456 186 496 83 504 

#####################################################

solved with: SP.constructive_heuristics.GeneralHeuristic
time limit: 3600.0 s
time to solve: 0,00 s
objective value: 751339.73

stacks (top to bottom):
stack 0:    255 495 295 493 360 47 89 
stack 1:    505 511 539 342 74 707 48 
stack 2:    253 606 63 696 516 706 391 
stack 3:    534 44 328 731 451 262 65 
stack 4:    600 620 565 19 25 311 737 
stack 5:    291 248 7 488 102 517 389 
stack 6:    16 694 601 597 641 682 64 
stack 7:    450 99 631 370 475 359 38 
stack 8:    468 361 62 80 469 254 525 
stack 9:    472 662 294 145 395 373 609 
stack 10:    200 356 122 704 317 612 341 
stack 11:    306 462 348 69 265 602 596 
stack 12:    508 95 267 160 240 41 661 
stack 13:    18 615 77 576 558 405 292 
stack 14:    378 56 428 622 742 701 279 
stack 15:    177 454 446 556 471 117 372 
stack 16:    199 605 299 112 27 407 297 
stack 17:    290 318 82 354 131 128 270 
stack 18:    2 190 738 321 592 625 314 
stack 19:    626 406 132 239 203 68 709 
stack 20:    463 587 153 705 234 388 674 
stack 21:    690 320 455 275 429 533 501 
stack 22:    588 589 637 28 453 225 252 
stack 23:    728 10 491 464 167 115 181 
stack 24:    111 215 159 410 697 746 151 
stack 25:    386 411 272 346 722 52 288 
stack 26:    379 436 474 116 510 652 188 
stack 27:    421 220 552 522 355 604 197 
stack 28:    91 43 716 382 46 603 617 
stack 29:    276 655 660 440 339 585 671 
stack 30:    344 394 417 418 619 740 257 
stack 31:    483 238 39 645 465 140 329 
stack 32:    14 384 278 326 642 176 162 
stack 33:    711 623 231 490 37 427 577 
stack 34:    364 514 232 541 198 466 630 
stack 35:    236 67 654 142 590 571 653 
stack 36:    85 627 460 211 349 377 414 
stack 37:    708 50 49 335 573 296 504 
stack 38:    149 546 362 166 452 214 223 
stack 39:    245 347 273 713 337 217 194 
stack 40:    572 325 383 213 357 172 727 
stack 41:    482 665 121 345 749 675 97 
stack 42:    307 732 6 244 304 478 648 
stack 43:    718 735 98 358 639 509 658 
stack 44:    351 458 70 143 554 216 135 
stack 45:    53 206 375 487 720 496 549 
stack 46:    271 284 399 20 148 202 583 
stack 47:    227 676 550 412 726 445 72 
stack 48:    381 502 672 185 93 542 657 
stack 49:    634 380 154 743 748 543 119 
stack 50:    647 714 520 247 158 560 677 
stack 51:    486 374 518 721 113 76 586 
stack 52:    500 319 283 551 310 249 736 
stack 53:    434 741 141 293 9 403 313 
stack 54:    723 611 629 107 229 60 195 
stack 55:    717 26 568 114 651 178 15 
stack 56:    40 29 393 545 669 58 485 
stack 57:    367 513 528 305 34 524 133 
stack 58:    241 33 3 105 73 499 353 
stack 59:    569 30 369 90 259 108 315 
stack 60:    45 425 338 201 196 340 366 
stack 61:    331 144 126 173 101 584 137 
stack 62:    616 527 467 334 691 103 567 
stack 63:    538 316 87 563 650 327 680 
stack 64:    55 688 336 376 155 118 581 
stack 65:    535 269 699 664 193 51 228 
stack 66:    363 123 413 673 174 209 92 
stack 67:    649 163 224 559 489 744 184 
stack 68:    442 507 646 426 125 679 408 
stack 69:    79 180 385 449 324 109 183 
stack 70:    226 456 333 230 666 473 432 
stack 71:    580 724 277 237 416 566 494 
stack 72:    402 614 187 477 182 745 322 
stack 73:    263 607 152 532 323 390 161 
stack 74:    431 13 0 164 54 536 441 
stack 75:    437 459 423 448 260 156 308 
stack 76:    78 444 579 628 24 235 246 
stack 77:    191 120 686 219 100 570 575 
stack 78:    287 104 730 710 110 594 687 
stack 79:    702 703 401 574 670 150 461 
stack 80:    683 212 433 739 300 698 274 
stack 81:    613 593 624 430 396 457 280 
stack 82:    205 537 695 170 75 192 640 
stack 83:    531 715 598 207 186 136 689 
stack 84:    261 424 171 134 470 684 352 
stack 85:    729 506 96 404 447 521 415 
stack 86:    439 343 561 553 21 208 693 
stack 87:    301 168 719 286 35 398 633 
stack 88:    734 4 61 548 12 692 281 
stack 89:    1 621 681 578 636 147 599 
stack 90:    32 309 218 59 422 420 23 
stack 91:    42 526 643 266 476 443 419 
stack 92:    36 146 479 608 700 400 268 
stack 93:    204 371 130 610 544 302 31 
stack 94:    659 409 481 397 638 251 591 
stack 95:    256 529 243 169 258 667 635 
stack 96:    392 66 127 8 165 221 438 
stack 97:    289 644 129 632 492 678 557 
stack 98:    94 515 210 368 71 498 668 
stack 99:    387 332 733 17 83 124 484 
stack 100:    189 595 86 530 157 512 11 
stack 101:    540 303 555 663 497 503 330 
stack 102:    250 282 350 22 5 712 139 
stack 103:    106 138 179 233 365 285 519 
stack 104:    175 562 685 312 222 523 298 
stack 105:    435 725 242 747 
stack 106:    582 84 
stack 107:    564 618 57 480 264 88 
stack 108:    81 656 547 
stack 109:    
stack 110:    
stack 111:    
stack 112:    
stack 113:    
stack 114:    
stack 115:    
stack 116:    
stack 117:    
stack 118:    
stack 119:    
stack 120:    
stack 121:    
stack 122:    
stack 123:    
stack 124:    
stack 125:    
stack 126:    
stack 127:    
stack 128:    
stack 129:    
