lower bound for relaxed s_ij: 692244.84

#####################################################

solved with: SP.mip_formulations.BinPackingFormulation
time limit: 3600.0 s
time to solve: 2242,03 s
objective value: 692248.46

stacks (top to bottom):
stack 0:    375 
stack 1:    
stack 2:    377 
stack 3:    378 
stack 4:    
stack 5:    380 
stack 6:    381 
stack 7:    
stack 8:    
stack 9:    384 
stack 10:    385 
stack 11:    386 
stack 12:    387 
stack 13:    553 388 
stack 14:    356 142 598 14 693 672 665 
stack 15:    80 323 208 663 340 255 287 
stack 16:    145 618 16 228 212 363 63 
stack 17:    239 17 51 567 242 670 269 
stack 18:    18 499 335 364 332 329 660 
stack 19:    535 207 729 394 331 134 121 
stack 20:    675 297 395 372 137 25 612 
stack 21:    655 336 232 168 179 343 396 
stack 22:    702 216 275 743 325 656 294 
stack 23:    562 314 190 87 66 546 306 
stack 24:    453 42 719 326 135 67 159 
stack 25:    492 668 455 409 198 116 302 
stack 26:    744 266 650 545 537 401 246 
stack 27:    705 280 628 569 402 604 623 
stack 28:    76 403 240 200 195 533 173 
stack 29:    611 519 529 498 456 439 69 
stack 30:    514 153 416 110 440 405 71 
stack 31:    438 148 441 411 253 31 187 
stack 32:    591 502 508 111 177 407 89 
stack 33:    454 408 154 592 124 118 653 
stack 34:    358 579 360 305 289 106 494 
stack 35:    696 144 447 679 330 561 333 
stack 36:    36 475 206 451 450 594 192 
stack 37:    697 627 616 528 481 37 252 
stack 38:    641 587 580 671 417 741 310 
stack 39:    188 374 338 146 370 334 608 
stack 40:    634 536 90 728 534 568 507 
stack 41:    276 250 619 727 224 555 339 
stack 42:    285 718 581 219 602 636 615 
stack 43:    84 626 43 521 92 560 572 
stack 44:    597 738 459 698 689 666 64 
stack 45:    429 203 489 749 637 169 640 
stack 46:    711 599 359 94 704 102 277 
stack 47:    180 291 595 575 164 713 644 
stack 48:    723 214 193 732 112 720 701 
stack 49:    352 348 49 480 630 583 123 
stack 50:    699 484 107 540 473 714 425 
stack 51:    664 288 688 659 243 426 715 
stack 52:    114 694 290 261 518 257 251 
stack 53:    428 658 265 231 316 621 549 
stack 54:    140 673 215 486 468 130 446 
stack 55:    571 747 550 692 457 683 496 
stack 56:    462 735 677 303 643 734 605 
stack 57:    566 57 181 373 733 328 557 
stack 58:    746 707 308 307 322 286 186 
stack 59:    202 554 629 539 513 466 284 
stack 60:    559 199 101 563 241 129 645 
stack 61:    544 678 351 166 96 61 487 
stack 62:    463 676 547 622 443 270 238 
stack 63:    445 147 175 227 631 526 586 
stack 64:    355 687 226 477 501 82 183 
stack 65:    0 376 
stack 66:    2 1 
stack 67:    
stack 68:    3 
stack 69:    379 4 
stack 70:    5 
stack 71:    6 
stack 72:    382 7 
stack 73:    383 8 
stack 74:    9 
stack 75:    10 
stack 76:    11 
stack 77:    12 389 
stack 78:    442 13 163 271 685 493 524 
stack 79:    722 191 68 390 525 506 357 
stack 80:    472 424 113 482 435 476 15 
stack 81:    497 201 185 170 391 366 249 
stack 82:    614 311 295 490 79 491 392 
stack 83:    342 74 393 46 184 301 635 
stack 84:    542 235 510 143 19 590 260 
stack 85:    362 570 139 108 582 530 20 
stack 86:    126 680 21 632 312 156 138 
stack 87:    523 22 712 695 662 398 397 
stack 88:    458 162 234 218 584 210 23 
stack 89:    182 62 399 503 495 244 24 
stack 90:    527 415 282 150 400 160 236 
stack 91:    649 26 371 471 624 589 172 
stack 92:    141 213 157 27 667 319 657 
stack 93:    593 674 28 479 296 262 488 
stack 94:    404 283 470 361 565 225 29 
stack 95:    248 229 639 558 485 149 30 
stack 96:    516 91 736 274 324 406 577 
stack 97:    642 32 515 341 700 609 578 
stack 98:    350 33 646 512 742 353 161 
stack 99:    469 70 34 345 223 574 104 
stack 100:    703 50 35 739 661 410 613 
stack 101:    669 460 681 174 346 444 465 
stack 102:    259 606 448 369 313 171 412 
stack 103:    367 573 413 38 633 648 272 
stack 104:    100 414 132 39 596 500 194 
stack 105:    40 300 136 220 83 740 449 
stack 106:    421 165 267 128 304 125 41 
stack 107:    551 327 652 209 691 684 651 
stack 108:    588 365 418 730 576 564 77 
stack 109:    44 279 347 638 625 72 419 
stack 110:    731 717 420 337 318 281 45 
stack 111:    263 552 315 708 686 309 120 
stack 112:    47 509 726 505 422 452 682 
stack 113:    423 483 538 504 211 690 48 
stack 114:    158 133 189 117 254 725 478 
stack 115:    354 233 105 724 178 654 349 
stack 116:    601 293 511 93 541 474 368 
stack 117:    427 230 52 548 748 620 103 
stack 118:    95 204 298 517 292 205 53 
stack 119:    73 264 467 647 247 237 54 
stack 120:    556 86 610 430 221 78 55 
stack 121:    600 196 56 709 745 431 99 
stack 122:    432 716 258 97 75 109 217 
stack 123:    617 131 520 256 127 58 433 
stack 124:    59 434 155 245 268 197 152 
stack 125:    60 119 710 273 167 344 436 
stack 126:    85 461 98 88 151 721 299 
stack 127:    531 122 437 585 176 532 543 
stack 128:    222 81 737 278 607 320 65 
stack 129:    321 464 522 706 603 115 317 

#####################################################

solved with: SP.constructive_heuristics.GeneralHeuristic
time limit: 3600.0 s
time to solve: 0,00 s
objective value: 751757.84

stacks (top to bottom):
stack 0:    697 165 499 253 211 558 549 
stack 1:    611 438 282 411 2 306 156 
stack 2:    445 536 371 728 135 149 78 
stack 3:    182 13 408 555 609 608 63 
stack 4:    180 144 432 206 37 422 693 
stack 5:    131 314 603 405 682 376 109 
stack 6:    369 5 568 212 106 54 589 
stack 7:    111 365 207 529 585 340 269 
stack 8:    547 56 342 279 565 159 103 
stack 9:    622 148 646 6 690 473 152 
stack 10:    231 119 388 749 444 672 715 
stack 11:    649 379 748 170 322 171 507 
stack 12:    280 472 427 42 601 241 179 
stack 13:    562 538 178 375 417 186 524 
stack 14:    122 193 659 461 34 506 92 
stack 15:    60 203 320 110 479 246 333 
stack 16:    703 101 587 290 477 187 494 
stack 17:    383 542 437 208 225 567 393 
stack 18:    266 96 347 677 739 430 487 
stack 19:    528 633 117 610 526 474 53 
stack 20:    502 356 510 162 550 273 344 
stack 21:    519 745 39 215 539 93 621 
stack 22:    81 278 737 345 15 488 194 
stack 23:    652 204 554 66 584 561 734 
stack 24:    508 722 497 548 221 534 161 
stack 25:    239 669 418 209 522 317 176 
stack 26:    736 283 686 658 124 396 613 
stack 27:    351 16 435 201 94 325 493 
stack 28:    559 233 352 743 227 303 605 
stack 29:    126 47 79 374 166 142 45 
stack 30:    600 362 51 629 164 30 20 
stack 31:    731 62 141 147 35 484 261 
stack 32:    702 244 196 219 19 240 574 
stack 33:    415 747 545 732 328 533 721 
stack 34:    664 509 738 698 604 398 173 
stack 35:    76 157 638 318 268 648 478 
stack 36:    443 230 504 471 287 302 11 
stack 37:    442 114 90 517 612 120 121 
stack 38:    143 256 98 684 513 195 254 
stack 39:    59 105 385 687 134 431 586 
stack 40:    235 399 381 498 401 112 217 
stack 41:    705 708 489 69 564 392 169 
stack 42:    723 91 516 377 439 7 465 
stack 43:    44 12 185 198 394 257 578 
stack 44:    495 293 451 450 651 663 130 
stack 45:    571 26 232 228 168 292 632 
stack 46:    424 140 414 420 245 692 583 
stack 47:    597 309 505 296 252 192 577 
stack 48:    616 485 146 468 667 366 670 
stack 49:    160 28 205 701 332 685 557 
stack 50:    404 593 95 520 459 346 425 
stack 51:    222 456 127 364 330 662 312 
stack 52:    523 490 52 132 511 595 183 
stack 53:    423 18 454 199 107 671 518 
stack 54:    288 113 625 289 540 620 237 
stack 55:    642 177 298 361 238 476 532 
stack 56:    503 36 482 707 334 331 541 
stack 57:    202 384 234 706 323 271 410 
stack 58:    359 457 353 624 272 363 1 
stack 59:    354 573 551 372 236 572 77 
stack 60:    675 188 680 553 24 710 436 
stack 61:    552 491 218 673 87 255 725 
stack 62:    9 190 575 695 546 594 644 
stack 63:    264 27 639 224 647 41 4 
stack 64:    434 606 50 580 226 480 82 
stack 65:    544 481 191 133 128 305 49 
stack 66:    350 719 21 403 326 486 653 
stack 67:    335 733 58 220 382 635 277 
stack 68:    150 591 556 735 158 349 249 
stack 69:    428 628 137 569 243 89 397 
stack 70:    38 514 181 115 151 525 301 
stack 71:    327 274 470 730 395 262 71 
stack 72:    263 213 355 40 67 643 104 
stack 73:    145 566 33 455 661 307 512 
stack 74:    717 153 655 86 668 742 656 
stack 75:    537 469 387 602 452 640 657 
stack 76:    634 678 492 419 496 99 310 
stack 77:    214 650 709 88 598 223 596 
stack 78:    535 462 313 391 281 247 294 
stack 79:    744 100 348 699 654 138 449 
stack 80:    216 570 373 43 360 645 102 
stack 81:    527 607 65 260 97 666 623 
stack 82:    458 308 163 300 501 741 299 
stack 83:    464 521 284 560 200 46 689 
stack 84:    80 139 83 357 713 343 368 
stack 85:    696 531 315 406 48 714 172 
stack 86:    297 729 453 619 447 167 592 
stack 87:    367 483 358 338 72 184 446 
stack 88:    676 84 10 711 448 155 700 
stack 89:    588 311 378 681 636 242 154 
stack 90:    73 599 579 409 304 631 29 
stack 91:    276 674 416 291 8 712 665 
stack 92:    614 324 576 726 440 433 543 
stack 93:    32 275 68 727 229 530 55 
stack 94:    389 563 136 515 125 319 615 
stack 95:    718 70 270 210 466 14 637 
stack 96:    617 17 688 380 407 716 286 
stack 97:    463 421 460 285 475 679 118 
stack 98:    626 108 467 61 175 31 630 
stack 99:    413 336 189 704 3 500 660 
stack 100:    85 429 316 402 174 75 64 
stack 101:    265 0 25 426 
stack 102:    259 618 370 339 412 123 740 
stack 103:    694 746 582 720 258 683 23 
stack 104:    724 337 341 197 251 386 
stack 105:    57 74 441 691 390 
stack 106:    250 627 400 22 248 116 129 
stack 107:    295 590 
stack 108:    321 329 
stack 109:    641 
stack 110:    581 
stack 111:    
stack 112:    267 
stack 113:    
stack 114:    
stack 115:    
stack 116:    
stack 117:    
stack 118:    
stack 119:    
stack 120:    
stack 121:    
stack 122:    
stack 123:    
stack 124:    
stack 125:    
stack 126:    
stack 127:    
stack 128:    
stack 129:    
