lower bound for relaxed s_ij: 692250.82

#####################################################

solved with: SP.mip_formulations.BinPackingFormulation
time limit: 3600.0 s
time to solve: 2612,01 s
objective value: 692264.2

stacks (top to bottom):
stack 0:    375 
stack 1:    376 
stack 2:    1 
stack 3:    
stack 4:    
stack 5:    380 
stack 6:    
stack 7:    382 
stack 8:    383 
stack 9:    
stack 10:    10 
stack 11:    
stack 12:    13 
stack 13:    260 549 
stack 14:    326 691 14 389 88 210 490 
stack 15:    276 342 493 306 349 676 79 
stack 16:    275 412 194 391 712 588 577 
stack 17:    541 253 195 514 392 280 193 
stack 18:    556 637 209 279 597 200 18 
stack 19:    236 19 739 337 109 282 573 
stack 20:    81 460 426 122 509 271 230 
stack 21:    441 178 437 668 512 190 323 
stack 22:    314 736 202 328 207 104 333 
stack 23:    543 220 561 134 398 620 450 
stack 24:    716 546 445 642 643 156 468 
stack 25:    585 535 216 42 270 459 332 
stack 26:    331 189 517 639 188 286 634 
stack 27:    559 477 234 92 574 250 587 
stack 28:    75 679 244 184 374 348 30 
stack 29:    120 725 625 684 206 522 208 
stack 30:    531 346 217 150 646 180 405 
stack 31:    32 154 278 239 532 489 93 
stack 32:    407 466 497 329 305 152 312 
stack 33:    510 488 645 462 747 33 545 
stack 34:    733 345 728 726 205 340 232 
stack 35:    562 446 365 516 701 628 77 
stack 36:    41 666 327 135 128 240 82 
stack 37:    508 364 361 283 670 624 722 
stack 38:    413 173 540 501 491 113 290 
stack 39:    632 505 584 569 582 366 241 
stack 40:    67 690 659 369 363 474 40 
stack 41:    213 653 732 518 661 652 640 
stack 42:    707 123 682 506 351 697 131 
stack 43:    731 619 264 655 319 418 245 
stack 44:    565 463 461 124 71 734 673 
stack 45:    740 358 458 542 130 68 744 
stack 46:    567 228 69 700 705 665 641 
stack 47:    95 171 658 677 100 72 649 
stack 48:    360 343 87 448 85 268 571 
stack 49:    689 711 527 576 367 107 432 
stack 50:    50 224 513 699 544 335 116 
stack 51:    560 63 669 536 680 636 229 
stack 52:    708 469 617 352 347 110 743 
stack 53:    478 99 675 311 471 83 265 
stack 54:    187 563 266 315 499 269 492 
stack 55:    538 553 511 735 523 293 598 
stack 56:    479 201 481 225 86 720 183 
stack 57:    284 338 251 252 233 169 160 
stack 58:    681 321 297 439 114 172 196 
stack 59:    494 664 59 558 309 117 127 
stack 60:    674 186 103 357 137 672 507 
stack 61:    76 277 170 165 222 121 73 
stack 62:    304 498 464 595 451 444 148 
stack 63:    139 212 272 656 473 600 604 
stack 64:    685 564 155 457 651 476 503 
stack 65:    0 
stack 66:    
stack 67:    2 
stack 68:    377 3 378 
stack 69:    4 379 
stack 70:    5 6 
stack 71:    381 
stack 72:    7 
stack 73:    8 384 
stack 74:    9 
stack 75:    385 
stack 76:    11 386 387 
stack 77:    12 
stack 78:    255 301 161 742 388 449 484 
stack 79:    529 696 654 442 246 78 39 
stack 80:    390 354 16 204 15 688 22 
stack 81:    454 638 662 322 317 168 34 
stack 82:    344 223 17 583 650 285 211 
stack 83:    174 440 698 118 393 447 27 
stack 84:    635 615 394 438 143 631 687 
stack 85:    20 373 395 530 371 706 626 
stack 86:    533 396 21 142 616 105 520 
stack 87:    601 111 397 218 273 163 243 
stack 88:    590 185 23 487 362 70 609 
stack 89:    550 330 129 144 24 399 709 
stack 90:    495 614 539 603 52 400 25 
stack 91:    401 633 97 409 227 164 26 
stack 92:    158 667 108 594 219 181 402 
stack 93:    112 572 403 692 28 257 552 
stack 94:    683 575 289 29 166 162 404 
stack 95:    621 568 420 80 671 406 336 
stack 96:    153 31 66 515 302 296 199 
stack 97:    480 593 648 714 300 591 579 
stack 98:    370 586 630 91 408 610 623 
stack 99:    132 287 748 295 324 214 554 
stack 100:    35 410 528 299 660 339 524 
stack 101:    238 237 281 36 411 149 138 
stack 102:    483 242 749 74 37 197 177 
stack 103:    496 38 738 334 176 102 453 
stack 104:    465 713 525 294 198 605 414 
stack 105:    415 350 599 359 715 606 372 
stack 106:    416 611 526 320 90 125 555 
stack 107:    368 417 570 310 179 578 140 
stack 108:    43 657 259 89 647 746 115 
stack 109:    589 256 745 44 419 258 119 
stack 110:    45 547 500 235 55 504 101 
stack 111:    421 46 249 723 307 629 470 
stack 112:    147 422 47 537 694 612 203 
stack 113:    313 226 48 443 145 602 423 
stack 114:    49 718 727 424 136 663 254 
stack 115:    291 741 425 730 724 298 192 
stack 116:    427 485 267 262 248 521 51 
stack 117:    428 695 215 719 566 106 84 
stack 118:    191 710 98 534 263 467 53 
stack 119:    429 737 627 557 182 54 261 
stack 120:    308 703 430 608 292 678 316 
stack 121:    618 325 56 159 431 96 141 
stack 122:    580 644 452 721 622 247 57 
stack 123:    729 303 581 146 433 686 58 
stack 124:    704 434 717 167 592 551 64 
stack 125:    126 274 60 94 151 472 435 
stack 126:    436 502 596 288 175 61 482 
stack 127:    475 456 356 341 133 62 221 
stack 128:    65 548 231 519 613 353 607 
stack 129:    693 157 702 318 486 355 455 

#####################################################

solved with: SP.constructive_heuristics.GeneralHeuristic
time limit: 3600.0 s
time to solve: 0,00 s
objective value: 752527.47

stacks (top to bottom):
stack 0:    65 128 664 686 432 555 688 
stack 1:    575 495 81 85 319 435 577 
stack 2:    580 421 217 408 622 694 712 
stack 3:    360 135 526 363 380 725 629 
stack 4:    313 498 425 478 130 249 102 
stack 5:    256 1 448 613 302 323 336 
stack 6:    242 191 528 180 124 265 492 
stack 7:    704 415 563 121 309 499 64 
stack 8:    291 234 83 71 109 524 449 
stack 9:    561 615 747 739 114 558 295 
stack 10:    533 14 496 176 738 239 609 
stack 11:    653 89 322 61 288 687 598 
stack 12:    527 594 646 96 140 678 27 
stack 13:    390 226 538 318 245 722 84 
stack 14:    401 327 145 21 194 12 473 
stack 15:    465 452 565 137 610 660 280 
stack 16:    679 639 595 223 551 208 515 
stack 17:    727 602 392 282 552 697 316 
stack 18:    220 691 632 576 668 292 72 
stack 19:    621 253 567 512 28 348 571 
stack 20:    41 411 149 152 312 154 221 
stack 21:    126 749 267 52 381 438 254 
stack 22:    494 264 501 62 339 104 261 
stack 23:    420 303 294 274 166 240 179 
stack 24:    518 375 346 728 574 372 665 
stack 25:    690 395 596 409 94 190 366 
stack 26:    331 642 36 404 701 379 9 
stack 27:    469 674 281 537 497 579 591 
stack 28:    637 76 311 669 430 599 536 
stack 29:    354 326 147 287 127 476 651 
stack 30:    585 38 11 535 283 359 162 
stack 31:    275 8 60 460 633 481 654 
stack 32:    539 133 675 335 399 504 79 
stack 33:    462 178 167 122 451 206 720 
stack 34:    493 464 443 212 201 367 735 
stack 35:    20 377 69 513 352 160 520 
stack 36:    255 436 357 247 663 119 193 
stack 37:    475 364 389 516 232 423 705 
stack 38:    365 487 608 218 616 229 243 
stack 39:    277 368 548 269 164 649 626 
stack 40:    467 110 700 378 743 636 183 
stack 41:    550 731 45 157 634 554 93 
stack 42:    236 185 373 330 659 426 641 
stack 43:    685 31 170 557 53 271 570 
stack 44:    111 638 388 648 592 66 684 
stack 45:    485 158 456 721 317 612 136 
stack 46:    572 47 560 349 699 278 177 
stack 47:    75 63 477 115 18 116 631 
stack 48:    716 87 655 5 583 268 204 
stack 49:    279 216 419 397 175 207 351 
stack 50:    74 189 123 681 412 502 746 
stack 51:    91 437 315 547 500 486 383 
stack 52:    361 710 677 605 468 169 82 
stack 53:    2 67 40 530 273 393 566 
stack 54:    635 510 517 656 734 163 310 
stack 55:    43 541 696 263 42 424 305 
stack 56:    237 171 29 262 521 24 573 
stack 57:    736 272 398 59 184 125 290 
stack 58:    134 416 403 98 617 306 715 
stack 59:    666 711 369 56 647 118 307 
stack 60:    198 228 645 627 202 347 544 
stack 61:    35 593 155 374 355 503 489 
stack 62:    564 244 17 97 143 148 402 
stack 63:    284 427 488 19 433 540 285 
stack 64:    95 741 644 407 156 730 329 
stack 65:    589 120 519 457 511 214 607 
stack 66:    289 568 10 203 628 387 709 
stack 67:    546 562 658 505 466 606 545 
stack 68:    49 195 614 210 298 652 197 
stack 69:    630 461 219 471 200 26 400 
stack 70:    394 597 670 142 13 650 196 
stack 71:    479 737 581 222 90 117 706 
stack 72:    238 144 270 299 300 459 141 
stack 73:    713 441 225 442 151 748 523 
stack 74:    454 474 742 491 472 37 22 
stack 75:    740 445 205 159 260 584 250 
stack 76:    48 343 161 321 188 172 447 
stack 77:    428 139 325 173 344 439 578 
stack 78:    463 662 549 682 506 211 15 
stack 79:    708 531 224 334 623 230 744 
stack 80:    276 353 33 293 30 101 51 
stack 81:    657 534 99 362 100 714 77 
stack 82:    112 619 187 693 231 702 532 
stack 83:    529 337 384 371 620 624 604 
stack 84:    543 32 186 643 542 490 54 
stack 85:    215 522 382 719 332 333 484 
stack 86:    732 150 248 431 34 70 113 
stack 87:    304 345 440 246 320 257 39 
stack 88:    50 559 422 23 385 600 673 
stack 89:    434 745 146 625 286 55 324 
stack 90:    358 508 726 703 350 182 73 
stack 91:    370 396 723 724 258 640 241 
stack 92:    4 153 132 695 553 676 482 
stack 93:    733 556 586 16 444 58 587 
stack 94:    729 601 618 386 414 233 405 
stack 95:    689 514 717 266 3 417 391 
stack 96:    707 129 611 410 692 227 199 
stack 97:    683 413 174 525 301 86 450 
stack 98:    308 446 718 181 569 57 470 
stack 99:    314 338 251 68 7 582 138 
stack 100:    213 429 88 103 340 406 252 
stack 101:    483 80 661 458 507 192 588 
stack 102:    209 165 107 509 235 6 296 
stack 103:    376 667 108 92 168 106 455 
stack 104:    342 46 698 0 297 78 131 
stack 105:    480 603 680 105 453 
stack 106:    590 671 44 356 328 25 
stack 107:    341 672 
stack 108:    259 
stack 109:    418 
stack 110:    
stack 111:    
stack 112:    
stack 113:    
stack 114:    
stack 115:    
stack 116:    
stack 117:    
stack 118:    
stack 119:    
stack 120:    
stack 121:    
stack 122:    
stack 123:    
stack 124:    
stack 125:    
stack 126:    
stack 127:    
stack 128:    
stack 129:    
