lower bound for relaxed s_ij: 692250.9

#####################################################

solved with: SP.mip_formulations.BinPackingFormulation
time limit: 3600.0 s
time to solve: 2006,54 s
objective value: 692255.78

stacks (top to bottom):
stack 0:    0 
stack 1:    376 
stack 2:    
stack 3:    378 
stack 4:    
stack 5:    5 
stack 6:    6 
stack 7:    
stack 8:    
stack 9:    384 9 
stack 10:    10 
stack 11:    11 386 
stack 12:    13 387 
stack 13:    581 604 
stack 14:    630 462 79 689 115 108 203 
stack 15:    445 712 678 192 260 95 635 
stack 16:    548 522 597 370 647 603 536 
stack 17:    658 261 358 290 232 437 605 
stack 18:    373 206 256 111 430 657 649 
stack 19:    725 573 500 369 436 350 19 
stack 20:    648 395 509 51 549 101 439 
stack 21:    102 640 74 34 735 457 308 
stack 22:    300 744 709 667 530 77 22 
stack 23:    607 118 673 159 113 747 152 
stack 24:    249 125 729 432 178 93 239 
stack 25:    567 527 307 633 346 679 574 
stack 26:    133 60 67 312 134 694 565 
stack 27:    561 547 446 153 492 402 181 
stack 28:    342 91 284 703 669 315 403 
stack 29:    106 523 248 348 289 171 589 
stack 30:    30 279 31 599 325 464 352 
stack 31:    282 438 497 226 687 229 459 
stack 32:    627 304 104 583 225 135 32 
stack 33:    298 654 441 409 124 590 412 
stack 34:    201 460 236 655 558 212 533 
stack 35:    443 540 266 184 582 450 468 
stack 36:    411 214 112 488 534 478 337 
stack 37:    493 580 451 288 285 268 495 
stack 38:    576 498 626 143 340 283 600 
stack 39:    539 173 70 449 317 456 281 
stack 40:    253 645 681 368 40 121 138 
stack 41:    713 524 680 541 513 602 223 
stack 42:    123 417 663 286 131 598 209 
stack 43:    622 701 691 720 482 715 485 
stack 44:    559 560 671 519 466 668 136 
stack 45:    619 361 749 502 494 521 277 
stack 46:    736 595 507 442 130 516 174 
stack 47:    727 612 59 717 661 422 551 
stack 48:    707 217 155 374 511 479 564 
stack 49:    577 624 80 49 484 454 187 
stack 50:    425 50 618 273 732 588 685 
stack 51:    465 613 330 474 258 204 481 
stack 52:    238 243 629 194 220 351 165 
stack 53:    467 274 182 100 702 53 336 
stack 54:    659 578 306 684 339 329 320 
stack 55:    313 695 291 55 202 66 704 
stack 56:    431 344 335 473 333 126 483 
stack 57:    299 596 269 75 64 693 196 
stack 58:    632 433 625 207 199 470 543 
stack 59:    227 211 609 742 331 186 555 
stack 60:    360 191 435 85 542 711 287 
stack 61:    169 292 301 257 611 72 270 
stack 62:    722 621 235 718 234 190 116 
stack 63:    653 63 677 176 575 69 149 
stack 64:    529 662 664 440 280 501 110 
stack 65:    375 
stack 66:    1 
stack 67:    2 377 
stack 68:    3 
stack 69:    379 
stack 70:    380 4 
stack 71:    381 
stack 72:    382 7 
stack 73:    8 383 
stack 74:    
stack 75:    
stack 76:    385 
stack 77:    12 
stack 78:    319 388 347 148 724 570 65 
stack 79:    528 389 345 14 170 696 571 
stack 80:    230 142 390 362 743 208 15 
stack 81:    359 16 512 391 646 366 145 
stack 82:    17 733 606 532 392 89 546 
stack 83:    740 197 739 210 682 393 18 
stack 84:    394 475 84 303 247 688 163 
stack 85:    20 122 119 27 641 510 616 
stack 86:    396 660 585 35 21 175 538 
stack 87:    656 397 591 228 103 503 690 
stack 88:    490 158 730 455 357 23 398 
stack 89:    476 545 515 556 294 399 24 
stack 90:    109 400 295 514 452 90 25 
stack 91:    617 237 738 562 71 401 26 
stack 92:    271 461 56 620 447 404 117 
stack 93:    592 469 311 723 28 180 334 
stack 94:    29 458 185 322 636 608 326 
stack 95:    405 526 193 213 156 638 628 
stack 96:    259 160 305 615 406 491 314 
stack 97:    652 579 365 553 246 407 162 
stack 98:    219 33 408 670 531 166 665 
stack 99:    132 252 716 610 489 499 480 
stack 100:    107 505 748 568 410 341 189 
stack 101:    97 444 275 614 666 557 36 
stack 102:    87 255 92 569 413 37 554 
stack 103:    318 38 552 506 354 486 297 
stack 104:    414 39 719 525 323 264 364 
stack 105:    416 415 363 120 721 263 195 
stack 106:    150 634 644 550 643 631 41 
stack 107:    372 99 544 517 42 686 697 
stack 108:    418 43 328 272 535 356 244 
stack 109:    139 254 637 57 429 419 44 
stack 110:    371 420 45 650 353 675 151 
stack 111:    421 296 105 222 88 46 168 
stack 112:    477 601 68 423 129 47 76 
stack 113:    78 48 737 594 241 642 714 
stack 114:    233 146 73 343 242 98 424 
stack 115:    114 144 741 676 205 200 706 
stack 116:    310 572 177 265 81 426 179 
stack 117:    427 651 700 728 240 708 52 
stack 118:    746 463 327 267 428 639 472 
stack 119:    566 355 54 183 94 698 332 
stack 120:    683 692 172 324 251 231 82 
stack 121:    367 245 188 216 674 224 672 
stack 122:    593 96 586 58 705 699 157 
stack 123:    518 127 487 128 278 218 508 
stack 124:    710 434 137 726 321 520 309 
stack 125:    587 584 262 623 221 140 745 
stack 126:    276 164 161 302 61 349 250 
stack 127:    338 734 453 62 471 316 83 
stack 128:    293 86 504 215 141 198 448 
stack 129:    496 563 731 167 147 537 154 

#####################################################

solved with: SP.constructive_heuristics.GeneralHeuristic
time limit: 3600.0 s
time to solve: 0,00 s
objective value: 752600.2

stacks (top to bottom):
stack 0:    291 184 145 21 116 297 239 
stack 1:    461 102 730 18 196 35 180 
stack 2:    579 38 13 60 474 692 501 
stack 3:    300 206 236 460 376 554 264 
stack 4:    490 707 662 620 447 511 674 
stack 5:    528 523 370 153 492 15 41 
stack 6:    530 118 133 27 94 288 485 
stack 7:    369 185 61 215 46 543 334 
stack 8:    170 453 449 407 95 536 745 
stack 9:    227 736 128 487 278 557 356 
stack 10:    435 64 149 429 152 220 676 
stack 11:    14 667 159 656 31 183 698 
stack 12:    648 632 261 651 441 247 82 
stack 13:    375 193 23 39 604 732 537 
stack 14:    276 739 733 687 534 166 694 
stack 15:    310 421 476 129 737 586 62 
stack 16:    727 213 702 728 101 316 179 
stack 17:    630 290 418 411 47 721 52 
stack 18:    161 176 689 503 175 735 564 
stack 19:    169 371 622 748 258 743 594 
stack 20:    367 444 19 520 516 419 690 
stack 21:    465 243 51 711 571 277 688 
stack 22:    578 342 552 463 354 115 163 
stack 23:    311 54 273 599 550 705 387 
stack 24:    211 394 619 144 519 642 281 
stack 25:    562 79 512 716 660 25 484 
stack 26:    20 497 181 22 147 399 605 
stack 27:    245 237 477 695 202 633 508 
stack 28:    617 436 78 345 427 43 535 
stack 29:    249 710 506 726 675 448 665 
stack 30:    431 722 188 216 224 336 209 
stack 31:    498 559 626 324 466 24 598 
stack 32:    63 9 40 346 483 603 364 
stack 33:    592 561 182 744 100 611 386 
stack 34:    132 678 522 362 654 285 110 
stack 35:    207 111 256 174 286 704 326 
stack 36:    609 59 248 10 693 315 480 
stack 37:    713 742 513 329 321 168 212 
stack 38:    469 433 680 148 532 381 251 
stack 39:    385 283 568 440 741 117 189 
stack 40:    299 696 669 3 120 229 4 
stack 41:    553 167 347 328 628 263 6 
stack 42:    106 505 577 177 124 479 439 
stack 43:    372 253 526 639 437 588 641 
stack 44:    416 158 684 596 333 488 657 
stack 45:    400 86 663 186 514 442 26 
stack 46:    164 540 614 156 602 499 636 
stack 47:    581 142 96 723 242 134 649 
stack 48:    306 740 615 301 621 268 560 
stack 49:    529 271 494 5 140 377 574 
stack 50:    191 68 712 644 70 718 525 
stack 51:    230 717 569 284 69 98 549 
stack 52:    8 417 518 458 88 93 323 
stack 53:    255 567 563 517 729 432 287 
stack 54:    541 267 610 66 112 719 314 
stack 55:    282 593 624 475 81 136 481 
stack 56:    587 197 122 539 84 412 162 
stack 57:    279 257 637 80 34 670 459 
stack 58:    29 252 71 507 130 53 36 
stack 59:    275 295 339 37 322 558 187 
stack 60:    219 259 572 303 715 12 706 
stack 61:    576 217 701 143 225 409 600 
stack 62:    405 545 335 661 731 401 406 
stack 63:    139 135 208 262 332 221 410 
stack 64:    384 659 359 16 515 650 195 
stack 65:    233 524 434 49 89 531 565 
stack 66:    318 493 338 307 194 203 341 
stack 67:    612 544 289 703 366 398 131 
stack 68:    123 573 360 313 173 340 157 
stack 69:    500 192 260 623 714 426 495 
stack 70:    109 414 238 446 542 32 685 
stack 71:    97 302 218 272 198 151 351 
stack 72:    496 348 402 312 231 538 250 
stack 73:    50 455 246 113 613 317 337 
stack 74:    87 653 682 304 234 631 244 
stack 75:    17 709 467 75 582 309 424 
stack 76:    734 361 749 374 83 200 672 
stack 77:    0 547 344 597 556 643 352 
stack 78:    266 137 527 413 666 450 90 
stack 79:    443 92 296 73 42 591 403 
stack 80:    601 2 67 204 72 383 457 
stack 81:    425 627 56 395 393 294 165 
stack 82:    652 445 420 583 119 45 668 
stack 83:    373 199 104 482 270 7 190 
stack 84:    746 85 378 724 629 422 65 
stack 85:    607 691 664 404 671 635 616 
stack 86:    380 504 127 452 486 44 533 
stack 87:    725 114 415 325 430 472 589 
stack 88:    146 438 585 214 464 510 308 
stack 89:    155 241 451 408 720 491 679 
stack 90:    91 391 269 575 747 708 223 
stack 91:    548 99 658 125 274 55 590 
stack 92:    107 292 48 330 228 28 108 
stack 93:    293 105 331 470 697 638 320 
stack 94:    379 222 121 141 608 454 349 
stack 95:    11 201 343 473 489 178 551 
stack 96:    160 30 502 699 154 478 555 
stack 97:    350 298 566 355 226 700 171 
stack 98:    319 389 580 640 235 280 205 
stack 99:    683 1 172 456 265 76 546 
stack 100:    150 365 210 634 673 397 570 
stack 101:    396 462 738 645 686 468 655 
stack 102:    595 368 327 388 126 382 471 
stack 103:    358 423 390 254 77 618 74 
stack 104:    584 428 647 232 103 392 240 
stack 105:    625 33 646 681 606 363 
stack 106:    305 357 57 
stack 107:    58 
stack 108:    677 509 353 138 
stack 109:    521 
stack 110:    
stack 111:    
stack 112:    
stack 113:    
stack 114:    
stack 115:    
stack 116:    
stack 117:    
stack 118:    
stack 119:    
stack 120:    
stack 121:    
stack 122:    
stack 123:    
stack 124:    
stack 125:    
stack 126:    
stack 127:    
stack 128:    
stack 129:    
