lower bound for relaxed s_ij: 692253.26

#####################################################

solved with: SP.mip_formulations.BinPackingFormulation
time limit: 3600.0 s
time to solve: 1952,26 s
objective value: 692259.32

stacks (top to bottom):
stack 0:    
stack 1:    1 
stack 2:    
stack 3:    3 2 
stack 4:    
stack 5:    5 
stack 6:    
stack 7:    
stack 8:    8 
stack 9:    
stack 10:    
stack 11:    
stack 12:    387 
stack 13:    723 13 
stack 14:    611 371 460 528 476 389 527 
stack 15:    63 710 507 70 39 707 653 
stack 16:    686 391 680 656 547 482 182 
stack 17:    261 244 742 173 88 506 80 
stack 18:    539 498 604 310 294 18 667 
stack 19:    620 610 552 212 326 260 19 
stack 20:    571 638 254 204 72 20 309 
stack 21:    704 85 161 731 694 239 556 
stack 22:    725 695 308 296 702 22 211 
stack 23:    112 192 172 168 470 676 238 
stack 24:    538 205 530 536 690 136 445 
stack 25:    300 724 669 454 646 565 403 
stack 26:    567 455 262 234 517 462 190 
stack 27:    339 160 180 28 27 353 714 
stack 28:    30 271 119 581 433 287 370 
stack 29:    404 658 503 258 331 650 577 
stack 30:    448 246 405 334 242 316 115 
stack 31:    69 662 717 675 406 31 647 
stack 32:    144 407 563 543 343 90 257 
stack 33:    125 37 665 332 213 468 440 
stack 34:    623 589 621 409 117 82 561 
stack 35:    595 585 36 307 83 596 605 
stack 36:    582 411 107 499 297 417 648 
stack 37:    491 671 495 601 194 587 487 
stack 38:    564 584 325 684 588 593 535 
stack 39:    359 668 478 466 175 280 502 
stack 40:    458 480 500 350 641 461 303 
stack 41:    516 336 272 721 652 637 68 
stack 42:    738 559 679 715 49 700 741 
stack 43:    732 730 722 98 84 626 45 
stack 44:    703 697 514 706 705 65 639 
stack 45:    140 149 94 711 342 104 130 
stack 46:    78 674 670 524 340 95 372 
stack 47:    124 607 158 77 302 87 422 
stack 48:    583 555 630 423 48 292 250 
stack 49:    424 146 701 363 645 737 106 
stack 50:    727 66 228 659 128 337 687 
stack 51:    566 358 745 578 426 264 245 
stack 52:    600 485 312 241 197 746 159 
stack 53:    266 579 330 223 79 313 55 
stack 54:    490 255 592 354 208 512 86 
stack 55:    185 91 235 142 362 693 348 
stack 56:    135 699 696 229 108 265 252 
stack 57:    698 609 432 96 221 740 57 
stack 58:    174 365 489 219 718 548 613 
stack 59:    616 240 501 304 521 513 286 
stack 60:    692 688 222 152 256 344 183 
stack 61:    288 590 153 109 736 553 131 
stack 62:    230 329 672 364 479 181 165 
stack 63:    355 520 76 657 663 570 102 
stack 64:    324 269 139 518 253 708 580 
stack 65:    375 0 
stack 66:    376 
stack 67:    377 
stack 68:    378 
stack 69:    379 4 
stack 70:    6 
stack 71:    380 381 
stack 72:    382 7 
stack 73:    9 383 
stack 74:    384 
stack 75:    10 385 
stack 76:    386 
stack 77:    388 12 11 
stack 78:    484 726 171 709 576 176 356 
stack 79:    178 537 179 116 113 15 14 
stack 80:    335 93 390 121 471 361 143 
stack 81:    16 598 338 277 493 734 299 
stack 82:    392 291 38 622 475 529 17 
stack 83:    71 394 210 393 494 151 216 
stack 84:    263 177 127 635 549 373 191 
stack 85:    279 634 614 126 449 395 351 
stack 86:    196 748 459 396 615 533 21 
stack 87:    132 184 270 397 74 664 164 
stack 88:    606 170 110 398 544 23 273 
stack 89:    225 399 24 134 562 227 199 
stack 90:    401 632 400 25 220 202 103 
stack 91:    275 446 233 345 92 105 26 
stack 92:    654 284 327 572 451 206 402 
stack 93:    554 442 156 441 29 629 268 
stack 94:    120 504 574 349 187 733 295 
stack 95:    276 677 558 505 247 166 357 
stack 96:    453 492 560 720 666 147 649 
stack 97:    534 249 209 259 457 33 32 
stack 98:    321 618 251 597 416 541 408 
stack 99:    419 278 281 477 315 189 34 
stack 100:    35 719 685 374 283 203 410 
stack 101:    511 320 305 660 545 573 522 
stack 102:    640 542 412 464 290 155 150 
stack 103:    413 628 311 285 739 248 207 
stack 104:    414 526 323 133 439 497 633 
stack 105:    655 749 40 691 509 415 450 
stack 106:    41 617 188 636 42 624 627 
stack 107:    743 716 568 43 744 747 444 
stack 108:    267 169 100 418 111 352 114 
stack 109:    467 322 728 681 469 44 603 
stack 110:    186 420 157 75 60 118 683 
stack 111:    557 237 129 64 148 46 421 
stack 112:    735 47 314 346 712 619 546 
stack 113:    488 141 137 97 328 122 195 
stack 114:    89 360 644 474 643 427 661 
stack 115:    50 123 367 232 224 51 425 
stack 116:    218 368 586 73 463 347 163 
stack 117:    243 465 138 67 81 52 293 
stack 118:    428 569 298 53 689 532 306 
stack 119:    198 551 673 429 642 193 54 
stack 120:    452 550 510 201 430 226 713 
stack 121:    431 301 101 369 274 631 56 
stack 122:    594 447 366 289 215 591 282 
stack 123:    58 473 456 333 486 625 531 
stack 124:    682 341 59 729 612 515 434 
stack 125:    231 540 443 236 602 436 435 
stack 126:    483 481 472 145 217 61 525 
stack 127:    99 438 437 62 496 167 214 
stack 128:    599 678 508 608 200 319 317 
stack 129:    575 651 162 154 519 523 318 

#####################################################

solved with: SP.constructive_heuristics.GeneralHeuristic
time limit: 3600.0 s
time to solve: 0,00 s
objective value: 748806.65

stacks (top to bottom):
stack 0:    448 335 528 344 505 684 425 
stack 1:    467 738 496 39 625 5 227 
stack 2:    124 611 476 128 439 641 21 
stack 3:    196 129 499 429 176 642 351 
stack 4:    698 392 678 668 94 541 412 
stack 5:    589 452 180 729 228 661 273 
stack 6:    681 229 18 705 450 74 163 
stack 7:    571 560 536 720 0 663 193 
stack 8:    78 325 153 192 666 105 202 
stack 9:    748 10 235 622 690 596 482 
stack 10:    231 618 160 76 516 508 248 
stack 11:    382 205 460 484 548 311 734 
stack 12:    442 275 49 398 188 306 56 
stack 13:    485 341 592 472 166 649 23 
stack 14:    365 396 148 7 51 111 464 
stack 15:    326 305 242 565 220 545 309 
stack 16:    185 716 112 503 101 737 601 
stack 17:    358 745 609 638 72 82 435 
stack 18:    89 333 447 632 665 213 415 
stack 19:    538 36 98 432 718 648 656 
stack 20:    662 735 478 295 637 216 182 
stack 21:    91 578 671 542 292 471 714 
stack 22:    249 749 262 397 29 70 224 
stack 23:    696 332 518 12 265 708 65 
stack 24:    564 569 401 59 251 383 200 
stack 25:    655 137 169 269 60 95 55 
stack 26:    279 458 719 33 32 605 525 
stack 27:    459 84 533 47 285 280 570 
stack 28:    284 135 723 195 646 667 317 
stack 29:    50 219 449 362 348 165 444 
stack 30:    71 300 172 234 46 57 155 
stack 31:    539 236 419 526 417 462 664 
stack 32:    132 388 355 520 466 527 713 
stack 33:    575 179 550 281 354 740 535 
stack 34:    288 465 411 168 486 68 445 
stack 35:    6 386 329 688 278 126 190 
stack 36:    621 491 640 651 1 477 393 
stack 37:    540 428 604 127 35 700 11 
stack 38:    58 630 140 181 626 712 17 
stack 39:    298 557 635 510 481 702 502 
stack 40:    266 16 125 703 13 427 14 
stack 41:    394 406 501 675 512 342 593 
stack 42:    594 85 371 28 549 515 286 
stack 43:    62 97 584 67 551 81 27 
stack 44:    37 607 43 77 301 203 264 
stack 45:    99 614 364 277 544 546 8 
stack 46:    620 263 615 183 493 103 556 
stack 47:    437 697 454 660 368 706 524 
stack 48:    692 384 701 418 268 403 319 
stack 49:    610 567 399 413 48 272 189 
stack 50:    679 330 223 669 724 214 90 
stack 51:    259 24 121 658 400 588 547 
stack 52:    69 178 146 297 744 441 34 
stack 53:    695 270 66 256 430 461 381 
stack 54:    483 255 537 152 722 624 580 
stack 55:    225 324 498 699 372 587 577 
stack 56:    123 514 233 582 674 426 199 
stack 57:    423 359 657 521 608 318 54 
stack 58:    488 473 41 456 260 194 2 
stack 59:    414 507 710 636 689 134 613 
stack 60:    511 438 93 258 363 283 440 
stack 61:    704 672 187 489 247 191 434 
stack 62:    606 599 616 240 416 562 647 
stack 63:    725 554 154 519 523 115 683 
stack 64:    376 367 64 147 92 532 529 
stack 65:    379 156 420 644 670 20 676 
stack 66:    380 404 375 645 3 463 257 
stack 67:    728 204 38 338 282 377 118 
stack 68:    327 579 122 334 405 563 150 
stack 69:    184 730 201 558 314 693 104 
stack 70:    107 261 289 653 591 731 494 
stack 71:    424 436 73 586 347 106 627 
stack 72:    209 469 331 691 117 19 26 
stack 73:    186 360 44 108 343 370 290 
stack 74:    322 590 244 4 171 143 80 
stack 75:    717 686 133 479 221 337 86 
stack 76:    79 374 385 747 239 299 739 
stack 77:    296 307 612 597 652 22 711 
stack 78:    9 378 271 453 643 561 573 
stack 79:    141 177 276 732 208 395 633 
stack 80:    677 87 470 136 410 402 694 
stack 81:    158 113 369 159 114 422 102 
stack 82:    654 572 629 161 673 553 356 
stack 83:    218 75 42 238 543 522 487 
stack 84:    212 119 585 602 313 52 576 
stack 85:    490 162 145 500 315 303 346 
stack 86:    583 142 530 323 389 408 357 
stack 87:    100 173 302 274 726 316 211 
stack 88:    321 600 431 339 391 175 304 
stack 89:    267 451 407 517 215 167 421 
stack 90:    443 198 574 531 287 226 250 
stack 91:    170 446 232 390 254 340 130 
stack 92:    552 566 474 320 157 509 650 
stack 93:    30 559 40 253 603 164 252 
stack 94:    138 206 409 25 475 741 619 
stack 95:    568 492 742 109 598 361 513 
stack 96:    310 634 222 349 682 116 687 
stack 97:    120 312 495 387 336 31 352 
stack 98:    308 139 736 707 83 709 639 
stack 99:    243 504 230 53 468 245 131 
stack 100:    623 595 174 246 727 96 497 
stack 101:    294 480 373 241 433 746 207 
stack 102:    110 237 63 457 293 353 631 
stack 103:    144 534 328 
stack 104:    743 715 455 345 581 15 151 
stack 105:    659 210 733 217 350 628 149 
stack 106:    555 197 88 506 680 
stack 107:    61 45 
stack 108:    721 
stack 109:    617 366 685 
stack 110:    291 
stack 111:    
stack 112:    
stack 113:    
stack 114:    
stack 115:    
stack 116:    
stack 117:    
stack 118:    
stack 119:    
stack 120:    
stack 121:    
stack 122:    
stack 123:    
stack 124:    
stack 125:    
stack 126:    
stack 127:    
stack 128:    
stack 129:    
