lower bound for relaxed s_ij: 692239.96

#####################################################

solved with: SP.mip_formulations.BinPackingFormulation
time limit: 3600.0 s
time to solve: 1675,19 s
objective value: 692250.9

stacks (top to bottom):
stack 0:    0 
stack 1:    
stack 2:    377 
stack 3:    
stack 4:    379 
stack 5:    
stack 6:    6 
stack 7:    7 
stack 8:    
stack 9:    9 
stack 10:    10 
stack 11:    11 
stack 12:    387 
stack 13:    388 239 314 
stack 14:    502 303 127 717 107 65 14 
stack 15:    608 452 540 243 155 658 578 
stack 16:    677 176 696 280 539 129 337 
stack 17:    174 556 476 309 341 557 392 
stack 18:    332 316 216 336 321 581 537 
stack 19:    268 394 635 480 637 430 75 
stack 20:    20 598 229 547 313 286 366 
stack 21:    215 198 601 396 220 354 683 
stack 22:    22 584 246 368 703 632 183 
stack 23:    652 609 429 290 355 656 318 
stack 24:    117 24 225 650 84 302 266 
stack 25:    282 572 741 618 25 122 559 
stack 26:    679 26 611 226 343 78 689 
stack 27:    356 224 161 154 85 333 172 
stack 28:    633 120 144 108 160 509 28 
stack 29:    263 87 237 170 492 295 729 
stack 30:    708 359 119 30 190 453 60 
stack 31:    236 186 450 427 187 299 152 
stack 32:    173 640 473 348 164 329 327 
stack 33:    69 349 363 345 571 552 88 
stack 34:    97 587 222 499 223 520 34 
stack 35:    505 292 527 438 338 35 134 
stack 36:    588 486 544 671 629 307 269 
stack 37:    150 653 642 441 645 114 145 
stack 38:    738 591 455 660 574 463 276 
stack 39:    506 265 654 193 291 370 95 
stack 40:    675 541 634 484 445 197 77 
stack 41:    105 723 531 104 577 339 112 
stack 42:    728 563 550 124 549 548 315 
stack 43:    681 651 726 680 177 648 700 
stack 44:    573 668 630 551 676 623 419 
stack 45:    664 296 208 278 199 693 566 
stack 46:    106 744 273 508 306 251 421 
stack 47:    371 482 214 422 592 457 227 
stack 48:    727 55 48 739 423 116 610 
stack 49:    235 49 590 562 219 485 100 
stack 50:    643 526 524 692 57 426 504 
stack 51:    487 674 311 166 128 139 736 
stack 52:    567 564 364 102 570 518 53 
stack 53:    655 374 694 346 460 521 575 
stack 54:    126 714 137 54 469 599 667 
stack 55:    448 242 636 308 323 305 136 
stack 56:    63 661 446 71 56 249 182 
stack 57:    111 447 232 745 324 210 245 
stack 58:    720 522 351 490 440 86 713 
stack 59:    507 344 330 196 579 471 206 
stack 60:    204 158 94 125 284 261 277 
stack 61:    597 252 61 294 733 270 475 
stack 62:    373 715 719 91 533 707 231 
stack 63:    595 616 496 622 695 456 535 
stack 64:    287 347 532 79 558 580 264 
stack 65:    375 
stack 66:    376 1 
stack 67:    2 
stack 68:    3 
stack 69:    378 4 380 
stack 70:    5 
stack 71:    381 
stack 72:    382 
stack 73:    8 383 
stack 74:    384 
stack 75:    385 
stack 76:    12 386 
stack 77:    
stack 78:    13 213 553 503 156 148 211 
stack 79:    672 255 217 285 465 443 389 
stack 80:    390 260 15 64 497 312 202 
stack 81:    644 690 319 483 16 391 393 
stack 82:    17 244 606 514 254 169 638 
stack 83:    310 221 335 109 18 352 162 
stack 84:    19 495 130 730 275 538 470 
stack 85:    358 395 481 451 233 361 247 
stack 86:    397 614 536 472 716 493 21 
stack 87:    555 115 724 289 613 248 663 
stack 88:    23 153 279 362 688 212 398 
stack 89:    659 474 297 619 283 281 399 
stack 90:    560 697 272 92 400 468 691 
stack 91:    228 682 141 203 678 435 401 
stack 92:    511 207 617 402 80 27 743 
stack 93:    439 461 123 734 687 403 372 
stack 94:    404 627 513 241 72 293 29 
stack 95:    442 317 218 256 662 405 101 
stack 96:    545 466 259 76 437 31 406 
stack 97:    32 596 546 407 605 142 240 
stack 98:    418 304 234 408 250 33 604 
stack 99:    669 554 367 298 230 67 409 
stack 100:    500 205 742 135 140 36 410 
stack 101:    411 99 529 175 98 747 185 
stack 102:    711 657 42 412 365 37 444 
stack 103:    698 488 748 735 478 413 38 
stack 104:    39 709 414 271 253 181 528 
stack 105:    731 258 74 530 516 415 40 
stack 106:    41 416 725 631 494 479 464 
stack 107:    200 300 417 159 615 543 519 
stack 108:    43 143 131 685 454 157 146 
stack 109:    740 626 491 686 44 510 201 
stack 110:    274 649 621 350 328 45 420 
stack 111:    151 133 628 523 46 607 582 
stack 112:    534 525 576 168 721 517 47 
stack 113:    90 353 93 83 600 81 96 
stack 114:    712 699 710 70 701 103 424 
stack 115:    334 50 501 489 62 113 425 
stack 116:    431 288 171 51 262 322 569 
stack 117:    625 666 52 180 565 178 189 
stack 118:    593 149 132 428 462 301 121 
stack 119:    718 238 163 612 459 706 82 
stack 120:    320 646 542 585 737 684 732 
stack 121:    138 594 467 194 188 641 561 
stack 122:    498 477 432 458 165 749 702 
stack 123:    433 326 209 58 331 665 167 
stack 124:    267 342 512 583 73 59 434 
stack 125:    673 449 722 192 179 670 568 
stack 126:    357 436 325 360 257 602 746 
stack 127:    704 639 603 586 340 195 589 
stack 128:    118 369 647 110 68 66 89 
stack 129:    705 624 191 184 147 515 620 

#####################################################

solved with: SP.constructive_heuristics.GeneralHeuristic
time limit: 3600.0 s
time to solve: 0,00 s
objective value: 754278.82

stacks (top to bottom):
stack 0:    727 223 340 491 46 219 578 
stack 1:    738 132 357 557 501 324 480 
stack 2:    573 17 345 7 648 47 667 
stack 3:    263 129 253 497 210 327 352 
stack 4:    140 320 467 270 535 53 575 
stack 5:    127 213 268 701 211 539 475 
stack 6:    117 118 279 724 369 128 182 
stack 7:    69 349 346 611 35 364 577 
stack 8:    596 330 50 639 529 544 533 
stack 9:    252 481 4 415 142 638 565 
stack 10:    97 218 594 562 660 202 172 
stack 11:    715 499 472 420 220 685 239 
stack 12:    326 659 661 187 168 73 518 
stack 13:    217 644 452 554 156 386 445 
stack 14:    119 395 496 175 389 469 707 
stack 15:    273 486 662 34 5 504 100 
stack 16:    526 490 149 288 547 167 570 
stack 17:    633 429 473 431 58 331 134 
stack 18:    668 76 540 104 607 146 444 
stack 19:    488 704 24 257 423 739 519 
stack 20:    502 86 144 634 323 460 509 
stack 21:    744 679 198 241 141 422 206 
stack 22:    705 664 553 130 408 435 623 
stack 23:    334 411 613 663 702 537 510 
stack 24:    351 439 513 72 564 121 380 
stack 25:    260 616 325 301 333 64 521 
stack 26:    106 123 542 43 194 426 406 
stack 27:    356 586 622 66 225 629 377 
stack 28:    397 348 530 436 249 246 84 
stack 29:    433 374 93 278 77 299 343 
stack 30:    65 595 603 692 165 584 454 
stack 31:    176 99 709 748 85 55 548 
stack 32:    711 461 311 196 654 631 424 
stack 33:    437 70 79 458 484 81 195 
stack 34:    32 593 726 208 385 201 231 
stack 35:    560 173 567 42 665 136 401 
stack 36:    15 609 394 109 38 725 314 
stack 37:    376 300 506 734 22 178 599 
stack 38:    282 236 630 199 571 713 453 
stack 39:    272 163 745 456 372 269 615 
stack 40:    233 447 232 89 585 354 683 
stack 41:    432 450 503 234 297 31 425 
stack 42:    135 723 8 203 154 271 684 
stack 43:    708 39 508 612 716 494 410 
stack 44:    13 94 309 443 735 113 21 
stack 45:    258 184 474 462 293 531 98 
stack 46:    527 438 344 67 478 574 162 
stack 47:    12 382 103 730 45 247 689 
stack 48:    717 387 721 112 517 632 485 
stack 49:    204 347 624 186 25 108 197 
stack 50:    267 451 455 110 493 181 732 
stack 51:    482 417 416 405 277 579 729 
stack 52:    511 228 572 694 365 693 339 
stack 53:    126 61 523 342 237 88 703 
stack 54:    19 68 647 396 722 9 145 
stack 55:    153 221 697 375 538 514 40 
stack 56:    525 261 581 381 254 430 561 
stack 57:    378 520 6 131 403 399 543 
stack 58:    214 251 388 188 645 568 189 
stack 59:    608 712 283 483 749 16 244 
stack 60:    669 115 407 402 224 161 688 
stack 61:    207 597 296 92 696 294 441 
stack 62:    242 177 558 319 360 18 116 
stack 63:    657 166 48 414 602 262 329 
stack 64:    133 446 512 495 532 569 315 
stack 65:    588 124 11 392 307 159 370 
stack 66:    545 259 30 56 216 266 227 
stack 67:    404 125 674 740 36 27 582 
stack 68:    550 621 583 515 419 610 37 
stack 69:    158 591 215 275 336 736 183 
stack 70:    63 628 71 690 549 75 180 
stack 71:    74 680 427 551 122 676 479 
stack 72:    287 120 652 741 618 83 440 
stack 73:    728 111 306 54 49 590 95 
stack 74:    274 230 362 718 62 192 114 
stack 75:    359 23 666 57 193 650 302 
stack 76:    536 379 678 51 313 457 434 
stack 77:    304 243 605 164 312 295 589 
stack 78:    105 698 576 625 546 620 101 
stack 79:    222 150 256 41 719 44 641 
stack 80:    687 671 80 413 470 393 743 
stack 81:    151 655 507 107 428 600 102 
stack 82:    358 556 643 332 524 52 383 
stack 83:    487 367 3 580 190 552 160 
stack 84:    640 466 699 26 355 33 82 
stack 85:    390 477 710 598 361 96 28 
stack 86:    338 682 310 285 695 686 528 
stack 87:    714 673 248 635 606 185 337 
stack 88:    174 720 742 265 700 691 78 
stack 89:    205 636 656 619 10 240 157 
stack 90:    677 209 555 147 400 308 29 
stack 91:    373 476 255 418 290 363 464 
stack 92:    500 341 229 321 171 592 604 
stack 93:    317 465 653 409 143 737 670 
stack 94:    505 2 731 541 335 155 152 
stack 95:    442 371 280 289 626 212 366 
stack 96:    617 651 316 14 226 264 468 
stack 97:    587 200 137 398 747 746 59 
stack 98:    627 148 170 516 281 250 492 
stack 99:    649 1 0 601 463 459 276 
stack 100:    675 498 90 353 566 559 305 
stack 101:    522 672 298 350 291 179 471 
stack 102:    292 448 238 328 91 733 421 
stack 103:    138 534 563 489 642 322 637 
stack 104:    303 87 191 614 384 391 318 
stack 105:    681 412 60 
stack 106:    449 245 706 
stack 107:    646 235 
stack 108:    284 139 658 169 368 
stack 109:    20 286 
stack 110:    
stack 111:    
stack 112:    
stack 113:    
stack 114:    
stack 115:    
stack 116:    
stack 117:    
stack 118:    
stack 119:    
stack 120:    
stack 121:    
stack 122:    
stack 123:    
stack 124:    
stack 125:    
stack 126:    
stack 127:    
stack 128:    
stack 129:    
