lower bound for relaxed s_ij: 692266.64

#####################################################

solved with: SP.mip_formulations.BinPackingFormulation
time limit: 3600.0 s
time to solve: 2586,97 s
objective value: 692275.14

stacks (top to bottom):
stack 0:    375 
stack 1:    
stack 2:    2 
stack 3:    4 378 
stack 4:    
stack 5:    
stack 6:    6 381 
stack 7:    383 
stack 8:    
stack 9:    
stack 10:    385 
stack 11:    11 
stack 12:    12 
stack 13:    16 629 
stack 14:    268 570 151 14 287 357 634 
stack 15:    347 207 724 303 711 201 22 
stack 16:    458 577 108 622 538 222 235 
stack 17:    523 295 266 365 445 77 395 
stack 18:    114 583 550 483 75 393 682 
stack 19:    141 91 296 190 110 196 260 
stack 20:    93 74 500 277 323 628 469 
stack 21:    737 166 569 472 598 444 159 
stack 22:    654 576 441 327 262 501 161 
stack 23:    498 494 96 157 106 537 671 
stack 24:    534 486 636 328 649 575 418 
stack 25:    402 703 343 640 503 706 335 
stack 26:    700 544 482 638 361 401 26 
stack 27:    27 720 264 213 679 509 206 
stack 28:    728 492 305 261 315 184 702 
stack 29:    542 111 589 342 173 121 88 
stack 30:    220 55 199 185 103 478 125 
stack 31:    241 600 216 252 286 204 411 
stack 32:    708 359 318 407 447 115 83 
stack 33:    34 693 339 645 661 174 532 
stack 34:    488 729 373 609 413 666 409 
stack 35:    744 686 697 597 320 304 82 
stack 36:    690 741 689 616 454 506 36 
stack 37:    65 363 149 691 594 684 603 
stack 38:    730 265 259 625 459 137 642 
stack 39:    334 237 90 619 549 493 674 
stack 40:    667 505 670 743 696 742 533 
stack 41:    225 731 613 338 481 331 281 
stack 42:    446 370 168 42 417 471 71 
stack 43:    621 448 683 681 553 656 202 
stack 44:    735 746 672 516 620 732 345 
stack 45:    673 522 704 552 214 669 564 
stack 46:    119 321 736 581 723 107 46 
stack 47:    364 351 198 450 47 582 476 
stack 48:    678 529 632 514 423 578 539 
stack 49:    62 719 167 346 153 292 726 
stack 50:    274 605 685 655 73 180 526 
stack 51:    219 187 249 127 70 350 92 
stack 52:    561 474 644 611 518 427 215 
stack 53:    491 360 332 300 698 602 368 
stack 54:    176 545 676 69 284 283 135 
stack 55:    430 431 253 209 117 223 246 
stack 56:    556 84 322 244 470 210 101 
stack 57:    195 186 507 94 136 129 120 
stack 58:    79 465 181 738 234 205 540 
stack 59:    659 279 499 211 130 164 356 
stack 60:    183 718 97 749 68 562 308 
stack 61:    547 639 662 212 126 150 354 
stack 62:    352 172 238 255 248 98 67 
stack 63:    740 270 63 449 348 485 513 
stack 64:    722 175 240 663 592 584 123 
stack 65:    0 
stack 66:    1 376 
stack 67:    377 
stack 68:    3 
stack 69:    379 
stack 70:    5 
stack 71:    7 380 
stack 72:    382 
stack 73:    8 
stack 74:    9 384 
stack 75:    10 
stack 76:    387 
stack 77:    13 386 
stack 78:    618 510 657 551 525 388 324 
stack 79:    116 623 285 200 389 15 466 
stack 80:    739 390 178 512 528 247 593 
stack 81:    595 541 699 461 391 133 337 
stack 82:    17 392 705 608 546 536 218 
stack 83:    524 243 171 599 487 18 394 
stack 84:    19 163 230 95 358 258 635 
stack 85:    169 20 227 60 579 269 263 
stack 86:    396 154 78 21 531 256 242 
stack 87:    397 484 479 232 475 294 257 
stack 88:    23 102 353 113 502 367 398 
stack 89:    325 143 24 641 399 587 543 
stack 90:    652 527 191 457 25 694 400 
stack 91:    713 355 177 558 233 254 496 
stack 92:    606 520 271 559 467 251 267 
stack 93:    28 403 329 29 688 504 317 
stack 94:    30 229 208 276 72 571 404 
stack 95:    715 245 49 574 239 405 535 
stack 96:    658 643 406 31 565 224 179 
stack 97:    362 515 147 648 32 508 314 
stack 98:    497 650 282 152 408 677 33 
stack 99:    668 155 521 480 310 312 714 
stack 100:    410 624 35 612 710 455 557 
stack 101:    568 443 442 59 695 100 226 
stack 102:    170 37 412 311 519 371 289 
stack 103:    588 309 217 128 366 38 604 
stack 104:    414 39 627 554 530 453 231 
stack 105:    511 415 517 451 548 50 40 
stack 106:    41 416 134 99 591 651 614 
stack 107:    221 160 456 298 633 580 573 
stack 108:    490 109 560 76 52 250 43 
stack 109:    489 236 89 80 419 420 44 
stack 110:    290 144 567 464 188 664 45 
stack 111:    421 653 747 156 709 680 637 
stack 112:    140 197 58 138 727 438 422 
stack 113:    48 440 316 162 87 145 278 
stack 114:    748 615 81 369 122 424 293 
stack 115:    228 425 189 313 307 64 288 
stack 116:    712 717 51 692 426 193 105 
stack 117:    85 428 124 463 302 626 349 
stack 118:    203 607 131 665 555 468 53 
stack 119:    54 182 734 660 273 429 319 
stack 120:    701 297 687 341 165 610 326 
stack 121:    473 601 585 495 439 56 299 
stack 122:    86 432 66 57 301 192 596 
stack 123:    374 291 158 646 630 675 433 
stack 124:    434 462 142 572 372 280 112 
stack 125:    435 586 745 437 333 647 146 
stack 126:    477 721 436 61 707 340 460 
stack 127:    716 330 139 118 148 336 194 
stack 128:    725 566 306 617 452 132 590 
stack 129:    563 344 275 272 733 631 104 

#####################################################

solved with: SP.constructive_heuristics.GeneralHeuristic
time limit: 3600.0 s
time to solve: 0,00 s
objective value: 753951.57

stacks (top to bottom):
stack 0:    708 198 185 738 26 404 101 
stack 1:    730 361 96 638 712 197 161 
stack 2:    225 17 189 425 331 617 635 
stack 3:    464 555 554 742 447 626 420 
stack 4:    728 472 711 52 508 193 675 
stack 5:    347 275 220 558 676 262 496 
stack 6:    568 527 182 696 172 137 46 
stack 7:    14 644 323 318 348 308 202 
stack 8:    446 217 237 736 64 345 422 
stack 9:    713 520 457 745 341 38 226 
stack 10:    155 339 156 640 629 509 504 
stack 11:    274 436 416 512 98 467 398 
stack 12:    170 229 346 429 369 582 548 
stack 13:    724 94 599 462 132 419 630 
stack 14:    583 641 407 506 393 692 356 
stack 15:    748 652 192 670 271 127 453 
stack 16:    542 410 621 119 444 294 314 
stack 17:    556 551 100 519 326 593 319 
stack 18:    265 270 154 731 159 409 726 
stack 19:    658 151 437 441 61 647 146 
stack 20:    547 364 200 596 535 311 210 
stack 21:    662 282 481 514 263 553 513 
stack 22:    639 434 160 152 683 590 633 
stack 23:    486 230 365 233 99 679 164 
stack 24:    716 221 114 334 3 97 749 
stack 25:    396 272 687 743 405 645 455 
stack 26:    54 219 108 387 15 584 470 
stack 27:    431 291 287 149 142 579 82 
stack 28:    63 358 725 51 58 184 471 
stack 29:    34 175 657 72 592 400 532 
stack 30:    701 435 668 147 191 199 614 
stack 31:    363 406 378 530 333 385 485 
stack 32:    62 351 524 505 517 533 312 
stack 33:    49 65 109 448 150 33 43 
stack 34:    689 541 216 469 598 261 423 
stack 35:    443 605 171 454 415 304 357 
stack 36:    290 166 24 613 313 135 608 
stack 37:    93 30 734 648 248 235 381 
stack 38:    735 560 487 518 120 493 354 
stack 39:    567 266 258 252 5 107 44 
stack 40:    203 678 747 238 627 292 165 
stack 41:    477 740 432 57 47 501 22 
stack 42:    9 402 344 310 399 475 546 
stack 43:    186 37 28 515 525 468 122 
stack 44:    654 163 41 694 538 384 710 
stack 45:    16 90 491 88 320 360 246 
stack 46:    245 588 212 718 581 300 698 
stack 47:    473 623 277 427 366 112 591 
stack 48:    131 461 401 181 565 53 610 
stack 49:    39 516 601 397 128 280 299 
stack 50:    574 309 89 572 2 536 466 
stack 51:    421 374 249 552 222 50 637 
stack 52:    458 636 585 685 669 29 634 
stack 53:    611 303 620 426 539 375 557 
stack 54:    510 673 664 123 386 205 324 
stack 55:    23 577 388 208 104 256 540 
stack 56:    737 66 389 133 158 42 392 
stack 57:    6 253 600 136 594 73 688 
stack 58:    561 499 720 327 134 204 288 
stack 59:    144 48 492 296 84 289 293 
stack 60:    325 624 744 691 575 78 36 
stack 61:    607 741 157 209 412 418 83 
stack 62:    362 85 465 733 729 502 528 
stack 63:    188 207 20 10 76 684 562 
stack 64:    489 321 380 298 646 283 705 
stack 65:    497 686 118 452 697 714 242 
stack 66:    195 55 659 81 234 260 604 
stack 67:    91 285 27 95 589 566 338 
stack 68:    297 586 352 25 479 213 278 
stack 69:    690 140 111 148 656 250 382 
stack 70:    167 631 373 413 379 125 350 
stack 71:    243 507 390 342 60 35 269 
stack 72:    721 141 59 703 284 671 145 
stack 73:    570 110 628 672 69 424 642 
stack 74:    699 746 550 306 483 129 580 
stack 75:    544 569 12 305 717 372 543 
stack 76:    719 211 403 663 45 609 571 
stack 77:    391 495 537 451 340 411 376 
stack 78:    330 239 168 445 223 121 619 
stack 79:    722 695 103 244 179 92 395 
stack 80:    268 430 500 106 215 723 180 
stack 81:    595 488 704 113 124 484 702 
stack 82:    13 187 615 661 371 40 71 
stack 83:    494 236 503 564 329 349 460 
stack 84:    355 259 442 232 255 706 438 
stack 85:    700 523 74 176 162 649 587 
stack 86:    116 240 276 709 254 666 476 
stack 87:    86 498 117 707 18 682 257 
stack 88:    482 153 680 224 322 478 368 
stack 89:    715 143 632 0 138 573 317 
stack 90:    295 301 130 480 247 394 674 
stack 91:    169 139 196 8 440 732 21 
stack 92:    183 622 77 343 251 206 433 
stack 93:    665 414 660 576 115 727 335 
stack 94:    7 643 456 549 578 105 526 
stack 95:    79 563 353 273 31 70 218 
stack 96:    241 178 383 655 307 677 681 
stack 97:    534 625 522 459 521 174 231 
stack 98:    618 739 359 439 316 328 559 
stack 99:    370 56 227 449 315 281 267 
stack 100:    279 102 428 32 286 337 67 
stack 101:    511 228 650 408 68 194 336 
stack 102:    529 545 80 417 612 332 531 
stack 103:    19 616 4 463 367 302 87 
stack 104:    606 653 190 11 264 377 651 
stack 105:    474 450 177 214 602 
stack 106:    693 667 201 
stack 107:    490 173 75 603 
stack 108:    1 597 
stack 109:    
stack 110:    126 
stack 111:    
stack 112:    
stack 113:    
stack 114:    
stack 115:    
stack 116:    
stack 117:    
stack 118:    
stack 119:    
stack 120:    
stack 121:    
stack 122:    
stack 123:    
stack 124:    
stack 125:    
stack 126:    
stack 127:    
stack 128:    
stack 129:    
