lower bound for relaxed s_ij: 692226.58

#####################################################

solved with: SP.mip_formulations.BinPackingFormulation
time limit: 3600.0 s
time to solve: 2232,13 s
objective value: 692231.46

stacks (top to bottom):
stack 0:    
stack 1:    376 
stack 2:    2 
stack 3:    3 
stack 4:    
stack 5:    
stack 6:    381 
stack 7:    
stack 8:    
stack 9:    
stack 10:    
stack 11:    385 
stack 12:    387 
stack 13:    248 69 624 
stack 14:    499 478 332 14 389 81 652 
stack 15:    498 166 107 214 633 70 529 
stack 16:    719 672 589 199 167 668 464 
stack 17:    192 243 312 446 17 607 726 
stack 18:    482 484 511 651 105 272 249 
stack 19:    19 507 74 365 189 260 660 
stack 20:    583 143 441 20 489 303 113 
stack 21:    140 703 696 661 21 159 396 
stack 22:    397 330 742 577 246 351 569 
stack 23:    523 465 398 462 524 131 708 
stack 24:    368 337 269 295 242 665 296 
stack 25:    649 280 367 705 353 463 370 
stack 26:    185 704 401 96 488 471 197 
stack 27:    611 558 371 548 502 200 144 
stack 28:    513 106 29 542 152 645 285 
stack 29:    404 175 109 647 278 470 95 
stack 30:    496 483 572 121 354 345 405 
stack 31:    37 101 409 348 125 228 688 
stack 32:    211 408 67 325 191 154 707 
stack 33:    234 156 710 486 421 526 204 
stack 34:    640 247 210 457 501 466 358 
stack 35:    165 410 490 319 90 171 411 
stack 36:    240 363 274 628 153 36 215 
stack 37:    578 503 126 637 599 564 72 
stack 38:    622 621 674 255 339 413 473 
stack 39:    100 497 698 573 342 543 226 
stack 40:    716 329 730 133 475 659 91 
stack 41:    608 51 202 155 41 129 366 
stack 42:    254 527 504 586 259 729 594 
stack 43:    634 654 331 629 233 617 195 
stack 44:    746 695 137 544 598 194 545 
stack 45:    700 694 609 734 68 677 55 
stack 46:    675 663 641 239 740 650 46 
stack 47:    59 313 298 138 47 174 75 
stack 48:    373 102 546 352 263 557 82 
stack 49:    670 508 294 359 221 205 111 
stack 50:    522 357 50 112 168 63 110 
stack 51:    669 485 644 638 308 426 141 
stack 52:    593 235 134 97 479 207 147 
stack 53:    714 630 317 355 53 731 538 
stack 54:    429 223 135 54 699 632 173 
stack 55:    692 682 686 430 712 613 745 
stack 56:    340 238 229 64 722 347 79 
stack 57:    643 525 519 58 554 713 251 
stack 58:    547 118 320 177 741 551 271 
stack 59:    60 83 78 491 575 532 209 
stack 60:    114 80 435 346 618 119 343 
stack 61:    728 436 309 732 321 735 108 
stack 62:    749 270 748 560 253 477 217 
stack 63:    318 103 506 104 88 571 356 
stack 64:    245 183 681 597 282 338 603 
stack 65:    375 0 
stack 66:    1 
stack 67:    377 
stack 68:    378 
stack 69:    4 379 
stack 70:    5 380 
stack 71:    6 
stack 72:    382 7 
stack 73:    8 383 
stack 74:    384 9 
stack 75:    10 
stack 76:    11 386 
stack 77:    12 
stack 78:    388 606 636 157 116 514 13 
stack 79:    169 581 391 150 680 390 646 
stack 80:    15 709 610 602 566 428 276 
stack 81:    16 180 666 92 149 555 86 
stack 82:    720 701 563 392 467 451 393 
stack 83:    706 292 509 33 18 579 460 
stack 84:    394 493 635 323 281 727 474 
stack 85:    395 305 723 266 130 160 163 
stack 86:    250 550 656 537 315 304 293 
stack 87:    22 510 494 535 279 23 310 
stack 88:    664 612 139 182 314 326 213 
stack 89:    399 565 306 24 495 360 244 
stack 90:    98 161 66 334 400 531 25 
stack 91:    151 403 179 585 212 327 26 
stack 92:    568 402 27 164 187 533 176 
stack 93:    476 28 237 328 642 206 372 
stack 94:    556 725 273 717 693 362 662 
stack 95:    536 468 459 93 553 30 738 
stack 96:    541 208 517 31 231 406 469 
stack 97:    32 407 170 492 516 439 52 
stack 98:    324 178 275 40 454 687 438 
stack 99:    625 518 653 172 540 120 34 
stack 100:    520 335 35 316 528 449 230 
stack 101:    619 626 521 299 605 440 500 
stack 102:    412 193 288 181 128 122 77 
stack 103:    38 614 265 311 600 574 300 
stack 104:    39 747 570 414 733 567 472 
stack 105:    302 447 268 48 487 415 416 
stack 106:    655 615 685 657 739 715 374 
stack 107:    417 658 87 42 216 369 267 
stack 108:    418 43 262 65 203 350 71 
stack 109:    322 743 341 286 419 44 455 
stack 110:    349 222 344 420 45 667 287 
stack 111:    145 124 596 481 186 549 241 
stack 112:    422 530 480 534 123 364 218 
stack 113:    721 301 562 261 99 423 224 
stack 114:    201 424 616 49 584 512 590 
stack 115:    425 453 252 697 591 737 297 
stack 116:    94 592 601 444 290 552 461 
stack 117:    284 443 505 227 264 427 225 
stack 118:    456 256 582 673 442 190 445 
stack 119:    736 702 690 620 146 85 450 
stack 120:    724 639 458 136 561 431 588 
stack 121:    671 115 232 361 452 691 56 
stack 122:    559 277 627 432 57 198 289 
stack 123:    580 236 595 336 220 73 433 
stack 124:    258 576 683 604 676 434 127 
stack 125:    333 89 84 684 117 648 257 
stack 126:    219 162 678 283 437 158 61 
stack 127:    307 539 631 711 448 196 62 
stack 128:    291 76 184 689 744 515 132 
stack 129:    623 718 148 679 188 587 142 

#####################################################

solved with: SP.constructive_heuristics.GeneralHeuristic
time limit: 3600.0 s
time to solve: 0,00 s
objective value: 749782.3

stacks (top to bottom):
stack 0:    58 746 161 454 362 176 310 
stack 1:    177 210 130 18 353 590 88 
stack 2:    728 38 242 553 36 164 226 
stack 3:    608 8 740 212 737 380 708 
stack 4:    324 240 153 220 445 342 370 
stack 5:    254 749 706 477 17 489 289 
stack 6:    39 307 277 31 174 129 366 
stack 7:    580 714 525 21 734 99 400 
stack 8:    250 377 274 5 120 123 588 
stack 9:    235 596 155 425 592 148 282 
stack 10:    541 331 339 617 186 475 549 
stack 11:    542 304 146 452 364 218 433 
stack 12:    639 371 535 641 231 543 557 
stack 13:    554 511 437 264 132 26 25 
stack 14:    547 114 422 408 390 526 206 
stack 15:    89 299 47 152 585 645 82 
stack 16:    669 162 80 275 121 251 65 
stack 17:    229 685 518 421 190 717 34 
stack 18:    248 478 306 407 447 48 735 
stack 19:    683 106 298 288 415 327 0 
stack 20:    12 309 294 572 451 396 532 
stack 21:    622 387 509 384 502 70 727 
stack 22:    349 185 634 674 348 506 374 
stack 23:    398 256 528 434 159 55 119 
stack 24:    724 513 107 199 414 252 62 
stack 25:    166 498 544 345 11 438 610 
stack 26:    412 521 404 290 453 601 587 
stack 27:    291 363 441 283 693 117 351 
stack 28:    388 98 64 50 699 470 473 
stack 29:    649 619 29 53 636 13 455 
stack 30:    568 268 81 635 538 73 293 
stack 31:    385 243 308 651 216 52 79 
stack 32:    10 320 314 431 375 300 571 
stack 33:    373 403 237 30 311 187 667 
stack 34:    394 202 620 200 3 144 566 
stack 35:    100 485 378 6 665 423 198 
stack 36:    560 401 126 673 273 742 462 
stack 37:    692 484 261 359 296 267 450 
stack 38:    670 522 74 272 336 684 271 
stack 39:    340 105 249 637 281 77 469 
stack 40:    37 16 124 94 481 733 440 
stack 41:    482 494 723 69 330 711 160 
stack 42:    539 612 616 459 503 598 660 
stack 43:    258 559 101 322 255 207 263 
stack 44:    499 169 536 346 259 57 141 
stack 45:    519 170 175 42 110 591 579 
stack 46:    627 417 335 138 690 648 668 
stack 47:    720 321 495 221 492 246 501 
stack 48:    165 623 125 102 163 745 356 
stack 49:    59 432 332 357 182 7 551 
stack 50:    696 201 698 361 41 691 569 
stack 51:    468 748 265 379 607 326 531 
stack 52:    93 67 446 534 181 393 358 
stack 53:    180 625 167 419 731 707 276 
stack 54:    593 410 681 233 552 413 195 
stack 55:    19 40 184 729 194 244 428 
stack 56:    192 497 626 35 150 563 491 
stack 57:    576 520 389 149 279 463 474 
stack 58:    496 655 43 609 606 599 197 
stack 59:    318 581 656 115 640 90 405 
stack 60:    223 493 54 618 111 647 297 
stack 61:    397 476 743 245 444 461 471 
stack 62:    136 87 214 84 570 227 325 
stack 63:    703 510 458 605 613 343 466 
stack 64:    429 222 51 133 479 228 460 
stack 65:    284 179 382 448 71 215 350 
stack 66:    145 395 424 266 341 303 514 
stack 67:    118 739 317 646 158 488 257 
stack 68:    586 562 426 392 109 515 360 
stack 69:    208 704 589 286 603 75 659 
stack 70:    83 695 713 677 347 278 287 
stack 71:    151 193 725 191 157 328 600 
stack 72:    270 653 135 556 316 1 427 
stack 73:    456 657 295 524 122 594 225 
stack 74:    558 716 383 329 629 15 147 
stack 75:    211 486 253 582 172 56 217 
stack 76:    409 682 183 597 338 500 472 
stack 77:    671 631 196 420 702 561 430 
stack 78:    658 22 189 20 323 260 688 
stack 79:    530 675 555 23 715 91 285 
stack 80:    436 483 156 710 689 61 738 
stack 81:    301 334 467 744 369 95 533 
stack 82:    490 621 736 28 505 564 464 
stack 83:    583 140 280 262 687 205 545 
stack 84:    663 480 442 168 697 131 241 
stack 85:    134 611 32 730 546 104 679 
stack 86:    344 604 139 741 686 45 142 
stack 87:    565 666 292 319 633 86 567 
stack 88:    14 638 449 128 406 574 204 
stack 89:    615 76 435 78 516 224 411 
stack 90:    376 49 315 512 650 712 529 
stack 91:    664 239 537 355 624 726 46 
stack 92:    103 578 652 573 154 44 457 
stack 93:    178 236 368 402 230 63 642 
stack 94:    399 465 700 644 630 112 116 
stack 95:    523 550 367 313 705 247 487 
stack 96:    721 527 219 732 68 439 575 
stack 97:    504 312 391 680 171 127 372 
stack 98:    507 333 92 672 33 352 113 
stack 99:    365 443 213 662 386 416 602 
stack 100:    418 337 238 4 694 628 632 
stack 101:    234 643 614 676 96 209 709 
stack 102:    508 66 354 108 173 2 
stack 103:    97 517 718 654 188 
stack 104:    661 269 143 722 137 203 
stack 105:    302 747 305 540 72 27 85 
stack 106:    719 584 548 9 
stack 107:    701 595 577 381 
stack 108:    60 
stack 109:    24 678 
stack 110:    232 
stack 111:    
stack 112:    
stack 113:    
stack 114:    
stack 115:    
stack 116:    
stack 117:    
stack 118:    
stack 119:    
stack 120:    
stack 121:    
stack 122:    
stack 123:    
stack 124:    
stack 125:    
stack 126:    
stack 127:    
stack 128:    
stack 129:    
