lower bound for relaxed s_ij: 692248.46

#####################################################

solved with: SP.mip_formulations.BinPackingFormulation
time limit: 3600.0 s
time to solve: 2044,73 s
objective value: 692250.9

stacks (top to bottom):
stack 0:    
stack 1:    1 
stack 2:    2 
stack 3:    3 
stack 4:    
stack 5:    5 
stack 6:    
stack 7:    7 
stack 8:    
stack 9:    384 
stack 10:    10 
stack 11:    386 
stack 12:    387 
stack 13:    388 221 18 
stack 14:    588 484 232 390 222 347 672 
stack 15:    123 279 264 598 644 168 15 
stack 16:    477 282 252 135 38 513 96 
stack 17:    736 463 95 553 119 17 635 
stack 18:    594 129 19 590 533 147 262 
stack 19:    394 728 460 289 612 593 210 
stack 20:    20 516 631 113 487 203 621 
stack 21:    489 82 748 493 21 550 91 
stack 22:    659 579 552 37 703 503 528 
stack 23:    267 614 88 747 259 63 398 
stack 24:    344 156 351 331 442 126 26 
stack 25:    633 359 239 718 296 97 683 
stack 26:    189 444 195 696 577 451 319 
stack 27:    248 607 332 323 94 302 298 
stack 28:    71 320 109 231 196 403 306 
stack 29:    354 559 514 734 705 364 202 
stack 30:    486 648 30 665 498 146 326 
stack 31:    482 432 642 567 666 86 657 
stack 32:    193 353 72 605 341 214 670 
stack 33:    179 33 327 544 157 152 638 
stack 34:    328 620 479 148 34 338 305 
stack 35:    447 478 200 64 348 143 198 
stack 36:    506 294 197 343 36 749 597 
stack 37:    637 131 373 118 226 512 412 
stack 38:    578 485 524 615 675 39 508 
stack 39:    184 671 573 310 622 566 449 
stack 40:    452 629 536 587 700 268 619 
stack 41:    329 565 445 110 549 543 153 
stack 42:    624 632 716 616 674 630 361 
stack 43:    678 372 645 653 292 618 655 
stack 44:    44 488 465 669 472 462 265 
stack 45:    690 707 682 595 420 311 187 
stack 46:    433 510 101 521 496 686 680 
stack 47:    679 646 356 219 316 236 685 
stack 48:    497 649 360 145 448 242 277 
stack 49:    115 636 702 713 247 726 720 
stack 50:    286 284 241 217 337 582 134 
stack 51:    426 288 215 159 228 180 191 
stack 52:    102 370 345 520 287 335 689 
stack 53:    140 458 53 664 586 547 428 
stack 54:    160 534 322 313 161 304 735 
stack 55:    517 699 592 511 440 522 293 
stack 56:    56 717 706 701 681 437 132 
stack 57:    668 182 218 532 443 656 141 
stack 58:    58 715 371 500 164 139 175 
stack 59:    258 714 604 318 79 209 529 
stack 60:    727 554 435 60 474 663 531 
stack 61:    92 229 173 495 643 623 77 
stack 62:    660 509 255 290 450 694 541 
stack 63:    194 227 295 677 253 571 291 
stack 64:    652 176 163 572 539 342 117 
stack 65:    0 
stack 66:    375 376 
stack 67:    377 
stack 68:    378 
stack 69:    4 379 
stack 70:    380 6 
stack 71:    381 
stack 72:    382 
stack 73:    9 383 8 
stack 74:    
stack 75:    385 
stack 76:    11 
stack 77:    12 
stack 78:    601 557 308 538 475 13 389 
stack 79:    740 75 741 502 14 647 107 
stack 80:    40 515 169 204 499 395 16 
stack 81:    158 307 192 454 149 391 501 
stack 82:    24 392 57 617 336 47 233 
stack 83:    627 712 491 393 739 746 721 
stack 84:    581 466 303 260 731 272 121 
stack 85:    120 199 551 492 333 155 719 
stack 86:    396 301 461 171 438 213 397 
stack 87:    22 691 350 600 556 125 596 
stack 88:    261 471 137 76 697 570 23 
stack 89:    251 698 186 569 106 599 399 
stack 90:    610 25 591 457 400 684 526 
stack 91:    662 401 324 276 41 271 144 
stack 92:    402 27 745 537 185 456 172 
stack 93:    723 606 352 608 519 28 346 
stack 94:    111 29 355 243 105 476 404 
stack 95:    405 584 269 374 138 62 230 
stack 96:    687 31 369 366 330 108 406 
stack 97:    407 32 467 178 256 212 362 
stack 98:    81 299 249 429 309 408 613 
stack 99:    409 732 589 439 211 89 87 
stack 100:    693 35 542 561 540 743 410 
stack 101:    340 250 166 80 73 411 112 
stack 102:    314 104 446 237 641 61 609 
stack 103:    413 459 441 602 560 505 504 
stack 104:    414 130 574 525 190 170 99 
stack 105:    415 464 263 639 453 244 535 
stack 106:    416 688 676 545 483 661 634 
stack 107:    708 564 722 704 455 42 417 
stack 108:    729 128 654 658 283 43 418 
stack 109:    266 481 280 84 93 419 480 
stack 110:    45 240 206 183 66 127 122 
stack 111:    494 254 673 490 421 174 46 
stack 112:    709 124 422 188 710 246 245 
stack 113:    423 744 603 650 695 48 165 
stack 114:    575 738 580 49 424 546 78 
stack 115:    425 558 563 205 50 349 201 
stack 116:    725 133 103 234 51 611 640 
stack 117:    733 742 724 711 297 52 427 
stack 118:    167 85 65 69 285 275 98 
stack 119:    142 273 585 54 626 216 325 
stack 120:    225 223 83 523 278 430 55 
stack 121:    625 470 548 431 667 300 181 
stack 122:    363 116 692 208 74 220 224 
stack 123:    136 100 434 90 68 70 270 
stack 124:    368 562 257 154 468 59 67 
stack 125:    315 238 177 151 473 150 730 
stack 126:    568 527 114 436 317 207 469 
stack 127:    367 334 281 365 312 576 507 
stack 128:    274 555 357 321 235 651 518 
stack 129:    358 628 583 530 162 737 339 

#####################################################

solved with: SP.constructive_heuristics.GeneralHeuristic
time limit: 3600.0 s
time to solve: 0,00 s
objective value: 752454.75

stacks (top to bottom):
stack 0:    690 33 394 567 427 674 634 
stack 1:    482 658 301 27 522 96 233 
stack 2:    158 649 516 471 313 615 277 
stack 3:    189 481 84 653 229 306 127 
stack 4:    687 149 63 37 243 447 371 
stack 5:    729 455 19 34 421 291 418 
stack 6:    102 267 352 517 589 80 335 
stack 7:    367 281 449 376 246 263 99 
stack 8:    494 575 370 542 514 440 87 
stack 9:    388 95 199 294 53 563 207 
stack 10:    1 290 604 366 151 547 55 
stack 11:    678 131 510 109 327 521 639 
stack 12:    475 332 269 451 599 737 635 
stack 13:    307 742 748 502 644 139 511 
stack 14:    736 458 598 273 374 456 326 
stack 15:    497 82 353 741 389 201 480 
stack 16:    120 330 650 745 213 347 501 
stack 17:    258 237 519 240 28 271 623 
stack 18:    587 558 215 706 231 605 406 
stack 19:    506 381 334 92 544 173 141 
stack 20:    606 345 503 603 163 206 211 
stack 21:    637 646 434 83 390 713 216 
stack 22:    104 380 548 285 7 202 150 
stack 23:    709 601 251 543 226 348 187 
stack 24:    156 632 252 276 556 621 91 
stack 25:    85 106 583 180 270 430 526 
stack 26:    71 255 197 607 170 312 245 
stack 27:    24 65 324 492 17 512 412 
stack 28:    140 727 629 645 584 686 638 
stack 29:    160 320 387 59 364 300 98 
stack 30:    538 343 697 42 676 165 132 
stack 31:    659 426 242 365 422 230 144 
stack 32:    254 662 569 592 540 89 518 
stack 33:    463 344 477 204 722 703 597 
stack 34:    489 740 124 182 577 94 349 
stack 35:    12 227 464 618 613 203 172 
stack 36:    707 309 86 196 616 162 602 
stack 37:    432 193 499 107 155 705 689 
stack 38:    654 45 715 600 319 397 670 
stack 39:    557 222 472 316 749 15 529 
stack 40:    484 614 562 264 474 675 655 
stack 41:    402 14 304 663 721 46 362 
stack 42:    20 137 221 398 453 419 311 
stack 43:    536 115 636 239 38 125 61 
stack 44:    111 217 5 74 465 576 720 
stack 45:    360 56 712 145 292 214 487 
stack 46:    594 60 423 39 677 739 228 
stack 47:    444 385 564 22 10 21 483 
stack 48:    573 534 18 450 157 383 224 
stack 49:    166 108 718 238 539 16 500 
stack 50:    624 493 711 731 630 550 378 
stack 51:    454 386 171 296 209 198 293 
stack 52:    100 194 288 523 268 236 680 
stack 53:    452 310 223 51 147 735 153 
stack 54:    633 554 747 688 746 47 640 
stack 55:    486 439 30 641 651 336 643 
stack 56:    192 25 249 205 278 66 428 
stack 57:    81 466 568 413 391 525 508 
stack 58:    358 105 135 561 315 473 730 
stack 59:    414 724 734 3 175 298 379 
stack 60:    250 283 357 580 392 617 181 
stack 61:    552 393 524 445 195 50 533 
stack 62:    368 136 652 468 67 6 664 
stack 63:    527 372 101 295 159 570 346 
stack 64:    284 491 142 241 260 188 8 
stack 65:    75 154 595 103 341 377 325 
stack 66:    396 642 248 68 438 611 609 
stack 67:    35 717 161 113 462 272 382 
stack 68:    340 54 620 461 331 97 26 
stack 69:    167 409 58 287 695 528 395 
stack 70:    355 698 704 176 9 118 305 
stack 71:    329 184 375 574 408 220 582 
stack 72:    588 299 342 126 177 586 183 
stack 73:    261 130 565 700 420 716 302 
stack 74:    470 328 2 351 350 174 560 
stack 75:    179 520 498 146 112 4 661 
stack 76:    11 435 460 72 401 49 467 
stack 77:    286 308 405 691 41 442 256 
stack 78:    44 208 190 244 62 134 507 
stack 79:    692 448 337 317 138 399 404 
stack 80:    627 671 225 668 696 218 36 
stack 81:    723 433 123 591 354 31 572 
stack 82:    88 90 656 701 424 191 672 
stack 83:    708 446 648 69 73 665 743 
stack 84:    679 279 559 431 699 212 513 
stack 85:    693 314 282 79 478 667 411 
stack 86:    274 673 608 321 719 571 417 
stack 87:    425 415 93 70 685 339 77 
stack 88:    625 40 485 133 469 495 122 
stack 89:    416 702 148 590 143 681 505 
stack 90:    509 259 169 532 694 253 437 
stack 91:    29 728 289 479 185 545 535 
stack 92:    578 110 219 549 666 323 373 
stack 93:    610 52 129 585 210 400 596 
stack 94:    407 119 714 476 164 57 684 
stack 95:    280 356 247 626 338 410 78 
stack 96:    384 733 257 13 359 318 744 
stack 97:    738 555 732 235 275 48 504 
stack 98:    612 628 530 647 490 0 531 
stack 99:    579 322 631 496 152 657 121 
stack 100:    266 441 234 443 541 361 262 
stack 101:    116 725 114 682 459 726 619 
stack 102:    363 436 622 566 710 265 43 
stack 103:    553 457 168 32 64 23 117 
stack 104:    581 303 232 186 200 178 683 
stack 105:    488 669 
stack 106:    660 515 551 297 593 333 537 
stack 107:    76 429 546 
stack 108:    128 403 
stack 109:    369 
stack 110:    
stack 111:    
stack 112:    
stack 113:    
stack 114:    
stack 115:    
stack 116:    
stack 117:    
stack 118:    
stack 119:    
stack 120:    
stack 121:    
stack 122:    
stack 123:    
stack 124:    
stack 125:    
stack 126:    
stack 127:    
stack 128:    
stack 129:    
