lower bound for relaxed s_ij: 692249.64

#####################################################

solved with: SP.mip_formulations.BinPackingFormulation
time limit: 3600.0 s
time to solve: 2399,73 s
objective value: 692256.96

stacks (top to bottom):
stack 0:    375 
stack 1:    1 
stack 2:    
stack 3:    377 
stack 4:    
stack 5:    380 5 
stack 6:    6 
stack 7:    382 
stack 8:    8 
stack 9:    
stack 10:    385 
stack 11:    11 
stack 12:    
stack 13:    250 489 
stack 14:    461 543 671 628 677 169 544 
stack 15:    731 516 204 170 302 630 211 
stack 16:    391 465 328 151 371 654 114 
stack 17:    567 493 392 536 367 557 729 
stack 18:    727 578 225 393 374 245 344 
stack 19:    394 502 295 101 315 293 448 
stack 20:    741 749 361 188 261 652 395 
stack 21:    102 298 192 574 242 132 271 
stack 22:    511 669 325 150 22 734 92 
stack 23:    24 682 468 620 194 72 583 
stack 24:    138 447 624 368 523 251 584 
stack 25:    672 236 177 482 373 685 655 
stack 26:    176 459 554 553 664 666 26 
stack 27:    252 243 237 299 100 603 359 
stack 28:    498 123 530 319 257 636 490 
stack 29:    154 507 279 69 717 404 445 
stack 30:    128 234 108 611 145 210 405 
stack 31:    259 280 713 411 580 487 31 
stack 32:    82 89 172 165 454 183 633 
stack 33:    274 294 589 137 698 287 268 
stack 34:    372 710 209 588 474 504 648 
stack 35:    590 327 629 352 38 617 479 
stack 36:    36 537 625 305 262 160 193 
stack 37:    412 614 594 581 347 346 107 
stack 38:    481 134 419 702 527 643 521 
stack 39:    414 366 144 679 476 166 88 
stack 40:    83 40 602 335 661 495 509 
stack 41:    619 451 524 499 112 558 470 
stack 42:    199 586 667 103 568 644 639 
stack 43:    174 720 742 649 634 730 421 
stack 44:    650 728 708 683 77 721 665 
stack 45:    420 593 680 336 494 70 595 
stack 46:    124 709 675 111 510 126 591 
stack 47:    453 689 601 351 608 484 582 
stack 48:    705 616 349 597 706 609 53 
stack 49:    248 556 551 339 232 748 118 
stack 50:    229 71 449 106 690 739 98 
stack 51:    426 87 75 615 51 97 743 
stack 52:    173 607 153 52 175 68 90 
stack 53:    63 500 277 155 444 149 227 
stack 54:    246 178 304 746 719 135 241 
stack 55:    284 747 542 430 73 269 545 
stack 56:    431 56 681 312 202 184 238 
stack 57:    647 341 158 326 239 120 190 
stack 58:    187 266 651 364 562 171 139 
stack 59:    358 703 434 517 59 646 322 
stack 60:    622 443 318 104 275 258 579 
stack 61:    540 700 696 547 254 457 167 
stack 62:    512 116 534 222 343 486 244 
stack 63:    360 329 438 711 621 117 575 
stack 64:    670 736 462 541 631 472 292 
stack 65:    0 
stack 66:    376 
stack 67:    2 
stack 68:    3 378 
stack 69:    4 379 
stack 70:    
stack 71:    381 
stack 72:    7 
stack 73:    383 
stack 74:    384 10 
stack 75:    9 
stack 76:    386 
stack 77:    12 388 387 
stack 78:    13 694 564 272 668 573 212 
stack 79:    64 264 725 389 109 14 693 
stack 80:    219 99 357 323 200 15 390 
stack 81:    16 570 265 701 520 291 136 
stack 82:    732 635 565 531 66 17 303 
stack 83:    129 18 19 142 440 125 263 
stack 84:    471 240 623 697 692 659 260 
stack 85:    396 20 738 626 317 466 96 
stack 86:    21 182 722 163 577 526 515 
stack 87:    278 321 480 397 130 290 686 
stack 88:    398 676 214 660 663 592 23 
stack 89:    399 226 640 228 691 632 49 
stack 90:    25 400 350 218 65 365 740 
stack 91:    223 566 560 401 338 79 205 
stack 92:    533 285 148 27 402 146 656 
stack 93:    456 403 28 276 369 733 618 
stack 94:    688 29 478 221 555 54 613 
stack 95:    658 569 491 332 30 253 653 
stack 96:    309 546 207 147 549 122 406 
stack 97:    196 233 32 548 407 599 522 
stack 98:    455 408 33 354 362 185 437 
stack 99:    288 410 224 121 34 409 201 
stack 100:    35 467 331 316 91 695 485 
stack 101:    724 281 737 133 464 307 699 
stack 102:    159 81 179 528 235 715 37 
stack 103:    413 707 314 93 600 247 105 
stack 104:    745 310 477 39 348 508 74 
stack 105:    475 119 345 206 415 460 723 
stack 106:    416 513 442 525 131 363 41 
stack 107:    370 42 78 249 417 324 215 
stack 108:    43 596 337 587 162 418 308 
stack 109:    535 230 143 501 552 45 44 
stack 110:    571 469 333 561 110 559 716 
stack 111:    473 496 687 483 714 439 46 
stack 112:    422 47 563 267 641 433 538 
stack 113:    48 140 423 744 735 518 168 
stack 114:    161 181 286 94 180 424 80 
stack 115:    425 50 197 605 514 186 638 
stack 116:    115 452 195 76 463 273 86 
stack 117:    306 198 84 519 231 529 427 
stack 118:    645 355 718 572 270 712 428 
stack 119:    320 95 429 203 606 604 67 
stack 120:    113 610 441 55 157 657 458 
stack 121:    289 189 550 432 497 213 642 
stack 122:    488 311 353 598 57 446 356 
stack 123:    58 191 532 296 662 164 85 
stack 124:    704 637 342 217 313 678 255 
stack 125:    576 301 256 60 450 435 156 
stack 126:    334 436 503 300 127 297 61 
stack 127:    283 216 492 62 340 152 506 
stack 128:    627 612 141 585 282 674 330 
stack 129:    684 539 208 726 673 220 505 

#####################################################

solved with: SP.constructive_heuristics.GeneralHeuristic
time limit: 3600.0 s
time to solve: 0,00 s
objective value: 749515.66

stacks (top to bottom):
stack 0:    361 353 438 714 17 495 476 
stack 1:    233 388 623 127 502 44 439 
stack 2:    423 336 182 728 668 484 595 
stack 3:    334 684 176 70 646 693 98 
stack 4:    12 394 702 120 631 738 365 
stack 5:    749 177 121 482 296 409 485 
stack 6:    174 586 392 469 517 152 88 
stack 7:    173 71 400 449 97 583 445 
stack 8:    199 246 667 429 454 735 706 
stack 9:    627 172 434 568 180 564 269 
stack 10:    43 546 27 315 380 580 164 
stack 11:    83 264 669 192 78 602 211 
stack 12:    187 288 154 676 319 531 346 
stack 13:    0 379 718 529 514 210 643 
stack 14:    567 499 477 589 436 548 577 
stack 15:    368 4 596 57 293 31 85 
stack 16:    651 145 329 114 463 61 515 
stack 17:    161 181 430 94 721 73 244 
stack 18:    468 311 261 179 122 169 245 
stack 19:    710 507 528 175 541 255 427 
stack 20:    413 256 549 411 614 673 490 
stack 21:    129 29 284 89 116 613 506 
stack 22:    138 230 377 280 15 362 695 
stack 23:    741 488 700 537 562 96 743 
stack 24:    720 147 328 525 54 347 260 
stack 25:    48 140 267 228 601 162 433 
stack 26:    524 554 523 295 101 557 638 
stack 27:    550 645 18 376 464 350 472 
stack 28:    569 616 349 675 634 111 591 
stack 29:    81 141 191 615 605 352 479 
stack 30:    649 285 552 640 713 79 505 
stack 31:    540 306 159 624 30 534 561 
stack 32:    301 33 555 402 618 522 663 
stack 33:    566 724 279 547 313 273 489 
stack 34:    283 87 286 726 367 291 290 
stack 35:    50 266 385 254 292 466 167 
stack 36:    355 410 75 570 265 603 343 
stack 37:    576 248 397 369 687 242 308 
stack 38:    658 707 32 62 644 337 630 
stack 39:    58 498 214 572 746 437 606 
stack 40:    535 447 544 621 504 190 386 
stack 41:    170 204 408 183 418 729 604 
stack 42:    543 610 459 45 46 448 486 
stack 43:    493 358 709 333 518 253 665 
stack 44:    697 150 66 581 184 262 303 
stack 45:    310 374 8 636 526 467 146 
stack 46:    196 298 381 598 34 657 201 
stack 47:    56 416 704 696 719 626 37 
stack 48:    732 3 323 131 322 168 222 
stack 49:    511 82 219 250 483 538 263 
stack 50:    216 320 178 194 235 715 106 
stack 51:    635 221 314 553 424 91 238 
stack 52:    420 134 612 725 38 139 678 
stack 53:    232 432 730 110 6 406 421 
stack 54:    64 391 593 294 165 513 247 
stack 55:    481 113 628 312 532 202 642 
stack 56:    206 478 747 708 497 639 105 
stack 57:    672 372 736 135 717 86 428 
stack 58:    425 1 299 186 205 679 740 
stack 59:    571 574 300 203 510 118 90 
stack 60:    332 465 371 435 257 212 68 
stack 61:    223 671 282 52 629 305 142 
stack 62:    143 28 207 304 685 521 171 
stack 63:    13 494 565 691 592 446 74 
stack 64:    128 375 443 378 737 209 588 
stack 65:    461 551 597 363 351 608 545 
stack 66:    745 731 677 560 251 227 723 
stack 67:    274 533 60 272 666 49 661 
stack 68:    578 480 681 277 692 641 330 
stack 69:    229 234 276 590 395 674 405 
stack 70:    124 102 403 99 208 226 59 
stack 71:    119 188 63 682 14 383 5 
stack 72:    473 742 393 40 650 594 460 
stack 73:    108 412 104 341 258 317 457 
stack 74:    84 72 155 654 231 117 625 
stack 75:    278 95 115 76 130 297 356 
stack 76:    451 680 722 503 441 599 126 
stack 77:    42 123 9 354 701 26 67 
stack 78:    318 149 474 734 655 10 241 
stack 79:    289 705 335 417 268 390 41 
stack 80:    556 382 249 633 387 366 132 
stack 81:    36 611 16 575 404 125 699 
stack 82:    622 396 281 237 136 316 53 
stack 83:    399 259 197 422 652 200 185 
stack 84:    491 325 240 500 7 632 80 
stack 85:    103 539 563 733 220 144 559 
stack 86:    321 471 542 137 93 660 213 
stack 87:    455 309 326 617 331 584 662 
stack 88:    688 456 619 453 744 689 107 
stack 89:    357 384 224 419 19 527 579 
stack 90:    414 703 683 39 496 340 163 
stack 91:    25 401 69 452 716 23 166 
stack 92:    189 47 519 195 327 100 344 
stack 93:    501 11 415 558 324 271 739 
stack 94:    389 536 698 55 573 664 215 
stack 95:    647 670 637 275 217 462 656 
stack 96:    607 151 236 444 373 133 65 
stack 97:    252 727 516 659 450 458 686 
stack 98:    2 35 148 487 160 359 509 
stack 99:    512 339 470 109 287 193 653 
stack 100:    370 492 748 587 582 
stack 101:    431 153 158 239 218 440 690 
stack 102:    360 398 620 22 270 342 348 
stack 103:    24 302 442 694 157 600 92 
stack 104:    475 426 345 77 407 156 508 
stack 105:    225 21 198 243 711 307 609 
stack 106:    20 364 
stack 107:    112 530 338 520 
stack 108:    648 
stack 109:    585 51 
stack 110:    712 
stack 111:    
stack 112:    
stack 113:    
stack 114:    
stack 115:    
stack 116:    
stack 117:    
stack 118:    
stack 119:    
stack 120:    
stack 121:    
stack 122:    
stack 123:    
stack 124:    
stack 125:    
stack 126:    
stack 127:    
stack 128:    
stack 129:    
