lower bound for relaxed s_ij: 692230.2

#####################################################

solved with: SP.mip_formulations.BinPackingFormulation
time limit: 3600.0 s
time to solve: 2327,64 s
objective value: 692249.64

stacks (top to bottom):
stack 0:    0 
stack 1:    
stack 2:    
stack 3:    3 
stack 4:    4 
stack 5:    
stack 6:    6 
stack 7:    
stack 8:    8 
stack 9:    
stack 10:    
stack 11:    386 
stack 12:    
stack 13:    490 190 362 
stack 14:    310 491 337 210 726 634 633 
stack 15:    649 610 439 527 333 242 698 
stack 16:    577 478 361 16 293 536 304 
stack 17:    667 526 164 292 696 393 366 
stack 18:    647 300 73 665 281 468 18 
stack 19:    356 336 327 660 19 600 462 
stack 20:    395 334 656 373 466 102 360 
stack 21:    369 592 475 582 87 295 606 
stack 22:    645 559 98 438 397 142 347 
stack 23:    398 679 163 622 286 36 546 
stack 24:    640 554 110 658 399 448 24 
stack 25:    25 59 244 215 209 630 252 
stack 26:    251 620 707 681 615 512 458 
stack 27:    342 181 446 518 403 572 402 
stack 28:    28 232 510 452 312 662 354 
stack 29:    519 505 467 227 29 152 257 
stack 30:    574 246 199 144 183 675 405 
stack 31:    561 154 406 117 68 53 31 
stack 32:    153 203 735 621 535 653 450 
stack 33:    706 343 408 228 594 370 693 
stack 34:    714 673 669 730 725 409 507 
stack 35:    692 410 323 100 637 198 520 
stack 36:    372 499 740 736 225 194 530 
stack 37:    313 521 417 476 115 723 151 
stack 38:    745 523 348 703 686 38 238 
stack 39:    206 189 95 627 104 721 374 
stack 40:    513 118 472 202 429 494 235 
stack 41:    329 105 701 545 617 275 702 
stack 42:    290 709 230 42 359 744 659 
stack 43:    216 547 231 534 127 542 715 
stack 44:    648 601 419 182 737 728 580 
stack 45:    543 72 420 609 464 427 50 
stack 46:    503 298 664 66 139 339 710 
stack 47:    218 78 482 477 67 422 57 
stack 48:    684 442 688 148 130 733 749 
stack 49:    711 718 141 699 79 717 731 
stack 50:    522 222 287 136 119 437 132 
stack 51:    64 426 122 93 683 196 51 
stack 52:    440 319 700 551 306 239 52 
stack 53:    459 332 636 461 433 655 129 
stack 54:    265 471 143 498 496 345 112 
stack 55:    454 282 116 586 325 55 727 
stack 56:    453 309 729 558 133 514 537 
stack 57:    555 358 485 502 302 131 155 
stack 58:    533 285 214 596 340 583 516 
stack 59:    200 573 187 487 101 449 371 
stack 60:    236 123 344 335 504 92 263 
stack 61:    746 61 524 220 193 173 147 
stack 62:    716 666 585 205 258 473 500 
stack 63:    180 538 511 188 651 682 644 
stack 64:    324 742 307 195 352 211 625 
stack 65:    1 
stack 66:    375 376 
stack 67:    377 2 
stack 68:    378 
stack 69:    379 
stack 70:    380 5 
stack 71:    381 
stack 72:    382 7 
stack 73:    383 
stack 74:    384 9 385 
stack 75:    10 
stack 76:    11 387 
stack 77:    12 
stack 78:    243 301 71 13 37 388 318 
stack 79:    595 114 259 389 14 276 355 
stack 80:    460 197 351 330 296 15 390 
stack 81:    391 47 412 159 262 445 201 
stack 82:    687 17 670 277 305 629 392 
stack 83:    568 260 672 544 253 223 441 
stack 84:    501 171 557 635 550 741 394 
stack 85:    21 175 694 603 525 618 20 
stack 86:    396 541 685 470 469 32 674 
stack 87:    591 497 734 565 455 233 22 
stack 88:    23 178 509 86 255 274 90 
stack 89:    671 479 562 738 474 137 279 
stack 90:    400 264 587 349 364 579 170 
stack 91:    483 564 179 158 207 401 26 
stack 92:    732 447 217 321 294 27 308 
stack 93:    83 212 107 226 284 316 311 
stack 94:    338 611 598 146 166 404 63 
stack 95:    30 145 578 484 712 432 697 
stack 96:    278 229 128 58 254 353 109 
stack 97:    267 607 368 140 517 407 121 
stack 98:    33 150 157 191 704 495 593 
stack 99:    451 747 624 34 548 266 156 
stack 100:    506 363 291 515 493 35 416 
stack 101:    614 411 91 643 569 161 570 
stack 102:    540 80 661 465 642 250 134 
stack 103:    413 571 94 84 553 261 528 
stack 104:    414 39 532 271 213 177 97 
stack 105:    415 40 529 748 581 113 576 
stack 106:    41 588 357 612 135 54 657 
stack 107:    641 639 240 613 575 563 43 
stack 108:    418 488 270 185 708 602 288 
stack 109:    315 111 44 654 566 531 443 
stack 110:    678 646 176 96 248 120 45 
stack 111:    46 680 421 162 328 326 331 
stack 112:    652 631 423 552 167 303 508 
stack 113:    48 724 632 76 435 314 719 
stack 114:    597 690 106 69 424 81 49 
stack 115:    425 619 280 88 549 219 677 
stack 116:    608 138 82 99 650 346 149 
stack 117:    103 428 241 169 560 489 350 
stack 118:    695 589 234 124 186 74 492 
stack 119:    668 463 556 174 160 204 125 
stack 120:    430 289 85 444 165 56 192 
stack 121:    75 108 604 739 486 628 431 
stack 122:    590 317 268 481 70 341 539 
stack 123:    126 743 713 224 720 172 584 
stack 124:    283 256 434 320 269 65 480 
stack 125:    623 60 663 605 456 297 299 
stack 126:    89 436 676 599 237 249 221 
stack 127:    691 168 367 722 457 247 62 
stack 128:    705 616 272 365 273 77 322 
stack 129:    567 184 638 208 626 245 689 

#####################################################

solved with: SP.constructive_heuristics.GeneralHeuristic
time limit: 3600.0 s
time to solve: 0,01 s
objective value: 753563.73

stacks (top to bottom):
stack 0:    515 46 163 328 38 213 90 
stack 1:    212 640 357 127 325 352 385 
stack 2:    267 44 60 560 489 512 443 
stack 3:    166 682 170 74 49 492 727 
stack 4:    595 491 272 37 563 167 710 
stack 5:    513 230 502 442 708 174 63 
stack 6:    358 691 544 621 495 628 378 
stack 7:    164 122 181 86 651 119 524 
stack 8:    281 471 408 529 139 530 507 
stack 9:    98 564 176 244 487 633 360 
stack 10:    555 197 103 321 52 663 308 
stack 11:    283 567 268 324 742 620 689 
stack 12:    33 533 669 18 367 196 662 
stack 13:    64 78 179 191 455 331 303 
stack 14:    543 447 739 525 719 62 318 
stack 15:    706 611 599 470 629 508 121 
stack 16:    568 114 232 684 602 353 450 
stack 17:    21 680 748 231 686 696 539 
stack 18:    479 351 612 498 217 469 728 
stack 19:    83 301 588 289 632 551 653 
stack 20:    490 141 664 14 740 92 151 
stack 21:    369 218 35 104 131 109 252 
stack 22:    11 344 676 412 147 531 465 
stack 23:    395 178 459 171 386 240 452 
stack 24:    73 282 222 339 295 466 537 
stack 25:    577 483 300 135 644 715 476 
stack 26:    138 67 29 688 552 405 441 
stack 27:    23 705 522 499 730 583 149 
stack 28:    493 144 411 659 617 717 650 
stack 29:    590 540 253 365 558 100 94 
stack 30:    665 601 209 596 731 556 733 
stack 31:    597 547 581 19 124 129 250 
stack 32:    440 658 509 444 241 132 600 
stack 33:    82 423 494 254 570 148 698 
stack 34:    265 327 406 453 101 449 749 
stack 35:    415 256 72 93 276 322 26 
stack 36:    28 501 309 120 704 333 657 
stack 37:    338 418 245 626 399 693 681 
stack 38:    140 246 205 614 735 16 162 
stack 39:    641 158 468 397 631 721 130 
stack 40:    647 361 421 594 660 286 448 
stack 41:    714 673 203 527 69 550 474 
stack 42:    695 315 377 461 314 316 520 
stack 43:    497 278 7 746 371 702 51 
stack 44:    206 505 227 226 677 1 261 
stack 45:    363 690 679 373 738 403 516 
stack 46:    454 298 585 172 12 257 394 
stack 47:    285 214 185 293 535 274 20 
stack 48:    236 685 345 113 534 192 27 
stack 49:    153 332 61 496 34 36 242 
stack 50:    506 645 143 557 225 514 198 
stack 51:    559 482 701 284 381 84 201 
stack 52:    425 380 519 5 142 627 374 
stack 53:    343 391 348 562 165 486 536 
stack 54:    517 396 700 264 4 294 376 
stack 55:    687 430 199 573 718 229 194 
stack 56:    154 649 426 622 437 299 134 
stack 57:    589 747 80 97 445 532 238 
stack 58:    17 438 503 187 372 68 22 
stack 59:    210 336 526 582 40 219 155 
stack 60:    126 554 87 323 424 625 24 
stack 61:    652 379 280 99 189 183 10 
stack 62:    243 607 699 655 182 458 416 
stack 63:    716 216 85 188 736 320 431 
stack 64:    41 105 694 305 464 584 304 
stack 65:    168 488 273 221 269 54 115 
stack 66:    414 439 433 239 542 615 366 
stack 67:    648 107 340 81 457 392 462 
stack 68:    25 42 744 8 0 528 723 
stack 69:    608 157 65 312 634 112 390 
stack 70:    451 106 228 306 605 262 606 
stack 71:    667 319 215 287 350 55 576 
stack 72:    277 467 643 57 675 571 45 
stack 73:    604 713 383 66 578 43 409 
stack 74:    745 635 136 296 169 456 387 
stack 75:    413 370 279 741 311 50 500 
stack 76:    356 310 368 330 434 364 77 
stack 77:    317 586 523 726 618 410 637 
stack 78:    71 59 150 79 175 288 31 
stack 79:    118 463 709 429 569 235 347 
stack 80:    460 89 190 472 359 275 674 
stack 81:    111 598 624 102 247 177 354 
stack 82:    13 734 541 133 9 609 249 
stack 83:    623 251 307 341 173 697 548 
stack 84:    116 646 342 428 446 420 393 
stack 85:    732 475 270 510 729 603 152 
stack 86:    610 117 504 186 2 630 32 
stack 87:    75 592 591 95 161 572 266 
stack 88:    671 70 638 15 703 297 271 
stack 89:    313 538 575 587 683 432 156 
stack 90:    574 672 666 613 233 707 263 
stack 91:    711 96 248 436 237 654 546 
stack 92:    384 290 88 549 346 160 355 
stack 93:    678 511 53 722 3 737 480 
stack 94:    668 485 477 202 545 362 204 
stack 95:    146 481 636 56 292 211 404 
stack 96:    692 382 91 128 388 484 258 
stack 97:    291 110 724 656 47 193 580 
stack 98:    180 234 375 566 6 642 125 
stack 99:    619 639 200 260 223 389 579 
stack 100:    48 334 224 58 401 712 553 
stack 101:    478 145 349 435 518 255 473 
stack 102:    743 108 329 259 565 159 39 
stack 103:    670 616 407 422 302 427 
stack 104:    400 337 419 720 725 326 402 
stack 105:    561 521 208 195 417 
stack 106:    184 335 220 661 
stack 107:    398 76 137 593 
stack 108:    30 207 
stack 109:    123 
stack 110:    
stack 111:    
stack 112:    
stack 113:    
stack 114:    
stack 115:    
stack 116:    
stack 117:    
stack 118:    
stack 119:    
stack 120:    
stack 121:    
stack 122:    
stack 123:    
stack 124:    
stack 125:    
stack 126:    
stack 127:    
stack 128:    
stack 129:    
