lower bound for relaxed s_ij: 692229.02

#####################################################

solved with: SP.mip_formulations.BinPackingFormulation
time limit: 3600.0 s
time to solve: 1910,20 s
objective value: 692237.52

stacks (top to bottom):
stack 0:    375 0 
stack 1:    
stack 2:    377 
stack 3:    3 
stack 4:    379 
stack 5:    
stack 6:    
stack 7:    
stack 8:    
stack 9:    
stack 10:    
stack 11:    11 
stack 12:    
stack 13:    489 453 388 
stack 14:    715 458 392 474 370 134 411 
stack 15:    117 549 588 361 390 712 193 
stack 16:    685 92 738 114 322 142 365 
stack 17:    694 691 178 518 507 279 567 
stack 18:    710 555 556 586 325 258 449 
stack 19:    19 339 30 285 182 130 352 
stack 20:    735 675 270 510 250 542 20 
stack 21:    209 188 274 396 679 100 169 
stack 22:    676 251 308 616 367 632 487 
stack 23:    708 159 722 551 304 573 483 
stack 24:    218 271 44 373 355 239 338 
stack 25:    284 248 267 153 347 566 225 
stack 26:    512 318 671 697 455 163 401 
stack 27:    539 146 221 93 90 369 27 
stack 28:    744 256 254 741 195 621 666 
stack 29:    227 609 538 346 122 684 659 
stack 30:    630 601 343 613 720 681 287 
stack 31:    77 140 177 235 312 96 334 
stack 32:    368 535 353 351 102 356 407 
stack 33:    244 302 486 524 268 335 237 
stack 34:    742 650 522 222 475 273 326 
stack 35:    545 234 35 541 668 144 514 
stack 36:    520 508 748 680 506 477 133 
stack 37:    70 450 699 561 299 540 462 
stack 38:    656 206 620 472 627 337 471 
stack 39:    280 626 476 702 303 653 39 
stack 40:    131 642 415 682 40 119 167 
stack 41:    470 724 293 416 345 296 599 
stack 42:    116 263 719 151 581 328 584 
stack 43:    732 180 147 418 521 451 204 
stack 44:    718 594 364 107 729 688 252 
stack 45:    711 725 728 175 703 655 87 
stack 46:    749 716 110 590 700 602 603 
stack 47:    721 737 624 648 714 628 706 
stack 48:    423 707 645 618 490 585 448 
stack 49:    612 249 598 698 638 289 49 
stack 50:    61 515 172 747 705 564 550 
stack 51:    84 596 201 214 253 229 82 
stack 52:    155 444 211 457 493 186 224 
stack 53:    646 637 463 174 527 295 145 
stack 54:    468 265 138 429 333 104 505 
stack 55:    94 654 192 305 81 546 511 
stack 56:    71 217 607 141 158 171 491 
stack 57:    64 212 161 128 226 264 533 
stack 58:    553 200 433 86 113 91 101 
stack 59:    59 661 181 80 69 589 246 
stack 60:    60 290 97 360 88 191 310 
stack 61:    736 154 220 106 255 241 194 
stack 62:    683 311 350 615 62 294 571 
stack 63:    79 460 438 499 63 464 442 
stack 64:    341 202 717 243 558 120 124 
stack 65:    376 
stack 66:    1 
stack 67:    2 378 
stack 68:    
stack 69:    4 
stack 70:    380 5 
stack 71:    381 6 
stack 72:    382 7 
stack 73:    383 8 
stack 74:    384 9 
stack 75:    10 385 
stack 76:    386 
stack 77:    12 387 
stack 78:    286 563 317 446 709 501 13 
stack 79:    413 389 686 740 480 233 14 
stack 80:    391 319 537 57 126 652 15 
stack 81:    16 690 674 531 743 292 316 
stack 82:    260 473 358 17 623 583 362 
stack 83:    689 18 530 635 149 323 393 
stack 84:    189 575 143 394 503 617 359 
stack 85:    336 283 611 22 395 730 484 
stack 86:    320 99 565 118 150 669 21 
stack 87:    208 197 397 313 663 641 348 
stack 88:    136 456 306 398 23 704 357 
stack 89:    731 112 528 67 66 399 24 
stack 90:    465 121 272 198 68 400 25 
stack 91:    340 103 26 496 301 173 111 
stack 92:    695 402 469 137 29 597 278 
stack 93:    454 327 187 28 667 664 403 
stack 94:    314 578 232 678 404 276 640 
stack 95:    651 406 405 529 593 240 478 
stack 96:    31 459 309 275 157 548 746 
stack 97:    32 259 692 445 185 727 547 
stack 98:    307 408 482 481 509 494 33 
stack 99:    409 331 321 281 132 108 34 
stack 100:    410 713 166 363 344 342 582 
stack 101:    36 443 577 670 657 610 701 
stack 102:    37 261 523 739 636 614 412 
stack 103:    231 38 673 207 536 165 210 
stack 104:    605 569 414 498 572 297 324 
stack 105:    625 687 631 127 658 500 604 
stack 106:    43 497 176 574 41 517 98 
stack 107:    634 543 696 417 42 72 168 
stack 108:    649 89 647 559 532 576 733 
stack 109:    619 734 643 215 205 148 419 
stack 110:    420 366 160 644 354 332 45 
stack 111:    46 74 421 660 156 662 467 
stack 112:    422 277 485 47 190 48 125 
stack 113:    495 105 162 606 591 152 223 
stack 114:    745 519 557 554 693 139 424 
stack 115:    50 230 329 257 73 83 425 
stack 116:    196 622 228 544 426 441 51 
stack 117:    492 427 374 266 262 238 52 
stack 118:    247 677 53 428 439 179 78 
stack 119:    54 371 516 592 236 76 723 
stack 120:    430 570 349 488 213 291 55 
stack 121:    242 65 726 56 115 95 431 
stack 122:    633 432 608 579 502 665 600 
stack 123:    219 672 479 372 513 58 447 
stack 124:    639 434 568 580 504 216 184 
stack 125:    629 435 164 330 282 199 562 
stack 126:    135 466 75 300 461 436 109 
stack 127:    587 298 560 129 437 245 452 
stack 128:    552 525 288 123 534 203 170 
stack 129:    440 183 269 595 526 315 85 

#####################################################

solved with: SP.constructive_heuristics.GeneralHeuristic
time limit: 3600.0 s
time to solve: 0,00 s
objective value: 750788.26

stacks (top to bottom):
stack 0:    430 651 384 309 233 240 641 
stack 1:    649 60 329 374 360 238 210 
stack 2:    67 556 176 585 387 49 170 
stack 3:    280 482 339 453 140 653 241 
stack 4:    254 716 594 69 523 10 747 
stack 5:    413 375 205 745 565 65 351 
stack 6:    110 181 47 349 646 644 743 
stack 7:    228 94 499 214 207 746 6 
stack 8:    136 270 56 623 542 132 546 
stack 9:    19 265 336 464 127 592 124 
stack 10:    84 371 30 515 381 9 385 
stack 11:    391 227 290 537 129 312 425 
stack 12:    249 38 512 73 89 591 498 
stack 13:    476 717 113 359 662 487 536 
stack 14:    737 322 57 421 395 567 33 
stack 15:    16 192 735 174 153 534 167 
stack 16:    444 150 419 102 722 14 604 
stack 17:    178 53 361 606 493 169 681 
stack 18:    269 477 403 337 393 584 334 
stack 19:    261 251 463 157 370 304 640 
stack 20:    710 358 179 323 506 171 85 
stack 21:    622 465 485 614 175 236 348 
stack 22:    148 678 699 702 417 558 225 
stack 23:    208 327 346 163 152 706 471 
stack 24:    232 410 637 577 474 483 571 
stack 25:    587 59 189 4 658 660 203 
stack 26:    545 293 589 668 424 328 484 
stack 27:    736 626 97 185 278 204 357 
stack 28:    196 215 740 639 679 45 496 
stack 29:    578 70 28 439 508 396 11 
stack 30:    61 121 80 17 95 142 111 
stack 31:    64 520 686 372 507 321 478 
stack 32:    37 661 311 198 715 276 529 
stack 33:    90 180 187 509 432 264 597 
stack 34:    219 105 707 399 342 407 663 
stack 35:    161 530 75 420 455 576 377 
stack 36:    560 220 633 503 547 505 7 
stack 37:    687 441 713 182 115 354 347 
stack 38:    708 553 574 26 119 666 411 
stack 39:    634 555 494 394 23 697 491 
stack 40:    79 458 288 68 405 222 386 
stack 41:    389 535 31 470 131 497 123 
stack 42:    343 630 141 255 472 613 237 
stack 43:    149 724 325 414 216 91 583 
stack 44:    298 683 397 610 25 723 52 
stack 45:    486 434 369 673 373 145 42 
stack 46:    456 307 721 620 158 296 704 
stack 47:    460 426 284 166 248 125 258 
stack 48:    143 212 450 83 416 709 533 
stack 49:    438 516 404 700 172 331 279 
stack 50:    244 234 268 461 235 627 55 
stack 51:    427 664 352 659 388 15 223 
stack 52:    155 211 5 519 590 24 621 
stack 53:    492 409 695 440 183 449 282 
stack 54:    263 690 305 213 714 652 199 
stack 55:    734 563 728 40 338 78 442 
stack 56:    341 586 524 285 655 310 562 
stack 57:    368 43 99 46 675 195 551 
stack 58:    320 694 609 435 303 335 501 
stack 59:    380 319 618 392 356 582 324 
stack 60:    629 454 598 738 160 692 164 
stack 61:    698 466 1 300 462 447 245 
stack 62:    146 489 177 398 437 315 514 
stack 63:    619 676 672 552 400 573 632 
stack 64:    35 366 126 144 190 104 224 
stack 65:    588 624 257 538 186 41 98 
stack 66:    744 118 151 139 719 252 229 
stack 67:    200 541 510 308 433 412 580 
stack 68:    656 569 543 696 96 665 712 
stack 69:    549 93 340 638 88 156 548 
stack 70:    495 650 525 313 475 20 193 
stack 71:    732 247 611 428 137 3 390 
stack 72:    277 479 457 332 431 273 572 
stack 73:    197 625 116 443 645 490 376 
stack 74:    554 726 364 725 51 344 316 
stack 75:    643 575 259 86 184 295 502 
stack 76:    18 71 647 29 446 120 194 
stack 77:    283 559 561 262 382 297 165 
stack 78:    742 36 406 271 147 81 684 
stack 79:    596 63 272 201 602 603 452 
stack 80:    117 209 544 642 691 615 600 
stack 81:    601 226 680 705 608 101 133 
stack 82:    749 2 44 246 281 418 445 
stack 83:    242 289 513 108 511 730 451 
stack 84:    231 671 266 648 436 540 173 
stack 85:    522 711 74 729 531 378 593 
stack 86:    314 230 674 682 488 365 291 
stack 87:    468 345 122 191 100 526 550 
stack 88:    54 689 302 243 607 109 362 
stack 89:    267 527 703 48 367 87 326 
stack 90:    66 654 415 631 62 448 34 
stack 91:    480 286 539 250 688 134 82 
stack 92:    518 318 429 532 617 330 39 
stack 93:    50 114 481 128 292 564 628 
stack 94:    12 350 363 27 21 701 168 
stack 95:    528 260 459 275 0 670 253 
stack 96:    77 32 217 333 568 401 294 
stack 97:    154 202 106 13 72 467 76 
stack 98:    605 218 677 130 22 616 379 
stack 99:    112 422 188 402 635 469 355 
stack 100:    353 693 107 162 58 301 599 
stack 101:    570 135 685 221 138 581 500 
stack 102:    306 667 8 299 504 579 287 
stack 103:    612 92 103 748 720 733 595 
stack 104:    731 473 739 239 521 727 517 
stack 105:    718 256 159 669 
stack 106:    557 741 636 566 
stack 107:    423 657 
stack 108:    317 274 
stack 109:    206 
stack 110:    383 408 
stack 111:    
stack 112:    
stack 113:    
stack 114:    
stack 115:    
stack 116:    
stack 117:    
stack 118:    
stack 119:    
stack 120:    
stack 121:    
stack 122:    
stack 123:    
stack 124:    
stack 125:    
stack 126:    
stack 127:    
stack 128:    
stack 129:    
