lower bound for relaxed s_ij: 692238.7

#####################################################

solved with: SP.mip_formulations.BinPackingFormulation
time limit: 3600.0 s
time to solve: 1793,10 s
objective value: 692246.02

stacks (top to bottom):
stack 0:    0 
stack 1:    
stack 2:    
stack 3:    3 
stack 4:    
stack 5:    380 
stack 6:    
stack 7:    382 
stack 8:    383 
stack 9:    9 
stack 10:    10 
stack 11:    11 
stack 12:    
stack 13:    207 293 
stack 14:    718 119 443 499 14 639 272 
stack 15:    444 564 501 661 100 115 15 
stack 16:    543 259 355 16 309 168 347 
stack 17:    201 640 732 656 257 26 395 
stack 18:    29 467 278 118 393 162 18 
stack 19:    687 185 541 228 370 445 720 
stack 20:    593 672 313 614 157 654 163 
stack 21:    572 130 418 298 748 241 396 
stack 22:    675 511 85 178 709 584 209 
stack 23:    401 398 738 221 470 176 481 
stack 24:    610 295 300 105 644 629 581 
stack 25:    677 345 73 338 555 242 682 
stack 26:    523 165 536 348 90 306 121 
stack 27:    296 615 483 218 719 402 727 
stack 28:    123 74 297 169 609 325 28 
stack 29:    367 714 191 125 690 452 450 
stack 30:    282 498 490 346 341 277 75 
stack 31:    337 646 426 368 31 530 717 
stack 32:    440 618 32 495 442 181 263 
stack 33:    408 449 643 315 715 237 731 
stack 34:    701 139 137 327 233 138 63 
stack 35:    599 569 703 700 122 331 612 
stack 36:    239 462 632 328 308 565 287 
stack 37:    512 673 307 617 104 333 579 
stack 38:    567 291 299 294 670 166 132 
stack 39:    626 642 630 342 597 708 92 
stack 40:    493 463 40 556 553 229 515 
stack 41:    725 616 582 366 172 94 371 
stack 42:    696 552 508 301 730 112 120 
stack 43:    234 563 128 634 623 558 578 
stack 44:    647 204 726 692 655 190 44 
stack 45:    108 45 363 723 651 304 290 
stack 46:    571 216 288 527 479 421 161 
stack 47:    246 659 77 280 747 621 608 
stack 48:    175 361 253 441 683 266 598 
stack 49:    244 480 650 586 485 245 232 
stack 50:    554 473 89 716 537 86 374 
stack 51:    595 550 187 349 665 155 174 
stack 52:    601 117 230 544 153 685 671 
stack 53:    113 453 267 53 57 428 600 
stack 54:    251 549 206 704 447 744 698 
stack 55:    430 203 70 622 641 461 151 
stack 56:    468 82 56 78 369 326 210 
stack 57:    627 359 607 365 227 354 195 
stack 58:    477 339 585 353 143 466 95 
stack 59:    653 633 99 664 505 248 71 
stack 60:    583 638 312 189 98 531 317 
stack 61:    262 691 492 516 335 666 188 
stack 62:    330 737 222 213 620 62 254 
stack 63:    102 164 154 83 528 79 587 
stack 64:    455 360 243 513 179 124 522 
stack 65:    1 375 
stack 66:    376 2 
stack 67:    377 
stack 68:    378 
stack 69:    4 379 
stack 70:    5 
stack 71:    381 6 
stack 72:    7 
stack 73:    8 
stack 74:    384 
stack 75:    385 
stack 76:    386 
stack 77:    12 13 387 
stack 78:    497 471 344 258 285 388 220 
stack 79:    420 389 436 613 504 545 106 
stack 80:    171 193 110 739 391 390 273 
stack 81:    574 392 255 631 454 205 184 
stack 82:    17 87 669 628 591 520 362 
stack 83:    561 116 260 486 489 310 129 
stack 84:    534 281 635 697 321 394 19 
stack 85:    20 199 311 111 303 649 88 
stack 86:    152 560 72 521 289 21 247 
stack 87:    271 22 397 412 131 81 373 
stack 88:    23 741 517 458 275 226 67 
stack 89:    60 451 160 24 399 279 518 
stack 90:    192 50 231 144 76 25 400 
stack 91:    503 249 270 422 186 196 64 
stack 92:    334 27 58 706 332 198 66 
stack 93:    403 592 91 80 604 588 322 
stack 94:    438 286 529 404 147 594 478 
stack 95:    405 694 358 652 194 329 30 
stack 96:    409 745 214 324 318 202 406 
stack 97:    407 240 215 469 177 134 97 
stack 98:    411 464 33 524 208 695 34 
stack 99:    657 566 372 625 276 539 114 
stack 100:    35 410 746 180 551 274 736 
stack 101:    36 65 448 357 284 535 711 
stack 102:    533 636 619 482 37 459 446 
stack 103:    413 38 743 547 684 351 580 
stack 104:    145 414 663 611 662 39 352 
stack 105:    236 465 500 356 416 41 415 
stack 106:    589 319 305 494 596 733 602 
stack 107:    705 42 540 475 457 568 417 
stack 108:    674 660 645 156 43 742 713 
stack 109:    364 559 460 548 487 419 546 
stack 110:    197 648 606 658 668 728 667 
stack 111:    474 46 576 699 476 238 107 
stack 112:    605 740 680 314 47 575 146 
stack 113:    570 423 48 676 693 562 292 
stack 114:    49 526 424 126 689 302 103 
stack 115:    678 624 538 439 637 51 425 
stack 116:    514 261 252 679 142 135 264 
stack 117:    484 150 427 340 496 200 52 
stack 118:    323 211 509 101 735 316 686 
stack 119:    734 224 269 54 429 722 707 
stack 120:    336 167 173 55 217 159 702 
stack 121:    96 149 491 256 456 577 431 
stack 122:    590 183 235 432 510 532 68 
stack 123:    59 688 84 710 433 141 93 
stack 124:    519 212 140 557 320 148 434 
stack 125:    542 250 435 507 182 268 603 
stack 126:    133 69 488 109 265 61 681 
stack 127:    724 170 283 127 437 223 350 
stack 128:    506 573 343 136 749 219 712 
stack 129:    225 158 525 729 721 502 472 

#####################################################

solved with: SP.constructive_heuristics.GeneralHeuristic
time limit: 3600.0 s
time to solve: 0,01 s
objective value: 751206.39

stacks (top to bottom):
stack 0:    361 436 363 668 138 93 68 
stack 1:    687 295 405 582 32 733 284 
stack 2:    626 386 532 352 722 731 354 
stack 3:    397 516 101 26 623 723 71 
stack 4:    259 260 654 168 2 651 666 
stack 5:    601 165 342 345 8 539 481 
stack 6:    38 692 261 219 700 347 332 
stack 7:    540 457 400 568 746 173 180 
stack 8:    367 294 595 297 379 384 19 
stack 9:    724 567 638 77 167 424 126 
stack 10:    674 440 285 59 737 37 621 
stack 11:    589 636 206 609 11 315 428 
stack 12:    70 89 573 218 641 504 188 
stack 13:    154 340 118 178 269 242 120 
stack 14:    464 491 414 614 378 10 223 
stack 15:    236 301 627 545 287 217 232 
stack 16:    234 498 634 604 710 631 107 
stack 17:    203 368 536 390 109 18 52 
stack 18:    76 187 307 459 406 302 277 
stack 19:    231 630 633 456 243 348 39 
stack 20:    408 358 172 489 131 620 676 
stack 21:    220 359 741 88 92 263 485 
stack 22:    742 312 729 58 94 558 531 
stack 23:    691 548 656 78 329 712 174 
stack 24:    590 145 701 362 308 106 221 
stack 25:    554 192 435 117 273 230 662 
stack 26:    571 501 688 511 240 276 466 
stack 27:    216 550 635 521 100 437 55 
stack 28:    116 6 262 135 513 507 708 
stack 29:    675 298 255 222 684 0 125 
stack 30:    105 288 16 210 394 181 470 
stack 31:    439 479 372 566 383 736 518 
stack 32:    49 123 509 14 632 205 226 
stack 33:    244 23 69 432 404 266 586 
stack 34:    583 214 525 596 608 553 191 
stack 35:    33 83 338 611 727 544 5 
stack 36:    420 330 164 523 31 190 155 
stack 37:    291 533 619 512 392 445 247 
stack 38:    36 559 272 200 274 103 373 
stack 39:    144 300 169 447 747 322 580 
stack 40:    271 678 183 730 529 161 581 
stack 41:    430 207 584 749 585 177 695 
stack 42:    228 644 679 54 97 682 176 
stack 43:    560 454 320 127 412 9 578 
stack 44:    468 299 82 670 659 448 711 
stack 45:    547 495 341 697 346 292 415 
stack 46:    538 483 3 21 399 248 245 
stack 47:    258 673 366 57 461 686 317 
stack 48:    629 84 51 663 233 577 450 
stack 49:    337 463 647 467 139 256 517 
stack 50:    381 27 374 530 141 28 598 
stack 51:    50 283 642 356 215 421 114 
stack 52:    732 311 661 557 309 667 429 
stack 53:    344 387 664 143 643 162 434 
stack 54:    130 296 318 166 280 551 579 
stack 55:    225 494 449 735 328 209 237 
stack 56:    497 96 564 418 331 134 458 
stack 57:    175 471 282 239 460 694 61 
stack 58:    542 133 20 13 398 186 179 
stack 59:    541 72 339 142 41 121 707 
stack 60:    411 403 624 253 569 703 469 
stack 61:    375 40 486 370 588 369 159 
stack 62:    653 660 22 241 743 265 693 
stack 63:    484 543 534 385 475 66 535 
stack 64:    197 250 508 124 587 63 34 
stack 65:    506 193 672 343 391 575 433 
stack 66:    45 669 527 477 196 720 715 
stack 67:    108 204 24 616 639 617 140 
stack 68:    102 610 324 25 492 721 671 
stack 69:    413 42 462 591 115 15 576 
stack 70:    170 401 270 388 48 546 698 
stack 71:    657 235 327 597 293 476 304 
stack 72:    152 563 628 137 313 136 713 
stack 73:    455 709 665 81 254 129 395 
stack 74:    376 150 87 502 189 371 151 
stack 75:    305 336 482 472 357 316 67 
stack 76:    334 382 211 520 289 46 44 
stack 77:    745 185 718 640 615 314 652 
stack 78:    572 110 249 208 514 257 515 
stack 79:    570 499 278 157 360 64 306 
stack 80:    605 714 158 132 98 717 452 
stack 81:    281 524 160 726 73 416 333 
stack 82:    725 622 128 402 704 75 198 
stack 83:    451 606 599 111 505 478 522 
stack 84:    493 537 490 453 602 279 350 
stack 85:    1 319 86 487 410 163 229 
stack 86:    113 444 677 99 419 153 227 
stack 87:    748 199 496 182 90 393 702 
stack 88:    574 645 56 680 310 417 380 
stack 89:    427 252 422 625 264 396 30 
stack 90:    364 618 202 526 446 565 681 
stack 91:    646 696 637 286 649 594 431 
stack 92:    17 648 85 326 275 146 238 
stack 93:    443 423 549 80 719 689 690 
stack 94:    409 519 149 407 224 148 562 
stack 95:    473 561 74 740 321 325 290 
stack 96:    474 12 500 510 438 683 425 
stack 97:    377 201 65 716 47 655 603 
stack 98:    171 389 426 79 738 365 195 
stack 99:    60 552 480 650 147 612 685 
stack 100:    29 4 212 246 323 335 351 
stack 101:    593 355 213 53 442 744 613 
stack 102:    119 7 503 349 556 194 706 
stack 103:    705 43 251 104 62 728 699 
stack 104:    156 734 739 528 607 95 600 
stack 105:    465 658 488 112 
stack 106:    353 303 555 184 
stack 107:    35 267 592 91 268 
stack 108:    441 
stack 109:    122 
stack 110:    
stack 111:    
stack 112:    
stack 113:    
stack 114:    
stack 115:    
stack 116:    
stack 117:    
stack 118:    
stack 119:    
stack 120:    
stack 121:    
stack 122:    
stack 123:    
stack 124:    
stack 125:    
stack 126:    
stack 127:    
stack 128:    
stack 129:    
