lower bound for relaxed s_ij: 692237.52

#####################################################

solved with: SP.mip_formulations.BinPackingFormulation
time limit: 3600.0 s
time to solve: 2231,49 s
objective value: 692244.84

stacks (top to bottom):
stack 0:    0 
stack 1:    1 
stack 2:    
stack 3:    3 
stack 4:    
stack 5:    5 
stack 6:    6 
stack 7:    7 
stack 8:    8 
stack 9:    
stack 10:    
stack 11:    386 
stack 12:    12 
stack 13:    412 113 13 
stack 14:    618 566 177 584 474 564 246 
stack 15:    743 289 288 684 128 606 93 
stack 16:    534 669 518 164 633 391 263 
stack 17:    228 506 103 703 392 314 617 
stack 18:    156 661 635 148 98 562 28 
stack 19:    242 108 574 448 259 707 31 
stack 20:    623 483 721 179 167 136 504 
stack 21:    117 525 206 698 251 521 313 
stack 22:    619 486 303 99 370 22 72 
stack 23:    718 237 539 513 626 302 23 
stack 24:    565 159 70 582 579 233 399 
stack 25:    507 286 157 197 247 143 25 
stack 26:    621 710 130 551 446 180 401 
stack 27:    736 659 188 496 402 351 287 
stack 28:    185 250 514 139 608 476 141 
stack 29:    300 29 533 404 672 343 266 
stack 30:    571 656 152 459 63 589 129 
stack 31:    519 304 605 340 294 670 406 
stack 32:    374 297 123 94 620 489 407 
stack 33:    493 107 479 722 184 210 477 
stack 34:    674 144 681 644 733 317 666 
stack 35:    749 453 367 664 276 731 570 
stack 36:    149 529 720 285 38 465 36 
stack 37:    371 713 457 554 627 254 349 
stack 38:    284 452 441 427 445 607 580 
stack 39:    695 45 417 39 575 512 480 
stack 40:    724 604 577 168 732 527 739 
stack 41:    356 416 690 515 203 451 362 
stack 42:    91 366 537 439 71 494 267 
stack 43:    418 43 542 473 132 461 275 
stack 44:    199 249 708 675 671 688 500 
stack 45:    662 561 676 60 630 65 142 
stack 46:    46 729 466 341 84 485 215 
stack 47:    475 174 558 279 240 66 200 
stack 48:    687 322 738 692 127 74 567 
stack 49:    147 552 643 69 654 296 201 
stack 50:    586 88 600 193 138 425 685 
stack 51:    323 593 347 51 458 189 444 
stack 52:    553 325 508 747 134 360 715 
stack 53:    740 344 468 53 121 727 105 
stack 54:    198 154 557 711 599 298 694 
stack 55:    652 196 683 208 83 352 119 
stack 56:    64 609 368 262 122 172 97 
stack 57:    682 680 528 190 433 541 327 
stack 58:    469 78 547 221 187 636 100 
stack 59:    290 487 745 495 334 705 59 
stack 60:    435 443 737 463 355 192 169 
stack 61:    499 464 222 697 544 218 114 
stack 62:    470 339 526 646 217 62 437 
stack 63:    309 151 545 104 517 628 87 
stack 64:    531 538 195 116 540 364 163 
stack 65:    375 
stack 66:    2 376 
stack 67:    377 
stack 68:    378 
stack 69:    4 379 
stack 70:    380 
stack 71:    381 
stack 72:    382 
stack 73:    383 
stack 74:    9 384 
stack 75:    385 10 11 
stack 76:    
stack 77:    387 
stack 78:    14 563 704 229 746 253 388 
stack 79:    389 140 353 535 235 655 283 
stack 80:    390 95 742 502 92 258 15 
stack 81:    648 16 137 219 333 455 232 
stack 82:    454 372 295 730 653 274 17 
stack 83:    277 170 18 629 393 741 467 
stack 84:    723 260 394 359 19 354 241 
stack 85:    601 395 56 338 79 602 20 
stack 86:    21 282 550 396 345 255 614 
stack 87:    397 315 145 90 305 133 131 
stack 88:    585 106 398 202 293 175 257 
stack 89:    24 212 135 85 81 173 252 
stack 90:    54 548 280 225 292 400 312 
stack 91:    308 573 26 700 588 501 616 
stack 92:    27 677 638 158 35 522 181 
stack 93:    342 183 449 236 595 403 182 
stack 94:    405 492 348 161 213 160 234 
stack 95:    649 30 243 47 725 744 245 
stack 96:    651 650 125 511 484 306 239 
stack 97:    316 33 598 555 32 679 568 
stack 98:    471 268 256 150 408 211 224 
stack 99:    365 660 34 409 498 244 110 
stack 100:    719 410 578 728 231 667 358 
stack 101:    546 641 146 657 556 411 520 
stack 102:    482 587 37 611 594 590 549 
stack 103:    281 597 413 332 639 101 497 
stack 104:    631 505 186 120 414 301 307 
stack 105:    647 734 76 162 583 40 415 
stack 106:    278 230 576 569 663 77 41 
stack 107:    318 82 645 42 205 326 248 
stack 108:    112 637 625 447 419 634 596 
stack 109:    622 55 44 319 166 155 67 
stack 110:    668 612 68 207 420 665 126 
stack 111:    689 75 361 686 421 214 335 
stack 112:    422 324 581 331 269 491 310 
stack 113:    699 423 48 716 696 691 86 
stack 114:    478 640 560 424 220 49 238 
stack 115:    80 701 658 530 442 328 50 
stack 116:    693 426 456 194 591 264 735 
stack 117:    52 265 472 462 369 543 111 
stack 118:    176 717 642 440 57 428 178 
stack 119:    429 330 336 613 261 273 346 
stack 120:    350 503 209 337 226 430 748 
stack 121:    714 632 536 431 118 532 363 
stack 122:    124 509 102 523 432 191 559 
stack 123:    490 270 58 438 216 709 592 
stack 124:    329 373 702 434 115 61 321 
stack 125:    610 311 291 171 460 673 488 
stack 126:    320 481 436 357 89 204 227 
stack 127:    153 706 109 299 624 165 96 
stack 128:    572 712 450 223 603 271 726 
stack 129:    516 615 510 272 678 73 524 

#####################################################

solved with: SP.constructive_heuristics.GeneralHeuristic
time limit: 3600.0 s
time to solve: 0,00 s
objective value: 750388.29

stacks (top to bottom):
stack 0:    52 144 551 441 721 407 178 
stack 1:    689 152 392 94 253 530 494 
stack 2:    389 723 586 426 74 86 214 
stack 3:    454 284 419 678 271 728 352 
stack 4:    6 577 604 631 460 38 364 
stack 5:    622 469 177 554 261 23 672 
stack 6:    197 138 624 158 200 606 175 
stack 7:    323 390 650 429 60 409 201 
stack 8:    572 157 717 725 596 101 497 
stack 9:    585 75 374 576 55 467 461 
stack 10:    268 270 496 120 315 340 627 
stack 11:    295 453 73 731 380 484 227 
stack 12:    288 593 600 397 63 694 541 
stack 13:    452 398 536 135 665 57 93 
stack 14:    170 713 292 532 333 239 667 
stack 15:    193 635 66 567 97 406 588 
stack 16:    718 623 508 655 611 542 126 
stack 17:    405 619 220 311 18 528 737 
stack 18:    625 634 81 217 85 578 382 
stack 19:    348 446 207 22 0 477 110 
stack 20:    198 10 421 584 473 132 335 
stack 21:    140 656 416 434 599 190 428 
stack 22:    381 350 379 185 574 314 465 
stack 23:    150 30 537 510 431 715 415 
stack 24:    290 561 148 167 204 458 133 
stack 25:    108 95 598 681 235 628 451 
stack 26:    640 45 518 422 629 166 273 
stack 27:    615 318 710 151 674 597 219 
stack 28:    342 272 440 224 639 321 602 
stack 29:    371 503 633 620 608 355 192 
stack 30:    385 154 3 191 663 49 616 
stack 31:    4 222 550 626 404 32 210 
stack 32:    329 373 142 680 495 564 403 
stack 33:    147 448 566 594 61 568 362 
stack 34:    356 278 48 711 160 399 267 
stack 35:    464 236 676 302 654 187 238 
stack 36:    122 161 159 274 527 524 739 
stack 37:    649 176 675 47 118 332 306 
stack 38:    719 427 545 179 726 83 388 
stack 39:    743 462 632 351 226 233 11 
stack 40:    102 487 569 69 296 705 540 
stack 41:    511 289 483 146 556 218 15 
stack 42:    64 742 37 583 169 700 182 
stack 43:    366 127 638 485 444 679 245 
stack 44:    668 24 529 683 642 543 275 
stack 45:    610 544 90 697 51 331 72 
stack 46:    609 1 109 716 293 31 727 
stack 47:    262 281 368 213 89 378 263 
stack 48:    509 265 645 299 425 173 79 
stack 49:    513 171 701 285 512 78 129 
stack 50:    712 16 137 688 420 570 310 
stack 51:    124 507 383 230 435 643 116 
stack 52:    365 432 254 269 19 283 67 
stack 53:    539 699 662 183 526 98 5 
stack 54:    714 33 76 164 673 474 670 
stack 55:    418 27 692 521 579 189 50 
stack 56:    565 372 7 413 337 400 500 
stack 57:    740 475 174 17 401 232 685 
stack 58:    280 682 282 502 250 319 241 
stack 59:    91 228 168 695 291 123 215 
stack 60:    499 525 186 294 489 221 748 
stack 61:    490 242 438 558 62 369 580 
stack 62:    651 206 457 459 514 745 636 
stack 63:    130 394 184 563 661 104 733 
stack 64:    225 92 39 417 658 691 666 
stack 65:    256 439 223 408 35 165 119 
stack 66:    199 316 149 243 13 87 358 
stack 67:    482 587 324 330 396 345 613 
stack 68:    553 706 42 143 707 517 384 
stack 69:    309 724 188 722 732 247 105 
stack 70:    486 479 447 180 305 442 617 
stack 71:    2 736 647 618 336 377 480 
stack 72:    277 730 677 136 533 12 498 
stack 73:    308 557 70 212 251 582 501 
stack 74:    80 702 65 669 391 114 327 
stack 75:    14 26 34 660 411 488 376 
stack 76:    304 605 43 657 9 121 363 
stack 77:    300 361 145 53 696 746 491 
stack 78:    249 652 367 325 412 359 437 
stack 79:    548 659 664 466 414 562 287 
stack 80:    653 21 687 322 456 644 326 
stack 81:    237 320 449 505 115 298 690 
stack 82:    153 286 71 603 607 504 559 
stack 83:    339 436 423 433 41 589 100 
stack 84:    344 112 472 240 698 704 555 
stack 85:    470 68 720 258 522 181 248 
stack 86:    492 82 410 276 341 205 301 
stack 87:    531 523 430 590 234 131 244 
stack 88:    571 560 573 686 44 443 735 
stack 89:    693 471 303 106 46 534 738 
stack 90:    117 468 113 211 387 96 338 
stack 91:    478 506 29 547 515 264 343 
stack 92:    516 749 279 202 216 353 709 
stack 93:    493 172 194 229 393 203 354 
stack 94:    621 260 386 58 684 317 349 
stack 95:    54 671 307 455 375 346 20 
stack 96:    519 395 595 246 36 163 614 
stack 97:    546 601 328 257 255 141 111 
stack 98:    107 357 747 84 535 313 741 
stack 99:    637 450 99 445 744 231 
stack 100:    648 612 734 297 334 591 476 
stack 101:    125 88 729 646 370 252 549 
stack 102:    538 552 575 56 28 266 592 
stack 103:    156 209 402 134 8 40 360 
stack 104:    196 128 312 25 155 
stack 105:    103 481 424 162 630 581 
stack 106:    708 208 
stack 107:    347 259 703 641 463 59 520 
stack 108:    195 77 
stack 109:    139 
stack 110:    
stack 111:    
stack 112:    
stack 113:    
stack 114:    
stack 115:    
stack 116:    
stack 117:    
stack 118:    
stack 119:    
stack 120:    
stack 121:    
stack 122:    
stack 123:    
stack 124:    
stack 125:    
stack 126:    
stack 127:    
stack 128:    
stack 129:    
