lower bound for relaxed s_ij: 1291098.12

#####################################################

solved with: SP.mip_formulations.BinPackingFormulation
time limit: 1800.0 s
time to solve: 1809,94 s (time limit exceeded)
objective value: 1305059.73 (not optimal)

stacks (top to bottom):
stack 0:    12 0 3 502 8 15 10 
stack 1:    9 5 500 1 20 13 4 
stack 2:    33 31 22 24 26 18 2 
stack 3:    40 11 509 41 503 14 35 
stack 4:    39 21 6 28 27 42 36 
stack 5:    79 45 19 524 7 536 67 
stack 6:    55 46 52 23 49 63 30 
stack 7:    48 50 51 37 32 29 25 
stack 8:    59 54 68 60 34 53 58 
stack 9:    65 64 57 66 56 116 69 
stack 10:    104 87 44 62 506 97 94 
stack 11:    71 86 78 85 73 61 84 
stack 12:    557 103 92 115 72 107 74 
stack 13:    91 77 507 105 98 80 75 
stack 14:    110 100 81 109 82 111 76 
stack 15:    90 95 118 96 89 106 83 
stack 16:    117 124 138 88 108 119 513 
stack 17:    123 114 135 134 127 515 93 
stack 18:    120 155 112 154 149 141 121 
stack 19:    133 125 132 131 122 113 130 
stack 20:    139 143 153 136 158 140 137 
stack 21:    156 148 145 129 142 501 151 
stack 22:    144 170 147 161 180 183 150 
stack 23:    166 171 152 146 168 162 164 
stack 24:    191 165 159 197 169 179 196 
stack 25:    187 176 160 534 175 182 178 
stack 26:    172 508 192 188 181 163 189 
stack 27:    207 173 204 199 190 184 200 
stack 28:    185 215 517 206 201 205 195 
stack 29:    640 242 186 174 213 226 575 
stack 30:    203 220 193 229 217 231 212 
stack 31:    194 233 246 223 216 519 237 
stack 32:    230 238 228 198 218 219 209 
stack 33:    244 234 222 239 210 208 227 
stack 34:    251 211 221 245 250 225 243 
stack 35:    214 252 235 249 240 253 224 
stack 36:    247 292 257 277 255 294 262 
stack 37:    546 310 232 301 287 600 270 
stack 38:    267 514 510 269 274 254 248 
stack 39:    540 283 290 241 530 275 278 
stack 40:    300 264 263 282 259 258 543 
stack 41:    266 302 304 289 273 261 284 
stack 42:    335 291 256 323 318 313 593 
stack 43:    316 271 305 288 319 315 298 
stack 44:    569 303 320 308 276 306 293 
stack 45:    544 345 286 555 329 321 296 
stack 46:    334 336 311 295 281 328 299 
stack 47:    343 324 341 348 691 580 333 
stack 48:    330 339 285 312 340 338 326 
stack 49:    356 349 337 359 307 327 355 
stack 50:    358 374 325 344 395 350 369 
stack 51:    567 365 331 364 352 366 367 
stack 52:    353 342 373 370 368 357 360 
stack 53:    354 383 379 372 397 346 389 
stack 54:    393 375 384 363 394 387 386 
stack 55:    377 381 392 378 382 402 391 
stack 56:    628 380 410 409 415 371 551 
stack 57:    781 763 416 398 418 385 405 
stack 58:    408 835 390 388 376 417 403 
stack 59:    423 396 411 401 412 425 424 
stack 60:    399 406 436 421 918 443 332 
stack 61:    452 426 455 466 431 429 445 
stack 62:    447 438 420 433 457 400 766 
stack 63:    811 799 737 753 462 430 427 
stack 64:    432 428 434 440 453 446 449 
stack 65:    941 407 473 442 486 472 489 
stack 66:    458 460 439 474 444 470 469 
stack 67:    758 465 451 479 476 494 456 
stack 68:    477 467 437 459 468 480 487 
stack 69:    744 464 495 484 478 499 815 
stack 70:    818 491 490 482 713 803 701 
stack 71:    662 636 496 498 471 497 570 
stack 72:    621 579 483 492 528 625 695 
stack 73:    653 604 563 488 493 560 714 
stack 74:    603 527 529 518 516 511 632 
stack 75:    587 595 573 485 537 574 635 
stack 76:    505 532 520 539 
stack 77:    541 523 521 542 549 
stack 78:    533 531 526 545 547 548 
stack 79:    538 568 525 559 
stack 80:    504 564 552 535 556 571 
stack 81:    577 588 582 554 578 
stack 82:    562 565 591 572 
stack 83:    581 553 596 589 558 586 561 
stack 84:    597 614 599 584 576 566 590 
stack 85:    594 585 607 583 610 601 
stack 86:    602 626 616 598 
stack 87:    605 609 606 592 608 611 512 
stack 88:    618 612 623 630 615 
stack 89:    624 637 631 629 633 
stack 90:    689 684 619 613 654 
stack 91:    647 668 646 645 627 659 
stack 92:    643 620 622 665 617 644 16 
stack 93:    649 634 658 642 648 639 638 
stack 94:    650 651 657 666 663 641 660 
stack 95:    17 679 690 682 669 674 656 
stack 96:    694 683 673 687 655 676 661 
stack 97:    685 664 696 706 652 
stack 98:    680 686 677 671 670 678 667 
stack 99:    704 681 699 700 675 708 703 
stack 100:    522 688 697 709 693 712 705 
stack 101:    735 672 732 752 707 698 746 
stack 102:    710 720 717 692 718 715 
stack 103:    702 769 738 725 721 765 
stack 104:    728 724 726 727 
stack 105:    722 742 729 733 716 
stack 106:    739 750 734 730 736 745 
stack 107:    754 743 747 740 757 
stack 108:    755 777 756 774 759 741 
stack 109:    762 761 748 778 768 
stack 110:    749 751 784 793 770 
stack 111:    783 779 776 789 764 785 790 
stack 112:    792 786 775 809 771 802 
stack 113:    797 796 787 760 780 791 
stack 114:    801 773 798 823 38 
stack 115:    795 807 788 794 810 804 805 
stack 116:    829 821 800 824 819 
stack 117:    808 814 833 820 816 825 
stack 118:    871 806 812 839 43 
stack 119:    827 828 845 836 848 834 817 
stack 120:    856 852 841 832 849 851 813 
stack 121:    837 843 846 840 844 842 830 
stack 122:    857 878 861 866 880 822 847 
stack 123:    868 875 888 854 865 892 881 
stack 124:    879 886 874 867 873 863 860 
stack 125:    858 901 876 869 859 862 895 
stack 126:    550 864 883 855 894 890 893 
stack 127:    908 928 921 877 922 898 
stack 128:    903 897 900 882 885 904 872 
stack 129:    912 906 905 896 870 850 47 
stack 130:    853 887 923 915 914 899 884 
stack 131:    838 910 891 916 889 924 925 
stack 132:    952 957 942 959 902 933 
stack 133:    944 909 919 917 946 947 930 
stack 134:    943 935 939 926 927 940 931 
stack 135:    953 934 954 938 929 961 950 
stack 136:    991 980 937 932 984 981 965 
stack 137:    831 960 951 945 956 948 969 
stack 138:    966 962 978 963 949 964 968 
stack 139:    977 989 955 986 975 987 985 
stack 140:    973 976 979 992 974 967 993 
stack 141:    995 772 998 971 970 983 972 
stack 142:    958 988 936 920 
stack 143:    450 731 723 999 990 997 996 
stack 144:    361 982 994 907 913 911 826 
stack 145:    463 265 126 719 475 461 454 
stack 146:    782 767 481 102 317 711 448 
stack 147:    419 322 260 413 404 280 347 
stack 148:    70 441 268 167 422 435 414 
stack 149:    297 177 314 279 236 99 272 
stack 150:    309 101 362 351 157 202 128 

#####################################################

solved with: SP.constructive_heuristics.GeneralHeuristic
time limit: 1800.0 s
time to solve: 0,01 s
objective value: 1336862.59

stacks (top to bottom):
stack 0:    314 185 215 302 880 306 578 
stack 1:    101 811 795 73 276 206 600 
stack 2:    46 380 521 989 292 884 851 
stack 3:    906 634 451 527 2 759 128 
stack 4:    432 954 108 468 216 315 435 
stack 5:    960 777 439 415 184 641 985 
stack 6:    126 454 599 412 671 513 97 
stack 7:    945 846 304 409 394 611 278 
stack 8:    297 838 145 502 757 778 15 
stack 9:    115 383 875 234 213 798 770 
stack 10:    533 526 136 307 190 403 448 
stack 11:    481 719 495 681 690 229 503 
stack 12:    941 908 407 876 975 765 630 
stack 13:    522 152 440 23 27 678 369 
stack 14:    40 524 787 457 259 14 727 
stack 15:    507 188 589 874 525 869 288 
stack 16:    401 517 670 480 284 402 825 
stack 17:    977 754 290 320 751 842 321 
stack 18:    772 939 95 541 339 479 940 
stack 19:    441 247 775 809 497 350 130 
stack 20:    230 198 867 295 299 456 326 
stack 21:    462 467 246 199 870 539 195 
stack 22:    33 437 982 675 261 651 499 
stack 23:    621 31 197 5 631 93 69 
stack 24:    818 643 11 220 882 384 341 
stack 25:    758 331 192 77 581 967 422 
stack 26:    124 364 568 886 311 106 414 
stack 27:    70 156 390 779 950 551 834 
stack 28:    416 762 372 676 654 287 965 
stack 29:    186 619 849 961 201 793 920 
stack 30:    463 910 999 697 444 308 417 
stack 31:    139 491 988 396 375 970 885 
stack 32:    995 488 602 959 44 560 893 
stack 33:    419 129 852 208 804 996 296 
stack 34:    755 54 235 224 790 543 913 
stack 35:    653 92 406 537 561 707 635 
stack 36:    236 496 356 12 171 559 752 
stack 37:    620 9 343 909 946 67 580 
stack 38:    461 91 567 510 841 119 226 
stack 39:    460 866 249 606 25 974 487 
stack 40:    958 438 622 368 774 179 718 
stack 41:    228 336 56 692 608 63 733 
stack 42:    207 990 482 240 729 892 711 
stack 43:    767 324 796 545 919 708 38 
stack 44:    267 55 901 221 338 96 248 
stack 45:    576 169 736 122 113 84 255 
stack 46:    345 500 949 76 250 629 930 
stack 47:    934 738 520 182 732 648 385 
stack 48:    595 120 747 883 371 994 656 
stack 49:    912 423 897 193 217 872 644 
stack 50:    857 923 761 218 979 896 528 
stack 51:    203 812 917 253 26 333 805 
stack 52:    361 78 379 623 706 898 270 
stack 53:    411 490 289 862 768 895 633 
stack 54:    737 118 312 239 658 586 94 
stack 55:    951 724 814 158 556 854 225 
stack 56:    214 702 187 902 922 652 472 
stack 57:    265 351 997 596 6 740 112 
stack 58:    464 704 829 971 780 593 691 
stack 59:    887 459 20 131 518 847 826 
stack 60:    540 739 34 410 591 4 489 
stack 61:    685 926 498 370 734 750 200 
stack 62:    953 204 132 466 784 638 294 
stack 63:    45 645 427 674 665 386 570 
stack 64:    868 694 476 105 565 553 227 
stack 65:    966 114 614 7 363 492 536 
stack 66:    66 98 612 281 446 914 486 
stack 67:    316 827 39 864 21 232 860 
stack 68:    579 514 24 366 183 8 272 
stack 69:    683 717 786 534 626 175 873 
stack 70:    799 783 22 153 686 391 10 
stack 71:    485 859 721 899 395 42 443 
stack 72:    546 426 672 271 344 993 149 
stack 73:    447 353 263 474 924 319 519 
stack 74:    604 710 980 325 163 574 262 
stack 75:    662 935 337 845 771 150 329 
stack 76:    636 723 300 133 0 642 530 
stack 77:    79 531 291 318 387 293 549 
stack 78:    731 742 138 616 209 245 512 
stack 79:    806 286 756 134 820 49 154 
stack 80:    310 792 274 769 915 972 911 
stack 81:    157 944 109 233 776 470 788 
stack 82:    309 587 68 127 535 964 830 
stack 83:    110 393 194 420 478 258 822 
stack 84:    684 160 828 921 442 107 189 
stack 85:    557 861 696 673 346 305 405 
stack 86:    781 978 938 425 598 659 766 
stack 87:    59 165 82 51 889 275 657 
stack 88:    260 801 88 863 397 89 987 
stack 89:    564 624 843 983 41 713 625 
stack 90:    797 948 566 547 282 116 715 
stack 91:    640 242 858 493 399 823 936 
stack 92:    452 573 176 174 661 632 695 
stack 93:    85 244 558 469 32 968 850 
stack 94:    268 155 532 572 205 925 47 
stack 95:    544 475 428 357 709 53 555 
stack 96:    871 173 569 515 161 807 699 
stack 97:    628 720 743 618 494 529 890 
stack 98:    404 99 256 726 231 627 35 
stack 99:    991 458 835 433 760 590 212 
stack 100:    177 853 484 669 18 313 367 
stack 101:    317 753 973 266 609 992 693 
stack 102:    365 251 125 523 455 352 178 
stack 103:    408 349 392 483 888 237 424 
stack 104:    358 374 932 36 301 83 714 
stack 105:    279 81 821 1 373 810 815 
stack 106:    172 57 728 146 725 340 802 
stack 107:    90 722 359 655 389 449 151 
stack 108:    238 303 471 348 947 839 931 
stack 109:    450 166 434 929 650 257 986 
stack 110:    808 135 891 142 378 927 764 
stack 111:    597 900 509 969 196 243 907 
stack 112:    102 377 962 800 976 904 741 
stack 113:    782 71 465 211 687 328 506 
stack 114:    17 29 277 667 298 610 332 
stack 115:    280 879 202 223 388 819 164 
stack 116:    354 117 50 418 241 639 421 
stack 117:    550 603 552 191 646 679 701 
stack 118:    942 562 605 80 855 955 705 
stack 119:    831 664 269 3 881 583 712 
stack 120:    143 430 680 13 548 703 58 
stack 121:    735 210 219 984 74 615 575 
stack 122:    103 104 689 613 918 746 803 
stack 123:    837 100 264 477 360 554 785 
stack 124:    48 637 60 588 592 677 789 
stack 125:    381 856 649 283 52 168 745 
stack 126:    413 688 86 64 916 376 400 
stack 127:    647 584 147 730 833 848 16 
stack 128:    744 508 577 273 894 516 571 
stack 129:    144 668 159 998 824 617 140 
stack 130:    330 749 181 542 607 473 933 
stack 131:    763 963 538 585 222 61 748 
stack 132:    342 840 501 327 794 162 666 
stack 133:    957 563 285 429 382 431 865 
stack 134:    943 903 832 180 660 121 347 
stack 135:    167 682 323 75 43 
stack 136:    398 836 254 62 698 436 141 
stack 137:    505 87 937 928 28 773 813 
stack 138:    335 111 700 30 817 355 601 
stack 139:    362 123 905 956 137 445 791 
stack 140:    19 
stack 141:    504 878 252 582 844 663 716 
stack 142:    952 877 72 981 
stack 143:    322 65 148 594 453 
stack 144:    170 511 
stack 145:    334 37 
stack 146:    816 
stack 147:    
stack 148:    
stack 149:    
stack 150:    
