lower bound for relaxed s_ij: 1291096.86

#####################################################

solved with: SP.mip_formulations.BinPackingFormulation
time limit: 1800.0 s
time to solve: 1810,32 s (time limit exceeded)
objective value: 1301681.87 (not optimal)

stacks (top to bottom):
stack 0:    1 2 0 4 515 511 7 
stack 1:    10 56 15 507 60 3 16 
stack 2:    21 13 27 6 20 8 41 
stack 3:    22 31 12 11 28 25 14 
stack 4:    37 36 26 19 17 23 34 
stack 5:    24 35 18 32 9 30 49 
stack 6:    500 48 39 44 40 29 43 
stack 7:    46 38 58 54 51 47 505 
stack 8:    55 33 79 69 66 77 72 
stack 9:    70 63 67 50 45 65 62 
stack 10:    64 76 52 75 73 74 68 
stack 11:    80 513 91 517 103 89 78 
stack 12:    84 522 514 503 61 508 106 
stack 13:    99 136 90 516 81 512 120 
stack 14:    85 100 95 71 98 83 87 
stack 15:    108 111 110 109 96 92 101 
stack 16:    118 123 107 117 119 116 104 
stack 17:    134 112 97 127 126 144 113 
stack 18:    544 536 149 130 151 102 152 
stack 19:    155 131 129 156 138 122 154 
stack 20:    502 159 163 169 124 171 115 
stack 21:    158 145 153 114 147 140 135 
stack 22:    164 139 137 162 146 161 166 
stack 23:    504 150 174 142 133 141 128 
stack 24:    168 196 180 195 191 148 197 
stack 25:    199 167 177 165 173 190 193 
stack 26:    178 176 192 200 187 198 175 
stack 27:    518 216 185 213 188 132 527 
stack 28:    182 181 509 194 207 183 230 
stack 29:    627 179 189 160 205 575 214 
stack 30:    211 184 225 519 201 219 226 
stack 31:    233 186 237 235 238 203 221 
stack 32:    239 542 217 240 224 215 227 
stack 33:    583 245 218 529 271 258 222 
stack 34:    269 202 251 236 273 212 604 
stack 35:    254 241 231 263 220 278 272 
stack 36:    247 223 246 242 229 228 248 
stack 37:    253 243 249 275 232 261 255 
stack 38:    306 260 257 252 297 267 568 
stack 39:    277 276 270 262 274 264 524 
stack 40:    279 282 280 259 525 266 293 
stack 41:    283 304 303 312 281 541 546 
stack 42:    284 320 311 294 305 286 607 
stack 43:    572 317 319 315 309 287 569 
stack 44:    321 289 342 299 318 586 333 
stack 45:    322 300 301 292 337 350 620 
stack 46:    316 313 290 308 302 298 307 
stack 47:    334 330 323 332 328 314 331 
stack 48:    359 346 343 324 370 592 581 
stack 49:    367 354 366 327 338 326 340 
stack 50:    336 365 356 348 341 335 352 
stack 51:    358 357 355 345 363 362 353 
stack 52:    379 374 369 376 373 347 382 
stack 53:    375 371 400 411 361 779 750 
stack 54:    372 389 344 392 387 377 383 
stack 55:    351 380 381 408 384 395 386 
stack 56:    402 368 415 378 385 414 410 
stack 57:    398 396 404 397 394 399 391 
stack 58:    662 409 407 406 403 360 412 
stack 59:    426 388 422 393 421 420 418 
stack 60:    613 430 417 438 436 437 401 
stack 61:    451 425 424 445 427 419 439 
stack 62:    434 433 429 446 452 432 457 
stack 63:    413 456 455 447 448 449 444 
stack 64:    461 458 423 470 474 435 670 
stack 65:    469 453 460 431 441 465 462 
stack 66:    472 471 479 443 473 442 481 
stack 67:    939 923 561 552 526 459 
stack 68:    487 482 490 485 440 480 466 
stack 69:    494 478 496 450 467 491 769 
stack 70:    781 721 477 454 488 464 780 
stack 71:    761 463 495 476 486 468 493 
stack 72:    659 651 674 497 489 484 498 
stack 73:    771 724 702 603 483 577 665 
stack 74:    713 680 648 585 499 520 644 
stack 75:    598 645 631 537 539 530 554 
stack 76:    523 506 538 521 540 528 
stack 77:    501 531 547 553 
stack 78:    532 560 550 
stack 79:    556 551 566 533 564 
stack 80:    563 548 574 580 570 
stack 81:    589 597 543 587 5 
stack 82:    559 549 591 
stack 83:    579 578 576 593 588 557 
stack 84:    571 609 599 614 582 596 
stack 85:    510 565 619 573 605 
stack 86:    624 590 594 567 640 610 639 
stack 87:    616 608 600 584 595 611 
stack 88:    633 612 601 606 
stack 89:    650 602 635 625 
stack 90:    637 641 632 621 622 643 
stack 91:    647 615 655 689 623 654 
stack 92:    628 653 630 618 617 638 
stack 93:    661 663 636 629 657 
stack 94:    664 658 660 626 671 656 
stack 95:    677 652 649 634 646 672 667 
stack 96:    642 682 683 681 685 675 
stack 97:    666 687 688 678 668 673 669 
stack 98:    704 700 686 676 697 706 
stack 99:    690 711 701 694 684 
stack 100:    708 679 705 722 712 691 714 
stack 101:    692 720 715 699 698 719 709 
stack 102:    725 693 726 710 707 741 
stack 103:    696 727 695 749 745 
stack 104:    717 732 718 716 733 731 729 
stack 105:    768 764 753 703 763 
stack 106:    751 735 723 728 737 752 739 
stack 107:    744 758 738 736 734 743 730 
stack 108:    765 754 767 746 748 766 
stack 109:    747 784 778 757 
stack 110:    774 777 772 803 742 
stack 111:    535 534 799 755 806 783 760 
stack 112:    759 756 776 786 787 770 790 
stack 113:    840 785 841 866 827 773 817 
stack 114:    782 798 775 796 805 
stack 115:    789 821 815 808 814 828 
stack 116:    811 818 801 797 816 794 804 
stack 117:    819 831 793 800 809 824 
stack 118:    42 835 822 807 830 843 846 
stack 119:    834 842 836 813 802 839 844 
stack 120:    853 850 858 845 823 833 
stack 121:    812 847 872 852 826 870 868 
stack 122:    545 838 825 832 877 864 878 
stack 123:    59 865 854 848 886 884 849 
stack 124:    861 862 856 879 863 880 860 
stack 125:    57 944 901 881 857 924 
stack 126:    53 893 888 875 859 874 855 
stack 127:    896 871 867 869 882 911 905 
stack 128:    889 890 885 895 876 907 902 
stack 129:    948 949 892 932 909 936 904 
stack 130:    926 919 908 894 922 920 915 
stack 131:    903 925 887 916 898 921 918 
stack 132:    914 900 899 913 897 910 906 
stack 133:    940 912 941 935 927 928 929 
stack 134:    933 952 930 951 934 917 938 
stack 135:    961 931 937 962 956 942 954 
stack 136:    965 959 943 947 958 946 953 
stack 137:    974 960 973 957 976 963 975 
stack 138:    988 955 993 985 968 983 966 
stack 139:    979 981 970 977 945 978 950 
stack 140:    972 982 964 991 996 994 967 
stack 141:    310 810 980 984 987 971 555 
stack 142:    891 791 558 990 986 997 820 
stack 143:    562 883 851 837 795 969 873 
stack 144:    339 296 792 995 989 998 788 
stack 145:    829 428 416 256 208 992 475 
stack 146:    762 740 206 492 999 390 268 
stack 147:    364 329 250 349 325 405 295 
stack 148:    170 172 265 88 288 285 291 
stack 149:    244 210 234 209 82 204 121 
stack 150:    143 157 125 105 93 94 86 

#####################################################

solved with: SP.constructive_heuristics.GeneralHeuristic
time limit: 1800.0 s
time to solve: 0,01 s
objective value: 1329196.72

stacks (top to bottom):
stack 0:    545 461 786 242 967 942 221 
stack 1:    364 628 254 148 166 77 293 
stack 2:    893 993 427 516 783 827 570 
stack 3:    578 15 785 742 387 309 671 
stack 4:    891 494 84 727 20 505 272 
stack 5:    645 33 898 775 299 116 390 
stack 6:    751 426 270 479 593 410 846 
stack 7:    972 179 153 695 464 830 997 
stack 8:    735 940 327 438 503 376 905 
stack 9:    88 492 612 704 507 65 541 
stack 10:    277 502 52 29 748 215 779 
stack 11:    99 974 647 561 526 643 817 
stack 12:    939 57 952 842 335 419 401 
stack 13:    721 76 853 551 549 833 5 
stack 14:    624 520 511 989 14 525 670 
stack 15:    627 38 618 818 728 822 418 
stack 16:    900 768 531 301 969 828 804 
stack 17:    829 835 407 613 388 58 360 
stack 18:    250 223 831 98 675 844 788 
stack 19:    708 147 691 996 66 739 592 
stack 20:    130 454 877 757 815 745 843 
stack 21:    948 216 436 689 312 75 60 
stack 22:    284 131 252 392 81 932 115 
stack 23:    518 522 738 499 879 18 344 
stack 24:    105 653 85 722 560 381 342 
stack 25:    59 313 192 850 32 894 193 
stack 26:    544 871 400 517 916 236 222 
stack 27:    931 453 999 574 274 902 527 
stack 28:    943 859 26 40 126 656 439 
stack 29:    500 196 538 941 910 876 956 
stack 30:    659 703 513 107 586 41 607 
stack 31:    811 862 317 207 347 394 261 
stack 32:    10 724 988 22 367 160 446 
stack 33:    306 372 980 442 399 554 719 
stack 34:    666 253 572 365 489 920 605 
stack 35:    143 303 50 803 444 620 555 
stack 36:    959 241 357 495 630 964 39 
stack 37:    204 919 403 251 867 784 273 
stack 38:    661 797 470 794 83 191 491 
stack 39:    244 567 743 138 307 230 596 
stack 40:    402 375 602 54 749 465 577 
stack 41:    151 488 808 673 611 135 475 
stack 42:    234 506 565 571 532 363 809 
stack 43:    810 851 158 368 168 825 750 
stack 44:    31 717 108 473 621 404 255 
stack 45:    861 182 423 46 456 414 763 
stack 46:    320 658 213 96 698 984 229 
stack 47:    415 705 237 311 305 922 610 
stack 48:    155 664 184 947 8 672 966 
stack 49:    163 174 171 629 606 3 971 
stack 50:    471 443 539 660 557 437 709 
stack 51:    417 12 755 636 62 16 61 
stack 52:    210 200 930 806 156 686 528 
stack 53:    767 776 114 448 519 895 639 
stack 54:    781 359 594 424 963 87 769 
stack 55:    799 687 601 836 198 716 770 
stack 56:    837 899 756 180 362 246 508 
stack 57:    740 979 341 927 140 985 457 
stack 58:    562 965 79 19 912 540 259 
stack 59:    616 690 393 880 144 481 644 
stack 60:    812 845 588 275 726 580 72 
stack 61:    585 535 648 385 712 361 669 
stack 62:    674 834 758 283 587 878 983 
stack 63:    145 345 164 800 573 870 975 
stack 64:    761 24 469 847 813 907 820 
stack 65:    603 472 323 260 73 314 449 
stack 66:    451 955 957 370 68 287 824 
stack 67:    598 789 886 635 884 350 493 
stack 68:    631 576 141 110 435 911 121 
stack 69:    265 795 206 134 468 278 349 
stack 70:    118 634 497 906 44 474 796 
stack 71:    542 981 889 169 366 445 377 
stack 72:    80 764 753 477 103 27 291 
stack 73:    296 696 875 162 852 619 214 
stack 74:    490 187 369 142 348 319 382 
stack 75:    425 330 324 693 591 391 569 
stack 76:    157 413 48 887 854 994 855 
stack 77:    478 754 11 720 683 197 581 
stack 78:    702 913 819 529 814 452 227 
stack 79:    482 288 765 178 521 646 325 
stack 80:    960 422 736 194 389 232 929 
stack 81:    556 304 440 632 106 564 873 
stack 82:    744 774 129 257 459 953 405 
stack 83:    36 23 235 548 384 667 954 
stack 84:    209 458 139 609 190 462 94 
stack 85:    510 509 559 28 7 733 968 
stack 86:    914 21 679 0 816 882 286 
stack 87:    1 124 111 908 128 681 328 
stack 88:    336 374 480 30 860 219 665 
stack 89:    651 398 433 177 165 337 412 
stack 90:    430 380 991 161 484 950 119 
stack 91:    63 150 858 537 614 868 976 
stack 92:    416 233 840 881 640 154 86 
stack 93:    536 925 55 617 821 778 638 
stack 94:    848 308 807 737 326 69 175 
stack 95:    93 662 663 688 297 909 773 
stack 96:    82 231 123 300 832 6 333 
stack 97:    923 558 723 711 112 682 826 
stack 98:    339 159 2 485 890 249 626 
stack 99:    725 692 885 655 550 280 318 
stack 100:    329 239 136 901 857 992 132 
stack 101:    501 563 35 582 201 622 866 
stack 102:    888 961 782 406 937 547 553 
stack 103:    713 37 595 294 935 787 43 
stack 104:    358 476 17 282 240 298 962 
stack 105:    615 45 730 267 92 699 706 
stack 106:    431 379 356 676 734 74 568 
stack 107:    202 354 4 623 802 266 203 
stack 108:    791 91 650 411 625 205 938 
stack 109:    172 590 90 9 760 113 998 
stack 110:    903 53 199 701 441 978 228 
stack 111:    883 487 181 211 641 707 122 
stack 112:    322 543 220 869 47 224 575 
stack 113:    680 792 133 373 533 928 805 
stack 114:    982 279 167 13 51 432 104 
stack 115:    64 579 346 944 552 766 512 
stack 116:    316 321 396 856 455 338 226 
stack 117:    434 865 746 71 652 793 25 
stack 118:    310 777 732 772 945 657 741 
stack 119:    771 897 97 271 714 238 34 
stack 120:    42 608 849 173 212 917 918 
stack 121:    872 958 332 752 101 383 498 
stack 122:    428 933 262 352 281 183 49 
stack 123:    276 247 798 486 684 152 78 
stack 124:    185 863 715 637 483 386 524 
stack 125:    896 371 102 289 864 934 790 
stack 126:    285 496 100 258 599 146 408 
stack 127:    208 334 56 466 839 604 268 
stack 128:    256 176 583 218 995 195 420 
stack 129:    762 838 263 597 986 189 654 
stack 130:    926 70 67 970 109 710 924 
stack 131:    186 973 243 892 915 546 331 
stack 132:    149 355 642 290 137 801 117 
stack 133:    633 600 668 678 566 700 729 
stack 134:    409 990 523 649 302 951 731 
stack 135:    460 447 127 946 515 248 295 
stack 136:    170 534 977 530 823 841 904 
stack 137:    245 269 504 467 697 395 987 
stack 138:    125 463 747 89 429 694 921 
stack 139:    677 759 95 353 421 264 120 
stack 140:    718 450 340 685 780 
stack 141:    589 225 874 
stack 142:    949 188 315 936 
stack 143:    351 378 292 
stack 144:    584 217 514 397 
stack 145:    343 
stack 146:    
stack 147:    
stack 148:    
stack 149:    
stack 150:    
