solved with: SP.deprecated.TabuSearch
time limit: 1800.0 s
time to solve: 668,57 s
objective value: 1291129.69

stacks (top to bottom):
stack 0:    0 
stack 1:    1 
stack 2:    3 
stack 3:    503 
stack 4:    506 6 
stack 5:    132 9 833 727 818 49 549 
stack 6:    789 511 507 91 520 275 21 
stack 7:    560 23 550 18 932 145 528 
stack 8:    105 377 877 483 14 522 516 
stack 9:    260 28 374 931 424 17 467 
stack 10:    82 15 229 510 19 181 404 
stack 11:    631 519 47 518 20 936 609 
stack 12:    300 227 57 656 30 573 56 
stack 13:    40 939 239 323 16 571 841 
stack 14:    731 826 437 629 809 22 734 
stack 15:    136 37 896 219 498 574 234 
stack 16:    971 70 278 527 775 517 490 
stack 17:    783 231 492 46 906 161 655 
stack 18:    364 292 411 582 381 335 383 
stack 19:    198 141 902 523 124 152 223 
stack 20:    986 767 178 497 101 169 658 
stack 21:    175 96 33 855 542 815 778 
stack 22:    430 913 380 187 195 83 588 
stack 23:    563 88 684 473 334 86 387 
stack 24:    464 891 993 840 937 925 529 
stack 25:    344 635 602 401 158 172 188 
stack 26:    526 796 746 58 591 90 440 
stack 27:    802 485 824 433 458 811 933 
stack 28:    89 742 547 849 372 806 287 
stack 29:    345 43 901 545 134 534 790 
stack 30:    330 419 594 991 876 371 794 
stack 31:    858 432 900 340 682 690 672 
stack 32:    379 315 538 97 850 186 747 
stack 33:    847 930 951 803 185 664 979 
stack 34:    257 203 554 468 360 918 34 
stack 35:    469 541 770 673 868 720 917 
stack 36:    255 985 436 332 620 205 320 
stack 37:    144 740 970 207 73 546 821 
stack 38:    848 471 652 670 812 846 757 
stack 39:    882 225 557 621 408 426 927 
stack 40:    146 80 147 306 863 94 87 
stack 41:    128 329 958 318 478 303 93 
stack 42:    959 558 569 680 400 632 410 
stack 43:    649 235 718 703 84 943 977 
stack 44:    311 122 766 677 391 645 453 
stack 45:    559 337 55 683 258 247 79 
stack 46:    827 445 777 279 895 65 957 
stack 47:    600 661 92 561 271 654 106 
stack 48:    77 289 570 252 309 851 548 
stack 49:    607 599 764 581 462 761 638 
stack 50:    470 107 293 643 67 829 978 
stack 51:    261 799 989 961 456 384 166 
stack 52:    110 974 489 964 919 367 872 
stack 53:    715 590 465 899 898 160 823 
stack 54:    328 814 439 671 196 630 349 
stack 55:    889 834 730 272 446 881 209 
stack 56:    233 556 784 494 428 736 443 
stack 57:    960 946 441 644 139 373 472 
stack 58:    135 194 975 493 420 949 324 
stack 59:    399 807 412 395 651 191 704 
stack 60:    447 121 954 392 254 484 739 
stack 61:    120 151 211 926 866 376 885 
stack 62:    617 416 389 859 477 875 969 
stack 63:    116 444 212 908 78 966 347 
stack 64:    418 797 253 237 111 118 238 
stack 65:    463 586 965 295 224 213 353 
stack 66:    716 934 756 208 406 883 567 
stack 67:    657 857 659 595 743 386 496 
stack 68:    984 351 183 722 697 189 608 
stack 69:    947 668 667 708 241 765 454 
stack 70:    370 888 385 880 350 694 988 
stack 71:    576 714 137 119 837 844 245 
stack 72:    845 455 890 955 646 256 108 
stack 73:    327 390 133 331 361 192 176 
stack 74:    450 202 820 879 264 817 723 
stack 75:    952 305 397 801 903 216 388 
stack 76:    501 
stack 77:    500 
stack 78:    2 502 
stack 79:    4 
stack 80:    8 504 
stack 81:    509 508 7 44 505 5 13 
stack 82:    515 861 513 10 843 299 532 
stack 83:    639 29 339 897 486 11 568 
stack 84:    681 12 512 184 781 525 825 
stack 85:    114 618 973 451 867 772 685 
stack 86:    856 232 998 760 968 992 274 
stack 87:    923 804 741 304 53 60 25 
stack 88:    267 530 721 774 726 288 592 
stack 89:    50 537 143 481 32 26 578 
stack 90:    155 524 798 865 514 795 698 
stack 91:    950 701 615 228 76 177 535 
stack 92:    429 39 787 130 226 63 606 
stack 93:    749 250 587 706 61 422 533 
stack 94:    51 987 953 956 793 562 41 
stack 95:    967 521 555 100 759 190 751 
stack 96:    427 157 695 536 474 810 475 
stack 97:    24 153 776 31 375 314 874 
stack 98:    640 886 163 230 326 915 773 
stack 99:    675 75 752 68 575 113 836 
stack 100:    270 713 921 281 994 616 653 
stack 101:    199 27 800 363 948 551 298 
stack 102:    944 138 922 750 705 338 457 
stack 103:    983 564 310 448 355 48 72 
stack 104:    66 553 531 269 442 127 963 
stack 105:    688 357 342 870 240 81 941 
stack 106:    589 909 308 539 982 735 156 
stack 107:    940 45 768 461 601 104 894 
stack 108:    540 398 832 691 35 862 744 
stack 109:    36 692 585 990 842 313 663 
stack 110:    150 854 924 779 700 648 660 
stack 111:    148 782 912 259 769 725 336 
stack 112:    999 702 745 785 543 626 362 
stack 113:    42 165 62 808 38 724 154 
stack 114:    173 354 813 488 633 285 791 
stack 115:    415 738 893 59 788 341 929 
stack 116:    696 180 431 312 171 438 911 
stack 117:    413 291 552 204 980 182 816 
stack 118:    307 996 819 358 995 597 780 
stack 119:    435 650 625 140 244 343 54 
stack 120:    200 544 197 864 417 762 396 
stack 121:    614 565 732 928 755 71 459 
stack 122:    479 712 733 887 838 218 403 
stack 123:    421 884 487 758 717 369 916 
stack 124:    301 356 942 449 294 938 610 
stack 125:    491 248 579 676 981 679 210 
stack 126:    115 860 346 878 693 262 222 
stack 127:    52 831 612 263 634 839 763 
stack 128:    611 268 822 265 64 162 754 
stack 129:    246 125 286 852 627 613 220 
stack 130:    452 920 904 74 434 689 276 
stack 131:    99 710 325 266 179 910 117 
stack 132:    972 423 499 69 164 976 871 
stack 133:    853 665 905 142 425 366 159 
stack 134:    686 830 729 170 112 622 583 
stack 135:    317 869 243 316 647 907 669 
stack 136:    604 662 687 365 674 174 805 
stack 137:    167 914 596 711 217 409 945 
stack 138:    109 997 405 348 460 302 748 
stack 139:    753 642 368 624 566 584 359 
stack 140:    628 126 277 221 476 407 85 
stack 141:    482 103 129 284 835 168 402 
stack 142:    378 637 593 393 636 580 249 
stack 143:    282 319 414 603 678 215 290 
stack 144:    123 699 131 709 201 598 214 
stack 145:    102 95 873 771 193 892 707 
stack 146:    605 149 283 394 828 623 321 
stack 147:    98 242 666 935 577 962 322 
stack 148:    641 296 251 719 297 572 236 
stack 149:    495 619 382 737 352 273 792 
stack 150:    280 466 728 480 333 786 206 

#####################################################

solved with: SP.post_optimization_methods.HillClimbing
time limit: 1800.0 s
time to solve: 888,96 s
objective value: 1291127.24

stacks (top to bottom):
stack 0:    0 
stack 1:    1 
stack 2:    3 
stack 3:    503 
stack 4:    506 
stack 5:    317 89 511 37 6 837 25 
stack 6:    260 563 411 507 829 26 679 
stack 7:    39 523 880 980 86 326 516 
stack 8:    607 509 819 799 692 74 218 
stack 9:    783 393 493 101 868 440 60 
stack 10:    175 45 431 512 722 404 773 
stack 11:    491 931 381 539 16 811 20 
stack 12:    767 530 12 870 124 534 597 
stack 13:    356 519 994 456 100 513 32 
stack 14:    576 119 727 375 30 213 529 
stack 15:    413 877 455 771 652 48 63 
stack 16:    29 70 126 527 57 17 842 
stack 17:    415 923 328 122 803 925 816 
stack 18:    311 537 18 443 700 369 632 
stack 19:    853 951 913 569 726 355 536 
stack 20:    293 922 521 859 46 461 805 
stack 21:    143 855 901 342 316 634 294 
stack 22:    526 540 556 796 721 787 438 
stack 23:    150 330 482 125 299 389 35 
stack 24:    197 615 417 350 759 846 454 
stack 25:    553 216 174 73 992 810 707 
stack 26:    377 140 545 334 746 778 875 
stack 27:    665 38 252 656 192 918 844 
stack 28:    28 882 740 44 542 230 172 
stack 29:    972 33 902 765 271 574 535 
stack 30:    173 926 541 211 533 546 894 
stack 31:    814 942 909 899 385 863 478 
stack 32:    554 570 419 851 623 275 353 
stack 33:    930 435 66 738 130 887 792 
stack 34:    305 479 557 714 693 550 920 
stack 35:    827 854 279 129 781 981 694 
stack 36:    344 596 774 429 888 65 606 
stack 37:    115 416 244 684 754 53 821 
stack 38:    354 795 97 49 494 598 806 
stack 39:    248 710 370 102 286 720 492 
stack 40:    75 558 105 306 94 835 376 
stack 41:    959 52 68 204 178 732 737 
stack 42:    77 444 394 828 779 672 739 
stack 43:    282 552 82 580 677 54 324 
stack 44:    423 62 339 488 836 188 568 
stack 45:    485 247 850 446 118 763 572 
stack 46:    257 993 712 725 448 111 762 
stack 47:    940 200 497 437 451 338 664 
stack 48:    687 360 79 919 186 276 704 
stack 49:    149 278 577 179 91 963 472 
stack 50:    891 782 468 332 769 876 648 
stack 51:    971 345 312 561 250 303 838 
stack 52:    225 450 441 900 883 791 663 
stack 53:    716 380 785 323 269 372 273 
stack 54:    960 242 559 139 933 406 660 
stack 55:    847 155 798 392 974 484 321 
stack 56:    715 934 203 709 206 910 904 
stack 57:    469 649 914 848 281 584 927 
stack 58:    617 133 262 331 361 367 453 
stack 59:    975 194 593 953 671 189 215 
stack 60:    337 789 824 136 706 425 474 
stack 61:    280 699 405 436 277 849 373 
stack 62:    132 447 947 134 160 608 388 
stack 63:    80 987 228 414 108 391 979 
stack 64:    675 390 865 889 878 176 402 
stack 65:    856 703 112 329 991 69 817 
stack 66:    307 983 752 368 249 477 220 
stack 67:    147 928 382 761 352 403 744 
stack 68:    465 996 445 713 579 670 945 
stack 69:    605 952 753 239 745 310 674 
stack 70:    618 141 575 627 460 168 978 
stack 71:    198 637 950 701 229 169 766 
stack 72:    291 283 777 184 741 190 938 
stack 73:    696 471 95 240 895 653 669 
stack 74:    464 662 266 433 728 92 285 
stack 75:    470 96 594 333 422 490 655 
stack 76:    501 
stack 77:    500 
stack 78:    2 502 
stack 79:    4 
stack 80:    639 8 504 
stack 81:    495 7 10 505 5 72 13 
stack 82:    9 705 532 510 11 929 780 
stack 83:    749 114 351 826 508 103 522 
stack 84:    153 560 251 408 520 626 434 
stack 85:    364 27 43 14 64 152 223 
stack 86:    98 24 137 23 954 31 588 
stack 87:    614 15 603 420 71 601 941 
stack 88:    641 421 538 212 788 498 723 
stack 89:    860 961 525 19 825 790 969 
stack 90:    55 621 524 514 517 56 578 
stack 91:    515 820 480 442 518 383 396 
stack 92:    686 840 896 61 659 366 812 
stack 93:    232 708 117 407 966 937 93 
stack 94:    40 430 640 729 760 222 467 
stack 95:    628 802 116 131 325 858 841 
stack 96:    666 466 170 582 758 548 21 
stack 97:    378 51 984 646 630 76 41 
stack 98:    831 955 629 809 22 885 583 
stack 99:    120 543 587 531 340 682 274 
stack 100:    121 315 985 195 127 549 892 
stack 101:    439 886 793 304 81 862 349 
stack 102:    261 268 924 217 158 34 528 
stack 103:    600 202 499 995 736 730 874 
stack 104:    233 374 36 908 78 936 689 
stack 105:    845 731 544 308 83 748 210 
stack 106:    42 742 964 253 309 698 238 
stack 107:    379 939 818 719 990 747 209 
stack 108:    635 661 965 264 254 224 314 
stack 109:    642 768 424 620 866 322 363 
stack 110:    861 893 47 67 318 976 475 
stack 111:    99 555 921 399 832 163 410 
stack 112:    702 128 201 733 348 962 214 
stack 113:    452 295 219 982 298 496 567 
stack 114:    683 397 946 258 998 586 428 
stack 115:    784 157 547 743 903 205 371 
stack 116:    107 418 764 843 697 290 347 
stack 117:    612 263 486 839 685 915 313 
stack 118:    631 989 358 259 651 287 573 
stack 119:    327 427 148 830 142 221 948 
stack 120:    123 807 473 613 182 772 734 
stack 121:    999 644 84 341 622 977 302 
stack 122:    267 590 292 398 804 409 871 
stack 123:    301 884 564 906 185 234 457 
stack 124:    270 890 864 196 231 256 610 
stack 125:    243 481 624 750 241 897 387 
stack 126:    50 611 944 59 483 401 551 
stack 127:    255 905 718 412 968 881 362 
stack 128:    199 357 346 997 432 668 571 
stack 129:    681 146 151 711 673 581 956 
stack 130:    808 797 237 585 426 297 690 
stack 131:    857 365 912 476 164 609 226 
stack 132:    246 869 691 58 616 823 245 
stack 133:    565 907 591 90 678 562 87 
stack 134:    319 973 755 177 949 459 181 
stack 135:    300 879 724 834 775 272 794 
stack 136:    619 680 958 458 187 801 106 
stack 137:    967 636 161 751 171 113 156 
stack 138:    986 943 595 695 867 988 645 
stack 139:    688 109 138 643 88 462 658 
stack 140:    650 336 395 335 386 191 400 
stack 141:    135 343 207 770 284 911 104 
stack 142:    180 667 566 786 633 654 236 
stack 143:    935 235 165 592 288 757 735 
stack 144:    463 110 227 776 489 154 717 
stack 145:    625 384 970 85 917 872 638 
stack 146:    449 815 676 647 873 166 162 
stack 147:    144 487 208 289 813 159 145 
stack 148:    833 589 167 265 599 800 916 
stack 149:    822 602 183 898 852 320 359 
stack 150:    604 296 657 756 932 193 957 
