solved with: SP.deprecated.TabuSearch
time limit: 1800.0 s
time to solve: 679,25 s
objective value: 1291109.06

stacks (top to bottom):
stack 0:    0 
stack 1:    1 
stack 2:    2 
stack 3:    3 504 
stack 4:    
stack 5:    810 555 506 260 6 8 444 
stack 6:    518 7 22 527 971 227 9 
stack 7:    967 336 191 898 507 648 437 
stack 8:    477 459 215 508 34 927 509 
stack 9:    528 609 326 167 177 17 259 
stack 10:    10 306 311 747 824 522 690 
stack 11:    369 278 12 514 431 19 150 
stack 12:    417 424 226 280 83 519 16 
stack 13:    179 515 85 148 674 23 440 
stack 14:    631 315 68 903 82 574 390 
stack 15:    529 668 937 547 557 516 585 
stack 16:    223 940 460 534 573 178 538 
stack 17:    43 269 18 962 704 403 651 
stack 18:    88 989 702 405 251 520 129 
stack 19:    172 524 539 116 535 735 853 
stack 20:    29 844 71 938 435 530 715 
stack 21:    30 217 855 948 357 49 883 
stack 22:    27 928 438 38 558 578 28 
stack 23:    984 156 523 110 839 950 378 
stack 24:    114 196 471 610 999 26 805 
stack 25:    202 318 975 616 111 693 458 
stack 26:    159 537 913 588 33 561 642 
stack 27:    157 826 32 479 874 875 279 
stack 28:    804 531 902 439 164 536 661 
stack 29:    291 130 698 461 786 956 294 
stack 30:    160 492 779 244 382 100 865 
stack 31:    997 449 858 158 37 845 102 
stack 32:    863 93 491 996 76 952 480 
stack 33:    801 238 425 53 759 182 122 
stack 34:    297 543 879 106 976 769 700 
stack 35:    351 840 681 652 421 267 565 
stack 36:    720 373 356 827 659 277 849 
stack 37:    907 701 741 199 551 84 239 
stack 38:    375 349 128 919 697 817 923 
stack 39:    56 872 302 825 580 992 394 
stack 40:    380 332 149 187 706 579 834 
stack 41:    657 934 293 683 210 457 656 
stack 42:    415 633 52 699 189 562 743 
stack 43:    730 777 689 340 254 422 147 
stack 44:    592 740 416 78 755 716 980 
stack 45:    791 81 408 55 909 120 892 
stack 46:    813 552 678 352 861 731 112 
stack 47:    289 757 916 680 488 126 272 
stack 48:    268 958 193 922 228 658 396 
stack 49:    830 915 118 476 632 676 586 
stack 50:    285 866 323 748 163 97 710 
stack 51:    868 942 780 143 666 331 162 
stack 52:    454 667 262 598 354 833 427 
stack 53:    371 711 275 726 57 443 806 
stack 54:    842 852 988 673 635 498 560 
stack 55:    363 694 568 864 953 180 850 
stack 56:    571 441 146 662 137 695 634 
stack 57:    771 614 758 808 135 426 79 
stack 58:    230 581 925 983 685 857 617 
stack 59:    119 836 248 245 313 750 910 
stack 60:    796 998 387 60 670 65 295 
stack 61:    607 263 144 467 645 307 593 
stack 62:    790 725 338 224 921 854 201 
stack 63:    283 794 729 785 377 90 320 
stack 64:    344 838 362 341 400 229 366 
stack 65:    608 309 152 640 142 433 643 
stack 66:    973 620 703 646 798 639 300 
stack 67:    991 250 423 899 828 333 107 
stack 68:    744 917 330 739 901 709 677 
stack 69:    587 939 335 753 453 252 789 
stack 70:    451 619 190 888 364 955 361 
stack 71:    265 281 214 800 576 841 727 
stack 72:    832 972 392 762 982 77 756 
stack 73:    317 89 391 497 381 237 625 
stack 74:    985 606 247 482 113 823 414 
stack 75:    630 452 183 933 123 814 343 
stack 76:    500 
stack 77:    501 
stack 78:    502 
stack 79:    503 
stack 80:    721 203 436 4 
stack 81:    829 11 505 621 5 13 856 
stack 82:    751 545 589 413 513 737 521 
stack 83:    428 25 914 36 941 466 72 
stack 84:    951 99 15 554 602 450 870 
stack 85:    430 474 372 770 98 696 292 
stack 86:    510 931 39 768 544 115 478 
stack 87:    329 512 24 69 151 936 511 
stack 88:    837 517 884 14 133 963 169 
stack 89:    481 945 62 533 101 404 596 
stack 90:    154 567 395 134 816 584 760 
stack 91:    206 965 559 954 20 978 388 
stack 92:    851 21 803 957 170 138 290 
stack 93:    532 41 885 968 73 637 61 
stack 94:    960 525 930 590 969 566 200 
stack 95:    627 472 745 896 540 105 655 
stack 96:    546 70 287 594 831 204 526 
stack 97:    91 650 50 347 74 911 811 
stack 98:    487 848 253 104 308 541 368 
stack 99:    406 348 325 455 456 48 897 
stack 100:    442 867 232 718 761 572 475 
stack 101:    337 966 821 121 995 153 401 
stack 102:    994 31 542 638 171 669 225 
stack 103:    334 493 324 411 495 908 890 
stack 104:    583 355 820 314 44 893 636 
stack 105:    795 570 51 273 707 303 75 
stack 106:    947 47 412 564 847 599 420 
stack 107:    654 240 397 775 155 383 389 
stack 108:    549 301 211 891 846 58 782 
stack 109:    243 664 723 812 35 63 45 
stack 110:    194 862 746 96 772 385 242 
stack 111:    764 722 672 869 274 601 175 
stack 112:    374 611 773 386 246 494 462 
stack 113:    40 132 410 358 675 276 429 
stack 114:    124 125 563 738 345 109 553 
stack 115:    763 236 882 647 708 468 322 
stack 116:    446 54 103 140 463 981 705 
stack 117:    42 752 407 67 959 932 807 
stack 118:    46 679 926 900 575 691 714 
stack 119:    628 235 249 783 784 644 339 
stack 120:    548 582 359 649 767 822 258 
stack 121:    470 961 877 241 799 220 231 
stack 122:    365 233 894 964 550 987 192 
stack 123:    64 878 393 665 603 59 86 
stack 124:    141 986 117 597 312 613 465 
stack 125:    943 264 778 556 234 402 871 
stack 126:    448 139 591 974 464 887 327 
stack 127:    266 835 692 944 197 719 881 
stack 128:    765 688 499 473 419 213 929 
stack 129:    612 418 766 742 445 970 485 
stack 130:    490 186 198 353 216 310 626 
stack 131:    859 873 774 376 876 733 409 
stack 132:    255 195 906 912 736 360 95 
stack 133:    990 87 717 949 724 728 92 
stack 134:    432 792 682 434 622 161 880 
stack 135:    184 286 188 618 905 904 370 
stack 136:    319 843 270 66 781 168 108 
stack 137:    920 257 173 305 605 946 615 
stack 138:    174 94 776 298 818 219 484 
stack 139:    977 145 713 624 261 384 447 
stack 140:    749 895 802 284 604 754 271 
stack 141:    221 399 342 176 127 218 793 
stack 142:    924 686 185 623 208 181 316 
stack 143:    815 282 205 288 496 321 296 
stack 144:    350 569 993 346 918 809 641 
stack 145:    328 712 131 256 886 797 165 
stack 146:    136 166 379 684 304 979 207 
stack 147:    819 653 595 212 483 489 577 
stack 148:    660 860 469 299 600 889 222 
stack 149:    671 398 788 629 734 687 486 
stack 150:    935 209 787 732 80 367 663 

#####################################################

solved with: SP.post_optimization_methods.HillClimbing
time limit: 1800.0 s
time to solve: 580,58 s
objective value: 1291109.06

stacks (top to bottom):
stack 0:    0 
stack 1:    1 
stack 2:    2 
stack 3:    3 504 
stack 4:    
stack 5:    528 7 505 17 259 48 521 
stack 6:    518 781 539 519 847 13 9 
stack 7:    510 410 516 507 644 513 530 
stack 8:    395 235 555 808 995 426 394 
stack 9:    136 10 931 449 24 618 511 
stack 10:    114 746 862 20 189 520 579 
stack 11:    972 12 316 273 220 936 727 
stack 12:    184 141 771 226 803 260 358 
stack 13:    280 35 597 423 274 345 19 
stack 14:    812 537 569 52 14 457 420 
stack 15:    40 30 208 899 568 674 566 
stack 16:    269 966 397 836 737 213 929 
stack 17:    723 647 541 346 696 447 538 
stack 18:    810 607 41 144 885 547 637 
stack 19:    329 319 863 376 684 116 295 
stack 20:    154 428 913 43 383 580 522 
stack 21:    406 44 968 378 437 715 366 
stack 22:    194 255 928 323 309 709 731 
stack 23:    961 31 748 390 228 535 108 
stack 24:    832 415 198 864 640 912 871 
stack 25:    352 739 776 455 435 258 361 
stack 26:    770 882 533 412 33 601 239 
stack 27:    29 965 121 32 753 987 299 
stack 28:    842 592 804 74 540 639 858 
stack 29:    673 649 453 421 112 165 875 
stack 30:    930 85 953 718 310 414 625 
stack 31:    725 614 190 888 164 700 615 
stack 32:    130 873 441 245 855 111 37 
stack 33:    369 278 999 759 192 95 849 
stack 34:    619 89 351 338 818 39 106 
stack 35:    546 985 732 57 557 823 294 
stack 36:    628 788 629 604 290 486 86 
stack 37:    221 349 308 232 368 554 761 
stack 38:    843 894 181 635 906 254 697 
stack 39:    124 492 211 846 58 695 980 
stack 40:    432 317 620 608 51 699 63 
stack 41:    185 382 342 610 360 963 92 
stack 42:    591 633 800 187 251 494 834 
stack 43:    46 240 891 140 602 105 322 
stack 44:    477 552 895 763 195 405 396 
stack 45:    791 986 128 958 969 489 200 
stack 46:    935 920 257 94 356 584 687 
stack 47:    125 50 872 624 469 659 904 
stack 48:    757 407 416 983 60 714 707 
stack 49:    588 186 941 949 719 75 979 
stack 50:    88 752 70 493 816 603 956 
stack 51:    297 917 877 848 952 911 162 
stack 52:    451 491 926 908 747 267 565 
stack 53:    973 780 126 955 419 754 897 
stack 54:    967 281 570 717 149 433 728 
stack 55:    819 117 381 212 578 797 822 
stack 56:    951 742 901 161 677 304 661 
stack 57:    487 76 282 652 646 205 613 
stack 58:    583 795 83 335 313 705 572 
stack 59:    612 751 188 559 264 115 450 
stack 60:    268 835 214 670 617 811 272 
stack 61:    796 779 99 100 168 577 716 
stack 62:    81 884 210 465 122 809 793 
stack 63:    852 589 324 896 854 456 593 
stack 64:    238 155 293 658 642 655 385 
stack 65:    286 93 703 261 479 462 320 
stack 66:    667 942 71 143 831 252 222 
stack 67:    988 765 354 379 768 118 225 
stack 68:    902 745 925 123 302 959 573 
stack 69:    598 398 467 473 364 645 734 
stack 70:    417 391 246 403 158 881 586 
stack 71:    730 365 301 425 340 242 147 
stack 72:    794 989 471 762 127 176 735 
stack 73:    654 921 773 932 343 596 102 
stack 74:    960 851 139 160 865 182 923 
stack 75:    196 974 805 662 828 641 978 
stack 76:    500 
stack 77:    501 
stack 78:    502 
stack 79:    503 
stack 80:    512 5 560 4 
stack 81:    350 514 53 15 133 142 634 
stack 82:    907 156 523 275 506 6 8 
stack 83:    630 11 21 177 534 562 733 
stack 84:    508 587 18 375 657 563 61 
stack 85:    334 766 712 721 326 886 509 
stack 86:    844 582 217 153 769 890 431 
stack 87:    248 82 515 807 303 16 760 
stack 88:    174 680 298 976 946 585 526 
stack 89:    233 104 241 564 148 496 918 
stack 90:    265 374 783 937 138 948 893 
stack 91:    91 671 318 704 387 900 377 
stack 92:    430 517 253 527 22 993 817 
stack 93:    454 545 532 134 860 933 938 
stack 94:    984 711 371 325 726 665 443 
stack 95:    27 424 167 784 38 36 892 
stack 96:    25 418 132 839 594 551 789 
stack 97:    336 372 525 224 708 388 327 
stack 98:    315 119 337 996 497 23 175 
stack 99:    977 611 837 524 367 536 636 
stack 100:    801 244 26 887 782 28 279 
stack 101:    459 56 362 330 482 879 204 
stack 102:    686 827 284 445 755 544 599 
stack 103:    438 359 934 954 706 231 180 
stack 104:    529 868 609 701 741 820 307 
stack 105:    740 380 400 616 34 79 429 
stack 106:    859 542 698 799 227 312 643 
stack 107:    531 957 898 439 98 950 49 
stack 108:    764 829 945 183 939 490 590 
stack 109:    159 679 678 332 55 825 370 
stack 110:    470 202 452 943 574 869 910 
stack 111:    42 306 110 199 499 413 384 
stack 112:    627 179 47 830 694 724 427 
stack 113:    744 348 675 461 357 59 45 
stack 114:    145 131 460 472 944 889 743 
stack 115:    878 62 363 638 561 65 856 
stack 116:    543 940 798 992 466 876 880 
stack 117:    997 914 277 861 556 234 444 
stack 118:    840 702 669 171 558 632 107 
stack 119:    266 623 54 103 981 463 850 
stack 120:    866 87 903 550 193 480 484 
stack 121:    157 567 305 173 605 271 207 
stack 122:    664 203 802 685 970 276 339 
stack 123:    749 549 815 867 964 553 321 
stack 124:    548 236 777 152 841 201 292 
stack 125:    291 442 778 78 738 120 772 
stack 126:    813 975 97 197 905 476 72 
stack 127:    720 682 314 287 113 73 331 
stack 128:    262 481 166 411 434 69 237 
stack 129:    243 289 408 495 666 874 626 
stack 130:    631 344 838 916 713 347 229 
stack 131:    328 209 998 67 691 786 436 
stack 132:    223 464 919 288 982 440 478 
stack 133:    947 68 775 386 353 676 458 
stack 134:    64 285 821 101 621 129 475 
stack 135:    924 392 250 750 404 651 169 
stack 136:    650 249 135 256 962 622 693 
stack 137:    448 826 994 722 163 845 870 
stack 138:    571 474 758 688 219 663 84 
stack 139:    990 689 692 785 915 498 600 
stack 140:    581 668 80 300 178 96 296 
stack 141:    283 66 729 683 468 483 150 
stack 142:    672 681 922 576 389 833 109 
stack 143:    790 206 446 857 909 814 690 
stack 144:    355 373 341 170 311 575 806 
stack 145:    230 606 927 151 422 485 824 
stack 146:    263 792 787 648 883 401 853 
stack 147:    215 393 146 595 736 333 218 
stack 148:    653 991 399 971 77 756 656 
stack 149:    172 247 660 488 402 90 710 
stack 150:    191 270 774 767 216 137 409 
