solved with: SP.deprecated.TabuSearch
time limit: 1800.0 s
time to solve: 677,48 s
objective value: 1291115.12

stacks (top to bottom):
stack 0:    0 
stack 1:    1 
stack 2:    2 
stack 3:    3 
stack 4:    4 
stack 5:    505 940 84 895 121 10 369 
stack 6:    185 412 671 677 842 506 513 
stack 7:    510 846 20 304 273 409 741 
stack 8:    508 138 188 431 778 15 803 
stack 9:    479 875 553 558 542 642 740 
stack 10:    526 235 518 511 275 804 512 
stack 11:    584 495 11 690 282 26 839 
stack 12:    772 57 923 456 851 486 575 
stack 13:    17 522 514 999 23 119 27 
stack 14:    484 760 384 318 14 457 715 
stack 15:    523 269 650 589 874 525 869 
stack 16:    404 357 249 726 590 536 387 
stack 17:    432 517 24 284 539 601 834 
stack 18:    46 563 247 28 809 30 530 
stack 19:    557 78 173 459 807 699 825 
stack 20:    939 883 585 453 520 865 968 
stack 21:    941 462 474 444 870 529 319 
stack 22:    811 302 927 183 961 894 656 
stack 23:    419 916 240 757 893 678 94 
stack 24:    643 533 256 970 259 759 617 
stack 25:    758 938 581 371 29 967 766 
stack 26:    624 165 808 709 410 816 38 
stack 27:    139 79 960 375 891 34 918 
stack 28:    491 686 378 53 555 394 930 
stack 29:    579 853 787 669 367 593 35 
stack 30:    597 697 983 969 196 306 785 
stack 31:    48 852 108 867 397 227 648 
stack 32:    488 602 959 44 154 449 294 
stack 33:    117 742 568 989 175 497 106 
stack 34:    322 314 458 136 822 947 43 
stack 35:    92 921 537 72 707 561 652 
stack 36:    316 115 864 735 407 752 860 
stack 37:    40 812 343 220 971 946 67 
stack 38:    238 105 466 736 751 276 608 
stack 39:    544 383 303 725 340 705 570 
stack 40:    935 722 779 833 190 748 892 
stack 41:    744 685 336 56 964 122 321 
stack 42:    207 569 694 211 113 629 151 
stack 43:    393 194 796 545 919 708 659 
stack 44:    100 829 342 184 49 277 663 
stack 45:    769 239 254 836 83 654 698 
stack 46:    878 887 582 180 248 610 920 
stack 47:    496 349 156 352 849 559 574 
stack 48:    356 148 339 747 61 706 149 
stack 49:    110 724 556 480 641 298 913 
stack 50:    550 126 99 236 454 90 761 
stack 51:    203 324 885 478 665 116 578 
stack 52:    461 781 133 567 841 618 389 
stack 53:    818 835 230 682 323 348 711 
stack 54:    953 152 132 425 745 638 270 
stack 55:    653 595 310 176 372 442 288 
stack 56:    481 702 877 406 984 226 981 
stack 57:    160 655 863 112 899 560 716 
stack 58:    620 704 123 59 291 909 691 
stack 59:    309 668 144 197 631 824 499 
stack 60:    621 460 588 142 201 667 987 
stack 61:    958 603 903 423 622 739 774 
stack 62:    737 795 209 658 586 255 130 
stack 63:    214 952 902 232 436 922 472 
stack 64:    910 565 476 218 257 729 445 
stack 65:    362 906 114 614 193 492 718 
stack 66:    300 857 728 673 786 213 600 
stack 67:    831 942 330 485 859 623 326 
stack 68:    646 420 645 956 780 75 695 
stack 69:    172 379 73 873 773 986 74 
stack 70:    426 573 87 174 385 661 632 
stack 71:    858 937 884 346 299 802 141 
stack 72:    450 988 797 905 134 179 703 
stack 73:    647 447 263 170 788 313 333 
stack 74:    104 710 957 325 163 178 660 
stack 75:    966 159 679 427 917 994 386 
stack 76:    500 
stack 77:    501 
stack 78:    502 
stack 79:    7 
stack 80:    504 5 509 503 
stack 81:    353 944 109 233 482 979 8 
stack 82:    361 754 720 507 285 6 424 
stack 83:    9 599 401 127 370 13 258 
stack 84:    297 945 783 889 341 627 571 
stack 85:    767 475 434 521 338 305 405 
stack 86:    166 978 896 516 693 790 931 
stack 87:    908 246 82 515 468 675 657 
stack 88:    260 12 801 364 616 89 519 
stack 89:    65 843 41 18 554 907 128 
stack 90:    45 19 524 566 948 547 580 
stack 91:    604 242 619 21 980 493 16 
stack 92:    463 977 763 577 199 164 714 
stack 93:    33 430 22 527 982 402 551 
stack 94:    228 261 881 583 712 823 448 
stack 95:    331 437 840 764 950 890 97 
stack 96:    351 731 345 756 433 231 727 
stack 97:    396 564 264 477 439 215 360 
stack 98:    101 408 374 39 932 36 332 
stack 99:    871 662 541 95 390 289 200 
stack 100:    684 155 607 532 32 205 925 
stack 101:    191 973 976 429 25 250 850 
stack 102:    31 998 153 93 674 528 403 
stack 103:    317 483 888 320 768 666 237 
stack 104:    723 637 734 76 992 815 701 
stack 105:    719 279 951 531 467 794 58 
stack 106:    755 897 204 51 224 543 911 
stack 107:    689 129 380 208 37 996 296 
stack 108:    628 91 169 535 606 770 435 
stack 109:    86 125 538 929 845 534 898 
stack 110:    868 55 901 997 274 195 63 
stack 111:    428 381 283 376 400 611 972 
stack 112:    777 866 470 591 206 974 47 
stack 113:    782 77 954 990 687 421 746 
stack 114:    167 358 876 721 975 933 765 
stack 115:    265 838 54 776 872 293 805 
stack 116:    540 202 856 594 96 350 965 
stack 117:    416 743 50 88 471 798 793 
stack 118:    451 605 562 440 855 955 42 
stack 119:    70 792 80 281 225 329 355 
stack 120:    464 806 680 882 548 212 549 
stack 121:    753 71 219 210 418 615 107 
stack 122:    546 187 613 630 189 443 635 
stack 123:    995 861 171 612 295 848 272 
stack 124:    991 120 828 312 292 473 639 
stack 125:    912 962 634 52 738 311 775 
stack 126:    335 143 286 68 135 373 253 
stack 127:    576 438 552 81 730 924 243 
stack 128:    879 64 465 365 368 388 819 
stack 129:    926 688 60 789 469 391 810 
stack 130:    587 498 750 949 223 609 366 
stack 131:    640 827 963 290 245 915 69 
stack 132:    198 455 398 771 241 732 817 
stack 133:    354 762 222 181 85 651 415 
stack 134:    103 221 494 749 596 62 676 
stack 135:    337 392 266 670 162 598 150 
stack 136:    280 334 244 626 572 487 713 
stack 137:    928 399 182 395 813 262 985 
stack 138:    900 821 158 854 382 417 826 
stack 139:    636 66 832 234 446 914 489 
stack 140:    411 490 820 308 862 633 315 
stack 141:    177 377 147 814 111 692 904 
stack 142:    441 252 192 131 140 847 278 
stack 143:    664 146 696 592 216 791 936 
stack 144:    124 452 186 672 271 344 993 
stack 145:    102 267 359 145 328 301 287 
stack 146:    268 649 229 880 217 830 414 
stack 147:    943 683 717 118 168 327 347 
stack 148:    251 98 886 844 307 784 733 
stack 149:    157 799 837 681 161 700 422 
stack 150:    413 934 800 363 137 644 625 

#####################################################

solved with: SP.post_optimization_methods.HillClimbing
time limit: 1800.0 s
time to solve: 520,42 s
objective value: 1291105.44

stacks (top to bottom):
stack 0:    0 
stack 1:    1 
stack 2:    2 
stack 3:    503 
stack 4:    505 4 
stack 5:    935 508 34 515 24 469 506 
stack 6:    238 510 612 525 6 96 513 
stack 7:    514 650 274 555 778 757 15 
stack 8:    173 283 743 762 530 925 711 
stack 9:    408 21 725 658 968 663 414 
stack 10:    260 988 533 526 807 511 892 
stack 11:    265 139 624 13 26 67 35 
stack 12:    17 731 777 384 690 293 512 
stack 13:    458 432 440 618 651 225 583 
stack 14:    464 40 19 524 909 617 14 
stack 15:    203 796 545 427 367 727 805 
stack 16:    522 157 960 256 824 253 231 
stack 17:    977 240 425 29 321 275 315 
stack 18:    818 812 324 193 917 179 306 
stack 19:    637 588 789 677 409 708 435 
stack 20:    314 396 599 829 631 93 478 
stack 21:    717 866 709 357 592 53 930 
stack 22:    662 33 552 734 437 982 659 
stack 23:    744 541 673 339 479 380 528 
stack 24:    447 531 430 527 341 627 38 
stack 25:    739 235 378 376 759 224 543 
stack 26:    286 474 582 979 466 924 940 
stack 27:    236 91 720 683 626 630 574 
stack 28:    538 451 779 950 250 834 551 
stack 29:    835 134 433 212 137 571 58 
stack 30:    317 166 444 259 318 417 611 
stack 31:    79 393 970 41 229 536 348 
stack 32:    831 723 495 865 862 633 895 
stack 33:    597 808 535 969 196 243 347 
stack 34:    563 187 836 542 209 497 43 
stack 35:    767 349 681 889 323 360 333 
stack 36:    356 48 997 299 676 752 559 
stack 37:    362 144 946 549 972 570 632 
stack 38:    602 959 44 271 213 560 486 
stack 39:    147 916 846 894 394 75 920 
stack 40:    636 423 951 724 840 556 470 
stack 41:    475 228 336 304 56 63 733 
stack 42:    912 291 484 822 872 790 272 
stack 43:    719 857 954 548 726 703 635 
stack 44:    55 901 573 338 869 248 150 
stack 45:    411 998 266 927 736 854 113 
stack 46:    953 697 949 289 180 751 76 
stack 47:    353 806 467 682 971 983 217 
stack 48:    827 120 747 234 311 656 815 
stack 49:    941 310 565 290 851 456 436 
stack 50:    906 978 105 218 923 162 141 
stack 51:    944 159 900 843 745 657 625 
stack 52:    684 160 174 877 72 922 421 
stack 53:    450 335 342 122 794 327 97 
stack 54:    619 937 241 586 652 226 448 
stack 55:    316 115 152 761 795 379 382 
stack 56:    934 207 990 482 308 820 729 
stack 57:    77 181 721 996 768 967 296 
stack 58:    647 584 197 730 833 111 195 
stack 59:    945 756 606 131 888 276 911 
stack 60:    337 352 845 771 329 629 255 
stack 61:    905 123 191 956 830 445 713 
stack 62:    694 222 257 175 884 205 660 
stack 63:    737 966 962 375 490 976 644 
stack 64:    186 146 168 402 84 678 270 
stack 65:    455 738 219 867 863 385 151 
stack 66:    66 145 98 832 281 914 986 
stack 67:    413 71 171 722 855 667 705 
stack 68:    952 792 247 453 955 112 294 
stack 69:    991 381 856 133 390 148 138 
stack 70:    90 198 609 320 183 468 366 
stack 71:    799 434 938 108 227 94 985 
stack 72:    428 926 78 221 182 898 706 
stack 73:    595 488 452 672 87 344 107 
stack 74:    604 942 710 980 325 163 262 
stack 75:    81 153 783 686 693 601 793 
stack 76:    500 
stack 77:    501 
stack 78:    502 
stack 79:    3 
stack 80:    504 5 509 
stack 81:    491 9 11 420 7 258 803 
stack 82:    838 797 517 670 480 825 278 
stack 83:    649 507 518 964 184 499 16 
stack 84:    233 22 60 529 8 666 10 
stack 85:    910 999 65 95 874 288 489 
stack 86:    781 165 127 20 516 598 766 
stack 87:    643 59 82 302 158 431 931 
stack 88:    12 364 471 328 397 28 89 
stack 89:    852 523 532 25 572 32 47 
stack 90:    45 760 882 547 566 18 691 
stack 91:    481 640 399 27 519 823 936 
stack 92:    577 520 558 732 661 332 695 
stack 93:    309 958 540 170 368 774 718 
stack 94:    404 685 963 562 50 875 239 
stack 95:    645 220 919 780 674 665 994 
stack 96:    546 345 392 750 810 30 424 
stack 97:    908 634 23 521 292 245 654 
stack 98:    374 155 485 340 305 36 149 
stack 99:    620 462 246 200 539 641 319 
stack 100:    177 31 109 622 948 669 282 
stack 101:    117 407 876 493 975 965 813 
stack 102:    454 373 215 870 675 712 993 
stack 103:    202 680 249 51 429 154 826 
stack 104:    621 758 188 581 915 616 839 
stack 105:    441 557 124 46 775 809 804 
stack 106:    101 242 728 476 553 534 346 
stack 107:    664 887 359 929 49 389 449 
stack 108:    753 135 973 788 992 748 391 
stack 109:    544 334 696 295 639 395 405 
stack 110:    426 39 568 886 37 578 69 
stack 111:    868 330 749 594 596 607 791 
stack 112:    70 853 614 492 363 116 850 
stack 113:    92 537 406 707 561 369 701 
stack 114:    899 773 933 798 83 350 765 
stack 115:    358 864 232 932 178 860 326 
stack 116:    567 52 88 80 883 244 261 
stack 117:    297 871 603 646 679 741 904 
stack 118:    268 828 176 921 42 130 189 
stack 119:    463 57 786 312 623 881 907 
stack 120:    54 897 388 764 313 403 715 
stack 121:    550 587 879 465 223 819 580 
stack 122:    689 104 103 267 613 472 746 
stack 123:    837 264 370 161 885 554 387 
stack 124:    280 688 86 64 841 776 237 
stack 125:    496 99 576 460 307 699 817 
stack 126:    252 569 211 687 85 890 190 
stack 127:    351 939 801 204 371 610 298 
stack 128:    169 273 415 700 848 600 987 
stack 129:    365 251 269 589 655 62 913 
stack 130:    300 129 303 132 400 947 714 
stack 131:    763 156 383 585 61 446 128 
stack 132:    957 858 285 494 118 961 974 
stack 133:    322 230 849 73 642 164 422 
stack 134:    102 114 668 100 483 199 671 
stack 135:    461 628 861 740 119 473 301 
stack 136:    735 210 873 615 74 984 575 
stack 137:    419 903 943 125 208 201 487 
stack 138:    755 185 142 410 591 206 716 
stack 139:    361 928 859 418 287 981 443 
stack 140:    995 811 579 564 343 787 880 
stack 141:    878 844 608 842 277 355 121 
stack 142:    377 498 821 800 692 216 770 
stack 143:    143 136 891 814 457 140 847 
stack 144:    194 68 477 459 590 386 593 
stack 145:    653 279 438 263 439 784 638 
stack 146:    782 742 398 989 816 284 893 
stack 147:    167 754 416 192 372 648 106 
stack 148:    126 172 331 605 769 254 698 
stack 149:    772 704 110 401 412 896 785 
stack 150:    214 354 702 902 442 802 918 
