solved with: SP.deprecated.TabuSearch
time limit: 1800.0 s
time to solve: 546,42 s
objective value: 1291113.94

stacks (top to bottom):
stack 0:    0 500 
stack 1:    501 1 
stack 2:    502 
stack 3:    4 
stack 4:    504 
stack 5:    823 506 682 245 557 861 238 
stack 6:    510 119 135 862 12 486 21 
stack 7:    104 872 705 372 250 523 891 
stack 8:    542 8 512 16 396 9 33 
stack 9:    529 253 456 888 518 955 90 
stack 10:    55 590 630 796 311 532 537 
stack 11:    212 380 942 893 517 467 556 
stack 12:    25 536 875 260 13 751 46 
stack 13:    256 786 698 15 720 749 49 
stack 14:    661 53 521 671 699 767 110 
stack 15:    40 17 737 715 95 527 549 
stack 16:    752 629 80 281 745 760 695 
stack 17:    761 762 524 986 719 610 912 
stack 18:    19 999 723 345 541 69 355 
stack 19:    658 151 525 218 304 857 384 
stack 20:    24 324 89 73 317 981 922 
stack 21:    940 962 481 448 27 43 548 
stack 22:    947 194 554 795 198 656 534 
stack 23:    636 38 28 969 473 450 365 
stack 24:    992 625 892 943 787 615 801 
stack 25:    639 949 387 56 318 167 370 
stack 26:    44 42 634 827 927 424 885 
stack 27:    733 322 114 41 528 319 231 
stack 28:    68 259 429 551 547 970 782 
stack 29:    224 31 580 97 128 700 535 
stack 30:    393 111 239 461 338 181 677 
stack 31:    711 735 559 129 614 729 820 
stack 32:    851 648 407 844 797 835 597 
stack 33:    978 694 552 432 294 754 96 
stack 34:    64 139 475 858 959 950 930 
stack 35:    67 48 359 375 86 175 998 
stack 36:    781 273 690 413 560 438 800 
stack 37:    45 928 882 793 369 586 582 
stack 38:    368 901 623 75 412 594 453 
stack 39:    672 747 331 839 794 454 415 
stack 40:    624 226 750 386 420 442 65 
stack 41:    264 208 728 267 414 491 199 
stack 42:    192 337 103 378 99 581 632 
stack 43:    895 933 299 810 102 287 907 
stack 44:    141 817 298 356 588 463 98 
stack 45:    937 493 707 178 883 285 650 
stack 46:    946 343 164 410 848 598 903 
stack 47:    565 210 953 330 81 176 184 
stack 48:    651 732 605 680 185 706 553 
stack 49:    604 389 850 207 85 642 898 
stack 50:    777 449 222 607 734 87 363 
stack 51:    689 173 168 297 187 352 567 
stack 52:    147 876 673 63 244 58 967 
stack 53:    834 555 954 257 569 399 354 
stack 54:    654 78 566 662 326 821 490 
stack 55:    768 435 847 951 348 227 106 
stack 56:    702 390 262 154 591 704 153 
stack 57:    334 722 236 193 932 770 302 
stack 58:    149 404 189 771 366 741 162 
stack 59:    351 346 127 107 157 254 152 
stack 60:    419 283 497 457 79 963 108 
stack 61:    757 446 578 242 131 874 960 
stack 62:    869 608 957 837 130 572 691 
stack 63:    714 124 439 843 657 568 328 
stack 64:    228 88 447 494 113 183 303 
stack 65:    455 663 233 83 488 824 360 
stack 66:    944 993 965 646 145 217 206 
stack 67:    383 829 350 397 335 214 362 
stack 68:    765 120 261 660 769 272 434 
stack 69:    125 408 635 327 790 174 911 
stack 70:    643 746 936 918 725 417 995 
stack 71:    465 123 826 400 220 204 426 
stack 72:    280 312 247 349 421 339 803 
stack 73:    814 484 864 209 134 878 739 
stack 74:    213 191 853 433 381 211 879 
stack 75:    140 791 659 460 945 616 200 
stack 76:    
stack 77:    
stack 78:    2 
stack 79:    3 503 
stack 80:    5 508 505 
stack 81:    6 799 514 870 564 896 511 
stack 82:    10 201 579 243 701 403 143 
stack 83:    7 11 221 507 171 600 509 
stack 84:    34 431 223 938 519 676 562 
stack 85:    249 18 759 341 645 516 203 
stack 86:    23 353 931 515 39 513 664 
stack 87:    939 480 602 520 451 708 908 
stack 88:    170 144 101 14 182 499 871 
stack 89:    685 295 563 464 742 897 20 
stack 90:    952 982 652 726 476 35 150 
stack 91:    307 121 984 948 667 137 71 
stack 92:    899 570 300 296 679 531 620 
stack 93:    688 155 546 980 235 379 665 
stack 94:    495 36 422 132 526 32 640 
stack 95:    462 595 522 240 237 852 627 
stack 96:    783 833 727 37 22 234 266 
stack 97:    788 696 974 836 74 321 332 
stack 98:    866 539 589 692 165 533 789 
stack 99:    391 550 282 258 492 544 545 
stack 100:    530 585 26 468 540 538 890 
stack 101:    774 377 822 806 401 619 47 
stack 102:    915 241 697 779 846 601 724 
stack 103:    364 987 678 466 496 195 109 
stack 104:    743 30 92 819 825 29 444 
stack 105:    219 405 367 325 278 738 730 
stack 106:    115 644 868 863 84 867 177 
stack 107:    229 926 740 60 430 163 686 
stack 108:    437 57 845 172 886 186 712 
stack 109:    884 277 179 286 329 93 284 
stack 110:    126 873 373 975 626 62 301 
stack 111:    385 477 310 196 561 906 275 
stack 112:    748 916 641 483 576 276 811 
stack 113:    498 205 924 617 425 721 710 
stack 114:    583 270 269 633 459 82 917 
stack 115:    877 718 913 188 647 756 161 
stack 116:    133 979 248 76 215 716 778 
stack 117:    910 832 574 159 487 292 592 
stack 118:    428 914 70 54 860 977 674 
stack 119:    543 575 166 314 440 780 805 
stack 120:    584 798 973 655 902 293 731 
stack 121:    122 268 66 51 402 599 958 
stack 122:    668 382 50 996 416 909 392 
stack 123:    744 271 972 320 830 988 290 
stack 124:    411 427 929 105 148 968 374 
stack 125:    52 344 925 596 441 291 593 
stack 126:    905 622 225 471 394 558 683 
stack 127:    376 59 606 406 813 423 251 
stack 128:    675 736 482 478 333 681 479 
stack 129:    603 160 808 703 849 577 118 
stack 130:    894 990 758 357 637 934 443 
stack 131:    489 684 77 323 197 255 638 
stack 132:    840 812 784 232 340 772 653 
stack 133:    964 669 409 100 904 983 687 
stack 134:    61 72 263 887 94 313 859 
stack 135:    775 418 792 838 169 900 921 
stack 136:    469 966 773 831 279 815 347 
stack 137:    116 649 856 309 252 470 764 
stack 138:    818 571 371 976 670 989 804 
stack 139:    611 709 274 472 631 717 436 
stack 140:    613 941 956 230 216 828 809 
stack 141:    785 880 816 305 971 935 573 
stack 142:    713 136 755 398 288 753 202 
stack 143:    985 361 117 666 994 920 265 
stack 144:    316 621 991 445 452 289 308 
stack 145:    158 802 180 306 889 388 854 
stack 146:    923 112 587 395 841 865 474 
stack 147:    961 881 919 842 997 91 138 
stack 148:    190 458 156 609 342 336 612 
stack 149:    776 628 246 766 358 763 142 
stack 150:    146 485 855 807 315 693 618 

#####################################################

solved with: SP.post_optimization_methods.HillClimbing
time limit: 1800.0 s
time to solve: 487,02 s
objective value: 1291105.44

stacks (top to bottom):
stack 0:    0 500 
stack 1:    501 1 
stack 2:    502 
stack 3:    
stack 4:    4 
stack 5:    44 774 5 505 793 62 593 
stack 6:    520 210 282 862 15 980 50 
stack 7:    11 626 551 507 523 558 9 
stack 8:    8 510 92 511 410 444 599 
stack 9:    45 832 253 397 16 917 528 
stack 10:    543 218 10 693 912 384 537 
stack 11:    431 12 14 165 29 402 891 
stack 12:    368 205 31 822 494 255 513 
stack 13:    277 481 957 440 196 579 676 
stack 14:    125 419 578 826 367 997 150 
stack 15:    722 668 151 755 984 667 137 
stack 16:    868 124 467 378 678 313 695 
stack 17:    239 461 728 563 39 968 967 
stack 18:    723 324 252 223 347 284 519 
stack 19:    469 602 316 406 327 760 638 
stack 20:    521 652 476 932 20 21 527 
stack 21:    24 36 273 216 725 414 821 
stack 22:    26 795 48 656 129 35 548 
stack 23:    542 559 625 735 634 619 332 
stack 24:    346 969 425 699 154 526 238 
stack 25:    455 923 901 726 37 745 308 
stack 26:    166 587 486 195 739 800 240 
stack 27:    307 115 913 544 248 243 362 
stack 28:    219 38 933 628 762 790 729 
stack 29:    799 541 306 897 157 666 46 
stack 30:    654 80 375 842 538 96 153 
stack 31:    613 880 112 430 540 42 33 
stack 32:    385 299 310 536 207 906 719 
stack 33:    788 926 846 128 597 65 535 
stack 34:    64 139 858 311 420 950 202 
stack 35:    928 460 819 439 470 143 930 
stack 36:    622 172 673 491 994 360 573 
stack 37:    480 791 812 651 596 257 825 
stack 38:    53 88 893 672 589 247 49 
stack 39:    685 571 944 330 258 130 885 
stack 40:    733 119 866 163 233 203 47 
stack 41:    105 742 889 988 595 778 852 
stack 42:    644 680 993 545 692 867 981 
stack 43:    59 765 918 102 727 204 874 
stack 44:    892 465 400 554 167 478 754 
stack 45:    72 394 547 114 320 908 354 
stack 46:    141 268 883 235 84 93 304 
stack 47:    992 761 156 961 974 828 549 
stack 48:    228 267 74 209 767 200 820 
stack 49:    942 972 875 82 600 287 911 
stack 50:    777 449 338 609 929 87 738 
stack 51:    937 817 630 381 750 211 443 
stack 52:    583 67 769 78 557 244 770 
stack 53:    775 349 945 712 106 741 701 
stack 54:    147 757 446 336 242 890 960 
stack 55:    894 435 768 977 66 466 227 
stack 56:    170 103 844 421 724 457 201 
stack 57:    661 877 987 925 806 896 646 
stack 58:    851 659 872 736 278 963 231 
stack 59:    140 104 873 83 193 921 265 
stack 60:    853 146 433 916 855 904 665 
stack 61:    85 132 924 422 335 900 479 
stack 62:    121 835 398 288 145 764 753 
stack 63:    190 159 973 401 97 290 865 
stack 64:    393 702 751 662 450 704 618 
stack 65:    604 752 295 198 642 907 434 
stack 66:    743 818 462 187 454 352 903 
stack 67:    160 144 312 581 339 217 237 
stack 68:    371 834 979 655 670 804 640 
stack 69:    939 256 860 241 343 388 184 
stack 70:    688 350 164 409 497 185 955 
stack 71:    383 814 358 77 325 333 176 
stack 72:    194 270 451 262 838 887 859 
stack 73:    905 776 876 246 766 452 266 
stack 74:    212 498 941 477 230 221 592 
stack 75:    427 411 148 864 888 94 98 
stack 76:    
stack 77:    
stack 78:    2 
stack 79:    3 503 
stack 80:    504 7 970 710 
stack 81:    6 52 514 283 508 492 564 
stack 82:    506 40 471 560 509 715 275 
stack 83:    57 122 260 17 13 995 803 
stack 84:    483 856 51 794 577 199 90 
stack 85:    25 966 779 815 276 533 532 
stack 86:    23 387 931 515 220 174 254 
stack 87:    952 274 574 773 570 983 616 
stack 88:    512 705 178 517 797 909 415 
stack 89:    658 173 364 525 849 392 857 
stack 90:    391 405 181 782 686 22 321 
stack 91:    829 407 759 546 110 516 518 
stack 92:    19 116 475 309 315 182 959 
stack 93:    530 389 975 534 81 553 922 
stack 94:    61 605 447 18 951 935 522 
stack 95:    380 584 698 250 650 996 716 
stack 96:    529 259 342 956 305 524 302 
stack 97:    458 351 580 232 263 365 683 
stack 98:    376 606 27 95 809 32 572 
stack 99:    493 607 41 113 706 610 871 
stack 100:    550 707 732 714 744 671 426 
stack 101:    126 28 484 448 464 473 614 
stack 102:    915 985 34 796 831 839 363 
stack 103:    192 623 816 830 971 496 291 
stack 104:    30 285 720 531 749 789 206 
stack 105:    982 991 323 801 197 674 998 
stack 106:    899 679 127 69 576 399 691 
stack 107:    280 225 418 101 539 986 780 
stack 108:    229 635 245 734 369 395 920 
stack 109:    947 884 946 179 296 488 958 
stack 110:    949 318 552 86 294 370 91 
stack 111:    611 314 555 976 843 637 582 
stack 112:    709 962 869 608 631 878 58 
stack 113:    748 808 758 357 989 442 562 
stack 114:    353 236 633 63 561 183 568 
stack 115:    783 802 136 226 948 386 805 
stack 116:    823 621 836 417 175 43 612 
stack 117:    428 914 861 472 445 341 681 
stack 118:    68 910 133 690 886 438 396 
stack 119:    696 881 682 919 827 763 138 
stack 120:    585 56 833 664 588 463 730 
stack 121:    713 408 180 297 807 938 317 
stack 122:    191 648 189 382 379 441 567 
stack 123:    55 675 158 337 279 118 811 
stack 124:    213 269 54 566 215 591 108 
stack 125:    746 222 936 281 432 424 490 
stack 126:    940 208 60 718 117 824 756 
stack 127:    636 120 660 261 413 882 272 
stack 128:    740 617 737 586 79 355 687 
stack 129:    489 684 784 412 485 601 879 
stack 130:    999 669 361 100 870 934 301 
stack 131:    964 322 953 135 134 677 898 
stack 132:    149 641 556 657 700 403 109 
stack 133:    689 663 377 348 848 177 632 
stack 134:    639 643 895 845 429 813 927 
stack 135:    786 456 214 717 169 645 319 
stack 136:    711 694 943 615 298 423 303 
stack 137:    590 624 390 345 902 293 731 
stack 138:    111 224 459 171 326 854 436 
stack 139:    978 123 787 482 356 251 289 
stack 140:    495 697 792 594 647 620 374 
stack 141:    781 565 785 575 810 468 234 
stack 142:    437 329 75 372 703 841 328 
stack 143:    70 300 340 487 965 772 653 
stack 144:    264 747 847 954 331 569 721 
stack 145:    404 188 863 416 474 161 71 
stack 146:    840 629 373 850 359 131 453 
stack 147:    603 155 89 499 73 598 627 
stack 148:    344 708 249 168 107 186 152 
stack 149:    990 649 99 76 771 366 162 
stack 150:    334 798 286 271 837 292 142 
