solved with: SP.deprecated.TabuSearch
time limit: 1800.0 s
time to solve: 747,65 s
objective value: 1291099.3

stacks (top to bottom):
stack 0:    
stack 1:    
stack 2:    
stack 3:    
stack 4:    506 
stack 5:    903 513 13 517 6 505 5 
stack 6:    10 354 379 980 109 524 508 
stack 7:    659 645 231 179 8 763 967 
stack 8:    545 853 9 387 866 229 527 
stack 9:    59 522 270 431 736 373 232 
stack 10:    52 720 448 511 623 605 512 
stack 11:    143 365 480 392 30 68 16 
stack 12:    210 417 12 18 35 427 331 
stack 13:    256 153 146 994 408 868 639 
stack 14:    837 520 335 450 515 525 14 
stack 15:    627 458 46 529 634 332 135 
stack 16:    536 871 263 220 107 869 214 
stack 17:    583 430 17 776 532 25 681 
stack 18:    24 478 523 807 83 519 528 
stack 19:    959 423 19 642 906 66 390 
stack 20:    42 327 384 280 550 737 729 
stack 21:    724 674 547 51 849 350 843 
stack 22:    364 883 250 211 31 156 297 
stack 23:    795 722 380 619 978 950 983 
stack 24:    176 551 537 700 259 395 541 
stack 25:    531 764 727 969 54 878 286 
stack 26:    402 597 916 695 222 684 779 
stack 27:    633 538 854 712 271 34 766 
stack 28:    351 653 848 819 39 240 126 
stack 29:    562 893 482 196 910 935 956 
stack 30:    367 406 453 542 663 262 92 
stack 31:    740 811 440 75 533 968 820 
stack 32:    662 913 630 455 488 205 418 
stack 33:    407 690 393 235 683 573 481 
stack 34:    628 463 149 180 865 895 731 
stack 35:    792 888 799 50 592 121 555 
stack 36:    494 55 456 302 964 338 828 
stack 37:    919 396 566 715 281 188 49 
stack 38:    125 151 177 808 749 465 966 
stack 39:    565 112 58 646 72 817 569 
stack 40:    199 130 413 48 495 934 457 
stack 41:    64 840 567 138 841 936 873 
stack 42:    194 376 389 593 249 319 86 
stack 43:    988 245 856 687 831 855 226 
stack 44:    578 323 438 637 989 264 581 
stack 45:    677 937 784 898 775 432 575 
stack 46:    974 426 701 652 797 920 770 
stack 47:    744 718 688 559 970 341 397 
stack 48:    206 63 664 184 793 421 560 
stack 49:    310 105 67 863 141 739 620 
stack 50:    265 651 979 861 758 587 796 
stack 51:    925 145 123 308 362 786 412 
stack 52:    680 899 897 97 801 238 929 
stack 53:    170 972 241 887 237 941 610 
stack 54:    948 973 901 424 580 963 87 
stack 55:    829 933 485 422 806 267 657 
stack 56:    164 756 912 470 872 493 272 
stack 57:    290 746 728 876 787 800 498 
stack 58:    598 358 345 434 242 166 907 
stack 59:    616 890 692 124 836 344 987 
stack 60:    208 233 186 858 845 706 291 
stack 61:    563 850 207 870 69 314 675 
stack 62:    781 668 317 436 726 975 248 
stack 63:    102 189 301 814 790 911 917 
stack 64:    234 735 818 947 714 827 570 
stack 65:    471 678 977 128 132 904 261 
stack 66:    600 940 717 374 621 370 255 
stack 67:    896 650 91 886 160 278 905 
stack 68:    70 217 303 576 312 435 607 
stack 69:    762 723 218 162 147 326 266 
stack 70:    93 782 862 777 655 298 816 
stack 71:    648 403 981 108 443 444 741 
stack 72:    80 322 477 289 103 921 119 
stack 73:    200 366 369 945 348 489 697 
stack 74:    253 772 626 803 442 709 596 
stack 75:    761 679 696 705 733 104 268 
stack 76:    500 0 
stack 77:    501 1 
stack 78:    502 2 3 
stack 79:    503 
stack 80:    296 751 504 4 
stack 81:    15 710 507 516 606 445 377 
stack 82:    509 842 11 28 699 65 769 
stack 83:    510 36 23 548 995 582 7 
stack 84:    838 26 521 258 20 190 420 
stack 85:    22 321 85 691 484 942 405 
stack 86:    585 167 21 540 462 349 475 
stack 87:    181 931 202 514 809 328 383 
stack 88:    99 260 892 594 459 122 953 
stack 89:    765 572 930 847 539 922 221 
stack 90:    923 178 926 174 704 171 908 
stack 91:    558 859 711 826 294 44 670 
stack 92:    518 612 111 588 760 984 287 
stack 93:    595 117 638 299 669 193 644 
stack 94:    398 316 759 821 27 673 212 
stack 95:    269 32 479 993 549 909 971 
stack 96:    535 355 375 768 337 360 918 
stack 97:    209 37 38 682 447 996 144 
stack 98:    157 900 602 251 173 815 43 
stack 99:    56 466 347 730 568 491 902 
stack 100:    851 357 825 371 300 830 295 
stack 101:    53 82 163 29 483 752 307 
stack 102:    702 556 944 561 526 106 643 
stack 103:    136 275 530 557 928 230 924 
stack 104:    534 708 33 158 40 148 824 
stack 105:    239 334 330 324 785 857 992 
stack 106:    204 601 813 716 894 743 399 
stack 107:    159 469 885 802 77 386 564 
stack 108:    492 613 388 100 757 411 41 
stack 109:    590 45 404 352 823 113 546 
stack 110:    713 368 279 415 381 414 614 
stack 111:    990 738 732 213 686 467 707 
stack 112:    254 543 703 454 753 468 47 
stack 113:    496 889 584 150 952 636 660 
stack 114:    339 914 982 635 464 611 586 
stack 115:    949 693 957 552 60 554 719 
stack 116:    57 810 631 73 640 61 62 
stack 117:    182 192 246 161 976 844 197 
stack 118:    499 460 187 822 98 274 685 
stack 119:    774 257 783 315 419 656 154 
stack 120:    544 476 884 553 273 846 805 
stack 121:    451 139 311 794 410 201 203 
stack 122:    891 118 282 225 748 474 293 
stack 123:    939 168 79 798 486 577 78 
stack 124:    791 285 571 958 745 962 318 
stack 125:    276 661 649 95 599 667 604 
stack 126:    185 955 473 81 382 671 439 
stack 127:    461 617 832 400 165 452 215 
stack 128:    615 90 881 394 860 742 115 
stack 129:    603 283 658 96 698 309 120 
stack 130:    244 747 89 694 986 236 116 
stack 131:    155 960 306 343 169 133 946 
stack 132:    666 879 641 632 437 74 219 
stack 133:    965 433 429 778 882 672 665 
stack 134:    961 943 137 497 874 951 622 
stack 135:    834 490 142 110 689 629 401 
stack 136:    284 359 216 372 131 932 391 
stack 137:    336 363 991 340 175 325 780 
stack 138:    172 88 789 292 654 750 954 
stack 139:    416 725 579 243 755 734 676 
stack 140:    329 84 223 875 361 446 788 
stack 141:    721 385 864 342 227 804 938 
stack 142:    487 277 76 353 999 852 997 
stack 143:    134 114 609 305 839 449 228 
stack 144:    589 618 378 247 767 71 441 
stack 145:    472 346 624 647 129 252 591 
stack 146:    425 356 127 574 191 140 101 
stack 147:    428 320 812 198 833 183 998 
stack 148:    771 409 195 927 985 773 94 
stack 149:    313 877 867 625 152 224 333 
stack 150:    288 835 754 608 304 880 915 

#####################################################

solved with: SP.post_optimization_methods.HillClimbing
time limit: 1800.0 s
time to solve: 550,29 s
objective value: 1291099.3

stacks (top to bottom):
stack 0:    
stack 1:    
stack 2:    
stack 3:    
stack 4:    506 
stack 5:    210 775 6 318 843 505 5 
stack 6:    164 19 282 529 7 242 203 
stack 7:    771 85 36 363 8 695 104 
stack 8:    496 456 548 162 410 524 508 
stack 9:    10 99 451 260 957 760 766 
stack 10:    88 931 926 159 847 52 201 
stack 11:    336 578 949 344 516 675 512 
stack 12:    209 12 842 514 533 783 419 
stack 13:    829 682 353 951 950 228 383 
stack 14:    624 520 559 18 868 14 525 
stack 15:    723 26 818 822 646 408 120 
stack 16:    959 413 900 650 768 969 268 
stack 17:    22 751 834 819 994 787 820 
stack 18:    178 485 362 23 728 166 905 
stack 19:    988 409 37 107 165 446 420 
stack 20:    454 27 877 784 333 796 43 
stack 21:    523 759 705 298 294 550 921 
stack 22:    277 861 756 677 271 826 924 
stack 23:    269 31 879 28 806 706 439 
stack 24:    322 703 764 300 411 625 938 
stack 25:    850 32 755 549 928 541 569 
stack 26:    589 167 871 263 531 360 849 
stack 27:    313 542 67 863 530 626 122 
stack 28:    143 859 290 634 540 866 817 
stack 29:    367 551 930 737 40 29 681 
stack 30:    234 838 538 746 910 935 34 
stack 31:    125 933 862 35 394 382 154 
stack 32:    725 579 372 323 352 622 987 
stack 33:    256 393 692 304 335 993 657 
stack 34:    974 944 56 955 552 656 106 
stack 35:    631 777 327 480 50 729 405 
stack 36:    888 792 283 608 734 45 41 
stack 37:    965 899 368 875 95 152 873 
stack 38:    645 84 495 652 259 69 412 
stack 39:    321 202 572 836 539 733 605 
stack 40:    544 434 964 793 906 280 238 
stack 41:    679 767 776 448 816 573 229 
stack 42:    851 791 355 642 153 240 326 
stack 43:    53 837 597 916 301 488 769 
stack 44:    598 648 378 727 177 361 918 
stack 45:    556 171 894 629 833 61 401 
stack 46:    64 912 560 414 876 800 844 
stack 47:    285 765 799 612 688 470 610 
stack 48:    774 845 473 232 726 976 581 
stack 49:    664 754 797 794 683 264 498 
stack 50:    306 499 658 443 75 932 709 
stack 51:    265 668 198 636 427 445 62 
stack 52:    738 174 389 314 266 568 592 
stack 53:    157 835 114 712 922 66 697 
stack 54:    216 424 860 640 101 963 230 
stack 55:    398 388 406 417 110 593 685 
stack 56:    155 233 343 438 752 575 997 
stack 57:    713 919 927 140 484 985 570 
stack 58:    345 302 127 489 731 671 929 
stack 59:    182 690 758 200 303 207 474 
stack 60:    627 79 415 247 160 486 670 
stack 61:    239 812 660 275 387 391 481 
stack 62:    172 330 590 257 90 81 975 
stack 63:    168 914 146 235 852 750 956 
stack 64:    339 105 661 655 700 588 267 
stack 65:    108 450 73 281 880 621 449 
stack 66:    990 468 867 815 273 878 911 
stack 67:    93 884 635 886 452 350 119 
stack 68:    662 76 270 600 262 676 126 
stack 69:    616 701 595 995 147 907 902 
stack 70:    82 848 180 609 999 311 989 
stack 71:    186 425 346 156 591 699 719 
stack 72:    896 80 103 617 808 749 135 
stack 73:    231 887 195 225 619 161 580 
stack 74:    416 184 217 194 347 710 132 
stack 75:    208 666 124 376 870 917 620 
stack 76:    500 0 
stack 77:    501 1 
stack 78:    502 2 3 
stack 79:    503 
stack 80:    893 504 11 4 
stack 81:    359 150 663 479 466 395 953 
stack 82:    744 518 129 15 507 606 16 
stack 83:    170 118 521 801 714 418 967 
stack 84:    430 354 689 213 9 739 942 
stack 85:    510 509 522 431 169 908 511 
stack 86:    925 21 513 13 798 222 684 
stack 87:    494 534 469 111 952 996 328 
stack 88:    674 782 803 30 855 349 954 
stack 89:    241 618 898 189 20 669 667 
stack 90:    46 423 139 71 237 190 828 
stack 91:    891 279 17 991 519 515 86 
stack 92:    334 892 881 840 459 564 546 
stack 93:    536 55 825 517 986 934 555 
stack 94:    158 145 33 532 137 483 87 
stack 95:    659 245 365 813 707 827 331 
stack 96:    59 24 123 832 236 962 121 
stack 97:    724 422 889 599 380 691 25 
stack 98:    288 630 937 547 638 493 286 
stack 99:    939 42 63 885 98 958 528 
stack 100:    948 785 594 526 992 857 554 
stack 101:    960 253 940 772 274 895 332 
stack 102:    562 680 433 865 196 839 527 
stack 103:    535 492 223 653 696 381 804 
stack 104:    206 461 134 39 941 748 293 
stack 105:    811 947 421 342 672 966 325 
stack 106:    296 563 566 720 632 219 113 
stack 107:    903 402 477 602 375 54 577 
stack 108:    379 537 83 44 920 305 221 
stack 109:    254 351 897 97 308 447 340 
stack 110:    48 38 943 112 100 807 214 
stack 111:    487 316 735 722 786 205 212 
stack 112:    543 220 89 429 869 47 224 
stack 113:    923 583 704 736 980 823 78 
stack 114:    972 982 371 289 864 790 983 
stack 115:    440 436 977 437 60 65 780 
stack 116:    364 651 426 687 841 377 49 
stack 117:    57 558 478 181 404 392 309 
stack 118:    545 490 732 317 366 397 261 
stack 119:    979 678 582 586 272 805 788 
stack 120:    211 356 374 312 442 698 742 
stack 121:    458 565 872 614 623 491 915 
stack 122:    320 471 472 901 72 643 639 
stack 123:    585 821 292 830 745 227 779 
stack 124:    613 396 407 856 58 386 226 
stack 125:    70 369 341 715 909 255 291 
stack 126:    176 258 173 51 278 94 475 
stack 127:    310 649 553 464 587 654 607 
stack 128:    428 204 633 584 686 557 904 
stack 129:    740 482 476 571 802 809 193 
stack 130:    455 497 814 462 604 665 644 
stack 131:    243 647 185 561 324 74 197 
stack 132:    329 615 970 142 92 68 971 
stack 133:    781 149 708 179 385 778 763 
stack 134:    762 192 348 467 730 319 287 
stack 135:    961 403 460 338 946 248 295 
stack 136:    702 284 131 252 315 115 399 
stack 137:    883 463 91 747 694 337 432 
stack 138:    136 567 693 188 138 743 307 
stack 139:    628 199 711 218 246 998 773 
stack 140:    250 981 718 858 384 175 390 
stack 141:    358 913 854 831 441 770 144 
stack 142:    603 717 637 968 444 77 846 
stack 143:    761 853 249 641 297 183 936 
stack 144:    276 373 716 945 109 596 741 
stack 145:    810 795 357 753 789 882 116 
stack 146:    244 601 874 574 978 191 824 
stack 147:    151 400 251 117 215 611 465 
stack 148:    453 187 576 133 141 435 148 
stack 149:    721 130 102 757 299 673 457 
stack 150:    973 163 890 96 128 984 370 
