lower bound for relaxed s_ij: 1291101.74

#####################################################

solved with: SP.mip_formulations.BinPackingFormulation
time limit: 1800.0 s
time to solve: 1813,93 s (time limit exceeded)
objective value: 1298500.39 (not optimal)

stacks (top to bottom):
stack 0:    8 0 4 530 18 13 
stack 1:    10 5 2 17 11 14 21 
stack 2:    7 25 22 3 12 23 28 
stack 3:    500 42 6 46 45 30 1 
stack 4:    508 59 26 505 16 40 51 
stack 5:    52 37 49 9 31 50 19 
stack 6:    66 56 33 20 24 512 507 
stack 7:    520 39 27 515 72 53 38 
stack 8:    84 78 501 79 67 55 29 
stack 9:    517 77 528 73 47 44 61 
stack 10:    43 80 32 86 85 74 58 
stack 11:    109 60 112 509 115 41 510 
stack 12:    88 70 63 511 94 68 64 
stack 13:    99 54 121 514 136 128 92 
stack 14:    71 97 90 114 89 522 513 
stack 15:    106 110 104 102 83 103 96 
stack 16:    117 129 116 521 124 118 101 
stack 17:    127 100 125 105 91 134 126 
stack 18:    139 111 137 119 140 107 130 
stack 19:    153 133 148 531 120 145 152 
stack 20:    113 122 131 543 123 108 158 
stack 21:    150 504 154 151 138 144 135 
stack 22:    143 146 142 534 165 161 518 
stack 23:    188 157 516 177 184 168 181 
stack 24:    160 189 173 174 185 187 147 
stack 25:    169 519 155 206 211 182 196 
stack 26:    164 192 172 166 163 176 175 
stack 27:    221 167 205 200 219 186 218 
stack 28:    210 191 179 193 217 183 178 
stack 29:    248 170 245 554 238 625 230 
stack 30:    209 190 199 195 208 197 194 
stack 31:    222 212 198 226 213 204 224 
stack 32:    545 237 220 203 538 223 207 
stack 33:    506 202 244 235 215 240 232 
stack 34:    216 254 264 228 227 637 567 
stack 35:    291 281 239 299 214 303 279 
stack 36:    262 256 251 233 246 277 272 
stack 37:    283 231 286 241 568 549 295 
stack 38:    242 257 260 252 250 255 249 
stack 39:    270 258 247 259 268 273 267 
stack 40:    320 278 321 300 292 271 599 
stack 41:    287 275 266 294 288 263 282 
stack 42:    285 261 308 540 269 284 569 
stack 43:    586 305 312 298 265 309 317 
stack 44:    576 322 280 289 533 552 307 
stack 45:    333 296 342 315 313 293 583 
stack 46:    330 301 332 324 319 819 672 
stack 47:    341 302 311 338 316 577 318 
stack 48:    323 306 346 334 347 343 573 
stack 49:    357 340 348 352 349 339 597 
stack 50:    579 345 369 363 367 336 344 
stack 51:    785 861 778 350 355 364 353 
stack 52:    384 383 376 354 381 366 351 
stack 53:    414 390 382 356 670 639 377 
stack 54:    362 365 372 370 374 360 368 
stack 55:    797 430 417 359 398 404 868 
stack 56:    396 387 386 375 380 373 394 
stack 57:    418 400 411 385 397 395 393 
stack 58:    399 379 391 416 378 422 389 
stack 59:    436 407 450 410 448 442 441 
stack 60:    440 445 402 461 446 429 457 
stack 61:    428 426 421 406 423 412 432 
stack 62:    449 438 424 415 413 408 444 
stack 63:    563 459 472 409 431 473 560 
stack 64:    420 435 460 458 452 427 471 
stack 65:    827 570 494 499 443 425 478 
stack 66:    462 454 433 451 453 437 455 
stack 67:    929 923 835 434 537 483 898 
stack 68:    467 464 465 463 447 439 466 
stack 69:    774 496 479 456 489 486 498 
stack 70:    626 474 480 469 476 475 485 
stack 71:    628 490 482 527 492 470 681 
stack 72:    808 800 564 488 565 821 816 
stack 73:    630 622 759 733 493 484 730 
stack 74:    601 497 495 491 593 591 588 
stack 75:    623 660 580 523 629 609 613 
stack 76:    542 544 524 
stack 77:    536 559 539 
stack 78:    532 558 551 541 546 502 
stack 79:    557 553 585 550 535 566 503 
stack 80:    548 525 
stack 81:    555 572 
stack 82:    596 607 
stack 83:    578 600 574 598 556 602 
stack 84:    595 571 547 581 575 
stack 85:    587 617 561 611 592 
stack 86:    612 604 619 621 590 589 
stack 87:    605 616 606 610 608 582 
stack 88:    627 615 584 624 614 
stack 89:    633 594 640 641 
stack 90:    620 658 618 646 642 635 
stack 91:    15 659 657 651 631 603 638 
stack 92:    643 645 649 632 647 636 654 
stack 93:    667 652 664 634 661 
stack 94:    656 655 675 668 644 
stack 95:    665 673 669 662 648 680 674 
stack 96:    677 678 663 650 690 
stack 97:    715 708 711 653 716 702 691 
stack 98:    705 686 698 684 683 688 703 
stack 99:    697 671 666 701 694 689 685 
stack 100:    679 699 692 676 695 704 700 
stack 101:    721 736 723 687 713 526 
stack 102:    744 740 693 737 719 731 728 
stack 103:    746 696 747 751 756 725 709 
stack 104:    529 726 712 722 718 732 707 
stack 105:    741 743 742 714 706 729 720 
stack 106:    738 727 750 745 717 754 753 
stack 107:    777 765 748 789 734 752 
stack 108:    739 757 767 758 764 763 755 
stack 109:    749 771 710 735 766 762 
stack 110:    34 786 781 772 724 35 
stack 111:    783 779 775 768 790 784 
stack 112:    770 795 794 782 769 780 792 
stack 113:    36 815 776 796 773 806 802 
stack 114:    805 803 793 817 761 
stack 115:    804 810 818 787 812 813 811 
stack 116:    826 823 788 832 825 824 
stack 117:    799 828 801 798 822 
stack 118:    849 838 814 843 841 834 852 
stack 119:    845 809 853 839 807 855 
stack 120:    856 854 791 846 864 867 
stack 121:    760 851 837 860 847 848 829 
stack 122:    866 836 830 878 833 871 844 
stack 123:    881 880 831 840 877 850 874 
stack 124:    48 884 875 892 865 842 899 
stack 125:    873 879 862 885 859 857 858 
stack 126:    896 891 870 888 882 890 863 
stack 127:    903 911 904 872 913 893 887 
stack 128:    876 900 905 895 883 901 869 
stack 129:    907 910 906 909 886 908 902 
stack 130:    933 57 920 889 941 928 
stack 131:    894 947 935 897 915 919 940 
stack 132:    918 916 930 931 924 912 949 
stack 133:    943 942 917 934 927 938 944 
stack 134:    955 936 926 946 921 925 952 
stack 135:    953 975 972 937 932 973 965 
stack 136:    954 951 939 922 914 948 956 
stack 137:    959 970 977 961 958 974 945 
stack 138:    991 950 989 981 962 963 979 
stack 139:    327 304 995 960 976 986 978 
stack 140:    980 984 966 990 993 983 985 
stack 141:    562 987 971 957 820 682 62 
stack 142:    405 481 487 992 964 65 419 
stack 143:    468 401 371 967 403 477 388 
stack 144:    392 290 969 996 998 968 361 
stack 145:    326 331 243 982 994 988 999 
stack 146:    149 358 337 329 310 328 335 
stack 147:    132 98 325 297 253 76 69 
stack 148:    236 314 276 201 997 274 95 
stack 149:    234 180 156 93 87 82 171 
stack 150:    229 162 159 75 141 225 81 

#####################################################

solved with: SP.constructive_heuristics.GeneralHeuristic
time limit: 1800.0 s
time to solve: 0,00 s
objective value: 1335650.6

stacks (top to bottom):
stack 0:    785 896 209 409 360 453 230 
stack 1:    191 139 967 675 42 267 949 
stack 2:    987 211 719 427 832 996 35 
stack 3:    980 57 884 653 342 852 898 
stack 4:    490 508 322 298 747 510 731 
stack 5:    660 598 843 806 924 931 377 
stack 6:    468 122 175 512 130 279 404 
stack 7:    325 150 805 391 687 364 868 
stack 8:    907 402 814 958 378 764 593 
stack 9:    36 708 658 413 704 318 295 
stack 10:    991 387 776 2 782 483 752 
stack 11:    438 969 112 755 730 335 681 
stack 12:    558 939 758 447 540 766 940 
stack 13:    173 143 383 542 294 908 646 
stack 14:    15 791 365 292 961 308 812 
stack 15:    778 580 982 555 734 890 614 
stack 16:    449 174 205 690 45 863 502 
stack 17:    34 520 54 865 147 802 956 
stack 18:    496 164 56 501 727 107 899 
stack 19:    797 860 26 257 676 31 642 
stack 20:    405 529 100 645 683 429 629 
stack 21:    37 880 596 516 312 833 186 
stack 22:    160 659 146 372 957 74 388 
stack 23:    156 436 88 862 633 142 592 
stack 24:    715 262 578 875 60 761 444 
stack 25:    462 382 824 581 965 928 670 
stack 26:    113 723 818 347 184 14 225 
stack 27:    301 214 29 228 442 945 141 
stack 28:    333 743 300 439 103 822 181 
stack 29:    786 220 666 831 574 284 790 
stack 30:    326 564 99 390 877 415 732 
stack 31:    626 836 741 538 435 17 522 
stack 32:    656 350 548 543 176 927 944 
stack 33:    379 966 261 736 73 590 566 
stack 34:    760 739 306 561 938 855 613 
stack 35:    866 744 221 406 624 546 874 
stack 36:    861 270 595 460 817 789 437 
stack 37:    677 517 988 695 556 128 850 
stack 38:    481 105 729 208 470 18 700 
stack 39:    845 803 433 311 921 745 588 
stack 40:    291 22 244 541 145 218 158 
stack 41:    872 942 170 846 89 353 952 
stack 42:    835 251 748 206 50 608 408 
stack 43:    329 399 878 213 155 423 867 
stack 44:    482 951 650 767 784 240 941 
stack 45:    428 726 129 619 3 550 138 
stack 46:    479 216 90 238 65 526 419 
stack 47:    10 981 452 544 41 92 51 
stack 48:    995 172 321 484 393 40 597 
stack 49:    781 712 385 616 610 533 577 
stack 50:    904 217 528 871 589 268 194 
stack 51:    579 810 386 916 524 380 751 
stack 52:    601 891 67 647 16 451 69 
stack 53:    283 906 83 999 182 72 171 
stack 54:    52 357 202 720 422 473 403 
stack 55:    562 43 39 618 231 488 85 
stack 56:    8 288 571 316 21 753 821 
stack 57:    234 127 84 281 960 303 523 
stack 58:    665 233 997 707 19 565 560 
stack 59:    804 749 459 375 369 962 124 
stack 60:    106 349 648 946 703 46 507 
stack 61:    918 199 605 971 717 91 572 
stack 62:    258 910 275 338 28 530 549 
stack 63:    445 849 195 669 799 11 713 
stack 64:    557 417 461 917 498 691 641 
stack 65:    396 679 157 177 102 478 58 
stack 66:    506 992 12 6 948 86 811 
stack 67:    290 954 563 97 915 245 398 
stack 68:    285 198 652 830 607 339 282 
stack 69:    149 68 265 600 972 4 373 
stack 70:    827 169 809 296 989 829 912 
stack 71:    98 643 668 271 319 518 599 
stack 72:    936 480 706 223 363 892 241 
stack 73:    236 622 788 121 293 307 816 
stack 74:    911 873 894 210 33 472 625 
stack 75:    955 570 341 671 346 374 475 
stack 76:    75 779 212 309 699 796 858 
stack 77:    201 420 418 64 531 260 559 
stack 78:    133 148 770 389 536 654 38 
stack 79:    237 310 627 975 94 187 255 
stack 80:    623 131 254 611 913 986 81 
stack 81:    167 765 499 252 825 232 902 
stack 82:    248 111 183 289 535 662 534 
stack 83:    667 775 664 235 80 196 728 
stack 84:    304 362 838 943 123 332 441 
stack 85:    759 511 547 773 515 126 366 
stack 86:    933 424 443 889 101 471 477 
stack 87:    330 323 615 621 397 151 844 
stack 88:    256 414 109 367 842 394 709 
stack 89:    188 305 5 853 692 985 343 
stack 90:    337 474 203 454 905 27 685 
stack 91:    78 504 686 137 787 813 819 
stack 92:    87 678 25 527 163 864 227 
stack 93:    384 993 161 463 197 674 973 
stack 94:    733 190 922 192 636 448 513 
stack 95:    276 185 718 883 104 476 568 
stack 96:    587 430 489 684 919 55 567 
stack 97:    314 331 222 345 772 446 978 
stack 98:    815 657 469 828 859 763 134 
stack 99:    738 714 250 694 968 583 13 
stack 100:    774 82 193 505 352 370 554 
stack 101:    116 376 634 204 354 689 573 
stack 102:    48 777 740 434 315 356 756 
stack 103:    970 179 705 698 771 724 361 
stack 104:    411 722 348 226 136 537 135 
stack 105:    847 701 768 750 680 412 841 
stack 106:    628 287 59 673 914 273 455 
stack 107:    278 551 395 754 925 152 725 
stack 108:    500 9 926 421 63 895 215 
stack 109:    525 24 644 974 893 979 609 
stack 110:    881 612 651 302 795 661 336 
stack 111:    800 663 870 594 569 466 820 
stack 112:    826 711 631 266 521 932 76 
stack 113:    576 994 930 983 334 200 672 
stack 114:    132 837 947 632 780 61 274 
stack 115:    808 630 953 425 920 635 317 
stack 116:    487 823 696 368 552 792 272 
stack 117:    401 440 984 553 492 485 964 
stack 118:    900 769 840 794 458 737 115 
stack 119:    977 407 264 410 735 637 328 
stack 120:    180 934 457 495 114 108 62 
stack 121:    70 280 47 882 154 351 503 
stack 122:    7 456 299 178 166 762 30 
stack 123:    93 450 990 416 888 602 639 
stack 124:    497 793 77 110 493 950 509 
stack 125:    239 897 649 757 584 32 431 
stack 126:    923 746 886 53 207 344 277 
stack 127:    243 697 189 519 120 539 834 
stack 128:    371 617 71 710 486 219 887 
stack 129:    153 620 0 693 313 998 95 
stack 130:    545 586 606 249 381 144 591 
stack 131:    159 242 119 44 23 140 885 
stack 132:    320 879 247 465 857 96 168 
stack 133:    903 358 400 742 286 575 582 
stack 134:    856 20 491 688 1 253 297 
stack 135:    327 959 851 604 783 937 514 
stack 136:    125 79 585 798 807 869 682 
stack 137:    467 854 721 935 801 269 355 
stack 138:    876 603 839 118 263 224 963 
stack 139:    66 655 464 532 976 324 848 
stack 140:    359 
stack 141:    929 392 162 426 909 638 246 
stack 142:    229 117 259 165 716 640 901 
stack 143:    494 340 702 
stack 144:    49 
stack 145:    
stack 146:    432 
stack 147:    
stack 148:    
stack 149:    
stack 150:    
