solved with: SP.deprecated.TabuSearch
time limit: 1800.0 s
time to solve: 666,99 s
objective value: 1291112.68

stacks (top to bottom):
stack 0:    500 
stack 1:    0 
stack 2:    2 
stack 3:    503 
stack 4:    
stack 5:    505 293 7 436 16 14 512 
stack 6:    510 44 891 611 478 308 660 
stack 7:    450 511 737 412 507 635 508 
stack 8:    13 943 931 946 233 15 760 
stack 9:    597 679 930 378 121 9 936 
stack 10:    687 879 32 530 310 348 366 
stack 11:    53 748 282 18 12 480 860 
stack 12:    533 724 763 23 128 526 241 
stack 13:    932 515 887 520 58 712 523 
stack 14:    977 639 829 371 601 57 29 
stack 15:    771 438 627 827 709 795 764 
stack 16:    46 118 30 180 849 17 654 
stack 17:    614 304 61 244 592 343 579 
stack 18:    740 201 125 625 519 229 191 
stack 19:    152 38 88 837 75 169 157 
stack 20:    566 624 521 358 896 425 873 
stack 21:    598 752 798 181 733 953 728 
stack 22:    974 161 197 543 937 499 251 
stack 23:    475 535 972 288 978 496 239 
stack 24:    843 992 369 231 691 569 300 
stack 25:    908 192 551 335 296 945 353 
stack 26:    980 133 822 485 792 299 667 
stack 27:    31 124 549 47 311 381 278 
stack 28:    28 199 135 777 453 237 531 
stack 29:    334 39 540 37 662 489 40 
stack 30:    997 738 641 975 266 74 384 
stack 31:    810 987 955 486 151 390 934 
stack 32:    855 408 200 803 872 536 402 
stack 33:    707 721 663 578 389 848 861 
stack 34:    363 655 218 941 881 173 796 
stack 35:    397 45 615 857 187 586 255 
stack 36:    462 391 705 59 93 193 542 
stack 37:    870 622 731 973 610 685 111 
stack 38:    232 465 619 793 942 765 211 
stack 39:    643 302 476 758 487 756 419 
stack 40:    79 447 355 175 960 928 421 
stack 41:    989 574 411 263 166 373 556 
stack 42:    984 789 762 704 73 723 306 
stack 43:    297 182 772 313 55 669 429 
stack 44:    835 207 273 155 939 222 319 
stack 45:    410 103 56 990 386 988 114 
stack 46:    252 956 434 546 225 243 659 
stack 47:    665 649 48 718 918 681 895 
stack 48:    415 361 969 471 577 440 607 
stack 49:    699 50 257 380 441 51 757 
stack 50:    242 805 806 778 122 567 605 
stack 51:    320 653 725 274 824 967 339 
stack 52:    382 828 751 375 342 322 469 
stack 53:    630 924 666 938 787 906 240 
stack 54:    268 722 741 127 714 346 885 
stack 55:    576 823 72 557 226 219 387 
stack 56:    755 595 859 631 330 164 383 
stack 57:    141 247 919 971 416 708 680 
stack 58:    841 913 294 81 113 420 188 
stack 59:    276 573 711 587 949 90 148 
stack 60:    962 898 963 883 455 863 368 
stack 61:    472 893 497 948 749 316 661 
stack 62:    392 331 439 437 644 982 839 
stack 63:    568 183 379 629 172 927 970 
stack 64:    432 769 344 490 332 350 996 
stack 65:    952 808 102 250 608 774 281 
stack 66:    657 719 367 620 834 591 786 
stack 67:    341 842 101 463 262 785 351 
stack 68:    811 143 783 589 317 264 886 
stack 69:    467 890 77 443 892 636 142 
stack 70:    642 575 650 84 318 115 171 
stack 71:    139 998 915 700 572 794 716 
stack 72:    89 582 933 618 406 174 844 
stack 73:    735 494 459 468 894 370 178 
stack 74:    131 878 966 819 426 479 283 
stack 75:    246 163 993 451 492 395 609 
stack 76:    
stack 77:    501 
stack 78:    1 502 
stack 79:    3 
stack 80:    6 491 5 4 504 
stack 81:    145 626 851 840 506 8 461 
stack 82:    11 364 750 871 537 245 10 
stack 83:    208 710 522 162 26 223 473 
stack 84:    52 205 645 394 950 602 433 
stack 85:    357 616 698 195 509 63 136 
stack 86:    431 833 564 983 78 600 482 
stack 87:    516 701 514 33 423 20 513 
stack 88:    21 345 140 340 959 160 34 
stack 89:    561 947 206 559 929 532 836 
stack 90:    315 444 866 22 524 545 177 
stack 91:    957 538 588 260 743 900 305 
stack 92:    926 24 352 396 560 518 517 
stack 93:    41 732 651 539 599 19 768 
stack 94:    633 664 120 594 407 96 414 
stack 95:    43 541 571 995 210 739 27 
stack 96:    428 528 730 287 25 112 813 
stack 97:    430 527 914 97 126 338 134 
stack 98:    534 734 694 456 400 695 686 
stack 99:    904 290 903 525 791 60 35 
stack 100:    809 814 979 713 897 986 42 
stack 101:    100 658 49 965 584 70 603 
stack 102:    647 147 935 336 854 529 377 
stack 103:    781 830 449 745 759 217 905 
stack 104:    337 307 92 259 356 853 558 
stack 105:    907 280 815 154 925 65 220 
stack 106:    632 80 547 393 672 922 85 
stack 107:    323 312 550 801 884 190 912 
stack 108:    314 676 303 221 36 203 130 
stack 109:    442 846 958 613 269 466 258 
stack 110:    875 668 413 604 683 261 553 
stack 111:    253 826 901 968 807 761 132 
stack 112:    417 565 403 690 790 236 265 
stack 113:    202 99 309 555 153 917 158 
stack 114:    376 845 398 916 865 327 66 
stack 115:    767 209 284 656 106 215 850 
stack 116:    212 298 991 324 213 581 272 
stack 117:    548 427 920 788 552 109 119 
stack 118:    562 150 198 729 720 831 766 
stack 119:    333 165 951 418 82 862 802 
stack 120:    593 498 544 405 923 744 359 
stack 121:    452 617 921 697 675 291 648 
stack 122:    825 256 596 347 554 628 365 
stack 123:    706 123 474 702 876 899 493 
stack 124:    637 696 216 868 271 673 360 
stack 125:    87 404 68 940 176 742 838 
stack 126:    773 816 372 186 435 800 726 
stack 127:    325 780 880 54 821 999 146 
stack 128:    179 184 818 563 108 623 495 
stack 129:    98 812 477 196 275 727 286 
stack 130:    621 981 95 285 954 470 64 
stack 131:    138 385 867 682 882 117 189 
stack 132:    460 911 446 693 224 678 399 
stack 133:    326 328 779 820 585 483 784 
stack 134:    874 62 448 457 910 83 116 
stack 135:    832 909 105 677 776 570 717 
stack 136:    670 349 424 703 994 684 214 
stack 137:    388 689 409 295 944 94 634 
stack 138:    354 76 754 267 374 852 67 
stack 139:    488 149 168 71 156 590 248 
stack 140:    606 321 422 249 583 238 454 
stack 141:    902 277 329 864 869 580 69 
stack 142:    292 110 167 194 799 640 481 
stack 143:    185 775 715 646 817 170 301 
stack 144:    976 961 747 235 638 234 856 
stack 145:    270 458 964 797 688 804 144 
stack 146:    159 671 289 137 91 228 858 
stack 147:    227 230 674 652 770 985 464 
stack 148:    746 107 484 888 254 204 847 
stack 149:    104 445 401 782 753 612 736 
stack 150:    129 362 877 889 692 86 279 

#####################################################

solved with: SP.post_optimization_methods.HillClimbing
time limit: 1800.0 s
time to solve: 553,92 s
objective value: 1291115.12

stacks (top to bottom):
stack 0:    500 
stack 1:    0 
stack 2:    2 
stack 3:    503 
stack 4:    505 
stack 5:    533 13 779 6 7 135 517 
stack 6:    11 362 835 145 273 537 36 
stack 7:    935 312 320 655 183 507 895 
stack 8:    208 931 792 761 15 513 9 
stack 9:    44 403 611 58 618 764 240 
stack 10:    510 511 679 551 392 356 10 
stack 11:    415 31 763 549 23 782 12 
stack 12:    626 60 948 180 411 146 760 
stack 13:    24 538 235 834 466 368 433 
stack 14:    514 16 560 471 389 128 169 
stack 15:    962 979 897 731 464 784 27 
stack 16:    443 939 57 437 536 937 602 
stack 17:    670 888 476 244 945 19 17 
stack 18:    520 260 358 749 425 712 402 
stack 19:    907 748 614 37 837 688 306 
stack 20:    893 167 543 821 316 906 350 
stack 21:    334 544 282 923 383 144 75 
stack 22:    534 664 737 524 49 25 70 
stack 23:    472 565 182 28 676 677 849 
stack 24:    342 525 32 625 35 279 885 
stack 25:    38 371 829 555 48 719 591 
stack 26:    187 26 479 967 720 912 359 
stack 27:    475 830 46 657 583 587 142 
stack 28:    452 89 430 703 237 278 858 
stack 29:    699 563 50 102 691 380 441 
stack 30:    780 715 666 324 629 853 213 
stack 31:    738 462 428 92 736 215 607 
stack 32:    289 991 52 999 896 581 69 
stack 33:    767 755 277 615 485 944 217 
stack 34:    875 598 932 199 592 40 228 
stack 35:    828 98 124 593 955 78 709 
stack 36:    632 943 438 693 946 681 148 
stack 37:    344 574 125 122 673 695 684 
stack 38:    547 564 689 833 675 600 686 
stack 39:    376 984 938 916 613 965 795 
stack 40:    242 924 914 424 567 188 109 
stack 41:    80 448 959 705 685 178 353 
stack 42:    341 878 101 546 64 351 839 
stack 43:    131 545 898 840 461 661 785 
stack 44:    911 349 986 800 210 739 603 
stack 45:    161 639 266 71 883 193 248 
stack 46:    270 630 149 820 61 254 949 
stack 47:    212 427 155 599 377 788 873 
stack 48:    794 951 299 302 296 90 861 
stack 49:    595 56 990 74 166 114 455 
stack 50:    998 159 314 891 783 308 264 
stack 51:    663 807 73 571 274 454 414 
stack 52:    845 72 446 797 96 605 934 
stack 53:    956 490 82 988 493 480 157 
stack 54:    735 926 498 947 978 322 241 
stack 55:    336 604 233 97 271 171 136 
stack 56:    870 133 268 827 612 831 844 
stack 57:    297 110 842 364 817 211 953 
stack 58:    806 702 65 416 725 786 796 
stack 59:    606 576 123 714 993 848 628 
stack 60:    494 206 468 63 623 972 579 
stack 61:    621 816 687 152 596 172 243 
stack 62:    488 808 257 457 288 496 399 
stack 63:    647 418 791 589 743 728 305 
stack 64:    641 643 231 423 226 168 487 
stack 65:    432 843 355 960 198 753 742 
stack 66:    957 318 882 723 121 768 67 
stack 67:    385 890 940 662 968 134 995 
stack 68:    256 163 143 871 750 481 272 
stack 69:    822 887 486 925 255 291 936 
stack 70:    202 352 711 413 697 310 917 
stack 71:    179 328 700 789 578 489 301 
stack 72:    184 304 456 846 186 774 757 
stack 73:    913 458 287 218 173 348 659 
stack 74:    120 474 335 892 819 331 384 
stack 75:    642 915 398 585 84 868 777 
stack 76:    
stack 77:    501 
stack 78:    1 502 
stack 79:    3 
stack 80:    162 5 4 504 
stack 81:    649 307 30 506 8 654 512 
stack 82:    104 325 138 793 975 249 367 
stack 83:    467 76 671 194 245 262 66 
stack 84:    431 637 758 338 554 508 29 
stack 85:    141 388 195 175 509 176 412 
stack 86:    665 952 561 812 20 106 365 
stack 87:    701 436 33 372 522 453 590 
stack 88:    516 548 404 745 521 900 174 
stack 89:    672 447 39 14 518 584 824 
stack 90:    408 515 527 529 683 523 813 
stack 91:    449 694 880 219 838 339 390 
stack 92:    410 382 682 459 535 94 531 
stack 93:    997 874 41 617 361 216 18 
stack 94:    87 616 290 313 733 601 225 
stack 95:    22 530 582 765 519 669 556 
stack 96:    442 724 575 713 484 42 526 
stack 97:    781 21 444 854 45 920 295 
stack 98:    633 805 823 118 232 181 894 
stack 99:    139 68 987 557 928 869 542 
stack 100:    280 247 294 300 631 330 108 
stack 101:    252 825 877 872 692 660 239 
stack 102:    866 573 992 650 541 930 552 
stack 103:    746 434 889 478 373 191 267 
stack 104:    53 528 375 983 347 759 994 
stack 105:    922 85 381 532 236 469 608 
stack 106:    904 826 901 88 539 847 860 
stack 107:    832 696 340 401 969 329 34 
stack 108:    298 303 285 221 558 941 203 
stack 109:    292 741 497 651 204 726 86 
stack 110:    276 246 803 754 205 950 429 
stack 111:    333 393 562 47 150 407 116 
stack 112:    809 154 483 540 397 678 884 
stack 113:    43 867 674 850 580 286 214 
stack 114:    227 185 775 646 137 395 177 
stack 115:    572 751 192 973 196 360 132 
stack 116:    568 309 597 259 588 440 982 
stack 117:    976 668 721 771 117 275 635 
stack 118:    550 445 627 577 756 153 553 
stack 119:    622 722 933 229 862 439 802 
stack 120:    315 100 405 83 744 59 111 
stack 121:    284 859 710 770 107 51 610 
stack 122:    140 815 369 473 269 648 644 
stack 123:    811 417 200 95 463 394 387 
stack 124:    363 698 876 386 636 112 863 
stack 125:    734 127 776 856 327 881 886 
stack 126:    855 730 908 55 426 570 130 
stack 127:    814 79 801 857 586 852 220 
stack 128:    747 752 54 851 667 283 374 
stack 129:    323 62 656 491 658 400 189 
stack 130:    980 707 354 207 645 609 366 
stack 131:    740 77 690 103 379 704 985 
stack 132:    197 903 492 620 91 499 482 
stack 133:    357 477 396 311 164 929 905 
stack 134:    921 99 113 569 559 836 634 
stack 135:    450 234 909 879 105 151 435 
stack 136:    818 910 250 391 729 370 495 
stack 137:    919 223 958 346 420 258 717 
stack 138:    566 942 971 716 190 970 119 
stack 139:    902 345 209 964 263 963 332 
stack 140:    147 652 409 224 126 718 115 
stack 141:    773 337 798 624 927 317 251 
stack 142:    253 961 293 81 378 804 996 
stack 143:    769 799 966 981 640 954 470 
stack 144:    465 619 222 899 319 406 680 
stack 145:    460 989 422 93 160 727 766 
stack 146:    326 841 230 706 864 421 265 
stack 147:    321 778 865 238 156 343 281 
stack 148:    810 974 165 772 451 261 419 
stack 149:    977 762 653 918 790 708 158 
stack 150:    129 638 201 594 732 787 170 
