solved with: SP.deprecated.TabuSearch
time limit: 1800.0 s
time to solve: 647,96 s
objective value: 1291115.13

stacks (top to bottom):
stack 0:    500 
stack 1:    
stack 2:    2 
stack 3:    3 
stack 4:    11 504 
stack 5:    209 506 801 531 6 858 505 
stack 6:    18 12 9 189 530 743 16 
stack 7:    775 879 507 509 540 332 129 
stack 8:    919 195 223 207 517 512 742 
stack 9:    555 329 446 310 733 282 599 
stack 10:    113 649 549 260 430 472 13 
stack 11:    520 38 20 351 639 36 487 
stack 12:    764 978 17 694 553 429 525 
stack 13:    539 650 571 954 135 105 280 
stack 14:    972 653 465 958 233 923 140 
stack 15:    388 203 685 454 750 827 34 
stack 16:    94 717 23 948 912 797 772 
stack 17:    714 746 25 494 605 536 987 
stack 18:    696 561 638 404 738 204 924 
stack 19:    375 83 143 262 740 533 481 
stack 20:    318 769 110 60 390 297 810 
stack 21:    32 440 761 560 981 433 526 
stack 22:    935 373 682 662 566 773 267 
stack 23:    387 724 803 687 471 757 695 
stack 24:    616 660 220 902 932 405 956 
stack 25:    922 579 185 770 646 874 251 
stack 26:    284 172 842 953 624 904 824 
stack 27:    264 258 527 962 847 245 951 
stack 28:    538 463 236 969 992 719 103 
stack 29:    547 837 401 177 532 29 567 
stack 30:    149 217 146 705 470 449 239 
stack 31:    450 193 643 42 208 133 62 
stack 32:    460 243 819 606 261 409 65 
stack 33:    930 346 661 304 476 363 482 
stack 34:    683 543 473 668 380 252 807 
stack 35:    232 315 67 298 50 907 977 
stack 36:    77 224 40 244 675 729 301 
stack 37:    973 944 813 350 851 974 331 
stack 38:    293 225 46 491 335 121 480 
stack 39:    802 805 80 160 913 54 49 
stack 40:    541 707 265 428 856 891 626 
stack 41:    93 562 98 931 132 109 63 
stack 42:    756 600 828 57 219 479 909 
stack 43:    758 795 818 467 564 215 148 
stack 44:    485 817 636 921 627 544 210 
stack 45:    107 166 927 862 421 85 721 
stack 46:    601 115 178 411 925 147 976 
stack 47:    590 886 341 278 799 866 595 
stack 48:    854 112 664 625 718 612 368 
stack 49:    820 458 655 432 330 475 648 
stack 50:    266 455 397 814 594 118 71 
stack 51:    145 971 324 124 793 456 933 
stack 52:    843 303 701 690 929 290 811 
stack 53:    565 253 168 678 679 955 783 
stack 54:    609 642 182 788 212 188 960 
stack 55:    657 325 934 994 720 242 557 
stack 56:    831 73 580 766 334 800 214 
stack 57:    920 255 677 123 489 196 968 
stack 58:    644 906 815 573 76 314 806 
stack 59:    871 492 396 495 735 898 829 
stack 60:    652 366 576 997 669 622 305 
stack 61:    349 227 424 379 364 108 286 
stack 62:    568 784 659 825 982 180 285 
stack 63:    104 130 367 897 312 89 486 
stack 64:    702 70 905 887 926 86 179 
stack 65:    754 275 774 92 732 620 340 
stack 66:    778 794 798 792 435 711 996 
stack 67:    228 452 700 712 154 865 443 
stack 68:    257 445 493 218 437 726 117 
stack 69:    356 821 82 597 216 631 604 
stack 70:    425 841 249 339 254 883 725 
stack 71:    689 741 693 376 663 410 268 
stack 72:    333 916 402 755 90 697 327 
stack 73:    295 808 152 319 136 596 377 
stack 74:    617 119 358 389 490 317 698 
stack 75:    607 459 867 468 426 308 752 
stack 76:    0 501 
stack 77:    
stack 78:    502 1 
stack 79:    503 
stack 80:    510 4 5 
stack 81:    634 144 10 271 838 759 511 
stack 82:    74 563 365 234 508 640 8 
stack 83:    7 537 125 645 150 378 670 
stack 84:    552 691 171 979 279 422 79 
stack 85:    202 975 523 391 593 102 515 
stack 86:    483 748 45 528 431 667 19 
stack 87:    296 451 522 529 111 666 832 
stack 88:    988 88 14 68 524 551 84 
stack 89:    589 852 420 535 513 15 21 
stack 90:    736 99 361 514 518 550 97 
stack 91:    516 190 938 240 370 716 22 
stack 92:    999 688 519 908 610 715 306 
stack 93:    186 24 585 964 760 30 101 
stack 94:    665 592 629 521 945 654 27 
stack 95:    877 247 274 138 141 751 656 
stack 96:    745 51 263 995 767 151 488 
stack 97:    615 87 37 281 872 35 559 
stack 98:    347 706 763 464 966 44 28 
stack 99:    628 868 48 990 291 965 206 
stack 100:    928 343 674 142 447 708 116 
stack 101:    26 256 316 259 776 39 998 
stack 102:    709 197 272 623 587 415 780 
stack 103:    238 881 781 822 198 192 917 
stack 104:    586 957 134 181 899 31 672 
stack 105:    127 359 381 863 337 58 41 
stack 106:    583 542 588 159 584 809 231 
stack 107:    839 47 882 241 986 406 534 
stack 108:    834 287 174 836 796 348 199 
stack 109:    914 853 859 33 328 213 680 
stack 110:    453 633 385 205 477 355 983 
stack 111:    647 336 360 43 812 630 221 
stack 112:    371 81 830 55 320 864 762 
stack 113:    497 723 270 950 386 961 900 
stack 114:    574 910 578 936 53 416 545 
stack 115:    722 457 153 791 56 222 619 
stack 116:    439 941 581 300 417 139 384 
stack 117:    372 556 466 878 95 869 237 
stack 118:    681 903 940 911 730 342 704 
stack 119:    546 548 52 703 163 357 114 
stack 120:    352 753 765 915 582 873 344 
stack 121:    498 392 840 739 816 155 412 
stack 122:    400 407 69 947 611 980 768 
stack 123:    570 892 72 618 823 469 939 
stack 124:    383 779 786 436 156 942 434 
stack 125:    157 635 403 369 985 158 292 
stack 126:    591 362 288 991 918 64 441 
stack 127:    201 577 59 826 894 747 394 
stack 128:    890 353 731 777 554 558 414 
stack 129:    126 398 893 673 613 393 496 
stack 130:    952 462 176 876 323 901 444 
stack 131:    66 302 170 250 943 419 474 
stack 132:    307 173 78 162 211 575 896 
stack 133:    946 870 311 970 354 608 686 
stack 134:    61 427 684 895 484 889 844 
stack 135:    438 692 165 885 167 395 106 
stack 136:    699 713 771 790 75 603 833 
stack 137:    374 787 100 131 461 734 728 
stack 138:    313 322 235 846 845 598 658 
stack 139:    861 91 277 671 614 949 850 
stack 140:    122 727 572 175 321 230 744 
stack 141:    848 96 423 959 200 289 408 
stack 142:    967 269 785 641 299 294 857 
stack 143:    602 273 276 194 164 737 621 
stack 144:    191 884 569 804 749 710 676 
stack 145:    651 937 632 128 161 120 183 
stack 146:    880 855 246 860 984 499 782 
stack 147:    283 963 326 835 448 229 875 
stack 148:    248 309 345 169 338 789 442 
stack 149:    993 413 478 226 184 637 399 
stack 150:    989 382 187 849 137 888 418 

#####################################################

solved with: SP.post_optimization_methods.HillClimbing
time limit: 1800.0 s
time to solve: 474,97 s
objective value: 1291115.13

stacks (top to bottom):
stack 0:    500 
stack 1:    
stack 2:    2 
stack 3:    3 
stack 4:    11 504 
stack 5:    7 665 507 531 6 220 505 
stack 6:    854 520 498 126 506 629 740 
stack 7:    601 516 652 563 115 529 411 
stack 8:    309 763 9 431 36 291 524 
stack 9:    352 329 624 509 900 511 16 
stack 10:    12 523 600 549 120 544 27 
stack 11:    644 379 592 140 13 15 62 
stack 12:    96 717 185 207 472 515 21 
stack 13:    685 582 949 518 528 759 386 
stack 14:    539 930 937 746 20 987 429 
stack 15:    257 273 618 194 575 469 939 
stack 16:    537 760 17 139 809 517 658 
stack 17:    795 722 947 246 904 22 129 
stack 18:    713 40 978 42 766 530 525 
stack 19:    66 404 269 50 167 19 327 
stack 20:    714 110 205 948 449 983 199 
stack 21:    26 920 560 793 640 415 85 
stack 22:    859 527 630 790 30 982 595 
stack 23:    24 936 346 911 476 482 924 
stack 24:    651 788 884 461 875 747 676 
stack 25:    935 266 812 899 913 974 976 
stack 26:    127 881 170 283 299 406 898 
stack 27:    288 803 957 367 380 28 553 
stack 28:    764 962 57 226 897 289 554 
stack 29:    236 863 45 668 292 654 807 
stack 30:    33 680 929 690 437 796 744 
stack 31:    450 602 278 799 489 835 732 
stack 32:    779 546 886 655 326 342 797 
stack 33:    80 556 360 208 39 237 114 
stack 34:    112 228 453 625 718 156 480 
stack 35:    555 446 733 995 282 726 824 
stack 36:    775 425 339 344 399 297 559 
stack 37:    318 880 259 855 720 896 742 
stack 38:    293 548 196 323 357 738 204 
stack 39:    264 570 755 454 54 955 117 
stack 40:    778 73 244 636 850 280 663 
stack 41:    787 349 356 376 184 672 599 
stack 42:    607 195 227 455 463 401 739 
stack 43:    702 51 381 427 118 206 743 
stack 44:    741 107 142 460 198 132 695 
stack 45:    852 776 254 422 757 49 721 
stack 46:    591 190 926 144 918 869 350 
stack 47:    388 916 650 135 279 355 183 
stack 48:    324 966 116 686 412 621 103 
stack 49:    420 428 492 432 214 551 475 
stack 50:    689 993 72 316 813 737 147 
stack 51:    241 985 369 403 252 409 101 
stack 52:    877 153 123 59 435 97 408 
stack 53:    100 565 359 585 771 75 965 
stack 54:    699 691 371 234 158 998 65 
stack 55:    774 735 121 619 573 648 698 
stack 56:    588 823 608 78 622 332 239 
stack 57:    149 664 182 908 734 605 308 
stack 58:    315 143 906 815 137 314 620 
stack 59:    343 802 160 68 180 667 945 
stack 60:    94 870 424 674 963 448 866 
stack 61:    589 70 347 311 365 748 290 
stack 62:    284 642 562 943 874 951 305 
stack 63:    383 172 632 646 494 396 434 
stack 64:    353 122 649 64 693 564 687 
stack 65:    753 861 659 161 477 789 394 
stack 66:    128 969 770 992 484 942 704 
stack 67:    209 834 225 915 761 940 730 
stack 68:    583 263 994 159 164 584 598 
stack 69:    724 248 805 905 219 833 728 
stack 70:    145 578 975 389 213 811 405 
stack 71:    361 801 141 328 211 493 767 
stack 72:    876 901 98 433 444 961 626 
stack 73:    617 157 458 181 991 596 725 
stack 74:    452 576 277 671 800 306 829 
stack 75:    967 275 785 281 222 419 368 
stack 76:    0 501 
stack 77:    
stack 78:    502 1 
stack 79:    503 
stack 80:    4 510 5 
stack 81:    387 10 953 105 215 179 377 
stack 82:    18 445 508 817 338 14 8 
stack 83:    538 322 751 174 627 637 909 
stack 84:    653 794 593 838 587 512 612 
stack 85:    532 882 521 261 370 330 35 
stack 86:    736 253 91 514 95 540 418 
stack 87:    522 111 666 178 542 883 90 
stack 88:    972 988 168 784 134 416 23 
stack 89:    919 903 683 840 756 513 534 
stack 90:    497 769 467 441 88 471 301 
stack 91:    688 217 25 491 294 335 229 
stack 92:    519 83 561 495 260 526 106 
stack 93:    38 893 964 958 52 715 34 
stack 94:    32 635 639 47 986 108 363 
stack 95:    831 104 970 43 151 79 221 
stack 96:    745 375 69 310 997 231 782 
stack 97:    952 661 708 762 479 486 772 
stack 98:    843 303 580 628 701 55 58 
stack 99:    999 93 569 907 888 395 806 
stack 100:    77 837 364 889 872 29 536 
stack 101:    696 146 470 705 981 321 960 
stack 102:    989 928 176 836 669 845 670 
stack 103:    552 910 645 860 499 210 956 
stack 104:    451 336 814 847 873 421 826 
stack 105:    436 298 710 262 533 481 41 
stack 106:    325 171 218 31 932 285 384 
stack 107:    295 586 895 233 535 102 996 
stack 108:    382 457 447 163 37 931 496 
stack 109:    373 707 46 490 430 92 891 
stack 110:    256 366 485 571 853 44 990 
stack 111:    131 798 871 265 351 188 783 
stack 112:    731 255 777 613 572 378 558 
stack 113:    941 362 258 914 48 894 331 
stack 114:    53 358 113 830 545 557 148 
stack 115:    922 224 125 193 138 274 679 
stack 116:    166 541 543 673 610 393 933 
stack 117:    590 313 657 808 842 577 885 
stack 118:    609 81 334 320 864 917 63 
stack 119:    187 821 177 631 750 604 251 
stack 120:    758 971 681 341 822 844 923 
stack 121:    946 392 61 579 473 240 768 
stack 122:    400 892 407 611 581 980 977 
stack 123:    232 574 765 547 603 550 390 
stack 124:    247 890 402 397 566 857 567 
stack 125:    238 191 818 927 271 192 410 
stack 126:    307 130 862 60 623 267 442 
stack 127:    152 423 816 216 597 703 810 
stack 128:    374 372 466 878 242 984 656 
stack 129:    413 712 86 154 443 865 719 
stack 130:    459 67 867 950 468 426 340 
stack 131:    616 820 462 200 684 212 474 
stack 132:    124 791 56 250 304 711 912 
stack 133:    849 792 819 827 84 109 268 
stack 134:    197 483 615 682 662 773 89 
stack 135:    754 839 270 641 165 692 968 
stack 136:    439 99 660 954 235 858 417 
stack 137:    568 276 887 868 925 851 414 
stack 138:    398 934 464 345 729 606 133 
stack 139:    186 82 391 727 175 694 230 
stack 140:    634 781 614 594 348 71 902 
stack 141:    319 959 243 312 921 716 752 
stack 142:    677 456 87 317 856 76 286 
stack 143:    119 709 478 272 825 136 780 
stack 144:    973 202 201 723 638 804 749 
stack 145:    786 223 633 385 675 828 487 
stack 146:    438 841 249 938 647 643 150 
stack 147:    700 296 203 979 879 944 189 
stack 148:    333 848 354 706 337 832 488 
stack 149:    74 846 287 678 169 245 155 
stack 150:    440 465 173 302 300 162 697 
