lower bound for relaxed s_ij: 1291098.12

#####################################################

solved with: SP.mip_formulations.BinPackingFormulation
time limit: 1800.0 s
time to solve: 1812,46 s (time limit exceeded)
objective value: 1298815.5 (not optimal)

stacks (top to bottom):
stack 0:    4 16 10 0 21 8 
stack 1:    12 505 1 9 500 7 14 
stack 2:    5 2 501 24 19 6 25 
stack 3:    29 11 504 13 525 17 41 
stack 4:    50 20 28 503 35 27 42 
stack 5:    46 44 33 533 26 22 48 
stack 6:    23 32 545 58 56 37 64 
stack 7:    57 63 40 36 39 507 51 
stack 8:    38 55 43 508 52 67 61 
stack 9:    76 65 72 68 53 78 54 
stack 10:    59 75 73 98 60 82 97 
stack 11:    66 88 86 62 87 517 509 
stack 12:    99 94 92 71 83 81 69 
stack 13:    102 79 536 103 84 523 101 
stack 14:    80 521 129 122 108 89 130 
stack 15:    110 95 112 85 90 106 511 
stack 16:    502 105 96 120 91 114 121 
stack 17:    534 141 100 125 137 169 537 
stack 18:    118 116 126 117 115 104 123 
stack 19:    149 520 138 127 119 518 134 
stack 20:    150 124 142 148 146 144 128 
stack 21:    154 143 514 147 131 152 145 
stack 22:    159 168 162 515 135 164 158 
stack 23:    180 542 181 151 187 171 155 
stack 24:    524 166 179 160 184 182 175 
stack 25:    183 157 172 178 161 174 140 
stack 26:    189 193 153 528 526 177 529 
stack 27:    204 165 186 190 197 167 198 
stack 28:    210 206 205 201 202 203 176 
stack 29:    199 213 173 229 544 223 212 
stack 30:    192 216 211 219 207 208 196 
stack 31:    579 209 224 218 234 620 233 
stack 32:    535 227 231 225 191 237 214 
stack 33:    249 238 215 255 660 251 248 
stack 34:    236 235 232 230 220 217 222 
stack 35:    242 221 563 267 246 566 269 
stack 36:    263 258 547 253 226 277 252 
stack 37:    265 257 276 245 241 273 243 
stack 38:    280 254 266 634 256 703 673 
stack 39:    312 264 307 260 707 698 291 
stack 40:    296 284 262 294 268 289 278 
stack 41:    261 286 283 272 270 287 285 
stack 42:    298 580 282 288 274 313 309 
stack 43:    297 293 290 303 279 295 306 
stack 44:    560 292 316 308 300 310 327 
stack 45:    305 320 317 322 334 330 331 
stack 46:    323 324 318 299 304 311 325 
stack 47:    340 558 333 329 314 321 565 
stack 48:    346 713 696 326 665 358 338 
stack 49:    353 343 337 349 573 618 342 
stack 50:    376 370 352 332 344 367 628 
stack 51:    368 553 600 347 341 348 359 
stack 52:    393 345 354 384 395 380 361 
stack 53:    362 590 597 371 360 374 386 
stack 54:    885 847 387 356 366 373 389 
stack 55:    622 392 375 398 377 400 381 
stack 56:    423 419 408 382 390 388 378 
stack 57:    415 586 432 405 379 434 449 
stack 58:    397 391 385 399 383 401 403 
stack 59:    412 420 404 414 406 418 413 
stack 60:    436 409 430 445 417 411 440 
stack 61:    839 416 433 402 422 431 429 
stack 62:    447 450 425 428 448 454 451 
stack 63:    443 407 453 441 439 437 460 
stack 64:    462 479 471 424 456 465 472 
stack 65:    469 452 485 466 455 442 476 
stack 66:    435 426 459 444 446 438 461 
stack 67:    467 464 468 457 474 475 463 
stack 68:    728 483 494 470 488 499 613 
stack 69:    477 484 478 492 493 496 495 
stack 70:    491 473 458 487 481 890 884 
stack 71:    610 772 480 490 497 486 498 
stack 72:    818 564 820 489 519 482 516 
stack 73:    812 825 735 819 816 578 826 
stack 74:    670 637 584 747 780 654 624 
stack 75:    609 605 599 598 546 541 589 
stack 76:    527 531 
stack 77:    556 550 551 549 530 
stack 78:    555 543 540 538 
stack 79:    557 561 
stack 80:    3 577 567 552 596 
stack 81:    572 582 571 581 559 
stack 82:    506 570 548 601 575 595 569 
stack 83:    585 568 
stack 84:    592 574 594 587 583 510 
stack 85:    588 606 602 
stack 86:    612 591 614 611 576 
stack 87:    512 623 629 593 554 
stack 88:    513 626 615 617 635 616 
stack 89:    619 604 603 627 625 630 621 
stack 90:    18 640 633 643 607 651 631 
stack 91:    648 646 656 608 652 658 
stack 92:    649 653 641 647 636 632 15 
stack 93:    659 664 668 671 639 666 
stack 94:    667 644 663 662 650 
stack 95:    645 674 675 657 672 655 638 
stack 96:    694 642 701 
stack 97:    676 669 661 682 679 685 680 
stack 98:    683 697 688 684 692 677 691 
stack 99:    686 695 723 681 678 699 706 
stack 100:    522 714 719 715 687 720 711 
stack 101:    722 693 690 689 712 
stack 102:    532 702 738 745 740 704 725 
stack 103:    708 730 721 705 729 718 716 
stack 104:    30 700 748 727 709 710 731 
stack 105:    736 734 742 744 732 746 726 
stack 106:    781 724 717 790 773 754 788 
stack 107:    739 774 765 761 759 733 757 
stack 108:    751 771 766 762 760 753 737 
stack 109:    767 768 763 758 764 752 743 
stack 110:    770 741 776 755 784 769 34 
stack 111:    31 795 756 750 789 794 
stack 112:    793 799 786 778 805 749 802 
stack 113:    785 779 783 798 792 775 800 
stack 114:    797 807 809 777 810 801 804 
stack 115:    782 848 832 835 853 539 
stack 116:    791 811 803 813 815 821 
stack 117:    808 796 830 806 827 
stack 118:    814 867 859 849 838 831 
stack 119:    833 823 817 834 828 
stack 120:    829 855 822 846 824 856 
stack 121:    45 866 842 865 850 876 837 
stack 122:    836 861 868 852 851 844 862 
stack 123:    863 877 879 860 875 858 841 
stack 124:    874 843 845 900 895 873 857 
stack 125:    880 871 864 878 869 883 881 
stack 126:    47 840 893 886 891 897 870 
stack 127:    787 562 888 896 854 882 889 
stack 128:    49 903 908 898 902 904 887 
stack 129:    920 892 922 923 
stack 130:    913 905 872 909 911 919 917 
stack 131:    926 914 937 899 944 932 364 
stack 132:    934 940 901 924 918 928 915 
stack 133:    927 936 906 938 921 935 929 
stack 134:    916 948 947 950 945 959 951 
stack 135:    972 955 966 910 939 942 956 
stack 136:    979 974 971 987 975 946 958 
stack 137:    953 960 952 930 962 943 931 
stack 138:    989 984 999 363 357 954 941 
stack 139:    970 961 981 980 976 983 965 
stack 140:    967 985 963 977 973 957 982 
stack 141:    993 992 990 964 969 968 991 
stack 142:    394 365 396 350 410 372 978 
stack 143:    250 988 998 997 986 994 355 
stack 144:    933 912 925 996 369 421 949 
stack 145:    319 228 351 995 907 894 427 
stack 146:    335 301 339 315 77 336 281 
stack 147:    136 328 302 156 194 185 107 
stack 148:    163 195 271 188 275 247 244 
stack 149:    109 70 259 239 200 240 170 
stack 150:    113 111 139 133 74 132 93 

#####################################################

solved with: SP.constructive_heuristics.GeneralHeuristic
time limit: 1800.0 s
time to solve: 0,01 s
objective value: 1334135.61

stacks (top to bottom):
stack 0:    522 839 221 625 991 707 539 
stack 1:    12 1 38 690 668 849 188 
stack 2:    368 362 588 561 837 14 565 
stack 3:    154 475 437 322 164 429 613 
stack 4:    971 713 905 536 762 465 965 
stack 5:    694 241 948 167 544 747 364 
stack 6:    670 284 75 781 215 537 338 
stack 7:    972 772 855 409 560 428 218 
stack 8:    365 28 230 160 267 64 510 
stack 9:    695 58 103 587 81 460 175 
stack 10:    812 825 623 165 10 946 821 
stack 11:    199 125 379 318 289 680 589 
stack 12:    532 249 880 270 273 636 277 
stack 13:    506 637 836 777 910 878 638 
stack 14:    345 419 551 178 384 269 907 
stack 15:    206 998 202 430 360 326 140 
stack 16:    819 329 473 614 566 602 381 
stack 17:    702 941 137 848 651 121 882 
stack 18:    363 480 133 868 569 678 251 
stack 19:    74 751 930 458 61 718 67 
stack 20:    31 728 2 122 262 500 455 
stack 21:    970 734 730 744 897 758 431 
stack 22:    250 874 118 257 497 135 342 
stack 23:    992 626 877 830 542 977 810 
stack 24:    263 424 554 69 841 498 93 
stack 25:    562 786 749 317 190 691 395 
stack 26:    885 99 36 644 214 266 291 
stack 27:    765 686 981 168 235 871 147 
stack 28:    102 450 963 391 891 260 628 
stack 29:    605 790 687 788 711 255 710 
stack 30:    505 574 253 418 956 281 624 
stack 31:    787 520 142 594 968 508 233 
stack 32:    201 742 845 530 310 487 894 
stack 33:    312 629 370 62 295 784 390 
stack 34:    328 543 805 179 515 650 171 
stack 35:    357 149 211 645 898 42 704 
stack 36:    996 774 547 822 166 928 922 
stack 37:    415 92 722 632 573 421 826 
stack 38:    239 534 717 470 356 754 720 
stack 39:    286 619 750 402 980 935 438 
stack 40:    393 798 775 237 52 729 703 
stack 41:    847 597 276 803 909 962 21 
stack 42:    396 740 182 422 51 493 377 
stack 43:    820 5 738 96 48 832 816 
stack 44:    261 615 612 245 79 737 701 
stack 45:    609 387 683 400 804 706 451 
stack 46:    195 739 471 408 382 895 367 
stack 47:    259 622 723 595 246 374 630 
stack 48:    840 916 555 323 567 73 665 
stack 49:    200 799 272 607 733 268 957 
stack 50:    143 117 865 146 817 208 838 
stack 51:    464 185 846 56 399 994 355 
stack 52:    974 755 995 411 496 634 336 
stack 53:    136 842 13 721 303 197 461 
stack 54:    926 833 159 115 177 463 904 
stack 55:    489 502 955 392 709 348 369 
stack 56:    339 210 192 153 997 549 867 
stack 57:    999 33 238 601 789 476 449 
stack 58:    793 80 782 521 324 130 889 
stack 59:    372 467 194 420 978 404 938 
stack 60:    735 598 640 236 101 158 331 
stack 61:    989 584 967 558 217 684 514 
stack 62:    70 293 850 550 606 371 760 
stack 63:    88 258 776 892 666 509 949 
stack 64:    564 156 633 546 26 679 596 
stack 65:    298 116 592 207 226 571 769 
stack 66:    818 271 305 320 759 98 78 
stack 67:    961 538 507 285 869 815 831 
stack 68:    785 406 908 341 398 37 923 
stack 69:    477 484 180 457 55 127 647 
stack 70:    979 770 254 726 671 224 875 
stack 71:    469 714 519 490 459 942 309 
stack 72:    954 129 937 187 169 229 212 
stack 73:    163 829 340 577 541 176 240 
stack 74:    580 290 504 635 279 84 256 
stack 75:    795 656 288 852 444 976 152 
stack 76:    40 468 29 553 231 945 330 
stack 77:    65 416 494 296 337 35 527 
stack 78:    77 432 807 903 172 915 196 
stack 79:    933 47 89 661 608 982 34 
stack 80:    912 18 585 773 173 853 654 
stack 81:    512 988 766 104 900 611 517 
stack 82:    667 282 779 964 792 307 252 
stack 83:    242 24 748 947 939 439 25 
stack 84:    50 756 761 715 375 446 358 
stack 85:    741 572 746 145 481 870 386 
stack 86:    110 990 353 893 864 657 526 
stack 87:    45 57 491 814 642 454 244 
stack 88:    141 808 697 540 652 359 780 
stack 89:    76 452 112 516 851 834 495 
stack 90:    351 492 126 474 545 943 924 
stack 91:    39 120 19 663 660 223 278 
stack 92:    984 653 872 641 662 131 155 
stack 93:    483 227 985 148 591 583 401 
stack 94:    462 913 397 681 91 114 247 
stack 95:    49 570 435 108 724 899 248 
stack 96:    301 778 68 692 911 672 716 
stack 97:    205 659 719 60 442 685 15 
stack 98:    71 617 445 693 901 43 41 
stack 99:    346 423 354 859 639 618 856 
stack 100:    410 861 806 643 921 674 983 
stack 101:    447 32 225 525 17 134 403 
stack 102:    599 736 213 631 389 97 884 
stack 103:    23 157 11 186 952 316 800 
stack 104:    513 600 216 824 300 743 725 
stack 105:    228 113 791 16 86 209 559 
stack 106:    319 934 797 443 975 380 890 
stack 107:    669 22 151 294 876 313 325 
stack 108:    59 688 966 627 314 528 321 
stack 109:    700 138 936 304 274 896 802 
stack 110:    866 524 189 63 603 299 7 
stack 111:    696 219 308 969 383 705 87 
stack 112:    280 535 414 441 699 764 673 
stack 113:    648 100 426 44 90 6 106 
stack 114:    139 478 85 53 854 682 311 
stack 115:    66 886 823 783 862 794 959 
stack 116:    204 4 161 378 616 958 712 
stack 117:    394 20 119 918 689 472 174 
stack 118:    557 860 801 883 413 887 170 
stack 119:    863 265 503 563 950 951 440 
stack 120:    46 482 646 181 548 768 347 
stack 121:    708 352 593 843 344 123 698 
stack 122:    796 485 433 906 575 349 306 
stack 123:    315 879 590 9 405 727 757 
stack 124:    925 94 193 385 417 518 361 
stack 125:    376 649 232 763 844 973 919 
stack 126:    533 888 488 373 658 82 275 
stack 127:    920 425 456 128 873 448 881 
stack 128:    914 586 220 287 675 655 621 
stack 129:    111 0 264 857 581 620 327 
stack 130:    109 3 30 124 333 191 198 
stack 131:    412 953 83 292 677 511 752 
stack 132:    335 676 809 162 434 203 427 
stack 133:    302 150 343 568 944 243 499 
stack 134:    993 297 732 813 576 753 132 
stack 135:    610 436 72 466 552 366 578 
stack 136:    183 811 902 486 917 523 334 
stack 137:    350 105 767 745 27 932 835 
stack 138:    579 940 556 960 664 407 388 
stack 139:    95 604 283 222 531 453 827 
stack 140:    479 987 931 858 8 234 828 
stack 141:    771 929 184 731 107 
stack 142:    582 332 986 144 529 
stack 143:    927 501 54 
stack 144:    
stack 145:    
stack 146:    
stack 147:    
stack 148:    
stack 149:    
stack 150:    
