solved with: SP.deprecated.TabuSearch
time limit: 1800.0 s
time to solve: 869,23 s
objective value: 1291112.68

stacks (top to bottom):
stack 0:    0 
stack 1:    1 
stack 2:    4 
stack 3:    
stack 4:    504 
stack 5:    920 837 262 508 27 522 506 
stack 6:    421 11 509 880 536 510 6 
stack 7:    539 143 528 451 516 29 885 
stack 8:    370 312 967 278 363 408 65 
stack 9:    925 268 866 930 912 281 350 
stack 10:    642 906 703 552 573 19 438 
stack 11:    512 931 12 14 534 848 24 
stack 12:    518 482 146 985 20 374 42 
stack 13:    525 541 596 726 22 517 556 
stack 14:    426 893 802 21 378 135 834 
stack 15:    749 369 988 255 144 601 106 
stack 16:    259 16 519 796 520 260 317 
stack 17:    70 736 17 711 879 783 929 
stack 18:    698 309 521 806 83 486 902 
stack 19:    67 527 385 288 559 935 44 
stack 20:    841 791 464 993 614 899 544 
stack 21:    241 976 724 476 579 429 744 
stack 22:    212 253 324 131 611 942 230 
stack 23:    785 833 524 587 393 795 753 
stack 24:    108 424 957 141 845 861 941 
stack 25:    162 459 43 331 442 439 205 
stack 26:    722 51 174 529 53 731 477 
stack 27:    332 561 294 537 86 33 761 
stack 28:    895 562 793 624 375 693 453 
stack 29:    279 461 982 134 718 542 530 
stack 30:    989 730 310 984 543 66 81 
stack 31:    200 184 857 235 851 840 376 
stack 32:    846 878 133 823 616 909 217 
stack 33:    49 939 321 437 913 864 468 
stack 34:    138 782 142 432 186 986 828 
stack 35:    721 830 980 498 115 172 145 
stack 36:    128 588 308 233 692 61 602 
stack 37:    706 697 648 203 366 52 708 
stack 38:    868 300 129 566 380 325 150 
stack 39:    147 78 784 751 425 746 741 
stack 40:    293 272 876 975 742 714 303 
stack 41:    971 414 696 577 765 153 359 
stack 42:    357 185 995 173 829 555 68 
stack 43:    891 583 625 367 551 743 546 
stack 44:    961 675 547 484 455 707 549 
stack 45:    100 175 553 496 620 306 474 
stack 46:    999 64 956 629 594 570 821 
stack 47:    870 85 843 353 889 130 257 
stack 48:    214 844 282 111 883 388 252 
stack 49:    842 158 471 979 337 750 149 
stack 50:    232 656 183 322 440 265 338 
stack 51:    493 62 639 110 572 567 953 
stack 52:    963 554 882 193 156 626 97 
stack 53:    863 799 136 817 224 169 597 
stack 54:    695 747 910 725 176 394 412 
stack 55:    650 676 109 735 874 466 638 
stack 56:    858 311 360 163 365 275 179 
stack 57:    960 304 886 728 719 681 261 
stack 58:    123 777 196 221 139 347 188 
stack 59:    456 157 775 209 605 127 271 
stack 60:    240 811 631 872 919 229 951 
stack 61:    745 448 684 859 996 997 481 
stack 62:    218 773 609 581 987 250 415 
stack 63:    263 617 666 955 683 945 165 
stack 64:    199 608 591 249 646 690 295 
stack 65:    854 657 674 270 323 314 947 
stack 66:    245 673 422 820 679 907 446 
stack 67:    705 483 640 436 962 934 660 
stack 68:    589 898 755 445 701 201 809 
stack 69:    671 152 580 126 390 125 211 
stack 70:    933 787 850 875 658 189 770 
stack 71:    937 896 276 381 88 668 101 
stack 72:    77 256 220 653 223 103 766 
stack 73:    654 405 327 187 645 894 73 
stack 74:    458 297 847 286 790 740 905 
stack 75:    853 603 377 737 839 246 699 
stack 76:    500 
stack 77:    501 
stack 78:    2 502 
stack 79:    3 503 
stack 80:    505 428 166 
stack 81:    372 465 8 5 10 808 403 
stack 82:    40 610 513 974 797 7 760 
stack 83:    449 222 538 507 604 9 122 
stack 84:    576 628 118 748 18 190 430 
stack 85:    856 56 672 160 514 38 26 
stack 86:    431 132 59 50 254 511 794 
stack 87:    983 526 202 763 407 515 25 
stack 88:    37 754 757 557 535 595 641 
stack 89:    978 273 444 34 13 888 60 
stack 90:    336 662 469 319 167 36 772 
stack 91:    15 560 578 523 819 826 54 
stack 92:    661 441 387 994 30 112 838 
stack 93:    739 564 328 991 685 801 911 
stack 94:    35 669 41 533 404 495 622 
stack 95:    827 121 779 23 349 494 418 
stack 96:    39 76 824 28 771 94 531 
stack 97:    966 244 548 305 664 32 45 
stack 98:    643 46 900 938 419 487 700 
stack 99:    283 285 87 903 373 776 950 
stack 100:    206 234 798 361 835 355 762 
stack 101:    803 401 71 307 659 540 720 
stack 102:    269 330 619 478 154 717 691 
stack 103:    284 815 606 31 318 177 475 
stack 104:    890 915 194 299 170 949 532 
stack 105:    927 290 114 944 84 887 413 
stack 106:    644 813 423 575 92 713 970 
stack 107:    329 116 545 354 712 623 612 
stack 108:    382 219 104 926 463 969 47 
stack 109:    452 759 400 635 756 584 688 
stack 110:    99 924 630 155 48 973 164 
stack 111:    411 867 881 102 352 729 117 
stack 112:    58 852 822 368 490 873 181 
stack 113:    274 704 818 621 936 877 409 
stack 114:    384 715 298 569 105 825 287 
stack 115:    710 210 571 948 342 767 457 
stack 116:    492 345 992 958 427 178 563 
stack 117:    292 91 613 869 340 113 485 
stack 118:    733 358 904 82 812 341 758 
stack 119:    814 63 392 180 586 228 161 
stack 120:    943 649 364 618 884 231 416 
stack 121:    816 655 959 592 55 723 940 
stack 122:    637 923 159 168 634 780 208 
stack 123:    636 768 788 687 680 917 344 
stack 124:    800 398 251 849 488 860 140 
stack 125:    434 550 192 313 395 778 454 
stack 126:    89 922 258 450 804 301 57 
stack 127:    652 615 792 346 343 871 296 
stack 128:    593 226 764 897 213 397 952 
stack 129:    248 335 932 499 789 389 598 
stack 130:    752 90 227 98 558 197 379 
stack 131:    348 320 574 391 928 480 137 
stack 132:    80 633 107 627 651 990 406 
stack 133:    191 682 981 677 74 702 807 
stack 134:    124 632 356 836 921 568 148 
stack 135:    334 264 774 582 565 460 968 
stack 136:    709 238 242 585 215 225 362 
stack 137:    716 954 665 171 316 69 435 
stack 138:    831 862 686 291 667 727 399 
stack 139:    914 302 72 998 600 479 607 
stack 140:    351 417 96 462 472 489 918 
stack 141:    738 433 216 119 204 590 195 
stack 142:    75 236 734 678 497 892 280 
stack 143:    599 386 908 865 810 402 239 
stack 144:    79 977 689 781 267 732 473 
stack 145:    333 855 470 371 266 326 670 
stack 146:    901 207 247 151 769 467 289 
stack 147:    383 663 694 916 805 315 972 
stack 148:    237 95 198 946 964 182 243 
stack 149:    443 420 647 396 491 93 120 
stack 150:    965 447 832 277 339 786 410 

#####################################################

solved with: SP.post_optimization_methods.HillClimbing
time limit: 1800.0 s
time to solve: 506,55 s
objective value: 1291112.68

stacks (top to bottom):
stack 0:    0 
stack 1:    1 
stack 2:    2 
stack 3:    
stack 4:    504 
stack 5:    443 636 417 893 521 5 513 
stack 6:    589 599 632 216 11 509 510 
stack 7:    627 933 59 254 174 511 530 
stack 8:    384 696 270 9 942 389 621 
stack 9:    334 525 15 31 587 25 410 
stack 10:    768 931 479 527 757 478 106 
stack 11:    27 12 759 514 897 487 534 
stack 12:    961 896 937 28 992 88 953 
stack 13:    640 192 775 43 564 407 394 
stack 14:    238 419 130 423 634 570 19 
stack 15:    78 333 695 220 910 141 16 
stack 16:    639 689 516 29 301 365 42 
stack 17:    980 112 135 30 905 520 54 
stack 18:    553 23 425 109 494 622 807 
stack 19:    434 550 829 678 740 535 531 
stack 20:    294 624 437 414 614 529 339 
stack 21:    253 382 126 743 573 36 480 
stack 22:    526 711 273 98 355 532 403 
stack 23:    35 785 682 714 74 836 393 
stack 24:    537 719 160 342 692 213 699 
stack 25:    386 207 985 726 962 340 211 
stack 26:    548 121 158 466 808 275 296 
stack 27:    310 155 34 53 888 958 257 
stack 28:    132 651 366 345 990 101 612 
stack 29:    383 846 576 496 849 474 280 
stack 30:    194 724 299 667 45 949 809 
stack 31:    64 669 976 554 778 874 974 
stack 32:    715 898 866 538 319 315 744 
stack 33:    827 476 628 904 341 680 33 
stack 34:    736 943 843 781 105 182 542 
stack 35:    214 116 649 227 717 713 446 
stack 36:    492 914 199 385 325 288 230 
stack 37:    370 234 648 52 708 950 765 
stack 38:    895 954 539 776 861 783 60 
stack 39:    108 269 210 354 201 540 941 
stack 40:    390 932 499 929 65 337 797 
stack 41:    85 938 889 489 597 997 952 
stack 42:    814 999 882 156 251 737 246 
stack 43:    854 255 259 572 577 707 117 
stack 44:    206 654 459 184 835 113 460 
stack 45:    247 593 747 926 585 558 565 
stack 46:    966 320 975 798 471 623 951 
stack 47:    152 456 268 998 391 66 69 
stack 48:    49 939 131 200 467 973 468 
stack 49:    891 867 329 769 982 61 93 
stack 50:    426 752 151 297 104 860 418 
stack 51:    357 226 71 684 97 172 871 
stack 52:    853 452 811 377 555 664 579 
stack 53:    816 212 285 191 894 838 681 
stack 54:    244 922 193 83 806 229 804 
stack 55:    80 67 571 463 195 491 485 
stack 56:    274 324 630 883 143 865 228 
stack 57:    841 63 615 75 596 921 166 
stack 58:    663 881 993 328 629 144 688 
stack 59:    706 449 583 637 277 381 794 
stack 60:    686 258 68 620 872 488 758 
stack 61:    464 469 978 176 134 720 761 
stack 62:    863 124 232 313 728 224 817 
stack 63:    411 111 95 912 887 826 970 
stack 64:    72 219 857 198 189 477 164 
stack 65:    800 709 90 908 180 605 400 
stack 66:    392 730 375 977 118 322 772 
stack 67:    633 693 286 703 673 923 472 
stack 68:    293 215 186 360 986 944 281 
stack 69:    336 330 646 415 690 936 161 
stack 70:    248 171 916 159 243 150 359 
stack 71:    308 352 86 343 885 584 911 
stack 72:    705 358 187 702 442 432 137 
stack 73:    698 316 790 934 848 190 261 
stack 74:    915 793 989 754 364 225 397 
stack 75:    722 832 644 581 168 416 81 
stack 76:    500 
stack 77:    501 
stack 78:    4 502 
stack 79:    3 503 
stack 80:    675 704 505 
stack 81:    652 356 856 399 10 139 6 
stack 82:    41 262 508 590 506 7 760 
stack 83:    507 48 604 519 363 732 344 
stack 84:    436 8 645 327 91 805 47 
stack 85:    39 512 17 551 913 522 457 
stack 86:    431 300 223 110 771 515 430 
stack 87:    901 304 665 486 197 517 917 
stack 88:    671 40 930 14 252 317 149 
stack 89:    51 852 447 13 789 918 24 
stack 90:    348 886 763 578 948 767 406 
stack 91:    971 21 533 404 20 523 606 
stack 92:    283 541 401 955 55 741 22 
stack 93:    433 518 465 524 133 547 18 
stack 94:    77 136 405 574 445 260 670 
stack 95:    831 175 735 727 495 347 26 
stack 96:    332 647 196 672 878 594 821 
stack 97:    458 710 37 788 569 964 544 
stack 98:    173 282 988 367 884 120 972 
stack 99:    862 603 309 774 498 306 556 
stack 100:    46 837 302 879 586 167 947 
stack 101:    870 203 813 845 575 718 969 
stack 102:    351 927 655 995 967 287 208 
stack 103:    662 642 373 461 528 314 289 
stack 104:    900 323 600 557 840 907 295 
stack 105:    89 157 387 981 32 729 350 
stack 106:    290 56 221 626 536 928 602 
stack 107:    560 87 734 979 413 549 660 
stack 108:    493 218 791 543 422 546 205 
stack 109:    147 240 666 331 266 616 454 
stack 110:    483 802 272 142 552 909 181 
stack 111:    241 233 209 271 125 968 435 
stack 112:    787 609 875 249 818 834 598 
stack 113:    562 924 99 353 335 38 753 
stack 114:    738 162 561 925 903 256 635 
stack 115:    185 482 674 780 559 376 44 
stack 116:    58 292 545 303 823 362 481 
stack 117:    420 650 264 779 582 880 723 
stack 118:    844 824 619 129 850 825 409 
stack 119:    847 82 618 73 217 231 750 
stack 120:    617 656 869 326 659 402 412 
stack 121:    963 395 833 114 346 177 428 
stack 122:    983 138 592 812 601 439 374 
stack 123:    784 462 607 611 899 250 731 
stack 124:    119 855 677 683 712 455 940 
stack 125:    128 291 450 127 145 429 188 
stack 126:    608 279 50 691 996 685 178 
stack 127:    739 822 276 490 658 864 153 
stack 128:    782 653 278 235 380 679 563 
stack 129:    960 858 321 625 756 700 148 
stack 130:    305 349 631 902 568 762 57 
stack 131:    749 566 591 668 94 946 801 
stack 132:    803 62 701 613 475 103 179 
stack 133:    170 115 839 919 638 766 438 
stack 134:    661 799 956 378 742 819 770 
stack 135:    96 643 657 984 851 267 239 
stack 136:    100 284 859 764 242 484 796 
stack 137:    733 830 588 123 792 676 746 
stack 138:    70 398 755 298 580 567 935 
stack 139:    79 610 396 470 427 122 641 
stack 140:    716 421 371 183 795 440 265 
stack 141:    311 369 725 444 748 379 165 
stack 142:    890 263 448 815 991 84 169 
stack 143:    237 236 146 994 318 140 163 
stack 144:    697 773 368 987 786 92 877 
stack 145:    920 424 76 312 107 965 453 
stack 146:    842 202 222 906 892 945 595 
stack 147:    694 245 687 388 154 873 828 
stack 148:    372 204 441 307 361 497 473 
stack 149:    868 957 451 810 820 408 338 
stack 150:    721 959 751 777 745 876 102 
