solved with: SP.deprecated.TabuSearch
time limit: 1800.0 s
time to solve: 626,53 s
objective value: 1291101.74

stacks (top to bottom):
stack 0:    0 
stack 1:    
stack 2:    
stack 3:    
stack 4:    4 
stack 5:    508 5 213 484 282 21 869 
stack 6:    7 506 662 6 518 512 507 
stack 7:    414 765 524 367 842 19 101 
stack 8:    929 558 22 624 463 447 940 
stack 9:    918 9 521 509 483 510 850 
stack 10:    341 203 612 29 523 498 218 
stack 11:    987 112 969 575 824 537 898 
stack 12:    384 831 151 158 867 901 588 
stack 13:    143 516 531 695 908 998 646 
stack 14:    15 292 528 289 669 259 28 
stack 15:    778 881 16 360 890 614 834 
stack 16:    290 312 31 817 249 118 568 
stack 17:    520 438 251 147 865 968 526 
stack 18:    760 655 727 647 366 899 394 
stack 19:    891 195 67 818 594 958 728 
stack 20:    99 708 884 540 533 40 135 
stack 21:    305 185 722 718 27 761 784 
stack 22:    529 525 429 446 848 599 629 
stack 23:    229 810 257 574 413 544 609 
stack 24:    557 281 193 930 42 370 253 
stack 25:    785 984 553 990 269 964 963 
stack 26:    739 306 254 561 566 46 855 
stack 27:    791 532 772 202 535 349 978 
stack 28:    482 391 32 585 184 91 944 
stack 29:    837 947 397 780 539 928 852 
stack 30:    866 740 121 231 293 432 307 
stack 31:    358 836 741 793 538 664 115 
stack 32:    872 359 214 166 442 945 279 
stack 33:    966 125 73 352 44 534 388 
stack 34:    481 759 70 263 694 295 924 
stack 35:    907 82 781 633 551 550 240 
stack 36:    164 365 767 650 441 593 225 
stack 37:    643 675 450 61 790 602 168 
stack 38:    132 337 876 190 880 846 637 
stack 39:    845 462 420 280 94 215 802 
stack 40:    291 179 541 465 798 554 672 
stack 41:    93 896 576 77 50 642 317 
stack 42:    256 653 748 206 981 843 171 
stack 43:    923 970 301 915 97 698 952 
stack 44:    826 129 555 661 932 755 858 
stack 45:    671 659 345 154 654 559 318 
stack 46:    601 173 59 783 546 822 549 
stack 47:    873 911 210 894 472 977 76 
stack 48:    362 407 139 686 192 65 419 
stack 49:    487 815 167 68 469 309 859 
stack 50:    628 287 459 409 768 720 821 
stack 51:    954 270 212 64 380 267 69 
stack 52:    770 782 734 957 134 829 868 
stack 53:    417 917 461 913 641 691 887 
stack 54:    329 916 799 119 828 885 58 
stack 55:    330 632 183 636 347 339 857 
stack 56:    57 449 411 877 138 965 335 
stack 57:    402 992 619 584 914 492 466 
stack 58:    467 300 476 572 807 404 682 
stack 59:    159 677 967 684 703 730 274 
stack 60:    623 248 849 854 350 176 927 
stack 61:    189 294 906 999 182 72 996 
stack 62:    325 697 586 910 406 435 275 
stack 63:    331 117 188 157 729 142 455 
stack 64:    75 169 148 443 719 328 681 
stack 65:    468 587 951 705 736 85 597 
stack 66:    630 788 425 920 272 583 361 
stack 67:    645 621 871 589 268 485 709 
stack 68:    936 706 460 223 892 751 816 
stack 69:    982 596 600 265 972 886 373 
stack 70:    474 100 617 687 219 227 186 
stack 71:    479 456 299 690 762 364 230 
stack 72:    658 693 875 618 488 731 196 
stack 73:    170 942 89 986 766 813 353 
stack 74:    201 285 652 607 208 145 477 
stack 75:    405 150 220 379 245 303 130 
stack 76:    500 
stack 77:    501 1 
stack 78:    2 502 
stack 79:    503 
stack 80:    504 3 505 844 403 
stack 81:    8 382 54 514 832 639 613 
stack 82:    579 975 993 983 14 393 560 
stack 83:    48 10 12 372 431 522 513 
stack 84:    327 33 56 486 710 724 410 
stack 85:    258 511 110 895 547 515 685 
stack 86:    494 424 39 233 889 13 35 
stack 87:    323 11 437 470 18 931 700 
stack 88:    237 595 376 634 354 552 232 
stack 89:    980 174 571 692 853 260 471 
stack 90:    385 616 120 610 577 806 181 
stack 91:    304 454 302 519 17 165 941 
stack 92:    314 25 398 90 332 123 863 
stack 93:    497 49 517 235 536 763 973 
stack 94:    580 490 436 733 922 321 448 
stack 95:    20 24 976 200 205 30 45 
stack 96:    156 400 26 900 676 747 979 
stack 97:    656 673 161 439 140 569 530 
stack 98:    827 322 137 648 23 389 912 
stack 99:    34 326 626 191 346 261 105 
stack 100:    36 804 814 80 475 921 764 
stack 101:    786 737 608 962 124 128 277 
stack 102:    835 276 43 777 434 315 356 
stack 103:    87 37 399 88 527 244 864 
stack 104:    959 66 430 543 919 55 567 
stack 105:    701 416 308 680 412 38 841 
stack 106:    149 496 464 939 324 175 141 
stack 107:    396 860 679 375 102 789 478 
stack 108:    847 63 421 926 937 41 136 
stack 109:    666 545 743 723 644 319 974 
stack 110:    52 805 657 795 336 565 670 
stack 111:    808 660 239 678 590 757 961 
stack 112:    236 955 715 578 499 696 573 
stack 113:    243 222 779 726 840 689 756 
stack 114:    162 627 47 640 343 704 351 
stack 115:    320 445 548 178 787 473 819 
stack 116:    570 803 631 950 363 241 874 
stack 117:    440 897 862 172 79 378 451 
stack 118:    348 905 794 542 458 427 81 
stack 119:    296 109 997 342 707 725 949 
stack 120:    234 199 651 605 971 717 194 
stack 121:    392 994 433 776 702 750 238 
stack 122:    401 127 771 264 228 735 625 
stack 123:    903 749 699 989 452 187 51 
stack 124:    861 111 668 271 812 355 938 
stack 125:    838 995 217 615 86 948 811 
stack 126:    153 620 60 746 53 207 635 
stack 127:    904 935 649 946 985 126 754 
stack 128:    830 334 745 453 395 925 152 
stack 129:    562 622 953 313 92 74 95 
stack 130:    262 878 250 556 752 246 792 
stack 131:    774 78 84 721 278 758 801 
stack 132:    667 851 934 457 114 108 62 
stack 133:    428 991 563 160 242 796 408 
stack 134:    856 879 489 688 491 297 820 
stack 135:    665 116 311 415 606 255 674 
stack 136:    113 216 131 943 960 611 495 
stack 137:    333 988 104 273 103 956 444 
stack 138:    564 390 369 252 286 581 732 
stack 139:    98 198 604 493 155 423 374 
stack 140:    122 71 683 163 592 713 591 
stack 141:    418 426 714 83 909 638 902 
stack 142:    146 247 888 882 716 197 96 
stack 143:    371 177 603 598 825 582 344 
stack 144:    797 357 340 712 383 769 883 
stack 145:    221 283 823 422 316 368 377 
stack 146:    800 310 106 870 663 753 381 
stack 147:    738 742 298 839 773 144 224 
stack 148:    180 775 387 833 288 211 204 
stack 149:    133 711 744 809 226 266 107 
stack 150:    933 209 480 386 338 284 893 

#####################################################

solved with: SP.post_optimization_methods.HillClimbing
time limit: 1800.0 s
time to solve: 526,36 s
objective value: 1291101.74

stacks (top to bottom):
stack 0:    0 
stack 1:    
stack 2:    
stack 3:    
stack 4:    4 
stack 5:    508 5 157 538 515 255 344 
stack 6:    7 139 6 175 507 512 403 
stack 7:    229 810 805 9 423 230 821 
stack 8:    907 248 84 402 525 523 938 
stack 9:    615 590 349 114 978 762 361 
stack 10:    612 17 795 204 483 752 444 
stack 11:    159 43 39 969 112 825 931 
stack 12:    660 535 758 23 540 30 940 
stack 13:    333 519 260 115 908 92 19 
stack 14:    797 856 308 463 536 14 559 
stack 15:    628 59 322 982 32 451 145 
stack 16:    449 714 174 280 521 104 522 
stack 17:    520 54 182 796 524 802 18 
stack 18:    496 33 922 727 21 899 841 
stack 19:    876 190 26 878 31 432 377 
stack 20:    494 312 469 544 642 565 526 
stack 21:    287 880 794 347 360 834 530 
stack 22:    896 160 851 24 446 846 200 
stack 23:    149 285 718 531 616 574 373 
stack 24:    677 967 79 636 119 80 277 
stack 25:    179 917 170 90 498 691 944 
stack 26:    468 234 529 100 281 548 45 
stack 27:    188 918 686 541 729 993 218 
stack 28:    679 298 265 761 240 822 51 
stack 29:    243 741 779 261 154 103 394 
stack 30:    99 68 50 581 832 694 307 
stack 31:    480 657 416 965 973 979 949 
stack 32:    384 831 493 177 208 828 713 
stack 33:    73 334 259 453 890 38 670 
stack 34:    479 467 561 543 688 690 898 
stack 35:    36 630 866 462 744 833 235 
stack 36:    626 595 664 302 406 817 885 
stack 37:    345 542 288 250 737 53 40 
stack 38:    167 169 809 296 661 336 912 
stack 39:    57 665 765 128 41 850 731 
stack 40:    382 748 886 413 249 224 272 
stack 41:    929 721 482 619 757 389 790 
stack 42:    835 270 579 206 877 608 477 
stack 43:    987 618 231 488 342 101 613 
stack 44:    545 202 137 409 650 784 963 
stack 45:    98 836 150 400 600 582 408 
stack 46:    401 291 216 456 186 641 65 
stack 47:    617 710 486 219 844 567 867 
stack 48:    193 951 966 736 484 232 196 
stack 49:    326 497 781 712 994 422 764 
stack 50:    330 191 299 332 566 554 297 
stack 51:    564 146 798 750 654 807 869 
stack 52:    570 201 777 740 434 356 315 
stack 53:    358 935 365 450 799 583 709 
stack 54:    936 77 648 720 888 473 868 
stack 55:    148 109 693 60 920 317 635 
stack 56:    823 64 433 905 605 571 294 
stack 57:    580 164 862 457 491 108 811 
stack 58:    66 464 472 976 324 353 95 
stack 59:    94 385 185 716 572 780 573 
stack 60:    331 673 946 273 284 279 893 
stack 61:    106 786 992 647 948 96 328 
stack 62:    117 143 776 883 338 569 597 
stack 63:    808 156 995 195 439 901 171 
stack 64:    276 666 701 348 680 412 852 
stack 65:    904 78 723 921 165 194 858 
stack 66:    991 733 198 411 767 985 672 
stack 67:    815 840 789 610 458 152 181 
stack 68:    830 607 289 584 703 986 158 
stack 69:    209 586 847 435 603 363 207 
stack 70:    376 699 83 252 72 865 829 
stack 71:    153 884 620 499 658 313 928 
stack 72:    420 426 706 910 223 892 932 
stack 73:    93 189 199 676 91 971 404 
stack 74:    873 210 172 441 813 625 730 
stack 75:    180 894 192 300 292 492 370 
stack 76:    500 
stack 77:    501 1 
stack 78:    2 502 
stack 79:    503 
stack 80:    304 504 3 505 135 
stack 81:    8 999 478 380 509 427 560 
stack 82:    34 854 506 12 624 184 13 
stack 83:    837 667 203 386 10 61 728 
stack 84:    656 362 123 431 205 238 591 
stack 85:    953 511 516 378 352 126 419 
stack 86:    314 800 653 424 746 889 510 
stack 87:    323 183 244 105 475 11 513 
stack 88:    15 251 875 367 962 695 549 
stack 89:    329 474 606 692 120 514 824 
stack 90:    785 517 768 871 717 134 81 
stack 91:    48 849 655 984 528 16 225 
stack 92:    760 739 527 25 391 914 925 
stack 93:    414 882 268 28 674 533 267 
stack 94:    604 633 321 930 46 518 820 
stack 95:    923 221 722 598 575 136 537 
stack 96:    430 872 20 684 919 611 599 
stack 97:    111 558 675 22 55 228 819 
stack 98:    623 715 256 27 354 937 351 
stack 99:    440 553 669 44 546 964 577 
stack 100:    532 445 705 915 771 724 62 
stack 101:    697 634 906 614 485 364 35 
stack 102:    37 63 421 926 534 539 215 
stack 103:    122 131 214 301 166 29 89 
stack 104:    804 375 311 415 369 773 124 
stack 105:    643 489 461 271 355 227 609 
stack 106:    371 783 589 140 602 74 58 
stack 107:    903 778 305 266 257 130 887 
stack 108:    325 891 726 67 958 343 682 
stack 109:    87 671 563 644 787 974 945 
stack 110:    220 357 916 547 719 381 253 
stack 111:    290 659 698 398 245 97 913 
stack 112:    70 454 49 47 640 141 69 
stack 113:    88 596 775 576 551 465 568 
stack 114:    222 436 668 683 178 410 303 
stack 115:    75 826 711 900 631 383 909 
stack 116:    980 487 708 133 696 552 168 
stack 117:    678 772 42 859 395 754 725 
stack 118:    283 555 734 763 197 956 318 
stack 119:    827 601 759 977 735 319 637 
stack 120:    954 645 429 934 495 864 76 
stack 121:    562 578 443 425 233 997 707 
stack 122:    428 407 550 447 138 339 704 
stack 123:    129 418 242 211 118 646 246 
stack 124:    392 459 749 793 950 842 685 
stack 125:    52 861 56 71 942 264 592 
stack 126:    262 438 638 972 556 187 689 
stack 127:    557 911 814 306 818 983 470 
stack 128:    970 239 838 702 941 700 902 
stack 129:    399 173 226 839 989 263 471 
stack 130:    481 237 803 627 988 895 437 
stack 131:    278 897 947 990 843 681 274 
stack 132:    320 879 870 346 745 857 85 
stack 133:    933 258 275 782 155 151 863 
stack 134:    310 663 374 144 366 466 593 
stack 135:    327 743 860 309 968 639 792 
stack 136:    791 379 217 662 372 594 801 
stack 137:    132 82 738 975 110 769 751 
stack 138:    774 116 981 452 147 295 756 
stack 139:    959 396 651 213 853 102 747 
stack 140:    113 587 359 417 350 687 163 
stack 141:    622 212 996 241 368 755 629 
stack 142:    405 845 121 788 293 874 816 
stack 143:    490 742 340 621 961 393 855 
stack 144:    236 955 770 390 286 998 732 
stack 145:    341 649 397 86 316 753 924 
stack 146:    162 881 460 957 806 335 388 
stack 147:    632 247 442 927 176 448 588 
stack 148:    652 387 142 476 161 766 952 
stack 149:    337 127 943 960 254 848 812 
stack 150:    939 125 585 269 107 282 455 
