lower bound for relaxed s_ij: 1291110.32

#####################################################

solved with: SP.mip_formulations.BinPackingFormulation
time limit: 1800.0 s
time to solve: 1828,41 s (time limit exceeded)
objective value: 1301621.27 (not optimal)

stacks (top to bottom):
stack 0:    16 15 6 0 21 502 
stack 1:    18 11 500 19 1 2 8 
stack 2:    3 20 534 524 13 527 34 
stack 3:    26 14 12 37 35 4 504 
stack 4:    30 46 36 27 50 44 9 
stack 5:    511 51 40 506 10 29 39 
stack 6:    32 22 17 53 45 7 514 
stack 7:    59 501 63 48 24 43 81 
stack 8:    510 70 65 55 31 68 73 
stack 9:    56 75 58 67 54 42 47 
stack 10:    64 82 66 79 93 69 62 
stack 11:    512 83 72 61 52 77 78 
stack 12:    127 111 518 80 74 128 101 
stack 13:    92 97 87 76 99 90 86 
stack 14:    95 110 107 91 505 89 98 
stack 15:    96 105 103 94 85 104 116 
stack 16:    118 519 115 122 121 100 108 
stack 17:    536 114 113 532 529 119 126 
stack 18:    124 134 503 132 117 131 112 
stack 19:    129 141 144 136 522 137 148 
stack 20:    517 164 169 120 139 162 133 
stack 21:    184 130 170 550 537 140 190 
stack 22:    166 172 201 197 173 535 142 
stack 23:    146 159 143 155 154 152 151 
stack 24:    177 163 160 168 157 171 161 
stack 25:    202 187 147 149 179 176 174 
stack 26:    192 183 156 165 193 185 626 
stack 27:    205 153 635 208 711 597 566 
stack 28:    191 167 198 200 178 175 189 
stack 29:    188 220 180 181 217 211 210 
stack 30:    218 214 199 158 204 194 196 
stack 31:    216 215 207 245 206 239 229 
stack 32:    209 588 222 213 251 581 243 
stack 33:    228 250 235 226 219 244 552 
stack 34:    249 240 241 237 598 528 232 
stack 35:    256 242 221 286 281 655 260 
stack 36:    253 224 258 246 255 509 254 
stack 37:    247 238 296 267 680 648 599 
stack 38:    331 234 321 320 306 660 672 
stack 39:    265 257 259 544 273 272 248 
stack 40:    290 274 269 266 276 283 271 
stack 41:    300 270 298 284 262 303 302 
stack 42:    806 288 264 304 313 292 563 
stack 43:    285 280 278 277 287 291 314 
stack 44:    308 299 297 311 310 293 309 
stack 45:    307 316 315 305 301 322 328 
stack 46:    617 335 334 332 312 329 327 
stack 47:    583 319 326 325 337 333 336 
stack 48:    584 279 349 330 353 350 344 
stack 49:    807 801 362 324 342 356 769 
stack 50:    605 374 367 363 359 339 341 
stack 51:    370 360 347 358 343 379 348 
stack 52:    366 386 383 372 351 355 364 
stack 53:    720 369 371 361 378 385 382 
stack 54:    624 389 390 352 401 394 388 
stack 55:    579 400 380 365 354 398 714 
stack 56:    387 375 411 377 393 410 376 
stack 57:    551 408 399 373 406 391 407 
stack 58:    415 426 425 418 403 381 423 
stack 59:    420 419 395 446 585 453 440 
stack 60:    560 443 416 392 404 397 435 
stack 61:    561 467 421 417 468 475 472 
stack 62:    441 413 436 430 428 427 429 
stack 63:    462 422 463 448 437 409 414 
stack 64:    450 454 445 434 438 431 455 
stack 65:    432 473 464 489 484 447 442 
stack 66:    479 451 465 433 461 459 449 
stack 67:    485 477 444 466 458 457 488 
stack 68:    487 480 452 493 482 494 565 
stack 69:    770 746 557 559 541 483 460 
stack 70:    735 706 762 495 470 474 702 
stack 71:    604 490 478 481 471 491 476 
stack 72:    669 662 469 486 492 507 496 
stack 73:    639 572 708 498 499 726 659 
stack 74:    587 570 497 515 521 530 526 
stack 75:    619 568 620 580 525 539 508 
stack 76:    540 533 
stack 77:    513 554 543 520 
stack 78:    571 582 
stack 79:    542 564 556 547 549 548 
stack 80:    575 555 
stack 81:    567 558 546 577 576 553 5 
stack 82:    618 562 612 
stack 83:    596 569 592 591 
stack 84:    574 573 
stack 85:    610 586 578 
stack 86:    595 594 616 615 603 593 601 
stack 87:    609 608 600 590 611 602 589 
stack 88:    607 631 632 614 642 
stack 89:    629 627 628 606 634 
stack 90:    640 625 613 682 668 650 
stack 91:    636 641 653 621 652 644 638 
stack 92:    630 645 633 622 649 623 
stack 93:    516 665 663 657 656 654 637 
stack 94:    647 658 643 661 
stack 95:    677 676 679 666 670 651 691 
stack 96:    697 667 664 704 646 698 
stack 97:    687 678 690 683 671 684 
stack 98:    692 699 674 710 705 703 
stack 99:    685 673 675 707 700 693 
stack 100:    686 701 724 722 695 717 523 
stack 101:    740 681 730 696 23 
stack 102:    727 688 709 716 25 
stack 103:    729 713 723 718 715 712 689 
stack 104:    28 743 719 739 736 744 747 
stack 105:    748 694 745 738 749 737 751 
stack 106:    732 728 757 725 760 731 
stack 107:    531 750 742 789 777 766 733 
stack 108:    761 763 782 776 754 775 
stack 109:    780 721 809 803 778 545 33 
stack 110:    764 755 759 758 752 734 38 
stack 111:    783 779 794 774 741 753 
stack 112:    817 799 787 791 788 756 818 
stack 113:    820 831 765 808 795 798 854 
stack 114:    538 797 792 772 781 768 767 
stack 115:    802 811 796 773 815 790 823 
stack 116:    41 843 826 835 842 837 784 
stack 117:    810 822 816 827 786 785 828 
stack 118:    839 833 824 819 832 821 804 
stack 119:    834 800 813 825 850 840 805 
stack 120:    868 874 897 812 853 862 
stack 121:    871 864 851 830 846 814 859 
stack 122:    841 863 845 844 849 856 848 
stack 123:    872 870 847 875 881 869 852 
stack 124:    883 887 891 855 880 873 888 
stack 125:    867 884 889 865 836 885 892 
stack 126:    902 909 904 893 886 857 901 
stack 127:    911 895 903 890 838 898 876 
stack 128:    899 915 861 920 919 894 882 
stack 129:    918 914 908 905 932 858 925 
stack 130:    916 917 910 878 877 926 923 
stack 131:    912 924 866 930 900 935 939 
stack 132:    946 934 929 933 931 922 896 
stack 133:    958 937 956 949 953 879 951 
stack 134:    940 944 957 943 927 938 907 
stack 135:    947 961 942 906 955 962 948 
stack 136:    971 860 965 829 913 996 978 
stack 137:    975 964 963 936 970 950 969 
stack 138:    793 967 921 993 977 49 771 
stack 139:    960 973 941 972 968 952 928 
stack 140:    974 979 989 959 945 981 985 
stack 141:    998 976 954 982 991 456 396 
stack 142:    984 992 983 980 995 988 997 
stack 143:    405 384 345 402 986 966 295 
stack 144:    338 318 261 990 999 994 987 
stack 145:    346 268 424 252 439 412 317 
stack 146:    323 282 357 340 230 368 289 
stack 147:    71 294 233 227 275 263 186 
stack 148:    236 60 231 123 225 223 212 
stack 149:    145 125 102 57 182 195 203 
stack 150:    150 88 135 106 84 109 138 

#####################################################

solved with: SP.constructive_heuristics.GeneralHeuristic
time limit: 1800.0 s
time to solve: 0,02 s
objective value: 1332844.82

stacks (top to bottom):
stack 0:    944 107 670 906 935 382 86 
stack 1:    770 360 557 432 855 429 212 
stack 2:    346 187 765 552 453 211 585 
stack 3:    860 415 285 14 371 19 803 
stack 4:    256 733 836 529 2 597 598 
stack 5:    64 645 332 219 196 574 379 
stack 6:    450 916 134 725 688 884 716 
stack 7:    274 82 94 326 718 654 154 
stack 8:    560 441 616 406 684 293 328 
stack 9:    57 686 383 266 710 47 189 
stack 10:    323 420 627 895 298 13 295 
stack 11:    706 102 841 218 445 334 582 
stack 12:    677 183 511 277 390 113 193 
stack 13:    551 665 451 381 556 995 696 
stack 14:    864 368 621 858 825 577 232 
stack 15:    934 891 248 898 873 336 396 
stack 16:    111 518 723 795 410 229 693 
stack 17:    478 636 964 832 508 952 407 
stack 18:    384 153 562 452 380 537 223 
stack 19:    26 65 865 458 821 272 747 
stack 20:    340 870 727 938 942 260 8 
stack 21:    247 474 613 333 785 174 648 
stack 22:    166 80 131 879 776 953 423 
stack 23:    71 561 51 732 421 55 385 
stack 24:    96 503 839 657 816 300 491 
stack 25:    41 257 742 416 315 501 985 
stack 26:    617 937 18 918 984 588 838 
stack 27:    639 463 510 434 661 440 283 
stack 28:    817 609 170 349 739 741 714 
stack 29:    787 147 788 541 808 978 271 
stack 30:    30 867 914 905 542 524 547 
stack 31:    536 242 414 397 185 472 655 
stack 32:    22 17 674 581 104 660 771 
stack 33:    947 608 347 32 483 569 460 
stack 34:    233 227 513 915 641 329 970 
stack 35:    620 403 797 444 214 44 591 
stack 36:    231 998 335 164 377 262 303 
stack 37:    249 826 354 948 502 939 869 
stack 38:    177 146 70 304 286 482 49 
stack 39:    268 743 465 287 255 152 526 
stack 40:    352 709 401 813 297 507 364 
stack 41:    103 949 141 909 359 447 576 
stack 42:    479 375 427 699 752 504 108 
stack 43:    624 402 251 980 689 50 823 
stack 44:    720 234 74 904 267 302 38 
stack 45:    60 843 697 546 91 936 606 
stack 46:    793 631 240 773 68 885 892 
stack 47:    290 596 929 238 831 926 901 
stack 48:    974 683 887 622 155 161 991 
stack 49:    663 72 199 132 903 759 717 
stack 50:    872 278 409 63 461 603 33 
stack 51:    604 750 269 355 505 301 151 
stack 52:    145 419 128 9 650 100 210 
stack 53:    762 584 519 738 649 4 388 
stack 54:    490 594 851 31 168 356 601 
stack 55:    883 664 500 213 117 144 442 
stack 56:    150 960 721 912 666 119 309 
stack 57:    647 443 989 673 963 322 703 
stack 58:    481 835 156 110 768 544 435 
stack 59:    956 976 745 284 763 320 142 
stack 60:    236 6 924 398 475 208 698 
stack 61:    719 911 712 393 276 859 726 
stack 62:    405 265 192 417 543 292 925 
stack 63:    801 374 715 120 578 969 565 
stack 64:    946 56 413 822 296 376 133 
stack 65:    387 127 761 489 749 804 494 
stack 66:    261 220 343 7 34 496 175 
stack 67:    448 972 819 920 305 644 634 
stack 68:    676 159 369 48 930 642 98 
stack 69:    487 871 422 679 313 651 635 
stack 70:    462 555 731 43 778 190 109 
stack 71:    512 105 755 58 245 378 431 
stack 72:    579 908 425 325 339 637 69 
stack 73:    124 845 158 270 498 658 877 
stack 74:    75 792 330 736 464 391 90 
stack 75:    802 367 694 623 459 814 888 
stack 76:    246 748 197 886 744 993 254 
stack 77:    118 188 783 973 428 514 798 
stack 78:    437 280 757 191 181 12 29 
stack 79:    940 114 237 646 852 123 195 
stack 80:    630 820 470 395 549 951 121 
stack 81:    275 558 476 615 700 880 457 
stack 82:    88 690 430 61 27 610 981 
stack 83:    607 165 907 875 790 711 314 
stack 84:    424 625 692 897 559 737 523 
stack 85:    426 228 968 37 772 910 894 
stack 86:    125 95 837 312 781 628 945 
stack 87:    205 587 135 106 834 264 342 
stack 88:    184 667 83 477 919 722 767 
stack 89:    580 824 863 827 122 876 818 
stack 90:    357 687 202 3 85 589 857 
stack 91:    372 595 167 530 758 455 239 
stack 92:    531 662 258 890 411 79 348 
stack 93:    15 308 433 675 492 734 310 
stack 94:    829 572 921 756 812 62 592 
stack 95:    927 861 259 632 532 982 5 
stack 96:    538 568 516 517 614 955 138 
stack 97:    466 774 539 638 586 950 840 
stack 98:    629 54 992 173 848 321 730 
stack 99:    216 40 480 777 959 217 112 
stack 100:    230 794 250 600 204 695 769 
stack 101:    186 728 866 520 847 291 39 
stack 102:    92 392 571 78 854 116 317 
stack 103:    224 704 707 1 680 672 289 
stack 104:    902 874 172 129 791 896 243 
stack 105:    713 194 66 499 306 782 162 
stack 106:    319 363 115 540 126 25 545 
stack 107:    990 163 943 796 143 24 176 
stack 108:    485 868 209 917 201 473 528 
stack 109:    780 366 467 691 962 488 203 
stack 110:    182 708 454 418 279 922 344 
stack 111:    506 889 932 394 509 178 652 
stack 112:    87 994 515 550 987 828 751 
stack 113:    370 967 484 602 753 139 775 
stack 114:    800 160 0 784 900 881 563 
stack 115:    497 11 408 941 671 53 101 
stack 116:    583 130 799 358 913 148 23 
stack 117:    282 345 958 222 786 928 522 
stack 118:    570 957 701 842 76 198 206 
stack 119:    16 307 469 789 653 486 179 
stack 120:    590 36 573 446 548 45 856 
stack 121:    640 983 849 149 682 668 977 
stack 122:    961 389 979 554 525 77 553 
stack 123:    810 221 365 157 760 468 954 
stack 124:    735 899 830 10 241 281 493 
stack 125:    833 564 986 966 611 337 42 
stack 126:    252 412 807 180 373 353 136 
stack 127:    46 235 35 351 533 273 73 
stack 128:    318 605 215 299 766 882 643 
stack 129:    28 999 386 362 97 404 815 
stack 130:    965 633 169 93 527 853 996 
stack 131:    746 495 740 681 599 659 225 
stack 132:    619 844 67 933 449 137 805 
stack 133:    288 400 21 341 84 456 862 
stack 134:    618 685 846 207 471 438 850 
stack 135:    806 399 436 729 89 200 923 
stack 136:    294 811 316 361 724 593 171 
stack 137:    59 20 226 52 535 893 702 
stack 138:    669 253 656 534 931 754 350 
stack 139:    971 331 705 
stack 140:    338 439 779 521 878 626 81 
stack 141:    975 764 567 99 311 997 
stack 142:    263 324 612 566 809 
stack 143:    575 140 
stack 144:    678 988 
stack 145:    244 
stack 146:    327 
stack 147:    
stack 148:    
stack 149:    
stack 150:    
