solved with: SP.deprecated.TabuSearch
time limit: 1800.0 s
time to solve: 566,38 s
objective value: 1291117.56

stacks (top to bottom):
stack 0:    
stack 1:    0 1 
stack 2:    502 
stack 3:    3 
stack 4:    504 4 
stack 5:    376 521 290 138 541 5 480 
stack 6:    421 13 10 867 438 215 6 
stack 7:    935 414 19 14 94 912 855 
stack 8:    60 510 622 20 8 705 28 
stack 9:    12 509 70 423 864 86 514 
stack 10:    941 525 492 193 931 978 529 
stack 11:    981 479 584 807 236 458 560 
stack 12:    928 16 398 62 524 886 34 
stack 13:    271 125 439 516 823 710 257 
stack 14:    845 536 966 911 100 240 990 
stack 15:    784 872 260 435 578 831 891 
stack 16:    818 535 17 250 490 249 983 
stack 17:    581 859 263 83 742 960 812 
stack 18:    542 634 445 795 709 916 533 
stack 19:    815 418 972 25 494 328 113 
stack 20:    112 802 241 359 930 486 893 
stack 21:    523 65 750 30 310 777 949 
stack 22:    992 549 776 526 913 38 27 
stack 23:    392 675 89 23 904 415 456 
stack 24:    915 177 203 412 220 736 743 
stack 25:    955 745 640 68 471 985 198 
stack 26:    744 608 134 358 591 593 101 
stack 27:    424 798 614 531 543 231 450 
stack 28:    835 961 626 890 786 545 164 
stack 29:    711 483 678 139 794 691 959 
stack 30:    575 609 179 183 377 926 914 
stack 31:    923 50 275 437 174 544 334 
stack 32:    702 323 597 453 811 950 499 
stack 33:    775 45 574 234 685 858 33 
stack 34:    326 953 488 430 888 460 434 
stack 35:    975 391 697 157 771 759 901 
stack 36:    39 929 498 84 971 570 951 
stack 37:    841 558 268 940 478 553 454 
stack 38:    703 208 862 716 724 446 253 
stack 39:    118 879 166 920 688 270 838 
stack 40:    982 822 588 380 874 137 996 
stack 41:    800 180 281 353 600 88 105 
stack 42:    455 495 96 444 945 258 648 
stack 43:    340 413 968 428 550 459 607 
stack 44:    368 365 984 346 662 382 91 
stack 45:    280 390 343 389 559 595 647 
stack 46:    615 827 655 863 722 695 887 
stack 47:    808 261 312 876 210 734 419 
stack 48:    932 159 348 405 244 819 947 
stack 49:    667 195 154 557 781 948 869 
stack 50:    344 623 379 169 173 313 651 
stack 51:    601 200 274 850 214 618 447 
stack 52:    111 92 131 976 844 979 394 
stack 53:    646 115 770 190 765 962 399 
stack 54:    641 151 132 658 393 761 894 
stack 55:    889 93 732 202 556 367 170 
stack 56:    922 956 729 361 980 411 85 
stack 57:    408 223 797 989 878 81 247 
stack 58:    425 690 61 740 708 944 636 
stack 59:    298 254 364 461 429 721 178 
stack 60:    877 167 306 123 76 141 670 
stack 61:    133 117 686 381 386 566 333 
stack 62:    674 160 967 700 427 628 629 
stack 63:    952 242 145 649 462 739 315 
stack 64:    285 82 645 735 127 496 77 
stack 65:    122 369 248 307 187 416 857 
stack 66:    919 305 206 840 218 147 589 
stack 67:    717 383 387 246 590 335 792 
stack 68:    906 937 318 737 897 773 774 
stack 69:    612 884 826 75 579 311 631 
stack 70:    463 933 404 789 303 485 821 
stack 71:    633 796 620 712 938 573 848 
stack 72:    793 606 317 156 211 245 322 
stack 73:    580 308 694 79 847 617 809 
stack 74:    630 197 801 106 582 360 185 
stack 75:    779 644 687 370 638 457 652 
stack 76:    500 
stack 77:    501 
stack 78:    503 2 
stack 79:    
stack 80:    7 161 676 
stack 81:    222 508 885 671 505 120 507 
stack 82:    511 830 519 506 917 128 586 
stack 83:    9 527 871 512 755 803 515 
stack 84:    993 837 262 522 11 431 29 
stack 85:    565 162 272 749 785 366 546 
stack 86:    126 49 24 182 452 142 52 
stack 87:    32 760 396 602 568 528 637 
stack 88:    90 733 571 908 513 201 538 
stack 89:    592 569 520 998 26 330 15 
stack 90:    870 373 22 517 140 714 192 
stack 91:    741 432 909 865 934 824 902 
stack 92:    300 555 991 400 110 632 410 
stack 93:    72 627 35 146 518 233 18 
stack 94:    196 576 255 259 163 868 625 
stack 95:    619 692 422 297 209 782 316 
stack 96:    53 810 468 296 669 21 701 
stack 97:    791 469 654 532 472 150 42 
stack 98:    598 881 679 665 116 547 537 
stack 99:    148 875 684 51 144 37 659 
stack 100:    778 896 136 277 336 907 921 
stack 101:    378 918 753 954 227 530 232 
stack 102:    59 539 31 806 41 338 583 
stack 103:    43 497 351 748 817 324 302 
stack 104:    693 345 696 936 69 352 946 
stack 105:    426 805 715 36 108 587 997 
stack 106:    683 988 186 384 470 635 728 
stack 107:    849 355 153 964 102 264 395 
stack 108:    229 764 577 175 534 451 158 
stack 109:    47 473 973 304 758 663 895 
stack 110:    228 80 613 273 661 135 861 
stack 111:    350 48 221 656 660 251 899 
stack 112:    752 718 610 672 420 385 401 
stack 113:    219 165 44 965 40 409 98 
stack 114:    723 349 540 342 548 903 362 
stack 115:    681 767 155 325 832 267 666 
stack 116:    194 551 266 73 605 331 769 
stack 117:    207 406 320 563 54 443 562 
stack 118:    56 225 301 763 402 820 417 
stack 119:    924 974 756 74 46 294 698 
stack 120:    866 314 279 624 57 487 243 
stack 121:    727 347 97 95 212 599 442 
stack 122:    449 860 99 970 564 900 747 
stack 123:    999 103 477 799 239 474 680 
stack 124:    726 216 969 939 107 224 880 
stack 125:    407 87 873 433 66 561 780 
stack 126:    664 71 493 825 604 977 554 
stack 127:    839 751 783 321 552 707 388 
stack 128:    374 191 176 252 738 58 814 
stack 129:    957 121 292 813 639 673 766 
stack 130:    278 129 910 104 842 883 657 
stack 131:    851 986 119 481 299 269 55 
stack 132:    371 482 927 843 124 804 291 
stack 133:    205 181 719 994 713 282 172 
stack 134:    852 892 856 621 287 327 995 
stack 135:    372 63 189 828 448 730 356 
stack 136:    467 357 746 816 489 109 339 
stack 137:    788 293 706 567 882 853 790 
stack 138:    616 309 64 184 942 149 199 
stack 139:    265 650 289 603 731 464 846 
stack 140:    720 213 188 943 284 491 332 
stack 141:    585 677 204 237 441 168 642 
stack 142:    375 762 440 699 594 465 67 
stack 143:    403 235 397 834 596 854 256 
stack 144:    572 643 787 341 238 276 466 
stack 145:    772 704 905 757 768 476 230 
stack 146:    78 682 829 288 114 363 226 
stack 147:    653 337 319 611 329 987 725 
stack 148:    286 354 963 754 171 283 898 
stack 149:    130 689 484 833 958 436 152 
stack 150:    836 475 217 295 143 925 668 

#####################################################

solved with: SP.post_optimization_methods.HillClimbing
time limit: 1800.0 s
time to solve: 510,21 s
objective value: 1291117.56

stacks (top to bottom):
stack 0:    
stack 1:    0 1 
stack 2:    502 
stack 3:    3 
stack 4:    504 4 
stack 5:    521 984 548 138 460 5 814 
stack 6:    421 870 970 807 560 6 450 
stack 7:    935 16 864 11 136 699 691 
stack 8:    9 510 141 66 8 599 673 
stack 9:    413 140 23 931 514 735 15 
stack 10:    374 760 22 839 602 568 561 
stack 11:    972 723 20 873 14 780 18 
stack 12:    756 274 182 37 302 948 668 
stack 13:    273 69 876 636 587 533 394 
stack 14:    525 180 437 940 731 329 939 
stack 15:    260 536 517 740 967 914 747 
stack 16:    278 43 827 295 218 29 647 
stack 17:    31 746 526 440 27 771 113 
stack 18:    924 222 694 863 127 486 950 
stack 19:    424 92 385 26 926 983 855 
stack 20:    779 126 837 597 713 447 901 
stack 21:    581 452 708 579 355 494 528 
stack 22:    777 166 405 244 41 698 256 
stack 23:    61 97 495 498 81 790 769 
stack 24:    535 71 30 630 193 824 586 
stack 25:    778 381 684 220 247 648 809 
stack 26:    309 477 259 227 474 632 593 
stack 27:    39 418 72 715 361 543 417 
stack 28:    955 608 576 840 377 883 812 
stack 29:    391 301 402 149 143 553 356 
stack 30:    674 689 532 729 445 557 607 
stack 31:    549 654 195 96 174 666 33 
stack 32:    720 677 216 823 470 759 544 
stack 33:    793 430 653 804 825 660 589 
stack 34:    829 706 655 874 712 360 546 
stack 35:    219 376 49 255 584 763 624 
stack 36:    968 200 428 672 783 550 226 
stack 37:    479 196 163 943 332 925 410 
stack 38:    941 679 221 721 429 858 725 
stack 39:    83 439 762 492 552 100 366 
stack 40:    885 650 982 567 358 299 395 
stack 41:    727 551 786 441 150 436 164 
stack 42:    369 275 131 785 709 297 556 
stack 43:    449 225 184 942 217 631 949 
stack 44:    818 263 671 359 989 803 446 
stack 45:    129 64 900 104 305 842 57 
stack 46:    772 407 758 142 328 422 476 
stack 47:    975 892 797 998 192 595 172 
stack 48:    271 159 697 75 692 82 637 
stack 49:    616 658 438 370 695 257 895 
stack 50:    845 918 619 106 51 944 330 
stack 51:    877 640 68 279 960 198 921 
stack 52:    169 398 397 202 453 178 893 
stack 53:    298 349 737 705 676 583 701 
stack 54:    191 371 408 606 176 58 267 
stack 55:    569 973 254 980 743 757 253 
stack 56:    320 261 270 246 335 854 465 
stack 57:    664 238 817 781 996 91 88 
stack 58:    871 414 957 749 700 628 316 
stack 59:    613 265 306 881 348 154 313 
stack 60:    693 661 994 189 853 153 707 
stack 61:    750 563 828 161 831 448 79 
stack 62:    815 162 884 620 687 789 283 
stack 63:    122 368 623 738 287 626 844 
stack 64:    432 865 856 462 813 224 662 
stack 65:    65 347 268 145 795 670 651 
stack 66:    493 237 318 622 819 120 382 
stack 67:    682 341 796 748 862 491 618 
stack 68:    344 205 197 76 971 977 105 
stack 69:    293 932 936 833 457 663 728 
stack 70:    913 157 383 451 916 656 792 
stack 71:    787 314 112 135 89 380 766 
stack 72:    179 99 974 761 904 657 730 
stack 73:    426 475 799 625 481 232 894 
stack 74:    151 132 458 206 119 456 185 
stack 75:    290 307 773 416 94 857 880 
stack 76:    500 
stack 77:    501 
stack 78:    503 2 
stack 79:    
stack 80:    542 505 28 
stack 81:    634 488 173 611 168 506 617 
stack 82:    512 375 519 38 7 810 507 
stack 83:    508 160 696 393 35 905 518 
stack 84:    12 509 400 520 868 431 411 
stack 85:    933 484 19 524 73 442 899 
stack 86:    511 527 13 10 46 515 848 
stack 87:    47 937 25 513 908 466 245 
stack 88:    719 726 716 303 282 291 243 
stack 89:    463 280 354 74 522 485 768 
stack 90:    523 455 17 84 186 537 591 
stack 91:    181 934 516 390 21 209 990 
stack 92:    923 208 734 334 930 233 652 
stack 93:    285 929 830 423 308 794 427 
stack 94:    130 802 875 582 736 389 333 
stack 95:    60 289 215 336 559 77 529 
stack 96:    598 228 849 610 93 826 538 
stack 97:    337 87 965 258 570 545 40 
stack 98:    572 601 373 24 86 478 947 
stack 99:    540 45 482 325 387 596 158 
stack 100:    565 615 791 798 146 724 978 
stack 101:    207 753 954 680 530 415 249 
stack 102:    365 95 717 496 531 710 338 
stack 103:    867 966 183 882 645 489 137 
stack 104:    927 571 685 266 782 331 67 
stack 105:    752 784 118 963 419 642 774 
stack 106:    686 836 497 304 566 101 55 
stack 107:    703 665 296 886 890 987 34 
stack 108:    59 32 956 48 534 590 912 
stack 109:    711 117 915 420 324 52 891 
stack 110:    585 539 62 204 171 688 175 
stack 111:    953 36 115 235 770 468 898 
stack 112:    859 125 392 50 487 869 339 
stack 113:    800 667 248 242 541 903 362 
stack 114:    922 194 252 281 843 124 187 
stack 115:    326 44 888 434 838 98 42 
stack 116:    764 621 897 190 669 109 231 
stack 117:    592 223 469 938 240 959 230 
stack 118:    345 379 767 317 342 945 554 
stack 119:    167 993 213 872 188 214 199 
stack 120:    860 133 351 675 139 850 714 
stack 121:    852 123 53 277 911 946 964 
stack 122:    644 910 986 471 985 388 322 
stack 123:    988 678 241 547 821 594 480 
stack 124:    999 609 203 638 573 276 409 
stack 125:    574 319 961 739 962 604 152 
stack 126:    808 108 472 54 917 464 107 
stack 127:    90 909 776 461 315 562 600 
stack 128:    981 991 555 56 564 110 85 
stack 129:    992 690 310 969 765 346 976 
stack 130:    822 116 114 755 907 847 995 
stack 131:    80 841 906 851 490 820 102 
stack 132:    372 866 643 177 384 635 997 
stack 133:    165 406 741 732 121 352 629 
stack 134:    641 467 558 250 614 754 887 
stack 135:    403 210 292 433 639 399 846 
stack 136:    70 148 580 262 751 321 816 
stack 137:    733 835 952 156 234 649 155 
stack 138:    300 745 239 236 147 269 264 
stack 139:    646 286 404 364 63 834 443 
stack 140:    378 919 357 958 128 979 951 
stack 141:    681 473 272 920 832 201 251 
stack 142:    78 702 323 412 353 811 499 
stack 143:    612 633 111 229 627 311 454 
stack 144:    788 386 742 288 801 401 878 
stack 145:    103 718 889 704 363 294 170 
stack 146:    575 744 340 284 134 861 659 
stack 147:    805 879 312 444 577 211 605 
stack 148:    350 806 775 603 212 327 902 
stack 149:    683 396 896 588 144 459 367 
stack 150:    928 425 483 435 343 722 578 
