lower bound for relaxed s_ij: 1291105.44

#####################################################

solved with: SP.mip_formulations.BinPackingFormulation
time limit: 1800.0 s
time to solve: 1828,83 s (time limit exceeded)
objective value: 1302447.87 (not optimal)

stacks (top to bottom):
stack 0:    4 5 17 13 505 0 1 
stack 1:    514 512 18 16 12 500 2 
stack 2:    19 8 34 3 29 14 503 
stack 3:    28 7 27 32 9 20 33 
stack 4:    510 10 511 93 51 73 65 
stack 5:    25 52 45 44 31 41 21 
stack 6:    38 40 11 39 37 22 35 
stack 7:    57 53 54 508 15 46 49 
stack 8:    59 67 56 48 26 42 43 
stack 9:    36 83 78 82 63 58 79 
stack 10:    61 60 70 69 66 50 90 
stack 11:    64 88 87 74 96 81 91 
stack 12:    92 75 103 100 502 94 76 
stack 13:    506 80 102 86 77 501 98 
stack 14:    111 72 85 95 62 110 106 
stack 15:    139 136 525 121 89 532 137 
stack 16:    112 119 115 101 124 117 99 
stack 17:    116 107 128 118 84 528 519 
stack 18:    122 135 127 97 516 130 143 
stack 19:    147 126 120 132 114 105 134 
stack 20:    133 148 509 154 113 513 131 
stack 21:    149 144 155 151 146 531 145 
stack 22:    629 123 181 129 175 174 167 
stack 23:    156 163 171 169 183 157 162 
stack 24:    158 166 178 517 168 165 177 
stack 25:    170 159 188 180 164 184 176 
stack 26:    172 507 196 193 186 518 199 
stack 27:    191 192 173 189 200 185 195 
stack 28:    520 210 205 187 217 182 202 
stack 29:    198 220 204 197 614 592 588 
stack 30:    225 224 179 214 522 203 201 
stack 31:    208 230 216 207 221 524 227 
stack 32:    239 245 233 209 523 238 240 
stack 33:    222 261 244 526 215 243 237 
stack 34:    256 252 223 288 235 291 537 
stack 35:    307 226 312 309 311 211 317 
stack 36:    259 267 260 236 234 251 266 
stack 37:    218 315 293 304 301 284 562 
stack 38:    258 249 241 232 250 248 247 
stack 39:    274 246 281 242 287 548 254 
stack 40:    277 269 268 262 263 275 265 
stack 41:    282 286 271 292 527 290 272 
stack 42:    322 253 278 255 321 289 303 
stack 43:    300 296 283 285 279 257 276 
stack 44:    295 316 299 273 323 298 294 
stack 45:    324 330 331 297 313 328 319 
stack 46:    565 342 338 310 326 305 306 
stack 47:    344 314 343 329 335 320 332 
stack 48:    367 318 359 358 336 356 553 
stack 49:    351 327 341 558 369 363 360 
stack 50:    353 385 375 325 333 370 729 
stack 51:    364 337 381 349 379 352 339 
stack 52:    345 361 348 340 365 366 355 
stack 53:    380 377 350 346 372 378 362 
stack 54:    575 401 402 398 347 399 384 
stack 55:    404 431 433 357 582 579 640 
stack 56:    455 371 394 388 396 403 392 
stack 57:    387 373 405 400 423 424 434 
stack 58:    389 376 411 406 413 414 395 
stack 59:    390 420 386 443 442 593 415 
stack 60:    462 382 457 454 410 444 441 
stack 61:    602 428 447 397 439 421 416 
stack 62:    661 451 456 407 409 426 436 
stack 63:    418 448 430 422 459 425 452 
stack 64:    458 461 417 445 438 450 463 
stack 65:    663 435 460 412 473 464 440 
stack 66:    777 775 449 429 471 472 491 
stack 67:    480 635 481 427 468 432 482 
stack 68:    840 788 781 498 495 446 478 
stack 69:    559 465 540 534 820 885 738 
stack 70:    493 494 492 487 467 486 470 
stack 71:    851 783 713 483 475 496 891 
stack 72:    733 709 685 484 488 683 710 
stack 73:    743 689 603 485 497 466 499 
stack 74:    639 504 477 521 476 730 691 
stack 75:    604 613 611 583 539 638 612 
stack 76:    544 541 
stack 77:    563 547 536 561 
stack 78:    555 546 545 533 535 
stack 79:    578 554 515 552 538 
stack 80:    571 574 580 570 576 
stack 81:    551 566 557 560 549 567 
stack 82:    6 584 569 568 572 
stack 83:    596 594 587 564 597 577 
stack 84:    605 589 556 595 591 586 
stack 85:    590 630 623 600 610 573 618 
stack 86:    622 601 581 598 
stack 87:    625 585 642 634 664 
stack 88:    609 608 606 617 
stack 89:    643 636 615 656 674 681 
stack 90:    628 621 626 631 620 599 
stack 91:    654 660 607 647 645 619 
stack 92:    658 624 644 633 662 632 627 
stack 93:    648 641 657 650 637 616 
stack 94:    659 651 669 646 676 
stack 95:    675 688 649 692 700 701 665 
stack 96:    668 679 655 680 678 666 
stack 97:    684 682 652 686 677 
stack 98:    723 667 653 687 
stack 99:    707 673 671 699 706 704 693 
stack 100:    702 708 672 705 697 703 695 
stack 101:    24 23 698 670 719 712 731 
stack 102:    711 728 726 734 725 736 
stack 103:    530 732 690 717 715 739 716 
stack 104:    752 735 694 727 745 721 
stack 105:    30 722 714 744 718 720 741 
stack 106:    765 761 696 762 742 737 756 
stack 107:    740 768 747 759 749 724 764 
stack 108:    776 746 769 751 760 754 
stack 109:    529 748 758 755 750 753 778 
stack 110:    785 810 766 782 
stack 111:    823 757 787 801 790 770 763 
stack 112:    786 784 792 773 779 767 771 
stack 113:    791 799 798 797 804 794 772 
stack 114:    774 806 793 780 803 800 805 
stack 115:    818 817 802 808 796 807 789 
stack 116:    832 829 812 813 816 821 
stack 117:    542 873 869 814 795 833 827 
stack 118:    834 822 838 831 815 824 809 
stack 119:    819 846 844 839 848 835 811 
stack 120:    543 847 855 843 825 841 852 
stack 121:    826 842 890 874 47 
stack 122:    836 837 830 828 854 859 857 
stack 123:    850 845 875 864 861 865 871 
stack 124:    894 853 858 934 903 930 
stack 125:    915 916 856 849 879 
stack 126:    872 877 866 862 860 870 867 
stack 127:    899 893 868 886 882 900 897 
stack 128:    895 881 876 906 888 889 878 
stack 129:    550 914 901 902 896 863 912 
stack 130:    926 923 880 887 883 904 920 
stack 131:    55 942 928 913 908 898 
stack 132:    949 892 968 919 997 998 967 
stack 133:    933 936 929 918 924 907 911 
stack 134:    910 931 941 917 935 921 909 
stack 135:    962 947 940 884 943 970 927 
stack 136:    964 946 944 951 925 932 950 
stack 137:    966 954 965 945 938 958 963 
stack 138:    952 937 990 948 981 
stack 139:    979 973 953 972 969 971 960 
stack 140:    978 975 961 957 956 986 983 
stack 141:    992 974 995 955 
stack 142:    939 393 334 977 993 988 922 
stack 143:    982 976 987 980 996 989 959 
stack 144:    905 419 408 999 985 984 354 
stack 145:    68 489 469 194 991 994 374 
stack 146:    368 270 212 479 490 474 453 
stack 147:    391 383 437 264 229 219 308 
stack 148:    280 213 228 152 302 231 71 
stack 149:    190 160 141 206 161 153 109 
stack 150:    125 140 104 150 142 138 108 

#####################################################

solved with: SP.constructive_heuristics.GeneralHeuristic
time limit: 1800.0 s
time to solve: 0,00 s
objective value: 1335644.52

stacks (top to bottom):
stack 0:    510 623 513 998 820 47 891 
stack 1:    796 189 401 66 46 719 778 
stack 2:    277 380 812 725 22 927 71 
stack 3:    735 56 26 37 754 35 308 
stack 4:    629 156 924 394 13 507 502 
stack 5:    383 709 263 545 531 533 65 
stack 6:    70 862 135 980 187 50 903 
stack 7:    419 814 551 972 459 320 558 
stack 8:    8 64 708 92 314 834 444 
stack 9:    408 832 45 253 178 397 863 
stack 10:    905 543 55 630 311 537 691 
stack 11:    160 990 808 492 806 29 474 
stack 12:    205 520 72 659 494 472 110 
stack 13:    899 225 547 991 298 908 770 
stack 14:    602 316 406 969 234 548 638 
stack 15:    40 652 132 476 171 527 240 
stack 16:    942 541 844 720 789 749 454 
stack 17:    946 966 773 815 276 410 206 
stack 18:    999 324 723 223 252 347 640 
stack 19:    658 364 218 849 857 739 237 
stack 20:    603 722 89 499 73 598 981 
stack 21:    7 273 216 662 326 74 821 
stack 22:    498 795 198 129 656 375 161 
stack 23:    219 104 212 295 38 762 540 
stack 24:    923 16 699 425 526 215 516 
stack 25:    775 224 580 97 846 128 612 
stack 26:    19 166 112 587 724 800 573 
stack 27:    126 484 299 305 717 473 154 
stack 28:    823 621 27 734 417 43 91 
stack 29:    542 625 634 790 175 619 332 
stack 30:    947 111 493 798 509 290 706 
stack 31:    743 668 155 984 121 667 137 
stack 32:    851 239 461 338 728 563 968 
stack 33:    571 371 979 987 670 804 567 
stack 34:    334 139 858 420 948 950 384 
stack 35:    351 799 283 925 986 203 683 
stack 36:    910 690 413 886 438 21 185 
stack 37:    119 866 5 445 882 369 106 
stack 38:    229 481 957 845 673 440 579 
stack 39:    611 933 869 608 932 837 436 
stack 40:    437 75 329 703 372 15 841 
stack 41:    853 361 103 421 637 201 852 
stack 42:    788 575 330 117 920 500 994 
stack 43:    583 714 322 557 671 505 907 
stack 44:    639 376 147 367 318 294 370 
stack 45:    53 412 589 247 352 165 528 
stack 46:    141 10 93 84 511 284 304 
stack 47:    565 31 377 241 81 176 184 
stack 48:    259 164 779 830 157 921 955 
stack 49:    604 752 559 642 898 721 434 
stack 50:    777 449 609 85 471 87 130 
stack 51:    391 781 940 429 810 432 287 
stack 52:    67 36 769 78 244 134 341 
stack 53:    786 286 679 257 69 399 593 
stack 54:    6 158 346 232 889 183 780 
stack 55:    937 435 768 977 544 466 227 
stack 56:    624 345 648 650 441 599 731 
stack 57:    504 873 207 737 620 265 519 
stack 58:    757 446 336 242 174 874 960 
stack 59:    894 60 249 127 107 275 152 
stack 60:    748 34 433 916 457 989 811 
stack 61:    477 230 956 221 335 524 586 
stack 62:    30 872 672 41 482 736 333 
stack 63:    312 750 581 339 597 217 503 
stack 64:    25 685 944 163 917 79 885 
stack 65:    884 274 179 296 349 360 871 
stack 66:    776 515 246 766 358 452 138 
stack 67:    190 829 574 214 809 363 301 
stack 68:    636 120 660 261 566 63 272 
stack 69:    635 428 327 245 39 911 738 
stack 70:    54 340 487 655 965 772 653 
stack 71:    192 631 816 396 568 319 195 
stack 72:    404 475 649 99 366 771 162 
stack 73:    23 270 514 594 647 549 33 
stack 74:    702 390 525 20 591 704 562 
stack 75:    68 791 651 460 258 596 32 
stack 76:    711 342 726 607 236 278 677 
stack 77:    44 953 633 561 62 0 395 
stack 78:    785 512 893 792 82 209 890 
stack 79:    654 48 181 552 501 674 254 
stack 80:    480 268 902 883 100 402 49 
stack 81:    962 140 887 564 285 824 614 
stack 82:    628 876 271 560 715 488 200 
stack 83:    389 80 842 77 281 167 96 
stack 84:    173 856 794 577 199 632 676 
stack 85:    455 926 61 168 759 486 912 
stack 86:    353 992 931 220 478 98 695 
stack 87:    57 536 260 995 306 9 967 
stack 88:    144 101 517 797 848 398 415 
stack 89:    590 83 742 888 464 897 741 
stack 90:    280 149 159 539 450 94 491 
stack 91:    393 818 151 462 381 692 143 
stack 92:    116 309 315 182 959 618 202 
stack 93:    613 880 282 448 616 610 150 
stack 94:    4 605 344 951 954 896 645 
stack 95:    661 570 300 822 95 523 983 
stack 96:    765 11 102 727 86 534 131 
stack 97:    405 970 686 782 321 426 109 
stack 98:    663 975 606 961 233 900 805 
stack 99:    368 530 489 210 468 42 553 
stack 100:    840 418 269 430 666 392 328 
stack 101:    256 170 928 819 439 825 470 
stack 102:    915 913 831 839 601 293 177 
stack 103:    24 985 348 678 576 235 243 
stack 104:    689 982 868 343 378 485 935 
stack 105:    774 901 105 745 325 760 763 
stack 106:    458 644 680 993 867 627 922 
stack 107:    222 746 936 422 114 827 424 
stack 108:    892 465 400 554 729 266 374 
stack 109:    529 698 124 250 365 909 354 
stack 110:    469 550 945 497 145 716 701 
stack 111:    385 941 310 617 906 193 930 
stack 112:    307 133 115 262 248 292 362 
stack 113:    802 136 226 3 386 535 231 
stack 114:    555 976 843 835 582 291 90 
stack 115:    373 28 506 850 359 1 453 
stack 116:    978 387 694 289 251 356 963 
stack 117:    675 914 847 18 414 861 681 
stack 118:    688 641 546 556 700 403 665 
stack 119:    172 751 875 17 186 595 712 
stack 120:    585 833 664 463 588 730 153 
stack 121:    696 974 836 196 828 76 2 
stack 122:    191 483 382 379 996 416 142 
stack 123:    964 194 52 973 467 657 865 
stack 124:    939 761 929 427 411 148 864 
stack 125:    451 732 88 447 705 113 878 
stack 126:    213 783 584 784 860 592 108 
stack 127:    643 59 949 895 813 997 710 
stack 128:    740 208 918 388 793 355 687 
stack 129:    817 146 337 855 807 118 693 
stack 130:    758 357 904 51 646 442 443 
stack 131:    952 684 801 323 197 255 302 
stack 132:    877 718 279 12 522 756 490 
stack 133:    264 578 943 787 615 423 303 
stack 134:    350 838 971 313 859 803 958 
stack 135:    431 407 169 58 854 496 572 
stack 136:    733 495 707 744 697 600 479 
stack 137:    125 826 123 204 
stack 138:    713 622 180 297 14 938 317 
stack 139:    228 122 626 267 767 988 
stack 140:    456 508 669 870 409 934 879 
stack 141:    755 288 764 753 532 
stack 142:    682 881 521 919 
stack 143:    211 
stack 144:    747 569 331 238 518 
stack 145:    188 
stack 146:    
stack 147:    
stack 148:    538 
stack 149:    
stack 150:    
