lower bound for relaxed s_ij: 1291106.62

#####################################################

solved with: SP.mip_formulations.BinPackingFormulation
time limit: 1800.0 s
time to solve: 1812,10 s (time limit exceeded)
objective value: 1300397.14 (not optimal)

stacks (top to bottom):
stack 0:    501 7 1 3 0 12 
stack 1:    6 502 14 5 19 9 2 
stack 2:    46 22 511 500 30 506 10 
stack 3:    24 515 32 48 503 8 35 
stack 4:    505 43 39 50 47 23 34 
stack 5:    41 42 20 16 37 26 15 
stack 6:    62 33 61 49 40 25 17 
stack 7:    68 81 45 59 18 507 508 
stack 8:    510 52 82 58 66 86 67 
stack 9:    38 44 28 101 95 64 36 
stack 10:    80 544 72 85 63 83 51 
stack 11:    76 77 54 57 109 90 119 
stack 12:    99 89 105 55 60 71 70 
stack 13:    118 120 92 103 56 91 513 
stack 14:    100 79 514 78 94 93 96 
stack 15:    107 84 106 88 97 73 65 
stack 16:    152 110 519 74 112 512 121 
stack 17:    102 108 117 532 128 116 115 
stack 18:    133 123 127 125 126 122 111 
stack 19:    138 149 113 518 153 134 156 
stack 20:    159 131 143 137 142 114 130 
stack 21:    141 154 164 150 517 160 144 
stack 22:    184 140 522 162 168 135 158 
stack 23:    182 163 155 151 188 190 148 
stack 24:    145 167 177 170 146 173 174 
stack 25:    165 183 181 185 172 191 166 
stack 26:    161 197 192 187 189 171 193 
stack 27:    208 176 217 215 178 169 526 
stack 28:    175 198 237 75 531 236 27 
stack 29:    200 207 520 196 186 204 210 
stack 30:    201 524 199 180 222 211 213 
stack 31:    194 205 221 243 203 680 220 
stack 32:    548 534 247 231 250 206 241 
stack 33:    593 277 282 195 288 628 265 
stack 34:    235 232 238 218 225 240 228 
stack 35:    216 226 233 224 223 254 255 
stack 36:    252 256 246 244 219 261 258 
stack 37:    234 259 249 263 260 264 251 
stack 38:    284 270 268 229 523 283 267 
stack 39:    740 292 273 289 285 245 305 
stack 40:    290 287 266 291 269 301 279 
stack 41:    257 322 774 720 634 605 281 
stack 42:    320 538 304 294 302 296 271 
stack 43:    340 293 318 299 567 274 339 
stack 44:    297 298 303 308 319 316 272 
stack 45:    354 341 314 262 350 317 351 
stack 46:    334 280 347 295 275 784 635 
stack 47:    352 337 328 329 311 300 353 
stack 48:    309 307 321 313 324 332 327 
stack 49:    568 336 342 335 310 331 343 
stack 50:    355 361 349 372 380 330 608 
stack 51:    630 617 369 377 346 648 365 
stack 52:    371 344 367 356 358 366 348 
stack 53:    362 649 375 392 378 338 374 
stack 54:    637 413 395 384 644 406 360 
stack 55:    408 364 426 425 373 654 387 
stack 56:    388 396 391 370 399 383 381 
stack 57:    404 385 398 422 411 386 419 
stack 58:    403 379 424 400 420 416 429 
stack 59:    805 393 401 423 409 412 407 
stack 60:    769 417 430 427 397 421 831 
stack 61:    431 448 442 405 441 389 553 
stack 62:    472 470 463 394 402 839 860 
stack 63:    696 428 418 453 435 440 768 
stack 64:    434 478 461 439 437 454 603 
stack 65:    447 445 438 476 479 455 482 
stack 66:    475 484 483 436 471 456 464 
stack 67:    449 465 443 489 487 473 466 
stack 68:    462 477 446 485 496 469 495 
stack 69:    566 474 458 497 490 451 493 
stack 70:    738 642 488 494 457 509 766 
stack 71:    755 735 647 573 468 459 760 
stack 72:    767 841 707 565 546 537 481 
stack 73:    698 665 633 616 498 486 499 
stack 74:    632 606 664 641 491 529 607 
stack 75:    598 595 576 525 492 521 579 
stack 76:    530 539 
stack 77:    528 551 527 545 543 552 
stack 78:    547 557 540 560 541 559 
stack 79:    561 550 564 554 
stack 80:    549 535 569 580 504 4 
stack 81:    582 570 581 558 536 
stack 82:    562 585 578 571 584 556 
stack 83:    594 555 577 592 586 590 
stack 84:    575 563 610 
stack 85:    572 596 574 591 587 589 588 
stack 86:    597 619 613 599 600 
stack 87:    626 620 583 636 618 609 602 
stack 88:    11 671 611 601 684 
stack 89:    13 614 627 615 604 
stack 90:    656 643 652 631 623 
stack 91:    612 
stack 92:    622 639 657 646 629 659 
stack 93:    516 638 666 625 624 
stack 94:    668 663 650 662 653 667 669 
stack 95:    687 676 640 692 660 728 
stack 96:    746 750 645 743 712 661 
stack 97:    21 672 670 674 651 673 675 
stack 98:    655 679 678 658 688 681 686 
stack 99:    706 700 694 697 690 677 
stack 100:    713 710 682 691 705 685 
stack 101:    701 689 693 704 703 683 695 
stack 102:    699 753 744 742 736 
stack 103:    711 715 714 702 718 716 708 
stack 104:    724 721 709 723 725 726 717 
stack 105:    745 741 730 722 733 
stack 106:    751 747 734 737 732 749 739 
stack 107:    31 770 731 762 729 
stack 108:    752 719 761 756 727 29 
stack 109:    533 783 754 788 786 764 
stack 110:    748 771 792 777 790 796 
stack 111:    780 779 772 775 759 758 
stack 112:    809 814 808 818 763 782 
stack 113:    789 794 793 787 778 776 765 
stack 114:    810 798 801 807 804 797 813 
stack 115:    806 791 817 800 795 
stack 116:    816 835 825 811 803 821 785 
stack 117:    830 823 815 827 820 824 542 
stack 118:    842 799 819 849 848 838 836 
stack 119:    845 833 812 837 
stack 120:    843 822 829 826 834 840 844 
stack 121:    832 53 866 859 854 846 861 
stack 122:    870 867 864 894 869 850 895 
stack 123:    855 856 851 862 863 847 858 
stack 124:    874 879 876 865 853 873 852 
stack 125:    875 890 887 892 881 886 885 
stack 126:    897 901 882 868 857 884 883 
stack 127:    891 889 871 954 872 941 937 
stack 128:    893 877 933 927 900 936 934 
stack 129:    956 878 898 939 899 953 906 
stack 130:    902 907 919 888 920 905 912 
stack 131:    913 921 915 908 903 914 896 
stack 132:    911 904 909 880 916 918 917 
stack 133:    926 943 923 910 922 928 929 
stack 134:    935 940 946 931 930 925 945 
stack 135:    952 932 951 924 942 948 949 
stack 136:    957 977 955 973 968 944 967 
stack 137:    962 961 964 938 958 965 970 
stack 138:    976 997 781 828 960 757 802 
stack 139:    410 382 979 969 959 947 972 
stack 140:    998 773 621 991 966 981 950 
stack 141:    980 989 974 984 990 988 963 
stack 142:    992 993 975 994 971 995 982 
stack 143:    460 415 452 444 986 978 480 
stack 144:    450 467 139 987 983 368 433 
stack 145:    333 326 376 363 985 996 414 
stack 146:    357 147 345 325 323 315 999 
stack 147:    432 276 212 129 390 359 69 
stack 148:    312 253 242 286 278 248 306 
stack 149:    227 104 209 214 157 132 239 
stack 150:    202 87 230 179 124 98 136 

#####################################################

solved with: SP.constructive_heuristics.GeneralHeuristic
time limit: 1800.0 s
time to solve: 0,00 s
objective value: 1336195.99

stacks (top to bottom):
stack 0:    828 969 107 300 705 774 29 
stack 1:    163 194 52 205 395 350 886 
stack 2:    452 961 511 730 778 331 264 
stack 3:    811 893 891 487 531 12 934 
stack 4:    450 282 50 405 753 929 111 
stack 5:    246 882 42 709 346 90 279 
stack 6:    533 855 200 537 660 602 680 
stack 7:    165 737 324 451 254 554 360 
stack 8:    943 867 501 71 584 675 15 
stack 9:    546 240 455 158 764 214 359 
stack 10:    630 587 834 821 570 263 373 
stack 11:    242 814 442 763 947 507 766 
stack 12:    921 352 568 986 560 968 26 
stack 13:    183 745 92 887 515 704 523 
stack 14:    147 829 624 137 358 589 425 
stack 15:    208 393 564 710 689 801 804 
stack 16:    626 367 180 965 261 283 644 
stack 17:    647 230 578 888 244 703 49 
stack 18:    911 201 625 392 765 356 366 
stack 19:    182 375 679 837 688 322 96 
stack 20:    297 541 983 302 994 739 112 
stack 21:    498 544 457 923 894 144 171 
stack 22:    935 284 46 458 604 25 251 
stack 23:    363 672 79 656 329 396 836 
stack 24:    24 822 519 601 988 466 301 
stack 25:    341 671 364 878 101 64 173 
stack 26:    721 777 683 517 967 895 368 
stack 27:    460 549 922 311 381 237 248 
stack 28:    11 565 273 103 377 784 635 
stack 29:    606 462 779 657 908 170 881 
stack 30:    769 687 880 582 666 636 499 
stack 31:    617 583 999 146 191 873 480 
stack 32:    707 740 289 645 950 394 433 
stack 33:    277 550 293 471 18 944 634 
stack 34:    179 334 627 920 40 109 278 
stack 35:    977 45 615 762 857 586 454 
stack 36:    325 823 992 3 391 742 928 
stack 37:    98 866 638 524 555 525 210 
stack 38:    161 328 483 16 421 265 542 
stack 39:    637 696 820 216 378 19 654 
stack 40:    152 752 594 259 853 712 536 
stack 41:    80 47 959 412 464 178 353 
stack 42:    129 417 825 877 889 692 839 
stack 43:    700 806 55 793 335 151 786 
stack 44:    202 304 502 662 168 708 188 
stack 45:    845 474 427 639 489 800 553 
stack 46:    31 505 770 14 930 610 241 
stack 47:    699 257 206 972 441 380 217 
stack 48:    516 827 88 795 513 419 970 
stack 49:    320 56 990 74 166 114 2 
stack 50:    87 159 783 640 308 579 69 
stack 51:    410 104 445 274 824 995 861 
stack 52:    751 342 574 903 287 673 529 
stack 53:    510 298 490 384 10 174 67 
stack 54:    902 124 290 309 714 963 883 
stack 55:    642 575 43 748 84 650 115 
stack 56:    376 270 780 176 685 286 844 
stack 57:    771 456 485 486 925 869 390 
stack 58:    382 349 223 420 9 717 86 
stack 59:    333 952 808 102 288 608 858 
stack 60:    563 818 63 623 108 295 132 
stack 61:    472 38 835 207 933 319 847 
stack 62:    842 956 611 260 437 148 119 
stack 63:    997 830 534 344 418 82 305 
stack 64:    904 643 423 61 409 476 5 
stack 65:    197 422 530 492 620 222 686 
stack 66:    957 118 307 162 669 605 504 
stack 67:    746 890 7 940 106 946 796 
stack 68:    44 143 750 36 481 272 785 
stack 69:    127 443 819 629 892 211 229 
stack 70:    711 430 942 697 310 503 521 
stack 71:    874 404 664 924 787 938 840 
stack 72:    13 209 538 854 846 215 236 
stack 73:    494 509 23 459 569 559 370 
stack 74:    256 465 54 48 899 91 142 
stack 75:    595 428 294 330 631 383 757 
stack 76:    41 313 591 817 218 896 317 
stack 77:    253 444 706 268 266 57 402 
stack 78:    226 435 73 97 255 695 495 
stack 79:    403 125 271 653 219 949 440 
stack 80:    184 488 859 51 164 59 905 
stack 81:    773 528 551 715 238 190 600 
stack 82:    767 276 110 245 262 348 860 
stack 83:    816 408 803 463 872 558 885 
stack 84:    431 747 734 77 527 338 70 
stack 85:    698 388 39 195 117 469 136 
stack 86:    812 361 484 731 453 971 725 
stack 87:    701 33 372 718 667 917 590 
stack 88:    989 732 791 60 411 851 500 
stack 89:    663 149 1 931 347 613 156 
stack 90:    415 805 984 789 155 332 177 
stack 91:    131 898 749 506 743 461 4 
stack 92:    357 875 21 140 340 85 160 
stack 93:    81 651 599 945 126 918 768 
stack 94:    514 652 233 577 552 936 607 
stack 95:    337 798 181 733 927 728 941 
stack 96:    616 53 724 713 446 128 760 
stack 97:    755 781 120 20 0 407 414 
stack 98:    694 187 985 400 648 343 512 
stack 99:    915 32 199 65 134 35 429 
stack 100:    809 979 280 897 585 744 93 
stack 101:    475 336 655 758 790 849 838 
stack 102:    962 832 668 22 794 386 863 
stack 103:    434 954 478 225 659 243 813 
stack 104:    738 312 89 826 901 807 723 
stack 105:    314 145 303 285 221 130 203 
stack 106:    670 540 113 955 868 399 189 
stack 107:    139 401 535 34 508 281 306 
stack 108:    326 598 622 677 30 153 802 
stack 109:    735 926 371 761 958 592 571 
stack 110:    432 843 566 447 355 175 960 
stack 111:    362 167 588 316 661 852 482 
stack 112:    323 614 491 473 884 269 912 
stack 113:    665 682 78 759 580 94 850 
stack 114:    398 6 775 185 646 797 339 
stack 115:    292 741 192 973 296 258 387 
stack 116:    138 810 597 951 543 953 351 
stack 117:    907 247 436 919 756 228 121 
stack 118:    562 691 150 729 720 526 831 
stack 119:    234 379 993 719 172 439 862 
stack 120:    227 870 477 522 196 275 727 
stack 121:    573 413 964 788 291 17 27 
stack 122:    632 547 815 369 424 684 220 
stack 123:    932 572 235 948 479 267 996 
stack 124:    212 991 581 8 213 327 618 
stack 125:    976 576 385 674 833 468 239 
stack 126:    633 232 879 497 186 539 726 
stack 127:    799 426 865 939 900 66 603 
stack 128:    467 252 123 397 496 365 157 
stack 129:    998 28 690 135 204 416 406 
stack 130:    354 76 981 871 754 609 374 
stack 131:    913 231 72 557 987 169 193 
stack 132:    841 133 438 250 389 75 848 
stack 133:    974 68 722 224 658 518 681 
stack 134:    315 448 62 100 910 83 116 
stack 135:    641 909 105 916 545 776 906 
stack 136:    449 548 914 520 122 567 556 
stack 137:    621 980 966 676 95 470 982 
stack 138:    99 772 619 702 876 493 58 
stack 139:    593 561 154 693 318 678 628 
stack 140:    345 321 975 249 856 937 
stack 141:    649 198 864 532 
stack 142:    141 782 612 978 736 
stack 143:    37 716 
stack 144:    596 792 299 
stack 145:    
stack 146:    
stack 147:    
stack 148:    
stack 149:    
stack 150:    
