lower bound for relaxed s_ij: 1291103.0

#####################################################

solved with: SP.mip_formulations.BinPackingFormulation
time limit: 1800.0 s
time to solve: 1813,45 s (time limit exceeded)
objective value: 1300199.62 (not optimal)

stacks (top to bottom):
stack 0:    6 505 500 24 26 0 21 
stack 1:    4 33 11 1 501 3 40 
stack 2:    17 5 7 2 15 22 20 
stack 3:    509 14 42 29 25 36 8 
stack 4:    59 74 68 10 506 504 13 
stack 5:    502 32 19 18 27 50 16 
stack 6:    47 37 23 48 43 38 31 
stack 7:    67 35 63 49 65 508 66 
stack 8:    64 39 55 60 46 57 54 
stack 9:    85 52 30 516 45 77 70 
stack 10:    78 84 41 71 69 62 81 
stack 11:    72 103 58 93 83 89 80 
stack 12:    61 525 510 86 520 119 107 
stack 13:    90 87 73 96 79 91 102 
stack 14:    114 106 99 108 97 116 82 
stack 15:    112 124 75 132 515 133 92 
stack 16:    121 101 123 110 113 88 126 
stack 17:    523 105 192 94 146 95 519 
stack 18:    104 131 507 115 127 111 130 
stack 19:    154 118 147 125 142 134 200 
stack 20:    144 128 139 143 100 137 148 
stack 21:    162 153 151 155 109 150 141 
stack 22:    513 161 156 145 163 122 157 
stack 23:    140 173 528 171 117 164 169 
stack 24:    175 181 183 159 136 179 149 
stack 25:    204 170 184 167 182 517 178 
stack 26:    542 166 521 174 196 185 158 
stack 27:    526 203 172 190 208 165 180 
stack 28:    195 176 187 177 217 214 213 
stack 29:    210 189 260 235 186 605 628 
stack 30:    222 524 220 212 191 188 205 
stack 31:    533 257 225 197 255 232 230 
stack 32:    229 527 201 207 199 216 215 
stack 33:    236 237 206 218 243 211 247 
stack 34:    226 240 239 223 242 221 228 
stack 35:    250 233 249 536 251 254 246 
stack 36:    268 238 266 264 227 269 263 
stack 37:    270 267 259 253 256 244 261 
stack 38:    279 567 290 262 265 273 272 
stack 39:    592 297 278 304 294 258 570 
stack 40:    285 284 296 277 556 551 271 
stack 41:    276 252 289 283 545 281 241 
stack 42:    288 274 308 307 282 615 302 
stack 43:    318 293 314 275 319 315 303 
stack 44:    291 320 316 312 301 292 322 
stack 45:    305 328 309 313 562 323 593 
stack 46:    330 629 571 326 324 317 310 
stack 47:    607 356 337 327 336 332 333 
stack 48:    298 335 321 362 341 659 354 
stack 49:    609 339 342 348 340 345 343 
stack 50:    373 370 355 331 380 361 372 
stack 51:    357 338 352 358 347 344 351 
stack 52:    674 381 346 371 382 363 368 
stack 53:    379 394 353 397 387 417 359 
stack 54:    647 377 366 384 383 367 365 
stack 55:    385 390 389 374 369 396 402 
stack 56:    692 375 401 400 393 388 398 
stack 57:    391 414 405 418 403 376 399 
stack 58:    378 406 435 431 415 696 412 
stack 59:    386 404 424 422 420 426 419 
stack 60:    876 434 411 413 407 427 748 
stack 61:    622 740 452 441 409 408 445 
stack 62:    594 443 438 430 436 421 416 
stack 63:    455 433 457 451 428 453 423 
stack 64:    450 444 437 460 458 446 410 
stack 65:    425 482 489 462 459 784 565 
stack 66:    481 439 448 473 464 463 429 
stack 67:    479 474 454 461 466 480 483 
stack 68:    487 468 475 467 484 478 471 
stack 69:    883 486 470 477 472 469 865 
stack 70:    782 769 736 498 488 465 490 
stack 71:    804 757 493 491 496 476 820 
stack 72:    732 684 668 499 495 485 703 
stack 73:    695 686 599 707 689 492 729 
stack 74:    678 535 530 554 494 665 654 
stack 75:    578 529 497 534 634 620 612 
stack 76:    540 512 550 531 522 
stack 77:    514 561 557 
stack 78:    552 555 538 
stack 79:    503 539 581 568 569 541 
stack 80:    547 564 560 549 543 566 
stack 81:    559 579 563 574 
stack 82:    589 576 583 591 546 597 
stack 83:    580 595 600 577 586 572 590 
stack 84:    598 573 601 587 
stack 85:    582 610 606 614 9 
stack 86:    642 603 588 585 604 584 
stack 87:    621 617 619 558 511 
stack 88:    12 627 625 575 616 
stack 89:    596 618 602 623 608 631 624 
stack 90:    653 648 632 639 626 611 633 
stack 91:    645 644 635 630 636 656 
stack 92:    655 613 643 640 
stack 93:    663 638 641 649 637 657 
stack 94:    518 683 650 670 646 693 
stack 95:    662 660 661 671 652 688 
stack 96:    673 715 658 749 676 746 
stack 97:    669 651 709 
stack 98:    690 667 682 675 664 666 
stack 99:    708 714 685 672 725 711 
stack 100:    677 706 680 699 700 679 702 
stack 101:    720 728 701 705 698 694 712 
stack 102:    722 721 716 687 726 717 681 
stack 103:    735 713 691 734 724 710 
stack 104:    28 743 719 731 739 
stack 105:    762 752 765 704 697 
stack 106:    532 761 786 718 738 733 
stack 107:    727 745 750 741 730 756 737 
stack 108:    760 751 754 753 742 723 34 
stack 109:    763 744 772 771 778 
stack 110:    755 770 767 764 758 773 759 
stack 111:    825 824 766 826 816 793 780 
stack 112:    781 808 807 822 810 768 774 
stack 113:    537 783 779 792 776 798 788 
stack 114:    790 787 791 789 801 799 775 
stack 115:    794 800 777 805 809 813 
stack 116:    796 785 811 806 812 795 814 
stack 117:    838 841 797 823 829 844 
stack 118:    835 843 803 821 833 848 815 
stack 119:    544 840 834 827 846 837 831 
stack 120:    874 853 852 802 885 832 
stack 121:    842 856 849 818 854 855 850 
stack 122:    861 845 851 864 830 866 847 
stack 123:    819 932 933 936 913 44 
stack 124:    548 888 891 857 867 836 873 
stack 125:    53 884 862 863 858 860 871 
stack 126:    904 868 882 859 910 880 917 
stack 127:    895 890 881 879 872 869 886 
stack 128:    901 875 903 902 896 889 897 
stack 129:    870 905 900 898 51 
stack 130:    899 877 908 907 911 909 56 
stack 131:    924 928 892 878 916 919 894 
stack 132:    553 927 923 921 893 912 937 
stack 133:    953 887 961 954 931 949 948 
stack 134:    942 940 939 915 944 934 922 
stack 135:    930 952 957 950 925 951 945 
stack 136:    958 964 941 938 967 946 963 
stack 137:    971 943 985 970 
stack 138:    979 996 947 956 992 988 962 
stack 139:    991 972 974 966 993 983 973 
stack 140:    987 989 955 984 998 969 977 
stack 141:    929 920 906 986 959 960 914 
stack 142:    839 395 965 999 975 990 982 
stack 143:    349 935 976 968 926 828 918 
stack 144:    350 817 747 432 364 994 456 
stack 145:    442 449 392 440 981 978 447 
stack 146:    286 329 280 997 980 334 360 
stack 147:    311 299 287 248 245 995 300 
stack 148:    306 202 295 194 138 231 325 
stack 149:    219 76 234 120 224 209 198 
stack 150:    129 193 168 152 135 160 98 

#####################################################

solved with: SP.constructive_heuristics.GeneralHeuristic
time limit: 1800.0 s
time to solve: 0,00 s
objective value: 1334887.04

stacks (top to bottom):
stack 0:    104 692 807 451 775 565 447 
stack 1:    989 236 163 414 464 681 593 
stack 2:    769 735 521 507 682 231 703 
stack 3:    707 840 785 818 178 911 16 
stack 4:    991 868 68 197 255 359 570 
stack 5:    920 883 47 132 390 365 168 
stack 6:    935 740 458 466 375 946 640 
stack 7:    120 312 896 636 292 665 325 
stack 8:    28 76 904 509 455 650 916 
stack 9:    544 268 35 765 52 880 141 
stack 10:    154 330 452 237 378 54 148 
stack 11:    874 957 461 371 724 982 393 
stack 12:    140 927 808 543 586 427 688 
stack 13:    270 594 877 405 716 400 302 
stack 14:    732 645 409 41 172 581 185 
stack 15:    599 663 39 457 471 742 272 
stack 16:    350 668 786 88 137 369 511 
stack 17:    607 156 226 733 885 260 634 
stack 18:    288 515 283 694 421 77 919 
stack 19:    124 87 147 754 624 388 696 
stack 20:    85 941 304 65 416 157 483 
stack 21:    952 404 625 218 902 897 873 
stack 22:    202 75 540 327 187 823 831 
stack 23:    175 630 313 886 445 344 557 
stack 24:    647 762 706 538 705 830 95 
stack 25:    293 567 171 583 249 436 907 
stack 26:    622 530 274 925 3 951 423 
stack 27:    284 564 190 422 834 536 748 
stack 28:    537 554 136 932 7 590 456 
stack 29:    222 176 94 504 415 977 372 
stack 30:    440 600 758 352 801 57 628 
stack 31:    114 48 611 998 406 744 926 
stack 32:    686 747 299 632 731 36 969 
stack 33:    635 787 69 741 730 46 345 
stack 34:    689 287 289 549 477 111 739 
stack 35:    357 822 291 841 117 988 729 
stack 36:    72 644 510 408 282 605 51 
stack 37:    337 603 928 238 294 273 813 
stack 38:    876 817 73 29 335 506 263 
stack 39:    349 4 155 997 420 92 271 
stack 40:    595 430 143 776 180 702 637 
stack 41:    503 18 2 575 83 566 89 
stack 42:    437 943 244 62 399 241 66 
stack 43:    442 356 379 626 499 91 102 
stack 44:    804 542 103 821 358 384 711 
stack 45:    479 474 151 995 183 738 462 
stack 46:    947 275 96 191 516 485 152 
stack 47:    578 219 106 448 550 978 429 
stack 48:    203 727 713 11 745 849 389 
stack 49:    781 339 606 320 661 402 828 
stack 50:    684 794 653 667 165 844 398 
stack 51:    683 25 908 563 753 211 354 
stack 52:    153 32 144 870 618 770 27 
stack 53:    736 890 587 827 829 469 597 
stack 54:    64 609 751 26 956 463 44 
stack 55:    722 892 278 439 200 417 160 
stack 56:    535 502 413 803 19 815 419 
stack 57:    59 105 604 749 676 247 654 
stack 58:    488 691 233 679 562 871 209 
stack 59:    61 525 900 672 577 310 158 
stack 60:    972 764 201 446 199 666 712 
stack 61:    280 250 528 648 698 116 401 
stack 62:    553 53 267 513 326 324 848 
stack 63:    715 43 30 82 333 837 205 
stack 64:    760 617 385 170 623 759 917 
stack 65:    99 588 67 0 319 687 341 
stack 66:    782 248 118 377 125 382 657 
stack 67:    386 181 123 767 492 133 383 
stack 68:    138 252 240 994 939 42 659 
stack 69:    129 90 285 407 58 107 300 
stack 70:    862 882 887 531 225 855 490 
stack 71:    905 556 934 798 860 81 182 
stack 72:    229 338 444 719 555 484 403 
stack 73:    527 470 71 608 261 348 164 
stack 74:    884 842 468 253 936 616 224 
stack 75:    838 161 979 552 242 649 232 
stack 76:    311 629 810 579 639 109 983 
stack 77:    491 212 641 38 376 619 198 
stack 78:    128 708 411 309 999 863 323 
stack 79:    853 101 346 482 489 652 50 
stack 80:    790 425 651 802 655 613 968 
stack 81:    245 582 734 206 317 671 56 
stack 82:    434 305 690 539 84 301 850 
stack 83:    861 981 476 962 227 519 98 
stack 84:    432 752 505 921 221 79 40 
stack 85:    276 984 495 134 45 8 70 
stack 86:    674 895 78 501 903 700 809 
stack 87:    395 159 789 959 520 351 913 
stack 88:    449 843 796 974 799 396 820 
stack 89:    493 812 938 1 410 976 167 
stack 90:    524 443 220 24 915 574 258 
stack 91:    714 296 806 963 846 217 9 
stack 92:    279 996 184 701 342 723 397 
stack 93:    329 328 208 551 949 894 914 
stack 94:    580 718 308 307 126 614 814 
stack 95:    673 856 428 709 254 149 784 
stack 96:    757 481 63 633 169 973 918 
stack 97:    12 783 845 207 773 967 347 
stack 98:    392 658 585 496 453 303 146 
stack 99:    680 721 497 265 418 992 31 
stack 100:    298 779 573 777 49 230 362 
stack 101:    755 139 33 879 568 933 832 
stack 102:    433 523 675 656 931 361 778 
stack 103:    662 110 547 189 86 960 15 
stack 104:    194 533 642 353 878 522 771 
stack 105:    526 901 743 677 797 704 945 
stack 106:    875 560 438 601 251 545 34 
stack 107:    819 852 898 737 615 459 334 
stack 108:    112 763 192 332 910 774 780 
stack 109:    37 23 899 60 961 805 851 
stack 110:    373 486 514 950 792 944 948 
stack 111:    259 602 355 256 80 572 367 
stack 112:    532 498 621 475 97 699 315 
stack 113:    576 529 336 478 122 517 213 
stack 114:    839 589 964 186 993 374 360 
stack 115:    166 791 669 561 643 179 21 
stack 116:    924 857 55 893 912 826 866 
stack 117:    695 881 631 216 591 909 412 
stack 118:    825 257 512 584 74 766 836 
stack 119:    987 824 290 541 340 150 508 
stack 120:    548 306 145 891 228 13 746 
stack 121:    195 239 922 569 331 363 193 
stack 122:    286 835 965 316 215 697 847 
stack 123:    929 953 6 450 942 108 246 
stack 124:    487 923 467 391 858 710 127 
stack 125:    906 17 494 685 465 833 135 
stack 126:    592 571 811 196 277 426 119 
stack 127:    173 559 188 473 816 435 937 
stack 128:    454 930 761 980 546 281 343 
stack 129:    500 223 472 854 322 380 480 
stack 130:    295 297 859 10 431 534 865 
stack 131:    364 162 381 424 610 20 368 
stack 132:    598 204 314 867 558 726 670 
stack 133:    234 958 638 985 264 266 243 
stack 134:    720 370 975 990 130 970 269 
stack 135:    678 596 441 869 660 115 693 
stack 136:    5 800 460 795 750 22 756 
stack 137:    888 627 131 872 966 235 366 
stack 138:    518 318 14 177 142 214 612 
stack 139:    986 768 717 793 387 646 864 
stack 140:    955 394 321 772 620 
stack 141:    971 728 940 262 889 664 954 
stack 142:    121 113 174 93 788 
stack 143:    100 
stack 144:    210 725 
stack 145:    
stack 146:    
stack 147:    
stack 148:    
stack 149:    
stack 150:    
