lower bound for relaxed s_ij: 1291105.36

#####################################################

solved with: SP.mip_formulations.BinPackingFormulation
time limit: 1800.0 s
time to solve: 1809,73 s (time limit exceeded)
objective value: 1303459.88 (not optimal)

stacks (top to bottom):
stack 0:    1 11 503 32 518 502 2 
stack 1:    0 6 12 8 9 18 26 
stack 2:    34 3 546 19 29 28 7 
stack 3:    510 36 508 5 21 33 22 
stack 4:    51 15 38 37 13 61 42 
stack 5:    31 40 27 14 59 54 24 
stack 6:    57 52 49 41 63 17 60 
stack 7:    55 78 53 520 20 56 102 
stack 8:    526 70 43 35 30 73 47 
stack 9:    58 505 46 25 77 66 69 
stack 10:    92 516 88 93 85 44 90 
stack 11:    76 65 84 82 39 80 45 
stack 12:    96 89 74 64 62 91 72 
stack 13:    108 513 71 123 67 512 126 
stack 14:    141 81 121 501 500 127 68 
stack 15:    97 95 87 86 104 98 105 
stack 16:    115 125 103 100 129 128 110 
stack 17:    120 106 118 101 111 149 114 
stack 18:    116 139 137 130 122 99 133 
stack 19:    145 144 134 107 135 148 112 
stack 20:    185 156 636 113 517 167 142 
stack 21:    153 151 161 117 131 155 158 
stack 22:    159 147 143 146 124 138 140 
stack 23:    136 183 181 162 166 184 164 
stack 24:    545 552 192 150 217 523 539 
stack 25:    179 504 186 172 157 171 175 
stack 26:    173 180 176 197 203 163 201 
stack 27:    200 214 205 212 202 165 211 
stack 28:    193 170 189 169 168 177 190 
stack 29:    210 182 224 198 221 191 174 
stack 30:    216 226 230 232 194 519 188 
stack 31:    225 215 228 196 524 219 229 
stack 32:    239 271 223 199 272 231 569 
stack 33:    206 204 233 207 240 254 611 
stack 34:    246 220 209 238 527 237 236 
stack 35:    264 255 235 261 262 253 251 
stack 36:    673 297 296 213 270 265 597 
stack 37:    531 243 222 281 279 244 259 
stack 38:    245 242 249 247 241 258 275 
stack 39:    278 269 252 283 285 603 273 
stack 40:    274 268 291 277 250 276 284 
stack 41:    590 314 292 289 256 305 301 
stack 42:    295 260 303 306 286 266 299 
stack 43:    282 321 309 308 319 293 551 
stack 44:    334 317 288 294 337 300 298 
stack 45:    369 280 332 587 570 354 342 
stack 46:    316 323 304 318 302 325 324 
stack 47:    333 547 320 315 313 335 344 
stack 48:    329 327 336 331 322 307 311 
stack 49:    706 702 690 350 356 330 345 
stack 50:    779 365 343 347 362 351 358 
stack 51:    368 641 637 341 363 348 346 
stack 52:    379 367 366 359 352 361 371 
stack 53:    380 687 663 396 373 353 594 
stack 54:    887 357 372 401 376 579 195 
stack 55:    403 398 395 375 399 383 364 
stack 56:    387 374 390 385 384 406 400 
stack 57:    424 573 429 397 392 378 410 
stack 58:    405 419 425 411 428 386 441 
stack 59:    418 412 409 389 413 394 404 
stack 60:    423 439 427 417 438 437 408 
stack 61:    949 935 920 860 829 466 415 
stack 62:    407 470 453 426 455 422 454 
stack 63:    675 627 478 416 434 414 485 
stack 64:    449 436 435 444 430 452 440 
stack 65:    442 433 431 465 447 961 951 
stack 66:    443 471 462 432 457 450 461 
stack 67:    475 480 460 448 459 483 456 
stack 68:    567 490 487 509 464 700 491 
stack 69:    571 473 479 476 499 484 467 
stack 70:    828 493 521 515 477 492 851 
stack 71:    771 754 710 811 488 463 497 
stack 72:    670 498 522 494 489 481 482 
stack 73:    770 664 698 514 486 495 753 
stack 74:    674 665 655 608 496 679 671 
stack 75:    610 650 525 528 538 617 607 
stack 76:    549 535 553 
stack 77:    584 581 557 532 
stack 78:    564 562 565 540 530 537 
stack 79:    577 533 560 
stack 80:    4 534 585 576 541 
stack 81:    543 542 548 544 563 559 
stack 82:    506 648 556 596 
stack 83:    561 598 580 575 591 583 
stack 84:    568 578 572 582 593 588 507 
stack 85:    601 595 558 589 566 
stack 86:    511 574 602 614 613 600 
stack 87:    10 623 612 599 639 638 615 
stack 88:    586 645 642 630 
stack 89:    629 604 619 592 635 616 618 
stack 90:    624 622 605 633 606 625 
stack 91:    651 632 654 643 620 609 628 
stack 92:    647 626 653 644 634 16 
stack 93:    697 686 676 621 
stack 94:    652 666 640 662 659 
stack 95:    689 672 668 646 693 656 
stack 96:    658 657 631 661 
stack 97:    711 649 703 669 715 
stack 98:    23 684 685 682 667 677 
stack 99:    695 694 681 688 683 660 678 
stack 100:    716 707 692 701 714 680 
stack 101:    724 691 721 718 705 720 
stack 102:    737 726 722 734 725 704 696 
stack 103:    745 743 738 708 699 728 732 
stack 104:    757 730 709 751 723 759 746 
stack 105:    741 712 742 736 731 749 529 
stack 106:    755 747 733 735 713 750 
stack 107:    772 758 717 778 775 
stack 108:    729 774 756 739 767 740 748 
stack 109:    752 777 760 719 782 769 773 
stack 110:    802 796 780 768 787 744 776 
stack 111:    878 815 825 727 850 803 800 
stack 112:    783 781 766 765 792 761 
stack 113:    536 763 814 810 805 762 818 
stack 114:    809 836 816 790 764 824 806 
stack 115:    795 786 789 797 799 798 784 
stack 116:    808 820 819 822 788 817 813 
stack 117:    791 821 794 801 826 793 
stack 118:    840 831 830 833 785 823 
stack 119:    847 845 834 839 804 
stack 120:    855 852 853 854 849 807 857 
stack 121:    866 867 856 848 832 
stack 122:    859 844 858 841 835 812 842 
stack 123:    871 837 865 872 843 
stack 124:    876 868 838 882 864 879 875 
stack 125:    48 884 886 873 861 550 
stack 126:    931 924 863 881 880 916 50 
stack 127:    913 909 908 893 890 870 
stack 128:    927 888 926 891 904 874 918 
stack 129:    883 877 895 901 896 900 899 
stack 130:    885 906 902 905 889 903 911 
stack 131:    950 897 933 910 907 942 
stack 132:    554 912 914 925 923 921 917 
stack 133:    555 963 898 960 937 975 958 
stack 134:    894 915 938 932 939 946 940 
stack 135:    919 943 929 922 934 928 947 
stack 136:    972 966 936 974 962 955 968 
stack 137:    984 846 948 969 967 983 941 
stack 138:    964 957 952 970 944 971 973 
stack 139:    994 959 956 977 981 976 
stack 140:    990 987 953 954 986 979 980 
stack 141:    469 382 827 468 982 991 965 
stack 142:    989 945 988 862 930 869 892 
stack 143:    978 985 997 995 999 474 421 
stack 144:    451 370 992 998 996 445 420 
stack 145:    472 993 458 446 402 393 391 
stack 146:    338 388 381 377 340 263 257 
stack 147:    154 360 349 339 310 328 355 
stack 148:    312 326 290 287 178 160 234 
stack 149:    267 152 132 248 227 83 109 
stack 150:    94 79 218 208 75 187 119 

#####################################################

solved with: SP.constructive_heuristics.GeneralHeuristic
time limit: 1800.0 s
time to solve: 0,00 s
objective value: 1336638.35

stacks (top to bottom):
stack 0:    309 321 384 363 615 971 90 
stack 1:    674 584 647 765 45 447 930 
stack 2:    811 648 55 429 2 104 60 
stack 3:    554 610 791 314 694 343 208 
stack 4:    10 964 292 868 856 699 195 
stack 5:    957 932 146 62 896 236 102 
stack 6:    754 472 730 697 53 213 265 
stack 7:    58 252 577 130 787 54 446 
stack 8:    852 877 444 889 452 593 861 
stack 9:    829 328 82 701 166 311 167 
stack 10:    442 181 592 831 501 678 696 
stack 11:    370 147 250 505 963 748 371 
stack 12:    230 432 881 411 476 428 26 
stack 13:    267 847 84 352 80 455 749 
stack 14:    690 966 605 518 662 500 813 
stack 15:    781 307 606 258 358 28 999 
stack 16:    136 543 719 940 244 175 421 
stack 17:    239 246 113 676 197 839 869 
stack 18:    374 651 743 970 362 793 445 
stack 19:    796 876 390 143 620 450 324 
stack 20:    664 888 549 99 744 126 355 
stack 21:    88 182 21 740 778 784 977 
stack 22:    366 107 120 692 502 176 527 
stack 23:    894 726 25 116 415 233 961 
stack 24:    978 687 953 824 376 440 753 
stack 25:    993 727 621 956 803 775 342 
stack 26:    396 89 568 106 840 563 628 
stack 27:    637 943 249 908 337 983 461 
stack 28:    506 37 556 148 17 383 298 
stack 29:    308 279 797 704 946 61 386 
stack 30:    4 935 509 768 764 996 679 
stack 31:    650 972 398 33 519 259 140 
stack 32:    463 416 752 602 733 934 306 
stack 33:    1 274 738 409 914 191 454 
stack 34:    855 168 122 44 807 273 862 
stack 35:    381 641 196 131 835 293 981 
stack 36:    636 296 969 202 300 410 119 
stack 37:    224 578 544 767 974 600 219 
stack 38:    802 599 137 139 169 492 69 
stack 39:    745 170 656 832 408 700 671 
stack 40:    48 698 443 882 580 575 231 
stack 41:    783 97 70 436 494 49 257 
stack 42:    320 183 373 39 736 677 63 
stack 43:    860 427 885 912 253 965 105 
stack 44:    248 451 552 12 281 528 551 
stack 45:    23 297 757 825 520 618 420 
stack 46:    663 859 562 714 844 164 392 
stack 47:    931 863 815 223 426 199 941 
stack 48:    312 672 711 821 756 695 385 
stack 49:    920 76 496 135 758 212 872 
stack 50:    487 473 547 716 659 890 354 
stack 51:    702 531 632 341 256 207 285 
stack 52:    94 845 186 801 348 361 42 
stack 53:    36 790 66 918 301 639 263 
stack 54:    32 901 322 524 538 661 798 
stack 55:    278 623 515 654 353 497 597 
stack 56:    334 215 741 922 460 905 456 
stack 57:    763 117 214 822 788 804 570 
stack 58:    990 478 172 613 221 911 73 
stack 59:    910 653 761 142 391 402 340 
stack 60:    586 357 269 77 806 485 190 
stack 61:    227 160 693 479 74 315 900 
stack 62:    706 724 294 459 319 532 165 
stack 63:    51 280 272 585 751 422 942 
stack 64:    349 468 327 631 251 746 607 
stack 65:    290 871 684 513 682 241 643 
stack 66:    673 15 209 127 474 109 892 
stack 67:    536 948 98 18 955 517 596 
stack 68:    561 545 46 401 944 177 560 
stack 69:    333 414 546 669 916 973 611 
stack 70:    665 624 481 604 723 482 72 
stack 71:    331 864 789 27 14 91 284 
stack 72:    670 424 247 619 742 344 550 
stack 73:    828 466 848 417 35 404 603 
stack 74:    83 488 734 794 347 198 805 
stack 75:    3 913 242 685 834 817 56 
stack 76:    989 503 359 622 819 149 364 
stack 77:    360 827 418 5 103 85 335 
stack 78:    771 369 271 121 453 203 976 
stack 79:    498 228 499 769 879 857 917 
stack 80:    567 675 92 403 276 960 133 
stack 81:    339 326 395 95 162 616 705 
stack 82:    382 649 904 898 988 880 851 
stack 83:    919 288 534 626 541 587 759 
stack 84:    987 774 6 235 261 883 903 
stack 85:    846 260 755 161 480 558 870 
stack 86:    608 222 100 867 683 110 393 
stack 87:    770 65 854 394 979 523 875 
stack 88:    31 57 997 86 111 923 566 
stack 89:    317 225 220 205 13 841 270 
stack 90:    891 737 204 612 715 579 491 
stack 91:    490 287 516 564 945 19 638 
stack 92:    134 929 303 572 87 735 174 
stack 93:    0 571 153 747 640 433 163 
stack 94:    310 895 542 633 625 588 346 
stack 95:    154 316 557 709 378 441 458 
stack 96:    338 379 475 151 375 238 721 
stack 97:    282 853 8 430 548 614 24 
stack 98:    377 329 264 365 425 305 254 
stack 99:    423 291 439 462 936 477 302 
stack 100:    412 115 713 589 725 731 484 
stack 101:    156 81 933 559 843 79 529 
stack 102:    152 657 658 367 525 262 217 
stack 103:    173 540 530 667 514 576 823 
stack 104:    268 722 226 795 782 826 830 
stack 105:    493 179 194 406 582 642 762 
stack 106:    245 435 71 820 180 138 947 
stack 107:    11 243 573 522 814 495 465 
stack 108:    193 874 372 150 703 67 958 
stack 109:    521 255 902 304 954 837 400 
stack 110:    590 144 449 52 666 595 873 
stack 111:    356 688 939 123 325 818 275 
stack 112:    952 448 998 286 129 313 299 
stack 113:    950 581 78 397 112 201 507 
stack 114:    132 655 388 689 277 533 553 
stack 115:    178 200 145 601 157 171 799 
stack 116:    809 216 419 508 351 266 842 
stack 117:    387 323 991 471 457 188 951 
stack 118:    915 808 489 101 483 812 968 
stack 119:    555 866 192 760 925 928 229 
stack 120:    627 40 504 345 750 218 234 
stack 121:    927 125 389 609 773 237 211 
stack 122:    511 405 884 707 155 858 594 
stack 123:    108 982 772 43 777 728 645 
stack 124:    926 574 681 283 289 591 240 
stack 125:    407 994 967 691 537 467 569 
stack 126:    924 141 470 20 68 158 617 
stack 127:    34 526 295 565 717 184 907 
stack 128:    729 646 189 206 434 59 50 
stack 129:    350 660 739 849 232 128 718 
stack 130:    380 96 816 836 124 437 776 
stack 131:    949 336 708 413 986 9 850 
stack 132:    984 159 598 318 962 47 7 
stack 133:    938 766 118 886 635 893 634 
stack 134:    897 399 486 22 833 75 187 
stack 135:    780 937 29 583 512 732 539 
stack 136:    710 779 210 906 980 899 720 
stack 137:    878 686 959 114 644 16 
stack 138:    887 469 535 838 93 786 630 
stack 139:    668 865 
stack 140:    985 629 992 41 712 680 800 
stack 141:    464 438 975 
stack 142:    368 652 810 431 995 785 
stack 143:    64 921 
stack 144:    38 
stack 145:    510 330 30 
stack 146:    185 332 792 
stack 147:    909 
stack 148:    
stack 149:    
stack 150:    
