solved with: SP.deprecated.TabuSearch
time limit: 1800.0 s
time to solve: 663,99 s
objective value: 1291130.87

stacks (top to bottom):
stack 0:    
stack 1:    
stack 2:    502 501 
stack 3:    4 
stack 4:    505 
stack 5:    427 470 11 518 29 78 997 
stack 6:    530 6 571 8 650 507 506 
stack 7:    623 260 412 86 523 14 18 
stack 8:    807 779 932 771 130 621 356 
stack 9:    668 513 509 514 755 541 148 
stack 10:    431 638 674 781 491 683 43 
stack 11:    217 429 893 96 382 642 731 
stack 12:    854 928 221 277 678 19 199 
stack 13:    620 22 13 936 331 531 700 
stack 14:    284 528 901 924 797 280 819 
stack 15:    787 519 983 918 833 522 85 
stack 16:    26 229 727 533 69 397 526 
stack 17:    37 822 247 408 688 908 894 
stack 18:    666 137 697 108 786 136 40 
stack 19:    440 966 64 660 868 544 611 
stack 20:    527 577 25 902 297 548 237 
stack 21:    835 662 553 847 396 419 881 
stack 22:    800 552 856 545 271 482 796 
stack 23:    401 31 957 114 162 986 669 
stack 24:    442 586 912 568 177 201 788 
stack 25:    56 575 157 466 418 406 834 
stack 26:    110 445 84 961 63 595 607 
stack 27:    909 307 636 375 288 707 327 
stack 28:    132 370 121 805 188 318 225 
stack 29:    474 242 32 214 53 971 350 
stack 30:    550 195 658 420 740 839 946 
stack 31:    605 974 301 461 745 716 172 
stack 32:    532 726 890 107 543 192 614 
stack 33:    39 556 798 540 354 450 883 
stack 34:    74 931 111 632 389 722 104 
stack 35:    795 309 601 677 859 81 66 
stack 36:    555 988 991 54 275 874 734 
stack 37:    381 328 561 324 60 489 682 
stack 38:    736 938 557 200 759 958 633 
stack 39:    539 219 173 398 777 566 778 
stack 40:    325 690 191 365 456 615 180 
stack 41:    103 281 287 293 950 898 179 
stack 42:    705 413 65 184 829 724 477 
stack 43:    656 547 952 147 712 892 935 
stack 44:    499 832 62 975 117 310 205 
stack 45:    959 640 780 384 360 411 211 
stack 46:    622 305 851 267 335 152 560 
stack 47:    803 765 95 235 616 956 400 
stack 48:    91 212 855 266 646 820 603 
stack 49:    667 317 290 947 813 753 737 
stack 50:    344 747 394 810 387 679 144 
stack 51:    871 843 872 339 250 719 922 
stack 52:    204 649 619 399 589 955 475 
stack 53:    174 206 122 775 905 433 718 
stack 54:    150 495 89 761 791 416 641 
stack 55:    895 378 929 55 933 407 245 
stack 56:    357 146 379 945 269 320 118 
stack 57:    140 773 629 112 766 487 960 
stack 58:    451 899 457 467 414 703 824 
stack 59:    82 801 684 484 113 322 689 
stack 60:    973 428 128 218 600 196 126 
stack 61:    488 93 494 579 768 701 942 
stack 62:    125 572 240 694 106 236 954 
stack 63:    827 452 234 135 460 725 590 
stack 64:    792 210 673 884 171 498 405 
stack 65:    596 906 863 94 838 806 644 
stack 66:    268 728 647 757 637 934 182 
stack 67:    949 711 907 887 995 444 175 
stack 68:    664 769 970 251 635 730 584 
stack 69:    348 455 426 812 308 355 253 
stack 70:    224 244 969 228 675 438 289 
stack 71:    996 951 861 815 472 493 215 
stack 72:    165 630 891 733 158 364 652 
stack 73:    921 852 717 138 385 373 782 
stack 74:    744 92 686 294 262 123 927 
stack 75:    478 750 238 826 994 299 599 
stack 76:    0 500 
stack 77:    1 
stack 78:    2 
stack 79:    503 
stack 80:    311 7 3 504 
stack 81:    283 516 131 508 265 351 67 
stack 82:    392 57 449 352 359 5 441 
stack 83:    672 937 10 12 676 546 194 
stack 84:    15 9 459 447 346 784 380 
stack 85:    511 17 749 30 896 699 865 
stack 86:    20 47 866 510 537 512 558 
stack 87:    23 723 36 341 187 536 521 
stack 88:    292 33 151 486 564 423 746 
stack 89:    517 377 439 624 163 70 485 
stack 90:    116 285 208 313 127 529 948 
stack 91:    16 202 628 209 263 515 21 
stack 92:    430 342 304 609 741 226 520 
stack 93:    410 821 87 968 261 760 139 
stack 94:    329 48 181 581 246 27 334 
stack 95:    156 231 249 383 220 75 525 
stack 96:    939 49 274 925 332 850 417 
stack 97:    454 981 345 349 254 604 257 
stack 98:    524 481 915 178 368 24 338 
stack 99:    693 818 879 50 534 34 432 
stack 100:    920 270 193 913 435 159 160 
stack 101:    97 585 691 987 45 715 58 
stack 102:    483 186 559 845 404 232 598 
stack 103:    659 259 363 627 870 35 542 
stack 104:    978 802 535 453 216 38 28 
stack 105:    44 190 570 169 409 362 917 
stack 106:    848 538 681 930 273 306 875 
stack 107:    497 943 554 256 388 754 203 
stack 108:    625 897 732 286 743 706 582 
stack 109:    758 977 698 720 315 434 422 
stack 110:    300 476 42 654 823 185 738 
stack 111:    319 323 573 910 276 424 464 
stack 112:    425 366 687 153 670 565 278 
stack 113:    904 665 692 347 617 390 326 
stack 114:    825 463 979 77 176 90 814 
stack 115:    639 837 391 79 551 321 272 
stack 116:    634 962 80 164 41 143 785 
stack 117:    46 648 279 574 492 291 282 
stack 118:    258 710 316 864 841 563 831 
stack 119:    645 593 167 142 76 653 651 
stack 120:    393 809 296 458 999 549 567 
stack 121:    223 588 882 714 817 919 671 
stack 122:    729 972 73 657 963 828 886 
stack 123:    141 197 735 756 876 602 490 
stack 124:    230 804 71 597 751 239 685 
stack 125:    72 303 166 663 51 873 59 
stack 126:    468 371 562 353 862 992 361 
stack 127:    713 774 155 183 984 990 330 
stack 128:    298 888 52 61 790 248 264 
stack 129:    849 867 99 446 776 618 496 
stack 130:    846 471 443 402 842 372 982 
stack 131:    721 594 302 900 967 878 889 
stack 132:    243 591 844 606 709 587 794 
stack 133:    941 998 903 964 88 708 168 
stack 134:    124 836 580 233 916 227 421 
stack 135:    369 853 799 403 207 386 115 
stack 136:    914 154 613 120 661 980 858 
stack 137:    989 161 473 241 985 583 680 
stack 138:    880 480 793 415 764 695 333 
stack 139:    993 295 213 83 68 748 626 
stack 140:    576 704 762 255 857 198 860 
stack 141:    923 374 100 436 312 569 314 
stack 142:    465 816 783 101 808 134 911 
stack 143:    608 469 462 395 336 811 702 
stack 144:    129 877 763 940 102 840 98 
stack 145:    343 437 119 358 448 592 789 
stack 146:    109 631 655 739 696 189 770 
stack 147:    612 149 944 170 965 926 869 
stack 148:    767 376 830 133 367 752 610 
stack 149:    742 145 252 885 578 222 643 
stack 150:    772 337 953 976 479 340 105 

#####################################################

solved with: SP.post_optimization_methods.HillClimbing
time limit: 1800.0 s
time to solve: 514,48 s
objective value: 1291118.74

stacks (top to bottom):
stack 0:    
stack 1:    
stack 2:    502 501 
stack 3:    4 
stack 4:    3 
stack 5:    23 16 505 549 7 5 67 
stack 6:    6 437 19 748 254 507 506 
stack 7:    30 32 45 523 265 27 948 
stack 8:    371 931 53 143 41 359 35 
stack 9:    668 247 631 513 514 509 589 
stack 10:    750 119 274 756 18 405 602 
stack 11:    538 22 907 58 887 525 521 
stack 12:    72 415 207 420 13 566 333 
stack 13:    605 92 392 966 715 34 990 
stack 14:    586 377 462 107 716 261 373 
stack 15:    353 33 754 444 819 958 542 
stack 16:    516 260 977 536 852 441 199 
stack 17:    298 91 846 710 472 697 380 
stack 18:    142 49 553 341 616 232 582 
stack 19:    268 906 596 891 60 769 883 
stack 20:    285 150 556 893 100 418 599 
stack 21:    109 84 358 69 655 182 544 
stack 22:    895 528 110 802 940 29 85 
stack 23:    795 847 545 644 225 796 331 
stack 24:    238 859 543 178 820 789 356 
stack 25:    758 302 629 387 735 551 485 
stack 26:    97 242 998 166 54 334 982 
stack 27:    827 305 430 632 539 680 971 
stack 28:    803 969 57 164 273 934 611 
stack 29:    471 653 985 660 913 635 927 
stack 30:    672 914 436 952 541 894 661 
stack 31:    294 557 55 741 138 385 785 
stack 32:    742 154 535 216 976 703 724 
stack 33:    821 818 181 929 617 842 817 
stack 34:    474 393 452 851 590 986 152 
stack 35:    348 555 848 64 699 988 287 
stack 36:    939 494 630 169 606 299 537 
stack 37:    357 463 141 173 162 389 350 
stack 38:    440 217 300 736 647 449 118 
stack 39:    46 132 190 52 733 837 955 
stack 40:    800 295 484 684 425 689 563 
stack 41:    229 186 51 654 351 66 421 
stack 42:    890 774 366 122 192 172 78 
stack 43:    495 259 215 771 603 548 731 
stack 44:    442 488 844 349 77 98 834 
stack 45:    959 705 279 816 780 873 633 
stack 46:    478 593 949 76 201 475 794 
stack 47:    470 343 210 884 144 752 361 
stack 48:    140 674 231 220 695 75 685 
stack 49:    234 550 404 704 198 253 179 
stack 50:    622 323 319 195 106 226 227 
stack 51:    749 145 783 833 395 730 782 
stack 52:    103 219 267 269 400 669 560 
stack 53:    904 426 944 158 766 676 641 
stack 54:    909 638 912 681 101 480 777 
stack 55:    804 686 864 461 256 487 607 
stack 56:    146 732 401 580 999 320 168 
stack 57:    161 665 879 812 163 171 434 
stack 58:    849 920 574 467 352 650 946 
stack 59:    577 600 375 781 745 707 865 
stack 60:    165 125 970 153 984 435 738 
stack 61:    989 723 344 337 96 657 963 
stack 62:    196 62 391 479 683 615 954 
stack 63:    639 137 193 968 687 682 105 
stack 64:    87 454 191 701 965 126 911 
stack 65:    928 571 838 943 492 450 175 
stack 66:    258 807 972 120 935 139 282 
stack 67:    608 612 806 264 915 70 869 
stack 68:    835 623 987 311 176 239 700 
stack 69:    347 947 95 597 336 889 422 
stack 70:    223 224 317 252 457 281 276 
stack 71:    993 996 855 787 149 417 702 
stack 72:    613 974 902 155 614 933 942 
stack 73:    843 765 235 411 339 491 314 
stack 74:    221 967 670 407 624 878 327 
stack 75:    206 918 627 768 170 184 753 
stack 76:    0 500 
stack 77:    1 
stack 78:    2 
stack 79:    503 
stack 80:    8 791 416 504 
stack 81:    20 9 983 808 394 508 14 
stack 82:    729 519 690 200 866 510 326 
stack 83:    666 15 937 10 547 12 330 
stack 84:    517 728 431 11 642 312 718 
stack 85:    511 48 270 826 872 512 860 
stack 86:    71 651 241 628 515 898 21 
stack 87:    941 244 315 86 845 583 995 
stack 88:    773 38 522 24 840 211 526 
stack 89:    135 439 760 518 926 811 160 
stack 90:    17 127 529 830 734 222 531 
stack 91:    94 575 428 346 332 709 892 
stack 92:    588 962 460 717 828 280 520 
stack 93:    951 533 307 763 390 636 88 
stack 94:    381 429 25 218 363 739 696 
stack 95:    39 554 524 678 930 592 194 
stack 96:    693 382 925 901 757 413 797 
stack 97:    410 296 576 403 318 275 956 
stack 98:    37 121 594 620 609 263 584 
stack 99:    871 208 36 402 290 714 534 
stack 100:    427 619 861 368 564 831 189 
stack 101:    26 483 459 316 870 673 498 
stack 102:    468 527 585 286 725 203 881 
stack 103:    530 727 953 675 362 875 289 
stack 104:    923 369 921 648 42 388 28 
stack 105:    44 591 552 277 384 565 321 
stack 106:    772 532 711 721 310 868 464 
stack 107:    379 945 896 31 398 335 432 
stack 108:    230 108 322 646 546 40 788 
stack 109:    174 570 932 445 63 595 147 
stack 110:    882 271 643 950 874 598 671 
stack 111:    659 99 559 853 799 618 245 
stack 112:    649 779 755 130 433 905 770 
stack 113:    204 61 981 747 850 68 829 
stack 114:    213 561 292 784 810 994 778 
stack 115:    856 581 288 540 759 919 423 
stack 116:    713 568 481 73 354 134 567 
stack 117:    625 47 177 297 604 228 438 
stack 118:    572 692 924 365 183 824 43 
stack 119:    284 805 50 793 123 722 746 
stack 120:    497 156 56 93 374 822 493 
stack 121:    863 469 961 688 112 397 237 
stack 122:    973 128 815 489 102 364 486 
stack 123:    667 899 89 720 355 558 159 
stack 124:    499 832 65 975 456 610 59 
stack 125:    691 578 694 424 115 886 858 
stack 126:    809 111 376 957 482 762 419 
stack 127:    74 412 383 214 255 857 180 
stack 128:    897 124 743 293 916 922 814 
stack 129:    880 726 197 308 386 187 737 
stack 130:    342 751 740 658 250 719 477 
stack 131:    443 473 370 761 798 679 372 
stack 132:    825 283 900 345 409 205 839 
stack 133:    662 562 579 877 301 448 964 
stack 134:    801 157 466 399 406 151 712 
stack 135:    867 167 476 378 236 367 338 
stack 136:    634 836 188 79 652 272 569 
stack 137:    116 82 113 908 136 903 960 
stack 138:    202 698 663 938 313 240 621 
stack 139:    744 328 131 446 776 246 185 
stack 140:    854 453 360 340 876 257 490 
stack 141:    212 656 790 248 775 278 148 
stack 142:    309 303 979 885 813 81 496 
stack 143:    792 664 573 117 306 823 90 
stack 144:    451 249 991 396 414 764 104 
stack 145:    767 304 458 114 706 936 209 
stack 146:    455 80 862 910 917 626 997 
stack 147:    465 243 325 637 841 251 708 
stack 148:    888 329 83 408 587 786 980 
stack 149:    645 129 266 324 447 677 291 
stack 150:    978 601 640 992 133 233 262 
