lower bound for relaxed s_ij: 1291118.74

#####################################################

solved with: SP.mip_formulations.BinPackingFormulation
time limit: 1800.0 s
time to solve: 1812,34 s (time limit exceeded)
objective value: 1304362.82 (not optimal)

stacks (top to bottom):
stack 0:    9 2 3 6 16 1 0 
stack 1:    27 4 505 14 5 13 11 
stack 2:    28 33 7 12 10 19 22 
stack 3:    52 51 15 510 46 35 41 
stack 4:    24 23 8 501 18 17 21 
stack 5:    50 29 62 37 26 60 53 
stack 6:    55 42 36 61 20 48 63 
stack 7:    503 38 31 49 57 74 30 
stack 8:    66 45 59 67 44 69 32 
stack 9:    80 43 39 65 58 64 54 
stack 10:    82 68 100 83 78 73 56 
stack 11:    96 508 47 88 90 87 85 
stack 12:    77 70 502 92 91 106 72 
stack 13:    105 114 135 122 76 104 81 
stack 14:    147 141 101 177 169 71 152 
stack 15:    98 110 489 504 79 111 118 
stack 16:    107 109 84 507 112 93 94 
stack 17:    120 125 102 95 103 124 86 
stack 18:    515 509 511 136 131 116 97 
stack 19:    198 146 200 544 197 108 568 
stack 20:    138 128 143 130 129 134 113 
stack 21:    149 126 139 142 117 127 210 
stack 22:    148 155 133 119 154 186 191 
stack 23:    167 151 170 157 164 159 156 
stack 24:    140 171 166 162 161 160 168 
stack 25:    153 137 192 520 548 549 193 
stack 26:    175 173 183 163 185 172 188 
stack 27:    202 184 207 158 190 189 182 
stack 28:    203 165 187 205 195 174 214 
stack 29:    178 231 229 196 230 181 215 
stack 30:    558 180 204 194 217 223 220 
stack 31:    537 208 201 179 206 224 213 
stack 32:    211 241 221 219 226 516 234 
stack 33:    242 235 250 212 222 573 238 
stack 34:    246 530 521 243 519 265 216 
stack 35:    255 251 227 253 252 247 237 
stack 36:    267 266 258 239 262 272 254 
stack 37:    282 270 228 294 249 583 290 
stack 38:    268 281 244 240 271 274 273 
stack 39:    280 257 232 259 277 269 275 
stack 40:    319 306 263 256 324 664 645 
stack 41:    292 289 278 295 264 297 287 
stack 42:    540 283 553 279 299 303 276 
stack 43:    293 312 308 284 546 302 298 
stack 44:    300 360 331 309 723 660 353 
stack 45:    317 316 286 322 285 551 338 
stack 46:    315 332 329 323 318 288 320 
stack 47:    556 330 345 343 342 326 304 
stack 48:    305 325 339 336 333 310 314 
stack 49:    590 346 334 359 562 352 347 
stack 50:    337 354 340 355 341 335 362 
stack 51:    351 384 350 366 762 672 383 
stack 52:    374 380 348 375 361 369 367 
stack 53:    377 370 368 389 385 349 606 
stack 54:    358 365 395 372 371 373 386 
stack 55:    379 390 397 381 363 376 387 
stack 56:    417 393 409 440 391 792 734 
stack 57:    423 392 408 394 428 632 400 
stack 58:    702 611 631 429 411 401 407 
stack 59:    439 414 382 438 810 772 790 
stack 60:    640 435 430 431 398 399 404 
stack 61:    419 405 424 422 412 425 406 
stack 62:    445 416 448 442 434 426 588 
stack 63:    465 450 418 444 433 432 446 
stack 64:    455 437 493 420 459 475 457 
stack 65:    470 471 449 456 473 474 460 
stack 66:    463 441 466 452 436 458 467 
stack 67:    464 485 479 480 443 484 472 
stack 68:    469 487 482 481 483 461 477 
stack 69:    696 495 497 451 486 707 496 
stack 70:    688 491 499 468 488 476 478 
stack 71:    675 657 600 514 494 490 663 
stack 72:    641 635 642 506 518 498 655 
stack 73:    619 513 523 525 522 492 572 
stack 74:    605 649 607 512 532 462 638 
stack 75:    617 604 589 557 524 550 517 
stack 76:    559 538 527 570 
stack 77:    500 543 547 533 
stack 78:    555 541 531 539 
stack 79:    563 564 545 534 
stack 80:    552 575 565 574 597 
stack 81:    569 579 542 536 578 
stack 82:    599 592 571 609 
stack 83:    554 582 577 561 584 566 585 
stack 84:    639 628 576 560 626 598 648 
stack 85:    618 615 580 610 608 
stack 86:    596 581 591 601 
stack 87:    586 587 620 595 
stack 88:    625 602 594 633 622 
stack 89:    612 614 593 629 603 630 
stack 90:    637 624 627 616 613 
stack 91:    666 621 656 651 
stack 92:    650 647 634 
stack 93:    662 661 644 659 623 
stack 94:    643 673 670 678 653 658 
stack 95:    731 701 646 636 677 
stack 96:    691 676 652 694 654 
stack 97:    680 668 682 674 679 685 
stack 98:    687 686 683 692 667 689 690 
stack 99:    710 712 665 693 700 698 25 
stack 100:    713 711 684 697 669 
stack 101:    671 741 737 720 
stack 102:    526 721 738 726 722 705 695 
stack 103:    699 709 703 728 725 708 706 
stack 104:    716 729 727 724 719 730 717 
stack 105:    756 714 758 736 747 763 528 
stack 106:    742 733 718 745 743 735 529 
stack 107:    749 732 759 746 761 751 748 
stack 108:    752 768 750 764 740 770 754 
stack 109:    782 760 769 757 780 
stack 110:    767 826 783 755 766 
stack 111:    799 796 774 777 787 765 773 
stack 112:    784 781 803 771 778 34 535 
stack 113:    798 776 808 795 775 779 
stack 114:    715 813 786 811 801 800 805 
stack 115:    827 802 820 789 785 788 806 
stack 116:    819 807 815 804 809 793 816 
stack 117:    840 830 824 818 797 837 821 
stack 118:    814 40 822 828 817 838 842 
stack 119:    847 829 846 835 812 836 823 
stack 120:    831 859 843 873 868 862 825 
stack 121:    853 854 848 855 832 852 839 
stack 122:    860 856 857 858 849 863 841 
stack 123:    884 879 878 834 850 881 872 
stack 124:    882 889 865 851 904 917 892 
stack 125:    861 870 886 880 871 883 874 
stack 126:    877 869 896 876 866 887 844 
stack 127:    890 864 898 925 867 915 885 
stack 128:    891 912 900 910 903 929 894 
stack 129:    893 888 902 901 907 895 906 
stack 130:    914 913 909 899 908 897 918 
stack 131:    923 922 942 924 911 948 941 
stack 132:    935 931 920 932 919 927 916 
stack 133:    930 947 944 926 921 938 875 
stack 134:    940 950 955 953 928 949 969 
stack 135:    934 939 905 936 937 933 945 
stack 136:    960 952 951 958 943 962 957 
stack 137:    959 946 965 976 963 977 978 
stack 138:    999 972 993 985 974 964 979 
stack 139:    845 833 753 954 794 791 744 
stack 140:    971 967 984 975 981 970 956 
stack 141:    986 983 989 961 968 992 982 
stack 142:    681 987 973 966 988 567 739 
stack 143:    447 996 997 994 980 704 396 
stack 144:    413 998 995 991 990 454 453 
stack 145:    415 427 421 356 301 89 410 
stack 146:    327 123 357 402 403 388 321 
stack 147:    378 344 307 199 364 328 245 
stack 148:    260 132 296 248 313 145 236 
stack 149:    233 225 150 144 121 115 99 
stack 150:    261 311 291 75 218 209 176 

#####################################################

solved with: SP.constructive_heuristics.GeneralHeuristic
time limit: 1800.0 s
time to solve: 0,01 s
objective value: 1332178.21

stacks (top to bottom):
stack 0:    199 729 820 912 725 919 111 
stack 1:    198 967 637 950 493 741 836 
stack 2:    807 523 711 956 477 475 236 
stack 3:    605 140 286 880 810 978 321 
stack 4:    107 537 944 543 717 828 763 
stack 5:    463 931 782 818 18 49 275 
stack 6:    144 203 91 708 373 406 453 
stack 7:    891 560 964 375 57 209 176 
stack 8:    940 877 377 178 437 492 601 
stack 9:    233 374 432 507 336 467 287 
stack 10:    500 52 82 229 15 438 404 
stack 11:    742 506 412 20 801 174 632 
stack 12:    509 590 66 449 67 647 778 
stack 13:    481 183 483 318 341 32 578 
stack 14:    311 946 974 262 490 193 916 
stack 15:    378 364 413 612 393 636 580 
stack 16:    307 430 527 278 514 369 238 
stack 17:    447 914 569 339 680 253 400 
stack 18:    544 740 800 285 298 551 948 
stack 19:    344 296 429 726 47 130 288 
stack 20:    767 3 958 480 620 303 168 
stack 21:    175 563 96 855 815 933 546 
stack 22:    114 141 615 697 5 81 941 
stack 23:    589 554 305 662 468 360 918 
stack 24:    123 50 699 131 709 201 335 
stack 25:    315 155 97 186 264 747 21 
stack 26:    796 401 746 591 90 440 181 
stack 27:    715 602 522 158 64 172 516 
stack 28:    147 197 783 231 46 906 145 
stack 29:    600 661 502 61 897 106 588 
stack 30:    122 955 766 677 391 645 188 
stack 31:    999 716 165 42 23 808 154 
stack 32:    115 77 289 570 252 656 572 
stack 33:    427 587 937 271 695 474 608 
stack 34:    450 370 308 355 216 562 735 
stack 35:    482 342 684 14 673 720 868 
stack 36:    538 62 466 786 164 679 734 
stack 37:    856 125 519 970 759 794 821 
stack 38:    200 831 417 864 350 454 396 
stack 39:    847 882 225 337 557 408 426 
stack 40:    80 306 363 322 94 338 25 
stack 41:    415 40 146 497 101 169 658 
stack 42:    960 28 854 924 659 779 484 
stack 43:    649 235 354 36 905 362 276 
stack 44:    983 909 829 72 48 597 53 
stack 45:    98 110 38 489 598 367 872 
stack 46:    827 777 279 895 65 505 19 
stack 47:    75 752 901 217 907 113 894 
stack 48:    423 665 667 37 425 159 883 
stack 49:    27 973 451 988 867 772 892 
stack 50:    120 151 45 888 545 205 866 
stack 51:    997 268 899 473 963 863 606 
stack 52:    132 121 202 266 879 817 791 
stack 53:    893 738 112 582 706 323 780 
stack 54:    923 985 436 332 250 320 529 
stack 55:    248 491 822 676 579 534 152 
stack 56:    628 148 277 476 407 654 762 
stack 57:    688 357 100 902 811 73 245 
stack 58:    814 319 975 194 614 324 949 
stack 59:    68 513 456 395 651 191 383 
stack 60:    392 865 550 254 723 353 739 
stack 61:    109 365 405 460 748 302 583 
stack 62:    611 411 521 207 981 162 754 
stack 63:    116 444 259 92 78 539 966 
stack 64:    959 797 237 758 844 690 118 
stack 65:    292 246 764 599 581 761 462 
stack 66:    479 934 208 348 206 520 567 
stack 67:    351 984 270 722 691 670 223 
stack 68:    972 819 424 69 226 976 402 
stack 69:    753 889 834 446 272 730 881 
stack 70:    845 105 646 980 163 230 773 
stack 71:    328 196 671 630 420 76 535 
stack 72:    455 890 575 256 220 347 528 
stack 73:    398 59 555 343 542 384 871 
stack 74:    379 858 561 900 850 585 672 
stack 75:    421 397 703 381 903 273 85 
stack 76:    802 798 227 954 309 920 932 
stack 77:    150 487 713 389 770 751 326 
stack 78:    541 571 16 977 694 816 655 
stack 79:    301 989 553 626 660 704 638 
stack 80:    675 930 559 137 251 648 917 
stack 81:    971 95 44 682 498 26 13 
stack 82:    951 994 299 843 409 532 616 
stack 83:    639 232 499 70 876 478 486 
stack 84:    558 180 439 701 228 177 108 
stack 85:    640 625 43 787 634 284 472 
stack 86:    853 149 239 998 340 904 0 
stack 87:    470 756 55 621 247 79 957 
stack 88:    267 465 452 592 372 982 376 
stack 89:    565 803 185 823 63 790 979 
stack 90:    501 795 719 698 297 410 707 
stack 91:    358 913 774 804 294 304 60 
stack 92:    153 24 776 8 31 874 744 
stack 93:    749 947 533 142 422 195 674 
stack 94:    258 760 586 329 908 156 274 
stack 95:    922 431 281 171 190 35 805 
stack 96:    710 173 745 488 943 117 685 
stack 97:    469 993 840 221 925 210 388 
stack 98:    731 826 4 629 953 809 457 
stack 99:    784 33 692 17 990 842 927 
stack 100:    986 51 987 382 793 41 403 
stack 101:    619 884 508 7 781 58 627 
stack 102:    642 89 2 330 102 512 10 
stack 103:    346 441 644 139 736 700 434 
stack 104:    526 211 442 269 531 518 127 
stack 105:    260 300 524 724 213 573 56 
stack 106:    29 136 380 896 219 234 496 
stack 107:    261 418 12 129 852 898 104 
stack 108:    556 368 768 832 961 862 387 
stack 109:    952 167 702 789 594 910 314 
stack 110:    495 435 650 244 385 887 841 
stack 111:    317 813 824 458 448 992 366 
stack 112:    280 935 733 577 633 962 11 
stack 113:    617 530 293 721 643 517 549 
stack 114:    618 921 399 334 124 86 653 
stack 115:    681 996 128 613 873 161 825 
stack 116:    696 283 939 727 394 504 192 
stack 117:    291 552 204 603 461 915 969 
stack 118:    503 433 849 788 547 214 806 
stack 119:    99 445 119 494 428 443 1 
stack 120:    515 861 416 859 240 182 875 
stack 121:    928 71 459 349 22 54 290 
stack 122:    631 345 870 160 678 87 885 
stack 123:    419 212 785 991 936 371 536 
stack 124:    356 942 564 88 525 938 610 
stack 125:    485 325 295 965 851 224 548 
stack 126:    860 683 878 693 775 222 945 
stack 127:    135 263 593 574 839 313 663 
stack 128:    312 750 316 705 911 249 568 
stack 129:    464 255 668 769 241 765 609 
stack 130:    635 282 414 755 166 189 215 
stack 131:    657 857 848 187 595 743 386 
stack 132:    327 390 133 331 361 623 30 
stack 133:    138 926 134 652 812 846 757 
stack 134:    242 830 718 170 310 968 622 
stack 135:    641 143 243 869 184 886 669 
stack 136:    604 687 126 179 728 333 93 
stack 137:    607 686 84 837 74 689 34 
stack 138:    732 510 737 929 352 664 792 
stack 139:    9 624 39 566 584 83 359 
stack 140:    257 666 712 995 6 838 218 
stack 141:    833 540 596 799 471 103 835 
stack 142:    265 
stack 143:    157 
stack 144:    576 714 
stack 145:    771 
stack 146:    511 
stack 147:    
stack 148:    
stack 149:    
stack 150:    
