lower bound for relaxed s_ij: 1177703.28

#####################################################

solved with: SP.constructive_heuristics.GeneralHeuristic
time limit: 3600.0 s
time to solve: 0,00 s
objective value: 1303761.62

stacks (top to bottom):
stack 0:    147 664 742 638 758 807 
stack 1:    436 41 700 939 422 64 
stack 2:    492 757 691 12 295 785 
stack 3:    976 396 243 920 289 456 
stack 4:    255 52 172 332 190 601 
stack 5:    852 564 441 241 967 844 
stack 6:    884 259 348 949 369 712 
stack 7:    49 898 213 706 418 847 
stack 8:    724 590 574 687 113 894 
stack 9:    423 812 38 856 907 497 
stack 10:    958 29 111 571 205 520 
stack 11:    353 377 260 427 67 513 
stack 12:    420 568 245 177 157 746 
stack 13:    93 125 217 879 886 339 
stack 14:    931 736 330 753 393 542 
stack 15:    14 529 101 468 821 869 
stack 16:    131 546 778 642 690 937 
stack 17:    701 719 682 77 221 268 
stack 18:    644 434 717 22 636 607 
stack 19:    478 729 554 795 425 75 
stack 20:    117 798 665 184 598 389 
stack 21:    45 490 809 504 457 519 
stack 22:    516 860 408 319 797 31 
stack 23:    315 435 307 69 472 450 
stack 24:    947 146 861 98 194 640 
stack 25:    476 794 421 66 597 813 
stack 26:    250 484 461 595 466 648 
stack 27:    663 935 430 801 58 136 
stack 28:    452 781 460 285 970 459 
stack 29:    748 716 483 754 990 766 
stack 30:    464 790 316 563 346 614 
stack 31:    841 926 73 981 769 959 
stack 32:    446 312 749 592 42 130 
stack 33:    55 128 53 971 416 43 
stack 34:    713 232 893 148 175 653 
stack 35:    340 765 984 744 829 612 
stack 36:    567 707 247 154 48 535 
stack 37:    782 150 943 479 200 13 
stack 38:    531 875 505 323 593 918 
stack 39:    82 267 820 72 963 46 
stack 40:    587 909 488 103 116 942 
stack 41:    631 508 655 573 220 885 
stack 42:    786 20 169 370 37 671 
stack 43:    927 585 676 881 616 906 
stack 44:    278 152 905 63 992 410 
stack 45:    59 999 433 985 880 32 
stack 46:    651 114 413 347 173 498 
stack 47:    477 912 673 792 556 162 
stack 48:    455 865 288 808 641 329 
stack 49:    291 188 934 373 726 632 
stack 50:    783 121 668 721 621 625 
stack 51:    871 139 431 79 62 780 
stack 52:    826 501 919 193 419 699 
stack 53:    336 978 591 966 902 223 
stack 54:    231 662 615 299 718 888 
stack 55:    965 381 491 750 411 126 
stack 56:    588 900 382 580 96 263 
stack 57:    57 424 74 752 397 449 
stack 58:    540 379 839 272 99 226 
stack 59:    493 953 647 451 186 538 
stack 60:    324 850 658 83 688 442 
stack 61:    627 78 6 950 602 313 
stack 62:    957 279 344 159 872 292 
stack 63:    805 251 47 360 537 262 
stack 64:    961 705 242 198 80 734 
stack 65:    827 637 384 896 854 660 
stack 66:    4 654 923 112 863 233 
stack 67:    164 391 15 403 335 81 
stack 68:    916 303 954 530 511 105 
stack 69:    206 775 387 286 509 948 
stack 70:    385 572 371 406 522 995 
stack 71:    779 711 203 158 25 244 
stack 72:    364 864 932 867 383 988 
stack 73:    666 21 843 620 141 824 
stack 74:    512 579 914 174 500 187 
stack 75:    86 764 357 858 306 737 
stack 76:    269 771 767 683 816 109 
stack 77:    815 945 392 366 851 936 
stack 78:    646 68 819 756 526 235 
stack 79:    133 204 723 964 610 760 
stack 80:    708 349 710 342 144 776 
stack 81:    903 528 837 882 933 467 
stack 82:    977 626 525 218 65 521 
stack 83:    842 993 28 338 61 365 
stack 84:    60 296 814 929 129 670 
stack 85:    975 264 986 143 834 727 
stack 86:    107 236 503 619 257 197 
stack 87:    412 238 358 8 703 106 
stack 88:    755 652 1 417 720 732 
stack 89:    50 550 496 751 693 137 
stack 90:    698 840 3 290 167 298 
stack 91:    643 559 515 725 195 363 
stack 92:    97 661 868 650 968 740 
stack 93:    327 800 376 180 777 629 
stack 94:    463 325 202 322 606 669 
stack 95:    212 453 747 996 134 10 
stack 96:    818 222 155 234 388 39 
stack 97:    908 803 140 70 480 280 
stack 98:    582 401 36 76 196 890 
stack 99:    161 56 35 84 659 399 
stack 100:    275 628 17 51 375 199 
stack 101:    252 19 962 548 539 225 
stack 102:    345 728 773 517 181 149 
stack 103:    596 127 972 514 836 982 
stack 104:    273 138 100 823 426 789 
stack 105:    71 201 287 283 439 891 
stack 106:    849 386 674 185 305 475 
stack 107:    956 846 630 741 354 730 
stack 108:    998 603 378 110 702 704 
stack 109:    207 576 738 445 293 876 
stack 110:    873 23 318 317 584 33 
stack 111:    228 787 838 624 367 337 
stack 112:    297 415 486 911 409 254 
stack 113:    848 870 828 685 108 608 
stack 114:    639 532 142 334 618 165 
stack 115:    928 991 735 224 951 341 
stack 116:    855 770 832 518 562 274 
stack 117:    811 502 115 586 930 281 
stack 118:    104 793 308 974 102 208 
stack 119:    768 122 390 271 862 679 
stack 120:    545 458 569 940 145 176 
stack 121:    372 739 374 132 904 799 
stack 122:    969 351 135 759 722 553 
stack 123:    677 527 487 921 400 994 
stack 124:    791 326 570 216 594 18 
stack 125:    895 859 230 462 901 667 
stack 126:    9 551 156 91 489 469 
stack 127:    557 565 944 822 311 536 
stack 128:    830 256 952 835 474 304 
stack 129:    695 613 714 715 92 806 
stack 130:    398 581 189 733 7 547 
stack 131:    118 282 294 874 583 30 
stack 132:    394 310 495 266 913 470 
stack 133:    437 124 635 633 997 544 
stack 134:    599 429 481 443 229 955 
stack 135:    301 120 395 380 686 85 
stack 136:    845 485 960 523 656 265 
stack 137:    938 561 276 924 541 471 
stack 138:    605 831 983 258 604 774 
stack 139:    171 54 549 684 88 506 
stack 140:    0 239 473 784 694 359 
stack 141:    788 941 899 680 95 810 
stack 142:    897 361 352 763 444 980 
stack 143:    833 166 211 672 558 237 
stack 144:    979 534 210 925 246 524 
stack 145:    11 170 804 350 44 402 
stack 146:    577 657 89 321 219 94 
stack 147:    878 343 482 163 692 609 
stack 148:    696 857 499 853 634 689 
stack 149:    600 447 16 772 552 26 
stack 150:    910 915 761 277 883 191 
stack 151:    309 300 440 892 215 681 
stack 152:    622 182 465 917 675 743 
stack 153:    762 368 645 510 709 356 
stack 154:    543 407 987 160 2 178 
stack 155:    153 887 214 314 119 555 
stack 156:    248 428 877 261 560 331 
stack 157:    889 302 745 404 796 494 
stack 158:    320 253 270 328 355 227 
stack 159:    249 192 40 697 617 333 
stack 160:    946 24 438 533 825 284 
stack 161:    611 866 362 989 179 731 
stack 162:    802 90 151 209 623 405 
stack 163:    589 168 123 5 432 414 
stack 164:    578 27 34 973 649 454 
stack 165:    240 678 
stack 166:    817 507 566 448 922 
stack 167:    183 
stack 168:    87 
stack 169:    575 
stack 170:    
stack 171:    
stack 172:    
stack 173:    
stack 174:    
stack 175:    
stack 176:    
stack 177:    
stack 178:    
stack 179:    
stack 180:    
stack 181:    
stack 182:    
stack 183:    
stack 184:    
stack 185:    
stack 186:    
stack 187:    
stack 188:    
stack 189:    
stack 190:    
stack 191:    
stack 192:    
stack 193:    
stack 194:    
stack 195:    
stack 196:    
stack 197:    
stack 198:    
stack 199:    
stack 200:    
