lower bound for relaxed s_ij: 1177676.52

#####################################################

solved with: SP.constructive_heuristics.GeneralHeuristic
time limit: 3600.0 s
time to solve: 0,00 s
objective value: 1296519.94

stacks (top to bottom):
stack 0:    379 318 452 86 668 414 
stack 1:    55 405 280 390 188 872 
stack 2:    38 637 533 557 601 334 
stack 3:    785 932 600 675 89 728 
stack 4:    305 607 961 735 606 473 
stack 5:    367 498 901 153 21 163 
stack 6:    569 660 152 74 332 576 
stack 7:    256 753 119 0 732 165 
stack 8:    888 594 822 836 518 12 
stack 9:    514 894 35 90 515 941 
stack 10:    631 423 169 647 934 230 
stack 11:    259 108 800 610 359 478 
stack 12:    79 94 578 547 372 424 
stack 13:    61 962 442 412 928 551 
stack 14:    24 294 528 987 508 591 
stack 15:    242 969 234 361 746 362 
stack 16:    555 298 525 973 792 636 
stack 17:    617 291 208 417 488 232 
stack 18:    156 762 924 646 848 60 
stack 19:    88 144 485 634 789 23 
stack 20:    407 148 93 470 50 608 
stack 21:    76 358 324 863 58 229 
stack 22:    1 486 143 369 475 972 
stack 23:    117 391 257 914 360 892 
stack 24:    947 682 177 767 80 702 
stack 25:    960 285 99 661 436 769 
stack 26:    429 523 313 663 645 799 
stack 27:    520 349 771 404 129 790 
stack 28:    69 395 513 262 677 224 
stack 29:    351 277 416 151 96 554 
stack 30:    905 648 876 489 219 266 
stack 31:    504 858 828 189 759 166 
stack 32:    368 624 457 865 741 51 
stack 33:    786 105 209 615 935 766 
stack 34:    670 959 573 29 967 302 
stack 35:    652 184 994 659 772 345 
stack 36:    434 172 726 476 438 492 
stack 37:    825 686 124 564 370 581 
stack 38:    983 791 870 819 272 517 
stack 39:    649 350 708 915 252 856 
stack 40:    270 829 820 195 696 10 
stack 41:    320 32 462 20 851 832 
stack 42:    260 130 998 371 802 47 
stack 43:    454 54 979 565 52 71 
stack 44:    453 506 286 835 65 468 
stack 45:    665 22 340 574 933 445 
stack 46:    878 87 196 537 611 539 
stack 47:    46 85 712 341 632 906 
stack 48:    83 181 218 162 527 988 
stack 49:    366 990 827 394 603 638 
stack 50:    627 842 826 68 689 781 
stack 51:    532 263 727 487 276 146 
stack 52:    855 17 805 739 725 491 
stack 53:    72 944 986 430 808 950 
stack 54:    109 583 590 121 544 191 
stack 55:    192 662 45 734 348 919 
stack 56:    618 693 374 207 904 680 
stack 57:    838 432 331 685 357 138 
stack 58:    654 880 724 31 975 136 
stack 59:    431 999 483 954 886 818 
stack 60:    736 499 352 287 722 44 
stack 61:    831 202 308 347 233 577 
stack 62:    744 770 265 723 134 903 
stack 63:    887 471 164 155 104 344 
stack 64:    154 174 911 940 176 849 
stack 65:    111 36 382 541 455 929 
stack 66:    437 604 562 201 629 102 
stack 67:    293 756 317 852 193 788 
stack 68:    913 336 854 609 613 582 
stack 69:    309 26 549 221 666 625 
stack 70:    883 190 823 421 616 329 
stack 71:    37 980 206 398 752 908 
stack 72:    811 923 393 773 588 235 
stack 73:    801 319 385 853 217 534 
stack 74:    283 949 559 183 778 991 
stack 75:    408 216 804 70 706 733 
stack 76:    966 873 186 439 158 337 
stack 77:    742 215 15 877 751 289 
stack 78:    248 777 704 780 764 222 
stack 79:    816 619 653 599 449 282 
stack 80:    909 19 386 803 776 500 
stack 81:    273 63 575 716 817 715 
stack 82:    435 296 236 493 91 399 
stack 83:    899 335 845 480 43 413 
stack 84:    958 496 306 530 586 82 
stack 85:    92 328 321 376 101 687 
stack 86:    774 167 392 699 672 114 
stack 87:    630 731 48 509 185 964 
stack 88:    623 847 8 664 812 678 
stack 89:    945 157 639 339 472 78 
stack 90:    330 28 916 39 896 178 
stack 91:    210 993 481 974 797 867 
stack 92:    378 683 66 122 274 205 
stack 93:    307 673 589 198 957 495 
stack 94:    103 850 474 410 698 657 
stack 95:    428 375 989 658 535 422 
stack 96:    684 561 115 730 572 930 
stack 97:    16 251 278 240 970 377 
stack 98:    326 558 743 951 250 67 
stack 99:    131 869 956 977 926 671 
stack 100:    57 64 467 946 598 626 
stack 101:    809 116 503 692 226 482 
stack 102:    325 900 281 655 220 931 
stack 103:    512 239 922 427 4 314 
stack 104:    697 542 381 760 875 303 
stack 105:    529 187 342 497 556 841 
stack 106:    868 754 322 107 749 844 
stack 107:    705 824 253 859 996 406 
stack 108:    902 701 779 373 968 316 
stack 109:    955 484 763 895 418 526 
stack 110:    425 953 268 194 384 948 
stack 111:    691 397 925 159 580 633 
stack 112:    49 110 267 73 765 241 
stack 113:    891 95 479 327 719 403 
stack 114:    98 100 25 13 118 426 
stack 115:    458 821 261 446 516 521 
stack 116:    84 674 755 912 740 882 
stack 117:    721 150 745 62 703 814 
stack 118:    927 409 921 180 135 245 
stack 119:    469 700 834 881 938 709 
stack 120:    365 885 642 596 411 560 
stack 121:    304 441 884 59 874 622 
stack 122:    782 258 401 6 857 866 
stack 123:    275 2 566 538 81 694 
stack 124:    592 364 963 918 145 179 
stack 125:    550 333 711 794 255 315 
stack 126:    290 433 419 161 758 579 
stack 127:    247 40 14 299 714 142 
stack 128:    225 223 211 160 310 464 
stack 129:    952 173 228 524 748 750 
stack 130:    171 640 466 97 650 197 
stack 131:    203 227 505 862 204 312 
stack 132:    42 355 123 465 920 128 
stack 133:    249 444 460 353 27 133 
stack 134:    440 861 243 893 815 9 
stack 135:    264 602 383 200 976 507 
stack 136:    860 839 400 7 463 540 
stack 137:    536 456 231 75 279 11 
stack 138:    676 238 807 141 795 775 
stack 139:    140 720 244 718 971 910 
stack 140:    898 570 843 461 871 651 
stack 141:    338 346 77 33 978 563 
stack 142:    182 897 982 354 669 917 
stack 143:    246 522 132 389 531 833 
stack 144:    548 380 502 396 864 587 
stack 145:    597 494 784 147 170 846 
stack 146:    387 965 985 212 707 997 
stack 147:    595 984 459 890 840 830 
stack 148:    713 747 729 936 297 30 
stack 149:    787 113 939 149 311 643 
stack 150:    388 126 621 710 450 567 
stack 151:    112 323 292 717 546 593 
stack 152:    614 18 402 237 584 415 
stack 153:    214 942 363 552 681 34 
stack 154:    992 53 695 3 783 981 
stack 155:    937 168 545 451 447 553 
stack 156:    806 813 585 737 635 644 
stack 157:    641 139 106 41 271 688 
stack 158:    301 199 943 254 175 443 
stack 159:    612 127 837 269 889 284 
stack 160:    448 120 490 420 501 213 
stack 161:    667 628 995 295 511 605 
stack 162:    125 543 56 356 5 768 
stack 163:    757 300 137 288 510 761 
stack 164:    519 343 738 656 690 
stack 165:    810 798 879 796 
stack 166:    571 620 
stack 167:    679 793 
stack 168:    907 
stack 169:    568 
stack 170:    477 
stack 171:    
stack 172:    
stack 173:    
stack 174:    
stack 175:    
stack 176:    
stack 177:    
stack 178:    
stack 179:    
stack 180:    
stack 181:    
stack 182:    
stack 183:    
stack 184:    
stack 185:    
stack 186:    
stack 187:    
stack 188:    
stack 189:    
stack 190:    
stack 191:    
stack 192:    
stack 193:    
stack 194:    
stack 195:    
stack 196:    
stack 197:    
stack 198:    
stack 199:    
stack 200:    
