lower bound for relaxed s_ij: 1177692.34

#####################################################

solved with: SP.constructive_heuristics.GeneralHeuristic
time limit: 3600.0 s
time to solve: 0,00 s
objective value: 1298144.01

stacks (top to bottom):
stack 0:    844 726 358 474 875 102 
stack 1:    446 92 477 217 436 466 
stack 2:    302 5 140 869 740 758 
stack 3:    393 646 719 911 494 857 
stack 4:    297 200 417 708 18 612 
stack 5:    383 16 724 606 712 318 
stack 6:    910 717 770 273 223 408 
stack 7:    218 796 111 668 91 633 
stack 8:    181 744 563 674 138 468 
stack 9:    837 988 215 80 960 359 
stack 10:    566 360 354 916 583 795 
stack 11:    946 651 51 854 940 810 
stack 12:    564 176 888 855 759 263 
stack 13:    541 567 592 805 260 590 
stack 14:    991 609 258 817 164 486 
stack 15:    850 79 938 103 368 45 
stack 16:    764 402 894 950 930 975 
stack 17:    239 207 868 242 664 737 
stack 18:    584 973 739 87 721 101 
stack 19:    849 524 423 448 730 198 
stack 20:    462 774 27 499 221 146 
stack 21:    271 187 150 307 268 891 
stack 22:    943 772 440 314 328 521 
stack 23:    766 444 96 889 155 957 
stack 24:    511 42 998 969 31 771 
stack 25:    415 467 815 199 599 279 
stack 26:    471 88 110 976 191 407 
stack 27:    580 470 501 517 70 119 
stack 28:    698 543 145 713 410 551 
stack 29:    270 821 802 508 411 309 
stack 30:    623 400 961 44 62 605 
stack 31:    953 171 153 41 928 797 
stack 32:    374 828 7 106 552 276 
stack 33:    1 179 430 848 763 813 
stack 34:    939 970 787 550 437 746 
stack 35:    560 82 378 689 642 989 
stack 36:    510 809 528 723 586 317 
stack 37:    4 652 598 356 917 852 
stack 38:    656 597 162 725 997 798 
stack 39:    117 457 77 144 683 224 
stack 40:    979 121 662 538 32 285 
stack 41:    228 822 602 165 824 364 
stack 42:    122 326 864 449 30 250 
stack 43:    89 266 248 801 834 909 
stack 44:    912 395 876 129 94 348 
stack 45:    558 452 315 34 856 536 
stack 46:    823 339 233 29 578 699 
stack 47:    208 351 679 284 435 996 
stack 48:    443 189 929 455 249 390 
stack 49:    984 648 406 47 64 982 
stack 50:    788 159 786 46 858 23 
stack 51:    135 526 886 405 369 300 
stack 52:    720 264 860 782 424 281 
stack 53:    596 924 954 229 267 529 
stack 54:    35 895 491 381 684 675 
stack 55:    127 447 173 825 205 156 
stack 56:    432 898 157 431 403 352 
stack 57:    490 814 442 458 866 203 
stack 58:    686 941 342 139 610 154 
stack 59:    109 353 55 666 128 148 
stack 60:    507 380 731 238 985 90 
stack 61:    220 13 702 68 853 581 
stack 62:    920 892 775 622 549 890 
stack 63:    756 246 905 141 498 660 
stack 64:    873 211 269 394 556 742 
stack 65:    965 291 433 497 816 690 
stack 66:    57 542 387 707 670 967 
stack 67:    338 95 847 160 404 628 
stack 68:    3 867 530 572 439 332 
stack 69:    692 216 672 386 73 865 
stack 70:    547 992 429 24 995 416 
stack 71:    324 851 236 19 504 206 
stack 72:    956 132 533 711 908 804 
stack 73:    784 493 963 335 40 792 
stack 74:    329 645 108 197 56 53 
stack 75:    488 123 716 230 409 625 
stack 76:    799 933 133 330 843 593 
stack 77:    313 481 639 479 169 306 
stack 78:    589 425 391 728 657 926 
stack 79:    745 438 231 776 601 729 
stack 80:    616 183 635 532 126 375 
stack 81:    687 952 65 434 800 903 
stack 82:    345 907 512 794 901 781 
stack 83:    15 419 923 195 753 735 
stack 84:    862 325 204 819 885 617 
stack 85:    456 883 820 421 663 841 
stack 86:    454 298 607 757 11 677 
stack 87:    346 700 312 22 887 649 
stack 88:    212 582 219 161 785 385 
stack 89:    83 399 871 450 299 483 
stack 90:    734 778 762 557 574 480 
stack 91:    838 676 21 733 413 789 
stack 92:    389 71 859 225 392 790 
stack 93:    900 624 637 904 971 896 
stack 94:    587 384 836 349 527 100 
stack 95:    178 84 194 261 962 441 
stack 96:    152 340 347 673 8 172 
stack 97:    166 540 475 553 777 337 
stack 98:    715 428 514 445 59 175 
stack 99:    964 247 629 661 636 608 
stack 100:    641 116 915 681 604 292 
stack 101:    709 259 143 682 422 914 
stack 102:    863 955 379 840 105 274 
stack 103:    697 130 86 294 289 188 
stack 104:    680 420 396 658 327 14 
stack 105:    322 0 620 615 611 575 
stack 106:    308 398 934 569 765 202 
stack 107:    107 75 525 81 874 343 
stack 108:    919 67 496 959 210 301 
stack 109:    118 994 460 305 377 818 
stack 110:    736 367 793 397 921 845 
stack 111:    376 6 310 791 945 619 
stack 112:    927 768 918 114 925 705 
stack 113:    170 935 28 272 336 251 
stack 114:    603 710 280 694 256 241 
stack 115:    451 643 265 626 506 426 
stack 116:    193 85 695 977 76 600 
stack 117:    754 331 562 899 17 749 
stack 118:    254 751 595 295 806 235 
stack 119:    137 839 667 184 937 878 
stack 120:    548 500 951 659 192 482 
stack 121:    947 906 61 151 884 990 
stack 122:    880 33 741 49 168 835 
stack 123:    718 621 644 333 185 958 
stack 124:    20 722 520 513 234 484 
stack 125:    634 113 577 913 537 492 
stack 126:    201 97 244 665 120 870 
stack 127:    370 671 678 104 10 877 
stack 128:    414 640 882 826 334 357 
stack 129:    12 807 361 2 282 509 
stack 130:    534 58 227 769 366 516 
stack 131:    968 388 655 177 52 459 
stack 132:    591 213 613 685 63 752 
stack 133:    981 372 571 50 727 987 
stack 134:    829 980 286 812 290 902 
stack 135:    832 344 373 502 321 518 
stack 136:    942 588 594 365 243 495 
stack 137:    573 232 539 401 363 893 
stack 138:    134 932 972 461 371 750 
stack 139:    503 174 780 701 255 808 
stack 140:    654 74 944 653 546 783 
stack 141:    131 879 936 36 319 966 
stack 142:    167 287 999 472 691 112 
stack 143:    568 630 136 570 696 748 
stack 144:    846 767 48 464 489 226 
stack 145:    465 688 320 196 650 647 
stack 146:    78 669 182 54 222 714 
stack 147:    124 72 585 738 60 833 
stack 148:    278 872 147 485 209 39 
stack 149:    515 275 703 732 773 983 
stack 150:    704 163 842 519 418 240 
stack 151:    559 986 522 760 9 523 
stack 152:    37 554 69 861 881 761 
stack 153:    614 186 66 316 283 469 
stack 154:    158 487 831 98 262 427 
stack 155:    579 43 296 476 142 638 
stack 156:    978 288 544 303 214 811 
stack 157:    311 555 473 565 453 531 
stack 158:    362 253 755 245 993 99 
stack 159:    897 478 743 26 706 
stack 160:    149 257 304 463 190 277 
stack 161:    949 948 355 535 830 922 
stack 162:    180 25 382 576 974 412 
stack 163:    779 632 38 545 618 631 
stack 164:    350 
stack 165:    747 931 252 293 341 827 
stack 166:    237 561 93 
stack 167:    115 
stack 168:    693 627 
stack 169:    505 323 
stack 170:    803 
stack 171:    125 
stack 172:    
stack 173:    
stack 174:    
stack 175:    
stack 176:    
stack 177:    
stack 178:    
stack 179:    
stack 180:    
stack 181:    
stack 182:    
stack 183:    
stack 184:    
stack 185:    
stack 186:    
stack 187:    
stack 188:    
stack 189:    
stack 190:    
stack 191:    
stack 192:    
stack 193:    
stack 194:    
stack 195:    
stack 196:    
stack 197:    
stack 198:    
stack 199:    
stack 200:    
