lower bound for relaxed s_ij: 1177691.16

#####################################################

solved with: SP.constructive_heuristics.GeneralHeuristic
time limit: 3600.0 s
time to solve: 0,00 s
objective value: 1300798.32

stacks (top to bottom):
stack 0:    364 222 840 587 157 353 
stack 1:    999 906 322 618 398 425 
stack 2:    42 429 874 667 907 321 
stack 3:    751 224 742 302 569 707 
stack 4:    948 178 185 301 345 261 
stack 5:    534 761 772 722 158 333 
stack 6:    153 454 96 790 396 323 
stack 7:    706 406 75 313 943 865 
stack 8:    23 909 14 152 480 904 
stack 9:    234 2 756 156 659 421 
stack 10:    194 880 172 186 807 885 
stack 11:    330 424 188 889 988 553 
stack 12:    180 31 888 289 334 270 
stack 13:    559 54 613 304 647 573 
stack 14:    98 426 640 214 711 736 
stack 15:    305 539 306 144 766 915 
stack 16:    530 750 806 893 606 438 
stack 17:    311 209 469 237 804 462 
stack 18:    195 184 728 314 887 221 
stack 19:    666 410 93 174 189 356 
stack 20:    354 709 471 902 704 287 
stack 21:    116 843 476 819 495 697 
stack 22:    286 524 572 724 676 594 
stack 23:    134 91 566 47 571 228 
stack 24:    561 373 468 482 532 672 
stack 25:    300 112 792 121 346 97 
stack 26:    315 632 820 339 433 544 
stack 27:    899 890 771 617 946 452 
stack 28:    151 833 990 654 405 952 
stack 29:    881 170 110 477 944 255 
stack 30:    720 100 165 506 732 536 
stack 31:    357 623 584 960 65 690 
stack 32:    508 142 681 52 738 285 
stack 33:    391 989 850 767 851 251 
stack 34:    76 179 637 503 43 800 
stack 35:    747 226 619 809 967 897 
stack 36:    831 254 297 296 876 981 
stack 37:    993 30 407 455 399 371 
stack 38:    924 759 414 139 102 415 
stack 39:    608 665 467 878 563 968 
stack 40:    400 257 642 326 444 634 
stack 41:    316 551 61 592 295 86 
stack 42:    873 511 81 502 682 362 
stack 43:    35 710 758 210 68 796 
stack 44:    276 581 668 678 203 770 
stack 45:    64 858 369 703 239 808 
stack 46:    625 483 435 554 715 834 
stack 47:    901 823 319 673 908 491 
stack 48:    419 39 159 912 773 727 
stack 49:    367 607 351 749 216 979 
stack 50:    272 238 280 651 591 764 
stack 51:    264 136 932 845 381 164 
stack 52:    288 458 46 716 663 930 
stack 53:    963 695 87 671 846 428 
stack 54:    610 867 256 325 343 183 
stack 55:    957 540 436 870 440 992 
stack 56:    293 215 896 611 674 487 
stack 57:    292 253 497 718 670 980 
stack 58:    864 365 449 769 430 842 
stack 59:    248 299 171 787 626 794 
stack 60:    753 579 149 712 525 263 
stack 61:    955 103 974 596 168 324 
stack 62:    416 927 774 931 262 517 
stack 63:    786 494 609 582 929 59 
stack 64:    739 729 446 349 884 575 
stack 65:    959 643 578 16 88 781 
stack 66:    432 445 21 737 639 713 
stack 67:    230 793 638 854 348 919 
stack 68:    641 420 499 965 336 868 
stack 69:    231 66 923 241 379 138 
stack 70:    783 856 522 122 692 431 
stack 71:    725 32 768 797 745 340 
stack 72:    941 485 303 743 958 504 
stack 73:    8 402 92 740 903 977 
stack 74:    621 664 412 266 829 777 
stack 75:    337 708 848 552 450 366 
stack 76:    298 154 583 211 813 597 
stack 77:    318 567 866 945 936 265 
stack 78:    196 835 240 937 484 233 
stack 79:    614 985 106 331 114 894 
stack 80:    589 62 71 735 118 653 
stack 81:    696 949 3 15 268 223 
stack 82:    905 332 493 5 119 730 
stack 83:    882 489 886 40 45 900 
stack 84:    166 560 863 490 717 401 
stack 85:    115 460 871 368 281 986 
stack 86:    510 776 862 811 409 69 
stack 87:    892 135 693 616 258 259 
stack 88:    18 6 120 128 861 200 
stack 89:    143 997 509 920 877 546 
stack 90:    973 197 155 447 574 744 
stack 91:    474 418 814 227 33 836 
stack 92:    940 169 213 417 731 117 
stack 93:    463 938 10 290 779 465 
stack 94:    869 966 580 13 274 576 
stack 95:    271 822 375 984 987 644 
stack 96:    176 44 132 267 827 126 
stack 97:    543 775 593 386 247 538 
stack 98:    815 910 130 652 698 242 
stack 99:    397 73 19 971 763 595 
stack 100:    828 451 147 975 817 284 
stack 101:    140 434 355 34 7 111 
stack 102:    63 85 137 124 161 473 
stack 103:    620 883 374 565 246 22 
stack 104:    519 113 962 895 586 220 
stack 105:    942 760 746 457 646 677 
stack 106:    58 784 384 849 669 805 
stack 107:    79 150 947 635 507 344 
stack 108:    636 810 204 802 996 320 
stack 109:    441 550 998 277 377 80 
stack 110:    855 342 105 403 486 824 
stack 111:    89 358 624 307 370 585 
stack 112:    752 217 501 562 317 505 
stack 113:    90 50 733 857 528 515 
stack 114:    650 541 700 939 38 860 
stack 115:    661 954 269 555 838 392 
stack 116:    36 950 518 556 972 879 
stack 117:    726 602 359 338 548 206 
stack 118:    818 177 475 145 577 521 
stack 119:    187 588 765 55 837 310 
stack 120:    279 627 916 925 687 193 
stack 121:    218 328 107 921 788 163 
stack 122:    456 350 378 844 9 182 
stack 123:    273 461 549 512 12 341 
stack 124:    683 500 199 95 453 547 
stack 125:    278 918 360 812 714 390 
stack 126:    478 70 131 917 11 852 
stack 127:    785 382 557 598 841 191 
stack 128:    961 741 830 622 125 953 
stack 129:    94 656 976 662 439 995 
stack 130:    757 77 801 778 933 235 
stack 131:    798 291 645 104 335 427 
stack 132:    229 250 442 657 705 782 
stack 133:    51 308 816 190 898 208 
stack 134:    488 612 423 839 470 41 
stack 135:    26 133 389 387 252 207 
stack 136:    219 825 780 754 721 225 
stack 137:    466 875 148 27 859 173 
stack 138:    964 205 832 630 526 648 
stack 139:    633 570 361 57 748 352 
stack 140:    376 545 109 755 542 175 
stack 141:    631 492 604 911 675 791 
stack 142:    914 529 413 926 601 691 
stack 143:    803 408 141 533 568 762 
stack 144:    48 84 1 129 699 789 
stack 145:    83 969 702 245 437 913 
stack 146:    380 459 590 74 688 78 
stack 147:    847 684 599 853 799 994 
stack 148:    891 28 411 243 535 680 
stack 149:    496 4 162 20 294 734 
stack 150:    29 956 603 146 978 934 
stack 151:    24 101 922 658 701 928 
stack 152:    689 232 283 327 531 951 
stack 153:    655 282 53 201 564 615 
stack 154:    527 660 167 935 198 123 
stack 155:    385 108 991 464 514 37 
stack 156:    60 25 982 17 160 795 
stack 157:    821 498 520 72 605 82 
stack 158:    127 49 970 516 404 212 
stack 159:    372 0 236 329 347 983 
stack 160:    685 472 694 719 481 309 
stack 161:    67 537 260 513 600 393 
stack 162:    99 872 181 202 479 244 
stack 163:    629 422 363 723 679 628 
stack 164:    826 523 443 686 649 275 
stack 165:    192 56 
stack 166:    395 388 249 
stack 167:    383 448 558 
stack 168:    394 312 
stack 169:    
stack 170:    
stack 171:    
stack 172:    
stack 173:    
stack 174:    
stack 175:    
stack 176:    
stack 177:    
stack 178:    
stack 179:    
stack 180:    
stack 181:    
stack 182:    
stack 183:    
stack 184:    
stack 185:    
stack 186:    
stack 187:    
stack 188:    
stack 189:    
stack 190:    
stack 191:    
stack 192:    
stack 193:    
stack 194:    
stack 195:    
stack 196:    
stack 197:    
stack 198:    
stack 199:    
stack 200:    
