lower bound for relaxed s_ij: 1177704.54

#####################################################

solved with: SP.constructive_heuristics.GeneralHeuristic
time limit: 3600.0 s
time to solve: 0,00 s
objective value: 1300864.94

stacks (top to bottom):
stack 0:    951 819 693 969 491 273 
stack 1:    901 724 99 547 852 502 
stack 2:    760 713 155 446 25 638 
stack 3:    776 796 134 839 431 863 
stack 4:    424 256 525 541 403 127 
stack 5:    767 997 635 16 147 355 
stack 6:    545 430 810 382 967 345 
stack 7:    470 417 151 709 211 258 
stack 8:    972 295 754 591 238 983 
stack 9:    663 658 787 848 832 650 
stack 10:    141 468 498 751 738 979 
stack 11:    726 22 924 958 993 443 
stack 12:    868 11 177 10 321 487 
stack 13:    318 6 130 735 912 471 
stack 14:    192 947 585 217 935 9 
stack 15:    603 137 110 207 917 646 
stack 16:    325 859 817 38 58 670 
stack 17:    473 990 867 399 695 854 
stack 18:    953 56 627 418 209 98 
stack 19:    795 182 685 39 303 163 
stack 20:    494 115 173 975 745 741 
stack 21:    353 752 277 293 981 269 
stack 22:    405 785 215 279 49 928 
stack 23:    843 319 490 175 233 510 
stack 24:    221 317 570 248 309 938 
stack 25:    793 657 394 568 316 171 
stack 26:    228 994 95 881 83 90 
stack 27:    835 871 829 766 410 131 
stack 28:    191 87 374 893 499 720 
stack 29:    676 254 617 668 389 462 
stack 30:    921 625 388 59 778 74 
stack 31:    427 478 372 63 349 378 
stack 32:    288 879 578 845 682 553 
stack 33:    454 255 65 461 125 485 
stack 34:    332 268 188 918 589 865 
stack 35:    344 827 820 467 849 642 
stack 36:    558 615 212 621 616 451 
stack 37:    939 481 367 927 618 791 
stack 38:    422 656 846 278 495 564 
stack 39:    534 550 722 324 75 600 
stack 40:    831 328 612 604 678 245 
stack 41:    700 370 775 290 294 875 
stack 42:    97 876 186 368 895 442 
stack 43:    588 718 877 287 506 80 
stack 44:    988 200 637 862 69 855 
stack 45:    149 395 70 111 598 556 
stack 46:    455 204 712 566 447 193 
stack 47:    414 984 234 655 152 842 
stack 48:    942 941 249 628 560 762 
stack 49:    771 634 731 916 869 711 
stack 50:    160 530 962 792 611 116 
stack 51:    740 661 501 122 548 908 
stack 52:    291 158 937 529 587 354 
stack 53:    851 195 106 224 108 605 
stack 54:    2 123 579 978 699 870 
stack 55:    30 393 107 201 834 584 
stack 56:    577 40 822 168 704 860 
stack 57:    229 710 299 539 856 807 
stack 58:    798 7 161 909 602 821 
stack 59:    522 523 449 376 559 426 
stack 60:    85 527 783 21 305 571 
stack 61:    135 206 517 800 864 940 
stack 62:    825 165 282 458 857 315 
stack 63:    514 292 647 573 518 985 
stack 64:    970 537 519 507 974 801 
stack 65:    992 96 203 450 112 265 
stack 66:    596 595 463 574 567 189 
stack 67:    989 828 950 180 687 408 
stack 68:    363 347 554 331 721 15 
stack 69:    903 957 671 343 965 36 
stack 70:    749 606 936 931 968 302 
stack 71:    51 648 338 838 944 342 
stack 72:    837 241 806 761 369 219 
stack 73:    77 586 0 156 888 270 
stack 74:    421 472 954 816 496 672 
stack 75:    142 304 716 356 703 516 
stack 76:    223 666 890 880 89 725 
stack 77:    914 157 267 92 167 636 
stack 78:    197 220 922 773 216 19 
stack 79:    999 644 314 955 42 365 
stack 80:    144 557 830 28 737 861 
stack 81:    387 166 753 799 674 764 
stack 82:    310 398 660 29 78 885 
stack 83:    53 18 46 769 128 243 
stack 84:    489 714 61 925 620 237 
stack 85:    743 31 60 780 844 3 
stack 86:    592 973 653 562 246 905 
stack 87:    284 546 784 747 597 411 
stack 88:    100 391 883 770 169 932 
stack 89:    996 493 334 911 698 348 
stack 90:    706 484 469 285 380 252 
stack 91:    730 943 445 782 976 945 
stack 92:    34 892 739 415 385 312 
stack 93:    744 697 242 524 213 346 
stack 94:    594 480 563 340 423 239 
stack 95:    763 307 899 707 187 118 
stack 96:    593 874 717 341 504 62 
stack 97:    72 887 608 235 630 26 
stack 98:    934 986 896 679 350 466 
stack 99:    662 27 948 998 686 833 
stack 100:    373 185 210 664 352 425 
stack 101:    381 271 689 226 572 93 
stack 102:    286 779 14 102 202 926 
stack 103:    542 492 283 733 162 614 
stack 104:    919 756 772 847 289 435 
stack 105:    675 531 330 580 812 673 
stack 106:    929 774 669 133 143 966 
stack 107:    508 371 882 266 24 804 
stack 108:    43 702 236 513 392 694 
stack 109:    858 67 103 565 184 205 
stack 110:    214 732 32 959 949 681 
stack 111:    640 253 987 416 561 933 
stack 112:    377 841 765 581 82 17 
stack 113:    86 652 788 477 894 281 
stack 114:    272 991 536 364 790 225 
stack 115:    437 311 401 960 543 114 
stack 116:    535 623 174 509 54 777 
stack 117:    850 94 274 429 977 748 
stack 118:    475 322 101 811 897 412 
stack 119:    132 400 244 409 503 907 
stack 120:    5 802 904 1 113 809 
stack 121:    654 505 73 383 91 379 
stack 122:    511 359 840 803 552 452 
stack 123:    742 873 488 375 109 179 
stack 124:    813 734 139 789 190 384 
stack 125:    512 41 609 500 613 619 
stack 126:    439 362 818 910 275 705 
stack 127:    420 823 232 148 159 459 
stack 128:    47 79 360 464 136 715 
stack 129:    297 913 889 891 326 643 
stack 130:    453 276 196 440 323 633 
stack 131:    483 758 250 264 55 549 
stack 132:    150 126 120 794 104 178 
stack 133:    786 680 815 105 327 71 
stack 134:    898 240 121 486 198 759 
stack 135:    872 632 599 361 308 124 
stack 136:    538 569 64 444 651 460 
stack 137:    866 262 8 540 406 68 
stack 138:    37 659 641 366 645 76 
stack 139:    902 428 4 13 781 337 
stack 140:    247 961 88 946 728 915 
stack 141:    20 218 607 583 719 995 
stack 142:    448 701 805 576 746 457 
stack 143:    826 358 980 164 208 300 
stack 144:    884 923 257 259 45 631 
stack 145:    436 768 84 582 386 333 
stack 146:    622 629 836 590 683 544 
stack 147:    199 172 688 432 145 649 
stack 148:    930 667 456 920 520 963 
stack 149:    691 814 33 736 230 140 
stack 150:    320 357 528 390 610 906 
stack 151:    176 335 351 413 808 280 
stack 152:    971 692 336 339 878 263 
stack 153:    407 154 684 708 677 313 
stack 154:    551 797 723 886 419 575 
stack 155:    824 533 183 329 476 66 
stack 156:    402 117 396 601 952 119 
stack 157:    750 526 222 474 397 532 
stack 158:    441 260 57 146 497 479 
stack 159:    261 665 900 48 755 757 
stack 160:    298 296 956 521 44 982 
stack 161:    727 153 194 626 
stack 162:    231 964 690 515 81 181 
stack 163:    138 438 696 227 301 433 
stack 164:    639 50 
stack 165:    729 35 23 170 306 465 
stack 166:    555 624 
stack 167:    434 
stack 168:    12 129 52 482 404 
stack 169:    
stack 170:    853 
stack 171:    251 
stack 172:    
stack 173:    
stack 174:    
stack 175:    
stack 176:    
stack 177:    
stack 178:    
stack 179:    
stack 180:    
stack 181:    
stack 182:    
stack 183:    
stack 184:    
stack 185:    
stack 186:    
stack 187:    
stack 188:    
stack 189:    
stack 190:    
stack 191:    
stack 192:    
stack 193:    
stack 194:    
stack 195:    
stack 196:    
stack 197:    
stack 198:    
stack 199:    
stack 200:    
