lower bound for relaxed s_ij: 1177695.96

#####################################################

solved with: SP.constructive_heuristics.GeneralHeuristic
time limit: 3600.0 s
time to solve: 0,00 s
objective value: 1297853.11

stacks (top to bottom):
stack 0:    173 835 613 836 313 58 
stack 1:    553 11 274 873 671 261 
stack 2:    785 895 25 9 260 580 
stack 3:    74 184 488 660 596 678 
stack 4:    525 675 85 23 921 602 
stack 5:    787 153 392 962 672 179 
stack 6:    404 378 477 300 645 92 
stack 7:    409 989 46 987 899 168 
stack 8:    686 504 736 780 73 297 
stack 9:    635 961 704 407 905 26 
stack 10:    360 215 994 493 809 126 
stack 11:    562 703 479 362 118 486 
stack 12:    976 490 157 60 79 774 
stack 13:    91 518 240 549 375 181 
stack 14:    724 177 48 792 865 238 
stack 15:    850 868 878 999 508 804 
stack 16:    311 906 537 854 204 723 
stack 17:    629 28 180 219 820 258 
stack 18:    235 397 86 425 61 208 
stack 19:    32 199 694 161 858 365 
stack 20:    887 1 75 955 954 304 
stack 21:    936 282 462 738 691 12 
stack 22:    959 214 83 606 369 189 
stack 23:    558 614 221 385 710 355 
stack 24:    626 551 396 751 193 831 
stack 25:    814 505 339 528 4 67 
stack 26:    146 891 502 861 84 406 
stack 27:    230 597 130 722 650 129 
stack 28:    980 662 503 777 389 946 
stack 29:    829 464 605 695 127 50 
stack 30:    711 254 306 568 839 640 
stack 31:    291 634 34 10 430 279 
stack 32:    796 996 78 768 757 7 
stack 33:    109 320 253 356 196 256 
stack 34:    457 788 960 174 718 653 
stack 35:    140 625 793 610 648 222 
stack 36:    876 844 966 742 587 76 
stack 37:    781 296 776 956 372 937 
stack 38:    481 510 315 379 349 582 
stack 39:    749 886 36 461 149 345 
stack 40:    475 139 225 772 333 593 
stack 41:    972 969 132 88 679 925 
stack 42:    312 442 377 458 135 51 
stack 43:    295 5 316 259 239 494 
stack 44:    566 555 915 342 241 236 
stack 45:    950 69 465 932 289 470 
stack 46:    138 292 216 856 822 202 
stack 47:    99 706 855 147 927 101 
stack 48:    801 573 624 112 519 620 
stack 49:    206 765 794 158 160 524 
stack 50:    938 721 56 186 661 811 
stack 51:    990 600 178 826 799 20 
stack 52:    489 732 821 72 438 778 
stack 53:    150 134 692 872 783 643 
stack 54:    368 940 366 786 114 374 
stack 55:    698 467 373 957 326 325 
stack 56:    548 245 341 393 557 418 
stack 57:    577 581 217 761 116 415 
stack 58:    445 544 769 951 275 993 
stack 59:    616 137 302 98 837 893 
stack 60:    398 474 543 964 766 655 
stack 61:    947 120 103 437 882 52 
stack 62:    237 263 382 652 842 945 
stack 63:    466 560 250 359 834 96 
stack 64:    565 469 200 400 210 309 
stack 65:    509 353 511 633 408 784 
stack 66:    2 592 680 152 529 336 
stack 67:    435 117 612 480 105 307 
stack 68:    677 472 514 454 264 501 
stack 69:    752 713 992 142 155 753 
stack 70:    943 734 357 803 705 696 
stack 71:    657 828 979 211 896 716 
stack 72:    271 468 386 478 623 609 
stack 73:    44 269 487 80 885 166 
stack 74:    399 249 220 419 642 532 
stack 75:    651 283 119 439 483 299 
stack 76:    880 281 370 712 190 93 
stack 77:    265 689 949 176 556 395 
stack 78:    934 720 637 30 907 700 
stack 79:    727 121 151 983 38 870 
stack 80:    676 631 242 285 267 444 
stack 81:    800 795 29 128 273 497 
stack 82:    920 843 881 148 542 948 
stack 83:    89 852 262 165 824 848 
stack 84:    639 533 889 47 771 812 
stack 85:    741 154 272 726 520 567 
stack 86:    286 779 287 748 719 586 
stack 87:    926 750 832 531 603 426 
stack 88:    747 125 841 816 888 952 
stack 89:    819 601 617 205 538 818 
stack 90:    414 380 19 499 188 388 
stack 91:    90 840 585 412 423 714 
stack 92:    527 24 933 740 935 440 
stack 93:    376 252 970 717 745 233 
stack 94:    443 448 701 39 898 715 
stack 95:    608 14 632 628 194 621 
stack 96:    604 754 910 417 344 303 
stack 97:    578 276 611 846 875 630 
stack 98:    900 459 547 162 234 54 
stack 99:    658 102 317 246 683 495 
stack 100:    334 327 627 491 232 901 
stack 101:    329 805 347 446 833 321 
stack 102:    328 332 266 167 860 977 
stack 103:    482 863 767 681 530 133 
stack 104:    916 433 485 813 808 172 
stack 105:    684 346 331 758 973 293 
stack 106:    884 552 45 108 739 869 
stack 107:    338 460 759 197 981 226 
stack 108:    363 930 59 156 874 512 
stack 109:    644 411 619 340 31 588 
stack 110:    572 308 201 909 986 94 
stack 111:    422 391 106 71 288 319 
stack 112:    383 853 561 668 436 384 
stack 113:    849 144 22 764 998 82 
stack 114:    402 760 484 115 908 763 
stack 115:    97 87 381 305 70 64 
stack 116:    830 685 953 709 53 995 
stack 117:    506 773 223 879 390 618 
stack 118:    318 823 207 939 15 729 
stack 119:    536 708 922 564 575 919 
stack 120:    203 942 806 243 18 737 
stack 121:    845 669 187 492 428 432 
stack 122:    687 410 541 924 539 646 
stack 123:    859 277 352 124 731 559 
stack 124:    584 975 730 656 496 310 
stack 125:    131 170 507 563 997 545 
stack 126:    337 314 974 6 224 576 
stack 127:    744 550 213 387 673 450 
stack 128:    81 350 394 690 516 570 
stack 129:    594 890 229 797 175 517 
stack 130:    978 985 984 897 183 284 
stack 131:    35 815 790 746 371 817 
stack 132:    16 735 244 707 574 164 
stack 133:    171 169 361 923 589 802 
stack 134:    638 364 622 733 838 825 
stack 135:    301 917 159 248 278 664 
stack 136:    113 500 902 728 95 65 
stack 137:    554 62 37 697 431 348 
stack 138:    447 903 77 971 323 598 
stack 139:    699 791 991 8 110 351 
stack 140:    401 405 762 416 330 654 
stack 141:    743 807 40 663 43 693 
stack 142:    185 111 68 255 883 367 
stack 143:    55 540 770 963 641 49 
stack 144:    192 294 775 877 941 670 
stack 145:    429 965 513 251 471 343 
stack 146:    358 298 100 451 682 66 
stack 147:    789 335 324 434 647 498 
stack 148:    268 583 257 607 452 63 
stack 149:    523 591 988 871 413 599 
stack 150:    864 476 590 894 636 141 
stack 151:    862 0 209 322 123 666 
stack 152:    198 755 136 892 143 455 
stack 153:    453 782 104 107 42 521 
stack 154:    17 968 526 931 473 441 
stack 155:    535 967 918 665 944 290 
stack 156:    403 231 579 163 3 21 
stack 157:    522 867 41 421 427 145 
stack 158:    270 515 866 546 13 725 
stack 159:    280 227 912 122 33 595 
stack 160:    659 191 904 218 688 195 
stack 161:    851 914 228 463 247 57 
stack 162:    798 569 929 27 534 911 
stack 163:    982 182 615 571 702 958 
stack 164:    354 810 456 857 212 756 
stack 165:    847 420 449 913 667 
stack 166:    928 
stack 167:    827 
stack 168:    649 674 
stack 169:    424 
stack 170:    
stack 171:    
stack 172:    
stack 173:    
stack 174:    
stack 175:    
stack 176:    
stack 177:    
stack 178:    
stack 179:    
stack 180:    
stack 181:    
stack 182:    
stack 183:    
stack 184:    
stack 185:    
stack 186:    
stack 187:    
stack 188:    
stack 189:    
stack 190:    
stack 191:    
stack 192:    
stack 193:    
stack 194:    
stack 195:    
stack 196:    
stack 197:    
stack 198:    
stack 199:    
stack 200:    
