lower bound for relaxed s_ij: 1177679.04

#####################################################

solved with: SP.constructive_heuristics.GeneralHeuristic
time limit: 3600.0 s
time to solve: 0,00 s
objective value: 1303246.53

stacks (top to bottom):
stack 0:    605 238 808 265 794 108 
stack 1:    117 822 88 81 783 677 
stack 2:    691 46 518 557 347 740 
stack 3:    64 448 132 756 38 933 
stack 4:    176 489 180 573 770 135 
stack 5:    978 875 635 16 757 834 
stack 6:    493 332 552 315 694 658 
stack 7:    333 536 433 285 955 748 
stack 8:    579 330 291 5 464 460 
stack 9:    73 537 809 501 461 924 
stack 10:    759 645 162 50 390 452 
stack 11:    388 338 860 702 209 930 
stack 12:    248 191 227 532 120 277 
stack 13:    798 109 189 56 753 102 
stack 14:    307 829 328 567 340 341 
stack 15:    549 726 814 190 255 544 
stack 16:    67 606 140 768 497 710 
stack 17:    424 622 110 371 950 636 
stack 18:    412 61 600 608 980 304 
stack 19:    375 974 366 507 656 164 
stack 20:    675 349 912 65 987 929 
stack 21:    231 638 52 789 876 728 
stack 22:    587 771 917 435 111 870 
stack 23:    428 156 430 174 188 631 
stack 24:    774 474 800 261 538 936 
stack 25:    35 997 457 346 738 737 
stack 26:    59 128 382 565 676 650 
stack 27:    200 213 19 336 963 947 
stack 28:    877 678 896 186 864 263 
stack 29:    271 119 627 236 224 252 
stack 30:    539 989 268 62 47 272 
stack 31:    709 674 982 571 853 193 
stack 32:    985 956 806 698 384 827 
stack 33:    82 327 199 918 685 409 
stack 34:    692 949 408 586 201 688 
stack 35:    813 40 716 941 633 86 
stack 36:    720 686 942 150 902 893 
stack 37:    228 284 852 581 554 547 
stack 38:    259 29 21 505 283 869 
stack 39:    100 775 583 992 735 787 
stack 40:    533 699 318 280 517 295 
stack 41:    717 8 91 639 358 279 
stack 42:    72 45 862 490 618 194 
stack 43:    747 450 743 105 833 443 
stack 44:    139 661 9 589 386 124 
stack 45:    427 601 991 863 626 948 
stack 46:    239 479 842 664 681 793 
stack 47:    634 39 990 329 2 92 
stack 48:    181 363 968 592 326 425 
stack 49:    617 184 849 266 352 407 
stack 50:    362 925 569 594 97 611 
stack 51:    250 816 426 690 221 527 
stack 52:    923 264 198 568 818 672 
stack 53:    477 305 708 406 530 96 
stack 54:    32 848 967 548 566 226 
stack 55:    855 214 564 959 495 240 
stack 56:    292 465 895 561 788 123 
stack 57:    387 529 179 84 954 217 
stack 58:    651 223 590 389 368 858 
stack 59:    824 916 971 235 614 83 
stack 60:    274 1 551 772 58 531 
stack 61:    700 30 216 762 99 31 
stack 62:    629 160 585 380 969 473 
stack 63:    723 981 153 48 220 462 
stack 64:    795 657 178 724 395 667 
stack 65:    183 940 134 897 558 54 
stack 66:    491 679 937 414 921 653 
stack 67:    781 251 712 42 404 416 
stack 68:    745 281 447 945 126 463 
stack 69:    392 754 107 729 455 508 
stack 70:    247 438 113 995 411 172 
stack 71:    355 520 826 719 523 379 
stack 72:    101 909 879 472 12 553 
stack 73:    994 294 439 177 837 210 
stack 74:    979 44 890 365 361 171 
stack 75:    562 187 121 157 831 381 
stack 76:    320 901 663 962 854 785 
stack 77:    821 966 310 563 998 418 
stack 78:    290 469 519 211 319 673 
stack 79:    882 169 293 591 545 884 
stack 80:    286 647 628 94 467 521 
stack 81:    492 396 999 851 572 125 
stack 82:    643 820 208 93 868 453 
stack 83:    504 752 873 765 68 499 
stack 84:    278 76 104 151 524 137 
stack 85:    485 422 935 141 415 802 
stack 86:    357 960 511 26 874 322 
stack 87:    773 503 887 95 70 546 
stack 88:    299 77 714 316 154 364 
stack 89:    230 273 3 158 118 840 
stack 90:    370 480 232 36 761 500 
stack 91:    913 11 369 309 79 249 
stack 92:    953 212 704 98 312 908 
stack 93:    791 593 376 484 262 494 
stack 94:    234 51 580 911 607 270 
stack 95:    977 502 741 575 764 74 
stack 96:    725 596 819 613 641 515 
stack 97:    308 784 331 965 803 354 
stack 98:    623 744 13 413 574 680 
stack 99:    400 642 721 344 535 817 
stack 100:    711 815 625 258 509 584 
stack 101:    401 10 779 767 993 165 
stack 102:    687 301 246 506 303 343 
stack 103:    526 131 701 397 287 483 
stack 104:    786 359 542 610 313 27 
stack 105:    449 665 229 857 624 43 
stack 106:    541 976 470 732 205 298 
stack 107:    961 510 632 880 944 80 
stack 108:    582 257 755 878 69 482 
stack 109:    60 130 578 345 713 20 
stack 110:    706 115 405 142 746 168 
stack 111:    207 903 540 891 973 420 
stack 112:    487 25 57 112 23 648 
stack 113:    317 910 253 324 159 898 
stack 114:    866 683 620 342 398 34 
stack 115:    14 684 763 646 528 894 
stack 116:    576 323 496 41 442 325 
stack 117:    419 6 87 603 394 486 
stack 118:    0 666 599 830 129 78 
stack 119:    445 275 867 790 920 668 
stack 120:    18 556 170 938 242 796 
stack 121:    66 983 89 335 269 241 
stack 122:    751 163 243 471 360 423 
stack 123:    155 612 652 839 434 24 
stack 124:    792 444 776 801 888 970 
stack 125:    475 927 233 166 350 127 
stack 126:    780 383 152 871 696 237 
stack 127:    928 892 931 348 28 727 
stack 128:    148 385 459 402 905 136 
stack 129:    143 655 311 904 609 378 
stack 130:    886 481 872 604 374 846 
stack 131:    182 900 570 907 758 597 
stack 132:    883 939 429 823 946 55 
stack 133:    799 934 958 889 856 431 
stack 134:    560 222 671 649 861 391 
stack 135:    812 807 393 670 245 778 
stack 136:    4 192 147 749 644 836 
stack 137:    339 885 777 782 996 693 
stack 138:    446 314 975 106 957 478 
stack 139:    437 145 559 75 919 804 
stack 140:    915 351 555 85 682 922 
stack 141:    22 926 730 810 588 844 
stack 142:    63 845 825 451 225 841 
stack 143:    797 951 766 488 456 254 
stack 144:    458 669 403 952 619 289 
stack 145:    984 116 689 215 276 260 
stack 146:    167 356 204 297 49 843 
stack 147:    300 334 175 769 33 410 
stack 148:    161 850 516 637 662 739 
stack 149:    881 697 760 302 513 715 
stack 150:    964 865 436 899 421 114 
stack 151:    466 835 859 144 440 525 
stack 152:    321 306 615 805 15 838 
stack 153:    722 705 454 476 621 372 
stack 154:    640 534 498 90 718 577 
stack 155:    832 185 138 906 282 988 
stack 156:    288 695 654 296 703 146 
stack 157:    353 71 514 602 468 659 
stack 158:    731 206 337 219 195 377 
stack 159:    742 914 734 149 972 218 
stack 160:    543 373 37 707 811 7 
stack 161:    367 660 399 630 133 616 
stack 162:    202 432 196 17 122 943 
stack 163:    550 203 750 197 441 595 
stack 164:    828 417 847 267 
stack 165:    244 598 522 173 733 
stack 166:    512 932 986 
stack 167:    53 
stack 168:    736 
stack 169:    256 
stack 170:    103 
stack 171:    
stack 172:    
stack 173:    
stack 174:    
stack 175:    
stack 176:    
stack 177:    
stack 178:    
stack 179:    
stack 180:    
stack 181:    
stack 182:    
stack 183:    
stack 184:    
stack 185:    
stack 186:    
stack 187:    
stack 188:    
stack 189:    
stack 190:    
stack 191:    
stack 192:    
stack 193:    
stack 194:    
stack 195:    
stack 196:    
stack 197:    
stack 198:    
stack 199:    
stack 200:    
