lower bound for relaxed s_ij: 1177699.58

#####################################################

solved with: SP.constructive_heuristics.GeneralHeuristic
time limit: 3600.0 s
time to solve: 0,00 s
objective value: 1302083.04

stacks (top to bottom):
stack 0:    567 711 932 630 0 733 
stack 1:    210 893 550 377 838 231 
stack 2:    445 999 11 22 481 643 
stack 3:    976 329 258 211 448 892 
stack 4:    465 619 928 3 249 588 
stack 5:    768 858 500 920 178 914 
stack 6:    659 576 335 583 254 666 
stack 7:    804 209 472 238 816 133 
stack 8:    439 68 314 748 478 53 
stack 9:    696 527 652 646 602 398 
stack 10:    649 577 116 25 113 809 
stack 11:    814 71 706 447 973 825 
stack 12:    991 597 934 59 458 18 
stack 13:    988 946 482 631 115 633 
stack 14:    175 364 565 92 191 502 
stack 15:    857 389 987 77 851 473 
stack 16:    797 765 889 543 450 435 
stack 17:    763 874 886 139 674 835 
stack 18:    46 549 409 925 703 901 
stack 19:    384 759 386 63 798 846 
stack 20:    379 718 360 16 766 724 
stack 21:    727 282 370 610 255 794 
stack 22:    306 420 375 350 188 615 
stack 23:    67 821 929 938 230 836 
stack 24:    935 141 102 498 815 234 
stack 25:    167 62 956 37 107 607 
stack 26:    487 305 475 524 220 100 
stack 27:    470 21 820 998 855 276 
stack 28:    860 51 410 617 151 65 
stack 29:    308 530 899 93 428 279 
stack 30:    219 590 131 734 235 334 
stack 31:    544 307 297 596 710 453 
stack 32:    751 64 651 132 903 911 
stack 33:    943 149 26 963 462 354 
stack 34:    495 723 20 534 195 451 
stack 35:    251 589 315 621 866 404 
stack 36:    186 4 900 142 431 752 
stack 37:    182 560 663 826 614 840 
stack 38:    531 405 17 701 400 634 
stack 39:    480 832 340 779 910 648 
stack 40:    118 286 887 419 945 612 
stack 41:    6 459 915 924 425 692 
stack 42:    716 580 616 863 978 492 
stack 43:    781 240 221 968 456 655 
stack 44:    775 554 690 569 983 359 
stack 45:    134 664 490 948 605 319 
stack 46:    959 355 644 795 69 411 
stack 47:    362 483 511 165 681 87 
stack 48:    250 72 582 951 512 271 
stack 49:    263 514 200 561 324 930 
stack 50:    627 123 35 865 277 740 
stack 51:    912 830 414 697 670 365 
stack 52:    108 311 304 434 227 997 
stack 53:    848 504 872 99 774 440 
stack 54:    977 667 557 486 790 150 
stack 55:    399 760 819 939 213 725 
stack 56:    695 214 232 477 54 28 
stack 57:    533 931 84 953 558 321 
stack 58:    844 505 303 290 686 356 
stack 59:    430 417 316 427 48 378 
stack 60:    864 289 408 242 461 801 
stack 61:    980 805 546 55 300 762 
stack 62:    769 119 807 971 611 70 
stack 63:    979 501 989 7 218 881 
stack 64:    885 937 79 747 555 818 
stack 65:    111 562 346 160 738 348 
stack 66:    714 949 371 888 843 904 
stack 67:    913 599 206 497 261 223 
stack 68:    730 412 520 259 15 532 
stack 69:    883 349 638 120 47 954 
stack 70:    629 584 746 457 171 122 
stack 71:    169 540 452 185 295 824 
stack 72:    736 203 366 413 285 396 
stack 73:    358 444 309 756 650 581 
stack 74:    992 880 217 484 639 49 
stack 75:    654 34 796 788 713 875 
stack 76:    604 551 403 698 705 146 
stack 77:    318 870 564 137 176 521 
stack 78:    98 986 80 91 907 847 
stack 79:    128 761 12 187 225 256 
stack 80:    731 252 553 573 325 44 
stack 81:    508 757 454 326 284 802 
stack 82:    96 40 839 397 467 896 
stack 83:    707 264 679 388 572 381 
stack 84:    990 443 27 770 660 39 
stack 85:    97 908 985 471 421 291 
stack 86:    38 964 754 41 327 513 
stack 87:    442 159 407 449 423 778 
stack 88:    374 772 668 190 126 792 
stack 89:    273 320 52 154 753 683 
stack 90:    702 737 247 296 310 722 
stack 91:    288 74 336 720 785 777 
stack 92:    758 474 197 298 529 323 
stack 93:    556 960 972 522 967 226 
stack 94:    376 673 173 183 331 559 
stack 95:    606 357 333 109 600 24 
stack 96:    432 33 799 299 75 144 
stack 97:    515 104 361 153 682 539 
stack 98:    135 995 595 216 158 507 
stack 99:    317 519 239 351 253 469 
stack 100:    782 662 2 192 66 380 
stack 101:    671 488 828 962 73 207 
stack 102:    966 493 262 236 494 791 
stack 103:    129 732 510 8 94 208 
stack 104:    552 387 156 518 613 669 
stack 105:    536 728 568 528 717 647 
stack 106:    715 548 339 579 180 105 
stack 107:    95 975 14 424 368 369 
stack 108:    884 625 50 578 418 787 
stack 109:    83 341 422 373 538 635 
stack 110:    919 853 372 269 268 246 
stack 111:    145 202 640 852 594 267 
stack 112:    147 485 658 586 984 103 
stack 113:    367 117 898 877 127 861 
stack 114:    693 243 265 168 895 196 
stack 115:    181 130 5 897 942 735 
stack 116:    955 138 125 642 106 873 
stack 117:    9 278 322 89 741 917 
stack 118:    764 571 88 392 833 800 
stack 119:    773 749 677 744 854 678 
stack 120:    996 632 347 591 570 241 
stack 121:    831 338 803 947 342 940 
stack 122:    464 10 598 845 882 426 
stack 123:    944 446 283 29 23 623 
stack 124:    869 237 275 745 60 739 
stack 125:    517 460 879 345 506 608 
stack 126:    516 721 933 436 905 841 
stack 127:    952 193 260 909 143 57 
stack 128:    525 363 394 817 806 771 
stack 129:    301 36 789 537 385 547 
stack 130:    810 161 81 1 890 922 
stack 131:    19 776 30 76 868 201 
stack 132:    270 455 957 438 691 491 
stack 133:    42 280 641 684 293 783 
stack 134:    936 689 574 926 822 661 
stack 135:    700 750 575 688 867 842 
stack 136:    609 970 902 352 620 755 
stack 137:    982 224 834 969 86 215 
stack 138:    415 923 726 312 382 918 
stack 139:    653 675 563 199 189 592 
stack 140:    601 624 233 657 56 395 
stack 141:    786 328 813 101 121 927 
stack 142:    294 672 680 585 687 383 
stack 143:    244 704 685 894 499 906 
stack 144:    958 993 656 148 509 13 
stack 145:    222 184 994 829 110 287 
stack 146:    699 891 170 343 981 709 
stack 147:    337 406 429 729 166 811 
stack 148:    164 353 330 542 950 961 
stack 149:    205 859 204 603 965 155 
stack 150:    526 850 566 433 85 157 
stack 151:    476 479 194 174 767 212 
stack 152:    441 90 665 292 496 712 
stack 153:    784 878 812 332 266 941 
stack 154:    974 463 402 876 344 628 
stack 155:    535 401 921 248 827 743 
stack 156:    645 78 163 636 780 626 
stack 157:    257 229 437 593 152 31 
stack 158:    274 228 245 179 393 32 
stack 159:    172 618 637 837 793 719 
stack 160:    862 391 489 694 708 390 
stack 161:    622 58 198 281 466 823 
stack 162:    503 272 313 136 112 916 
stack 163:    43 302 523 676 871 416 
stack 164:    541 587 849 742 124 808 
stack 165:    545 45 114 177 82 468 
stack 166:    140 
stack 167:    61 856 
stack 168:    
stack 169:    162 
stack 170:    
stack 171:    
stack 172:    
stack 173:    
stack 174:    
stack 175:    
stack 176:    
stack 177:    
stack 178:    
stack 179:    
stack 180:    
stack 181:    
stack 182:    
stack 183:    
stack 184:    
stack 185:    
stack 186:    
stack 187:    
stack 188:    
stack 189:    
stack 190:    
stack 191:    
stack 192:    
stack 193:    
stack 194:    
stack 195:    
stack 196:    
stack 197:    
stack 198:    
stack 199:    
stack 200:    
