lower bound for relaxed s_ij: 1177692.34

#####################################################

solved with: SP.constructive_heuristics.GeneralHeuristic
time limit: 3600.0 s
time to solve: 0,00 s
objective value: 1301834.54

stacks (top to bottom):
stack 0:    784 727 889 146 946 742 
stack 1:    348 112 910 20 260 186 
stack 2:    846 738 72 65 276 743 
stack 3:    872 714 530 56 921 555 
stack 4:    869 170 163 322 879 759 
stack 5:    989 405 318 560 509 873 
stack 6:    265 147 175 42 242 812 
stack 7:    325 16 497 262 359 964 
stack 8:    830 984 672 594 35 481 
stack 9:    270 458 859 599 662 30 
stack 10:    895 847 881 562 767 389 
stack 11:    217 392 165 591 706 924 
stack 12:    757 981 154 848 372 833 
stack 13:    979 874 7 453 511 193 
stack 14:    975 468 45 203 903 616 
stack 15:    639 576 109 636 140 212 
stack 16:    644 882 559 768 118 500 
stack 17:    577 103 798 549 967 922 
stack 18:    628 528 704 822 504 556 
stack 19:    790 590 247 427 558 264 
stack 20:    120 219 190 827 43 540 
stack 21:    612 547 774 548 673 285 
stack 22:    971 762 239 328 417 726 
stack 23:    852 483 189 740 531 377 
stack 24:    209 419 876 471 625 267 
stack 25:    782 741 679 930 127 675 
stack 26:    539 664 696 279 529 102 
stack 27:    339 525 332 213 961 858 
stack 28:    796 700 953 656 657 815 
stack 29:    447 241 100 391 373 578 
stack 30:    181 353 884 370 942 202 
stack 31:    629 326 582 806 978 818 
stack 32:    698 71 526 592 681 454 
stack 33:    287 702 643 57 235 754 
stack 34:    686 258 685 734 434 707 
stack 35:    567 82 543 522 275 222 
stack 36:    918 793 249 476 384 623 
stack 37:    431 733 489 440 475 925 
stack 38:    986 333 89 797 329 141 
stack 39:    162 993 928 315 966 496 
stack 40:    535 729 770 2 195 346 
stack 41:    272 775 720 361 737 635 
stack 42:    515 885 857 234 670 875 
stack 43:    855 705 593 661 512 76 
stack 44:    666 290 490 435 452 6 
stack 45:    709 206 462 191 67 404 
stack 46:    484 927 870 469 59 688 
stack 47:    479 306 565 697 725 931 
stack 48:    845 412 211 444 589 983 
stack 49:    425 842 867 33 246 570 
stack 50:    588 240 723 271 781 544 
stack 51:    721 944 485 627 119 655 
stack 52:    514 883 321 799 298 354 
stack 53:    794 676 747 84 172 569 
stack 54:    935 145 902 441 183 330 
stack 55:    312 385 990 277 633 362 
stack 56:    941 407 52 282 55 690 
stack 57:    650 364 164 421 448 226 
stack 58:    901 909 331 350 115 274 
stack 59:    769 917 940 907 363 273 
stack 60:    381 510 314 994 403 998 
stack 61:    850 943 892 388 244 459 
stack 62:    563 36 761 428 44 658 
stack 63:    536 101 166 360 229 327 
stack 64:    257 17 367 648 88 41 
stack 65:    137 27 891 3 772 838 
stack 66:    816 932 977 574 160 288 
stack 67:    894 437 638 152 107 954 
stack 68:    32 456 701 93 730 699 
stack 69:    951 457 642 256 176 25 
stack 70:    9 692 149 74 541 19 
stack 71:    553 854 712 91 783 58 
stack 72:    956 911 835 268 95 831 
stack 73:    316 269 47 144 358 913 
stack 74:    880 338 278 749 382 808 
stack 75:    959 958 449 309 719 598 
stack 76:    773 534 691 105 0 551 
stack 77:    995 677 853 473 843 968 
stack 78:    632 134 552 99 426 792 
stack 79:    143 301 654 887 865 159 
stack 80:    987 982 157 564 398 755 
stack 81:    851 949 926 399 340 898 
stack 82:    906 153 37 717 823 230 
stack 83:    250 192 49 46 960 69 
stack 84:    401 482 387 499 950 286 
stack 85:    439 668 844 455 470 829 
stack 86:    693 495 777 945 349 291 
stack 87:    703 866 355 185 393 813 
stack 88:    546 575 609 121 296 13 
stack 89:    22 173 156 938 524 218 
stack 90:    533 939 674 14 583 357 
stack 91:    634 965 86 904 313 123 
stack 92:    266 915 897 85 801 554 
stack 93:    167 374 864 787 48 110 
stack 94:    248 369 505 263 31 776 
stack 95:    433 199 680 809 174 641 
stack 96:    665 626 890 963 136 947 
stack 97:    92 520 436 259 837 695 
stack 98:    386 64 180 694 647 474 
stack 99:    486 158 108 969 631 342 
stack 100:    4 424 888 861 571 60 
stack 101:    736 682 752 83 34 294 
stack 102:    615 498 603 491 601 803 
stack 103:    21 75 376 532 480 825 
stack 104:    243 418 996 527 908 317 
stack 105:    669 406 771 429 161 791 
stack 106:    934 18 423 557 819 380 
stack 107:    597 933 814 201 366 478 
stack 108:    836 824 811 722 472 132 
stack 109:    126 38 467 179 862 70 
stack 110:    828 324 131 779 826 607 
stack 111:    488 402 5 215 414 129 
stack 112:    430 821 142 573 450 579 
stack 113:    929 595 135 678 460 788 
stack 114:    409 503 280 550 379 758 
stack 115:    613 390 336 299 764 663 
stack 116:    307 116 805 139 746 572 
stack 117:    896 197 620 537 606 586 
stack 118:    849 344 728 94 732 396 
stack 119:    580 997 976 785 461 365 
stack 120:    916 106 464 168 716 422 
stack 121:    763 220 745 236 744 508 
stack 122:    383 356 320 624 341 148 
stack 123:    200 23 221 566 494 54 
stack 124:    581 477 171 397 893 652 
stack 125:    40 337 972 748 970 138 
stack 126:    207 204 214 807 73 343 
stack 127:    832 188 985 718 899 305 
stack 128:    62 289 442 622 684 97 
stack 129:    501 420 518 584 8 231 
stack 130:    122 463 912 611 79 216 
stack 131:    303 802 713 780 585 12 
stack 132:    308 952 521 596 302 980 
stack 133:    124 410 125 841 637 292 
stack 134:    671 561 128 53 28 375 
stack 135:    519 465 604 863 284 991 
stack 136:    687 817 323 955 905 724 
stack 137:    860 29 111 756 517 710 
stack 138:    237 281 834 130 753 371 
stack 139:    605 487 731 778 568 621 
stack 140:    948 150 194 114 252 751 
stack 141:    1 311 133 400 839 413 
stack 142:    653 877 800 920 155 957 
stack 143:    617 708 411 735 492 886 
stack 144:    659 760 184 208 988 345 
stack 145:    39 63 545 177 233 502 
stack 146:    750 466 81 602 600 973 
stack 147:    645 660 297 117 766 438 
stack 148:    395 804 11 923 415 87 
stack 149:    614 618 683 228 868 974 
stack 150:    789 445 210 295 77 856 
stack 151:    68 640 66 196 293 104 
stack 152:    80 523 416 78 999 667 
stack 153:    51 451 446 24 261 300 
stack 154:    169 408 198 516 225 538 
stack 155:    506 765 871 10 394 90 
stack 156:    205 368 739 795 245 711 
stack 157:    992 715 15 61 507 98 
stack 158:    493 26 900 347 113 224 
stack 159:    432 542 352 962 443 810 
stack 160:    283 304 255 649 178 187 
stack 161:    840 227 334 50 182 651 
stack 162:    319 232 610 689 254 151 
stack 163:    310 335 378 351 646 238 
stack 164:    253 630 608 936 820 619 
stack 165:    251 513 223 919 
stack 166:    914 
stack 167:    96 878 
stack 168:    786 937 587 
stack 169:    
stack 170:    
stack 171:    
stack 172:    
stack 173:    
stack 174:    
stack 175:    
stack 176:    
stack 177:    
stack 178:    
stack 179:    
stack 180:    
stack 181:    
stack 182:    
stack 183:    
stack 184:    
stack 185:    
stack 186:    
stack 187:    
stack 188:    
stack 189:    
stack 190:    
stack 191:    
stack 192:    
stack 193:    
stack 194:    
stack 195:    
stack 196:    
stack 197:    
stack 198:    
stack 199:    
stack 200:    
