lower bound for relaxed s_ij: 1177679.04

#####################################################

solved with: SP.constructive_heuristics.GeneralHeuristic
time limit: 3600.0 s
time to solve: 0,00 s
objective value: 1295623.07

stacks (top to bottom):
stack 0:    237 912 840 793 506 930 
stack 1:    902 458 50 432 734 74 
stack 2:    123 5 23 569 26 164 
stack 3:    988 940 917 993 159 296 
stack 4:    578 20 131 944 936 600 
stack 5:    128 729 486 509 507 499 
stack 6:    996 470 684 236 550 533 
stack 7:    29 527 852 149 73 284 
stack 8:    333 802 706 609 819 843 
stack 9:    358 553 806 737 503 773 
stack 10:    763 882 417 450 520 743 
stack 11:    378 211 753 786 914 100 
stack 12:    977 640 948 644 28 771 
stack 13:    904 133 919 824 526 700 
stack 14:    893 511 761 180 978 976 
stack 15:    35 395 826 797 11 584 
stack 16:    200 634 349 710 727 658 
stack 17:    755 413 66 289 27 424 
stack 18:    3 551 699 795 891 695 
stack 19:    715 326 543 831 391 47 
stack 20:    108 456 597 870 618 903 
stack 21:    365 347 464 900 916 970 
stack 22:    746 709 288 316 270 811 
stack 23:    251 502 12 484 703 201 
stack 24:    603 636 497 608 36 404 
stack 25:    112 459 241 440 361 6 
stack 26:    675 55 357 641 801 876 
stack 27:    943 197 683 283 268 740 
stack 28:    607 656 147 394 213 589 
stack 29:    777 747 544 968 453 82 
stack 30:    39 451 34 230 908 376 
stack 31:    250 185 462 478 621 293 
stack 32:    449 969 58 126 736 350 
stack 33:    599 820 868 946 78 98 
stack 34:    519 290 431 154 638 812 
stack 35:    297 414 653 861 300 135 
stack 36:    492 95 682 342 278 620 
stack 37:    258 790 208 364 150 455 
stack 38:    334 377 878 428 163 145 
stack 39:    42 635 768 853 188 574 
stack 40:    985 954 105 500 723 146 
stack 41:    582 25 32 998 24 337 
stack 42:    810 995 933 372 249 443 
stack 43:    162 418 690 165 235 548 
stack 44:    669 403 124 720 129 398 
stack 45:    439 974 514 85 825 483 
stack 46:    671 877 651 791 905 338 
stack 47:    72 106 175 945 498 760 
stack 48:    41 59 392 305 373 202 
stack 49:    353 898 860 955 913 679 
stack 50:    546 225 532 934 111 4 
stack 51:    426 275 857 190 79 947 
stack 52:    613 383 281 375 116 178 
stack 53:    708 142 52 446 845 610 
stack 54:    369 359 442 17 267 927 
stack 55:    707 510 717 794 476 137 
stack 56:    817 759 465 233 248 986 
stack 57:    166 775 627 850 179 226 
stack 58:    343 540 31 474 161 366 
stack 59:    581 466 649 220 242 751 
stack 60:    670 779 115 45 117 932 
stack 61:    198 722 400 160 336 962 
stack 62:    886 765 568 423 51 399 
stack 63:    925 643 62 783 272 847 
stack 64:    141 990 677 438 48 110 
stack 65:    798 60 896 994 542 0 
stack 66:    915 664 911 785 869 339 
stack 67:    758 280 218 660 346 345 
stack 68:    354 585 564 196 698 929 
stack 69:    689 411 594 714 125 920 
stack 70:    880 83 657 964 655 963 
stack 71:    152 421 583 591 367 240 
stack 72:    748 295 674 286 360 624 
stack 73:    416 815 631 839 207 475 
stack 74:    730 530 537 561 99 69 
stack 75:    928 596 412 897 541 304 
stack 76:    130 821 547 739 921 379 
stack 77:    480 386 924 187 223 81 
stack 78:    570 91 279 813 834 306 
stack 79:    966 43 114 807 294 56 
stack 80:    989 556 892 234 686 348 
stack 81:    18 959 481 174 560 926 
stack 82:    212 647 263 888 505 849 
stack 83:    254 887 728 942 261 8 
stack 84:    322 972 169 855 390 778 
stack 85:    844 895 444 939 140 252 
stack 86:    49 94 535 420 590 291 
stack 87:    271 580 788 410 282 836 
stack 88:    523 430 628 742 818 536 
stack 89:    57 102 837 890 434 433 
stack 90:    659 688 654 626 489 495 
stack 91:    356 961 744 953 572 713 
stack 92:    789 598 120 205 318 368 
stack 93:    30 909 780 189 167 80 
stack 94:    704 344 691 299 558 918 
stack 95:    9 209 435 856 858 172 
stack 96:    301 445 16 830 352 215 
stack 97:    769 513 862 307 323 805 
stack 98:    232 101 965 113 491 266 
stack 99:    452 957 90 292 477 46 
stack 100:    311 842 409 229 460 191 
stack 101:    214 524 287 61 816 118 
stack 102:    984 64 694 186 950 832 
stack 103:    468 127 563 70 528 303 
stack 104:    875 841 971 331 494 935 
stack 105:    516 362 848 97 312 122 
stack 106:    991 173 22 604 982 313 
stack 107:    531 851 725 823 518 210 
stack 108:    406 402 827 782 96 239 
stack 109:    77 885 302 7 871 277 
stack 110:    979 615 732 539 829 517 
stack 111:    588 148 754 168 193 309 
stack 112:    264 157 473 741 184 814 
stack 113:    951 463 104 407 522 330 
stack 114:    1 257 479 441 997 545 
stack 115:    967 401 183 109 767 889 
stack 116:    922 721 21 139 92 719 
stack 117:    314 711 586 623 269 457 
stack 118:    246 156 693 872 757 987 
stack 119:    76 881 792 151 382 567 
stack 120:    525 633 448 472 557 86 
stack 121:    217 554 310 696 493 10 
stack 122:    781 559 571 938 454 931 
stack 123:    668 646 256 661 321 384 
stack 124:    485 134 381 854 203 776 
stack 125:    662 999 143 253 973 487 
stack 126:    107 828 259 93 549 447 
stack 127:    565 103 243 387 238 949 
stack 128:    89 397 195 158 219 355 
stack 129:    632 625 576 53 702 687 
stack 130:    718 712 906 772 701 71 
stack 131:    467 593 194 726 119 796 
stack 132:    735 222 617 601 637 612 
stack 133:    616 697 317 595 650 482 
stack 134:    396 170 770 37 958 328 
stack 135:    388 54 960 678 231 393 
stack 136:    425 774 749 521 429 341 
stack 137:    177 992 351 319 63 65 
stack 138:    327 579 663 937 285 672 
stack 139:    415 614 648 981 750 752 
stack 140:    606 555 680 204 19 84 
stack 141:    573 68 622 980 88 324 
stack 142:    803 422 199 766 809 956 
stack 143:    44 192 265 665 363 529 
stack 144:    602 504 859 206 822 983 
stack 145:    67 865 639 155 87 40 
stack 146:    884 515 33 419 15 666 
stack 147:    469 512 501 298 673 804 
stack 148:    273 461 552 274 427 370 
stack 149:    340 181 144 216 866 764 
stack 150:    244 182 332 75 335 587 
stack 151:    320 534 329 176 224 808 
stack 152:    121 800 389 619 247 705 
stack 153:    575 136 883 562 488 762 
stack 154:    315 867 630 652 685 846 
stack 155:    471 436 941 408 227 910 
stack 156:    901 38 374 899 667 629 
stack 157:    308 385 838 724 566 879 
stack 158:    14 681 171 262 873 692 
stack 159:    952 975 611 787 907 799 
stack 160:    132 153 738 508 13 538 
stack 161:    676 325 731 138 835 221 
stack 162:    255 923 733 276 228 605 
stack 163:    894 874 745 645 437 642 
stack 164:    863 716 577 864 260 490 
stack 165:    2 833 
stack 166:    496 756 
stack 167:    245 380 371 
stack 168:    592 
stack 169:    784 405 
stack 170:    
stack 171:    
stack 172:    
stack 173:    
stack 174:    
stack 175:    
stack 176:    
stack 177:    
stack 178:    
stack 179:    
stack 180:    
stack 181:    
stack 182:    
stack 183:    
stack 184:    
stack 185:    
stack 186:    
stack 187:    
stack 188:    
stack 189:    
stack 190:    
stack 191:    
stack 192:    
stack 193:    
stack 194:    
stack 195:    
stack 196:    
stack 197:    
stack 198:    
stack 199:    
stack 200:    
