lower bound for relaxed s_ij: 1177709.34

#####################################################

solved with: SP.constructive_heuristics.GeneralHeuristic
time limit: 3600.0 s
time to solve: 0,00 s
objective value: 1302531.46

stacks (top to bottom):
stack 0:    213 9 795 466 992 627 
stack 1:    212 912 696 727 638 285 
stack 2:    509 33 298 196 333 847 
stack 3:    769 291 242 976 307 784 
stack 4:    335 369 756 786 794 221 
stack 5:    324 639 148 155 286 812 
stack 6:    166 651 313 152 289 822 
stack 7:    357 935 206 422 20 767 
stack 8:    678 835 192 875 10 898 
stack 9:    793 419 135 706 137 379 
stack 10:    156 278 648 191 239 586 
stack 11:    388 134 762 584 259 463 
stack 12:    535 820 653 646 295 851 
stack 13:    944 266 551 254 49 950 
stack 14:    510 281 70 524 548 611 
stack 15:    2 220 398 878 778 612 
stack 16:    372 154 217 659 408 299 
stack 17:    204 210 332 724 846 862 
stack 18:    257 905 993 426 874 799 
stack 19:    74 63 479 481 716 248 
stack 20:    972 642 334 943 829 364 
stack 21:    117 645 35 773 514 685 
stack 22:    569 54 323 841 455 129 
stack 23:    292 503 263 832 189 821 
stack 24:    222 555 344 450 409 554 
stack 25:    704 141 801 400 619 429 
stack 26:    165 492 197 108 880 711 
stack 27:    540 439 541 628 885 3 
stack 28:    713 577 93 459 787 366 
stack 29:    180 62 190 84 520 995 
stack 30:    301 421 57 971 303 230 
stack 31:    308 402 553 394 810 963 
stack 32:    412 240 562 34 216 647 
stack 33:    868 131 816 23 949 83 
stack 34:    149 768 130 476 51 178 
stack 35:    740 305 494 597 98 18 
stack 36:    241 872 867 377 675 383 
stack 37:    650 512 502 66 714 376 
stack 38:    31 849 491 275 343 588 
stack 39:    690 193 863 430 1 894 
stack 40:    953 151 42 860 855 497 
stack 41:    438 59 576 528 908 838 
stack 42:    64 120 884 599 456 939 
stack 43:    396 309 903 504 195 227 
stack 44:    951 109 978 181 700 95 
stack 45:    870 272 24 329 563 937 
stack 46:    948 927 807 458 968 488 
stack 47:    416 669 97 864 228 252 
stack 48:    495 446 911 475 67 763 
stack 49:    209 331 564 889 302 297 
stack 50:    22 440 81 752 61 683 
stack 51:    78 518 375 136 418 591 
stack 52:    424 970 809 162 318 845 
stack 53:    404 411 792 998 199 116 
stack 54:    172 630 758 174 755 194 
stack 55:    662 47 483 423 765 338 
stack 56:    449 661 956 840 579 477 
stack 57:    919 68 370 351 701 604 
stack 58:    565 69 934 153 413 340 
stack 59:    441 633 668 262 171 560 
stack 60:    244 720 224 747 596 624 
stack 61:    610 110 664 38 201 482 
stack 62:    723 734 615 468 337 613 
stack 63:    658 389 485 881 522 941 
stack 64:    268 304 28 775 517 694 
stack 65:    288 36 962 280 960 26 
stack 66:    39 207 620 350 892 602 
stack 67:    977 65 751 294 373 959 
stack 68:    681 585 844 590 637 347 
stack 69:    72 805 52 359 738 44 
stack 70:    879 432 451 15 990 414 
stack 71:    657 8 593 480 566 726 
stack 72:    365 256 164 96 632 707 
stack 73:    858 382 994 546 779 507 
stack 74:    861 179 355 187 420 238 
stack 75:    928 296 656 850 233 640 
stack 76:    410 580 980 529 536 501 
stack 77:    537 387 105 526 718 4 
stack 78:    607 7 486 169 6 893 
stack 79:    506 594 11 702 764 82 
stack 80:    796 954 731 60 183 532 
stack 81:    800 735 311 319 258 882 
stack 82:    360 271 425 415 445 250 
stack 83:    342 531 804 686 322 785 
stack 84:    173 733 817 797 781 125 
stack 85:    437 177 848 112 167 215 
stack 86:    282 922 144 828 697 431 
stack 87:    25 655 572 920 381 750 
stack 88:    783 76 362 462 519 936 
stack 89:    969 902 715 119 776 725 
stack 90:    933 618 813 964 523 29 
stack 91:    113 433 94 133 391 182 
stack 92:    601 163 708 139 603 966 
stack 93:    825 856 568 427 175 788 
stack 94:    859 46 819 901 550 592 
stack 95:    836 857 749 582 583 203 
stack 96:    852 676 273 361 276 609 
stack 97:    168 991 654 581 670 617 
stack 98:    32 869 71 982 490 883 
stack 99:    774 973 737 138 663 417 
stack 100:    505 274 367 530 48 91 
stack 101:    909 442 118 159 877 484 
stack 102:    126 672 314 719 717 923 
stack 103:    0 326 79 403 926 605 
stack 104:    790 104 393 567 16 380 
stack 105:    111 721 559 470 157 363 
stack 106:    761 43 631 521 225 277 
stack 107:    317 931 802 539 293 533 
stack 108:    356 14 907 58 143 561 
stack 109:    866 660 924 397 185 826 
stack 110:    932 128 176 741 436 983 
stack 111:    341 448 888 87 703 123 
stack 112:    516 837 261 890 122 145 
stack 113:    40 75 759 680 348 229 
stack 114:    789 674 770 245 401 987 
stack 115:    839 12 981 999 929 728 
stack 116:    621 443 21 667 354 205 
stack 117:    88 428 578 698 910 649 
stack 118:    140 709 237 17 310 830 
stack 119:    598 665 986 158 339 146 
stack 120:    474 77 385 945 27 349 
stack 121:    325 712 958 489 666 115 
stack 122:    547 527 160 906 464 80 
stack 123:    623 652 616 815 236 634 
stack 124:    843 974 824 710 124 722 
stack 125:    469 320 102 606 150 465 
stack 126:    629 232 549 865 544 211 
stack 127:    234 496 625 574 53 729 
stack 128:    930 997 434 955 614 353 
stack 129:    161 346 515 644 218 573 
stack 130:    316 887 736 219 374 608 
stack 131:    55 184 457 780 552 73 
stack 132:    300 56 208 834 186 854 
stack 133:    693 891 984 336 915 312 
stack 134:    471 643 942 142 89 635 
stack 135:    284 570 673 587 249 235 
stack 136:    454 730 626 965 961 478 
stack 137:    940 467 538 114 453 472 
stack 138:    101 985 745 904 791 260 
stack 139:    399 900 947 925 473 435 
stack 140:    45 833 600 975 321 330 
stack 141:    818 253 386 461 264 5 
stack 142:    243 406 754 589 782 444 
stack 143:    452 806 90 107 803 127 
stack 144:    352 557 957 132 226 121 
stack 145:    407 687 682 811 214 692 
stack 146:    460 246 671 202 705 170 
stack 147:    500 86 699 247 575 41 
stack 148:    760 636 368 358 914 508 
stack 149:    279 378 899 777 871 743 
stack 150:    327 873 545 808 744 684 
stack 151:    315 757 534 542 290 886 
stack 152:    746 267 223 739 989 198 
stack 153:    952 996 622 392 842 938 
stack 154:    897 688 679 498 390 231 
stack 155:    251 525 748 853 306 691 
stack 156:    395 99 287 487 595 103 
stack 157:    772 896 916 50 188 766 
stack 158:    913 255 831 447 106 345 
stack 159:    558 917 405 814 979 13 
stack 160:    513 270 753 695 571 543 
stack 161:    19 384 92 876 556 100 
stack 162:    328 499 493 921 689 771 
stack 163:    946 147 37 967 30 918 
stack 164:    511 641 798 85 
stack 165:    283 988 732 265 823 895 
stack 166:    677 742 
stack 167:    200 827 
stack 168:    371 
stack 169:    269 
stack 170:    
stack 171:    
stack 172:    
stack 173:    
stack 174:    
stack 175:    
stack 176:    
stack 177:    
stack 178:    
stack 179:    
stack 180:    
stack 181:    
stack 182:    
stack 183:    
stack 184:    
stack 185:    
stack 186:    
stack 187:    
stack 188:    
stack 189:    
stack 190:    
stack 191:    
stack 192:    
stack 193:    
stack 194:    
stack 195:    
stack 196:    
stack 197:    
stack 198:    
stack 199:    
stack 200:    
