lower bound for relaxed s_ij: 1177695.96

#####################################################

solved with: SP.constructive_heuristics.GeneralHeuristic
time limit: 3600.0 s
time to solve: 0,02 s
objective value: 1298204.66

stacks (top to bottom):
stack 0:    438 361 592 431 159 977 
stack 1:    919 228 246 158 827 646 
stack 2:    648 618 127 292 901 54 
stack 3:    128 310 844 378 350 720 
stack 4:    610 270 507 321 527 657 
stack 5:    846 671 709 563 529 272 
stack 6:    16 400 101 212 794 730 
stack 7:    727 230 383 562 84 179 
stack 8:    211 110 490 804 331 53 
stack 9:    522 339 967 694 28 878 
stack 10:    534 285 191 268 714 623 
stack 11:    724 639 647 83 551 893 
stack 12:    546 477 481 225 929 824 
stack 13:    422 533 103 501 764 816 
stack 14:    858 68 420 439 628 643 
stack 15:    964 902 3 613 737 133 
stack 16:    626 554 330 955 853 963 
stack 17:    957 790 674 713 742 120 
stack 18:    504 264 187 751 62 900 
stack 19:    683 102 849 821 557 396 
stack 20:    535 301 26 316 344 891 
stack 21:    469 684 566 536 436 464 
stack 22:    457 207 576 184 705 806 
stack 23:    767 21 337 276 441 636 
stack 24:    229 845 505 975 961 153 
stack 25:    132 736 95 386 519 30 
stack 26:    832 506 753 685 382 531 
stack 27:    990 204 483 346 118 933 
stack 28:    874 42 398 604 630 773 
stack 29:    377 601 405 915 494 496 
stack 30:    334 2 825 719 414 216 
stack 31:    232 485 981 57 703 111 
stack 32:    99 538 651 461 544 691 
stack 33:    312 92 50 814 348 784 
stack 34:    319 644 0 656 90 201 
stack 35:    596 392 864 238 397 524 
stack 36:    869 595 580 962 175 93 
stack 37:    982 890 121 203 577 510 
stack 38:    550 98 304 970 6 181 
stack 39:    486 815 930 739 453 97 
stack 40:    578 803 540 700 569 74 
stack 41:    972 539 460 617 688 195 
stack 42:    117 341 354 430 327 624 
stack 43:    502 376 983 4 390 936 
stack 44:    783 856 778 475 391 951 
stack 45:    491 210 829 106 455 945 
stack 46:    670 135 478 868 716 323 
stack 47:    514 926 349 355 573 559 
stack 48:    215 362 525 136 129 244 
stack 49:    335 828 638 947 841 991 
stack 50:    196 172 61 45 755 359 
stack 51:    855 34 802 598 591 721 
stack 52:    448 385 571 587 299 338 
stack 53:    119 147 77 998 772 913 
stack 54:    852 370 374 387 612 471 
stack 55:    208 675 495 245 925 818 
stack 56:    164 793 876 65 745 217 
stack 57:    155 114 696 996 5 407 
stack 58:    940 611 248 781 399 498 
stack 59:    357 994 894 873 907 484 
stack 60:    482 708 541 965 848 984 
stack 61:    252 91 415 997 763 205 
stack 62:    586 572 974 847 168 735 
stack 63:    923 699 602 107 470 826 
stack 64:    380 993 124 452 785 419 
stack 65:    87 109 625 859 986 105 
stack 66:    25 44 123 342 666 410 
stack 67:    59 209 701 13 243 56 
stack 68:    402 258 511 871 324 795 
stack 69:    96 797 266 805 273 369 
stack 70:    236 867 654 463 734 384 
stack 71:    978 634 279 711 206 619 
stack 72:    489 820 642 197 664 320 
stack 73:    922 85 886 516 408 499 
stack 74:    567 752 892 27 621 769 
stack 75:    31 358 371 214 271 317 
stack 76:    152 113 932 766 777 474 
stack 77:    927 508 69 756 429 488 
stack 78:    521 916 466 903 898 43 
stack 79:    340 298 850 351 989 462 
stack 80:    686 689 143 52 518 807 
stack 81:    549 63 492 18 7 880 
stack 82:    607 311 307 326 840 830 
stack 83:    294 126 680 659 956 605 
stack 84:    789 247 889 192 895 726 
stack 85:    842 831 140 373 948 51 
stack 86:    909 920 157 582 620 655 
stack 87:    166 295 35 515 543 352 
stack 88:    375 609 960 786 896 729 
stack 89:    269 744 503 862 149 476 
stack 90:    809 170 938 741 404 728 
stack 91:    717 590 198 608 193 693 
stack 92:    707 949 32 284 167 760 
stack 93:    8 263 581 808 637 423 
stack 94:    788 73 585 640 137 692 
stack 95:    287 185 954 368 520 479 
stack 96:    313 706 451 966 291 749 
stack 97:    38 261 37 971 256 389 
stack 98:    446 163 66 973 631 770 
stack 99:    564 836 459 200 553 249 
stack 100:    333 740 241 881 979 865 
stack 101:    222 746 681 912 17 449 
stack 102:    309 233 792 561 992 363 
stack 103:    885 695 665 761 875 447 
stack 104:    160 843 412 176 112 560 
stack 105:    122 177 406 353 130 677 
stack 106:    517 183 897 935 46 24 
stack 107:    401 542 189 658 336 937 
stack 108:    322 154 254 530 445 987 
stack 109:    762 289 976 64 943 435 
stack 110:    584 145 308 588 303 600 
stack 111:    20 629 857 9 250 669 
stack 112:    988 910 906 732 1 29 
stack 113:    480 558 556 879 89 872 
stack 114:    743 663 364 870 725 239 
stack 115:    603 928 500 575 899 615 
stack 116:    968 394 532 265 765 180 
stack 117:    712 545 49 286 861 627 
stack 118:    81 833 75 768 237 169 
stack 119:    433 934 88 918 641 493 
stack 120:    108 142 144 288 780 722 
stack 121:    86 702 161 100 568 823 
stack 122:    444 487 672 465 365 678 
stack 123:    860 883 94 290 908 367 
stack 124:    673 579 235 547 775 432 
stack 125:    325 633 55 921 472 632 
stack 126:    747 40 67 950 116 635 
stack 127:    731 277 606 224 817 914 
stack 128:    653 946 443 570 82 528 
stack 129:    79 884 863 813 240 300 
stack 130:    969 22 171 174 911 839 
stack 131:    676 837 274 428 774 33 
stack 132:    213 23 682 306 332 403 
stack 133:    178 800 360 141 39 282 
stack 134:    512 186 456 942 296 242 
stack 135:    199 652 473 594 440 835 
stack 136:    904 36 523 733 421 15 
stack 137:    866 318 811 454 995 41 
stack 138:    787 985 599 738 138 877 
stack 139:    917 260 275 667 148 156 
stack 140:    219 798 427 58 257 819 
stack 141:    14 854 776 220 12 552 
stack 142:    251 302 497 801 980 134 
stack 143:    72 660 125 616 812 150 
stack 144:    104 255 80 939 834 10 
stack 145:    409 293 413 952 548 281 
stack 146:    162 356 262 395 60 597 
stack 147:    771 715 283 905 48 418 
stack 148:    697 718 328 131 267 71 
stack 149:    19 372 838 188 953 593 
stack 150:    347 76 416 305 662 393 
stack 151:    329 218 227 437 458 426 
stack 152:    234 555 574 754 221 710 
stack 153:    565 779 223 690 944 78 
stack 154:    442 231 379 388 757 649 
stack 155:    888 924 851 70 822 704 
stack 156:    151 343 253 194 941 796 
stack 157:    202 589 509 583 758 278 
stack 158:    345 723 645 381 434 698 
stack 159:    425 315 513 999 887 959 
stack 160:    182 782 614 791 661 810 
stack 161:    226 450 537 417 259 424 
stack 162:    280 958 47 165 650 799 
stack 163:    882 366 687 190 115 146 
stack 164:    668 173 467 748 750 
stack 165:    526 679 139 297 11 
stack 166:    622 
stack 167:    468 314 
stack 168:    759 411 
stack 169:    
stack 170:    931 
stack 171:    
stack 172:    
stack 173:    
stack 174:    
stack 175:    
stack 176:    
stack 177:    
stack 178:    
stack 179:    
stack 180:    
stack 181:    
stack 182:    
stack 183:    
stack 184:    
stack 185:    
stack 186:    
stack 187:    
stack 188:    
stack 189:    
stack 190:    
stack 191:    
stack 192:    
stack 193:    
stack 194:    
stack 195:    
stack 196:    
stack 197:    
stack 198:    
stack 199:    
stack 200:    
