lower bound for relaxed s_ij: 1177680.3

#####################################################

solved with: SP.constructive_heuristics.GeneralHeuristic
time limit: 3600.0 s
time to solve: 0,00 s
objective value: 1299816.59

stacks (top to bottom):
stack 0:    609 452 890 103 375 490 
stack 1:    316 256 760 109 931 734 
stack 2:    337 150 927 947 588 420 
stack 3:    403 733 989 971 324 83 
stack 4:    845 711 639 99 319 686 
stack 5:    627 63 820 525 369 514 
stack 6:    105 574 993 346 303 773 
stack 7:    939 777 182 805 956 981 
stack 8:    691 246 226 807 441 198 
stack 9:    832 922 729 112 62 652 
stack 10:    528 33 461 911 196 192 
stack 11:    89 580 51 893 229 474 
stack 12:    578 320 681 465 334 841 
stack 13:    44 404 784 411 692 463 
stack 14:    925 138 776 427 271 2 
stack 15:    983 839 552 370 302 637 
stack 16:    326 809 812 169 392 88 
stack 17:    309 826 124 894 254 962 
stack 18:    942 636 863 572 277 333 
stack 19:    708 154 495 14 655 718 
stack 20:    895 315 873 361 611 329 
stack 21:    213 331 308 715 477 557 
stack 22:    912 781 188 792 126 737 
stack 23:    223 579 761 959 961 140 
stack 24:    181 214 949 511 34 208 
stack 25:    833 710 262 522 235 908 
stack 26:    946 425 409 163 907 852 
stack 27:    861 77 42 682 30 367 
stack 28:    649 480 65 9 247 594 
stack 29:    844 93 489 551 647 954 
stack 30:    363 166 391 724 891 414 
stack 31:    926 663 992 237 260 975 
stack 32:    205 788 129 538 335 859 
stack 33:    678 614 141 152 321 811 
stack 34:    660 230 600 435 298 934 
stack 35:    0 745 231 52 576 564 
stack 36:    596 561 344 3 919 696 
stack 37:    248 850 95 439 27 883 
stack 38:    537 146 501 291 988 396 
stack 39:    595 677 767 462 707 509 
stack 40:    343 556 902 775 136 130 
stack 41:    168 878 267 279 456 804 
stack 42:    118 952 40 293 597 61 
stack 43:    469 437 621 787 903 340 
stack 44:    653 90 747 898 305 550 
stack 45:    825 352 47 544 829 153 
stack 46:    758 70 101 603 728 843 
stack 47:    661 867 203 199 443 142 
stack 48:    23 97 518 211 774 743 
stack 49:    244 951 412 513 6 984 
stack 50:    379 702 573 444 1 162 
stack 51:    834 510 889 606 797 64 
stack 52:    748 794 330 428 190 553 
stack 53:    575 999 963 36 657 423 
stack 54:    673 22 643 502 484 666 
stack 55:    960 872 837 165 157 714 
stack 56:    278 910 976 697 979 57 
stack 57:    149 612 739 332 909 964 
stack 58:    482 467 813 151 243 385 
stack 59:    18 108 554 779 387 430 
stack 60:    948 917 483 640 159 135 
stack 61:    58 286 255 675 354 680 
stack 62:    116 304 953 380 570 966 
stack 63:    865 846 436 533 60 884 
stack 64:    821 507 517 986 546 296 
stack 65:    400 555 448 416 800 754 
stack 66:    183 164 862 342 508 406 
stack 67:    242 527 969 713 679 598 
stack 68:    921 876 96 201 803 299 
stack 69:    390 415 720 29 17 545 
stack 70:    512 547 585 968 905 78 
stack 71:    563 783 328 322 365 957 
stack 72:    224 253 366 68 127 871 
stack 73:    485 664 717 144 395 318 
stack 74:    674 139 137 662 355 757 
stack 75:    405 220 454 930 822 736 
stack 76:    688 132 831 289 519 49 
stack 77:    699 605 945 94 350 158 
stack 78:    856 980 687 50 753 526 
stack 79:    746 35 295 972 874 816 
stack 80:    451 634 12 8 738 176 
stack 81:    402 735 808 782 828 179 
stack 82:    504 399 156 20 619 429 
stack 83:    785 434 658 955 524 851 
stack 84:    712 185 716 997 455 15 
stack 85:    209 82 592 283 79 210 
stack 86:    914 623 719 384 998 128 
stack 87:    251 187 236 590 996 644 
stack 88:    571 422 445 91 626 694 
stack 89:    92 613 487 347 313 915 
stack 90:    431 349 66 498 217 175 
stack 91:    39 847 67 218 565 651 
stack 92:    178 752 749 272 189 486 
stack 93:    475 990 823 473 216 751 
stack 94:    858 207 268 24 282 929 
stack 95:    202 991 836 5 892 985 
stack 96:    604 102 432 802 700 494 
stack 97:    371 950 478 419 184 848 
stack 98:    835 233 793 72 503 59 
stack 99:    995 887 386 232 560 818 
stack 100:    161 26 987 221 742 703 
stack 101:    559 756 225 460 413 356 
stack 102:    121 566 341 297 625 586 
stack 103:    488 259 479 617 389 447 
stack 104:    654 134 943 227 888 897 
stack 105:    875 453 536 317 684 38 
stack 106:    641 285 438 155 310 814 
stack 107:    938 173 541 472 706 170 
stack 108:    265 357 759 281 842 312 
stack 109:    882 755 726 76 275 106 
stack 110:    10 659 257 796 521 266 
stack 111:    7 857 899 497 562 193 
stack 112:    376 4 932 901 935 933 
stack 113:    765 481 306 492 806 197 
stack 114:    970 676 261 13 348 535 
stack 115:    608 880 459 798 973 426 
stack 116:    516 450 145 913 284 602 
stack 117:    558 870 786 645 638 496 
stack 118:    532 819 374 790 515 84 
stack 119:    16 900 123 543 122 464 
stack 120:    11 353 311 433 582 327 
stack 121:    104 442 45 148 468 741 
stack 122:    791 764 470 180 584 669 
stack 123:    301 725 762 325 704 855 
stack 124:    936 650 732 877 147 69 
stack 125:    778 172 273 177 421 290 
stack 126:    54 631 398 886 458 920 
stack 127:    534 241 358 362 250 239 
stack 128:    928 263 974 372 523 610 
stack 129:    721 215 345 167 43 252 
stack 130:    695 120 407 937 111 360 
stack 131:    117 113 424 446 449 916 
stack 132:    31 693 110 19 744 471 
stack 133:    646 41 860 394 520 373 
stack 134:    978 607 810 918 685 879 
stack 135:    530 591 238 307 568 838 
stack 136:    656 125 671 476 288 500 
stack 137:    25 323 368 107 440 866 
stack 138:    723 542 274 506 567 457 
stack 139:    622 615 160 37 648 195 
stack 140:    531 824 620 799 624 768 
stack 141:    815 378 276 977 383 540 
stack 142:    698 635 32 940 131 731 
stack 143:    294 727 958 280 98 667 
stack 144:    382 896 86 81 665 789 
stack 145:    709 300 904 923 258 690 
stack 146:    48 143 670 529 418 119 
stack 147:    234 388 219 74 840 633 
stack 148:    618 577 868 994 493 28 
stack 149:    853 339 206 780 722 314 
stack 150:    629 133 869 683 75 71 
stack 151:    287 864 906 569 338 364 
stack 152:    228 55 854 249 336 351 
stack 153:    944 222 56 212 200 771 
stack 154:    114 885 769 204 817 377 
stack 155:    499 740 359 689 270 642 
stack 156:    616 827 80 763 100 593 
stack 157:    410 801 417 292 174 701 
stack 158:    491 830 881 549 795 245 
stack 159:    628 46 589 53 171 967 
stack 160:    583 539 397 581 941 630 
stack 161:    408 548 772 73 191 601 
stack 162:    705 505 401 194 466 849 
stack 163:    730 632 264 672 924 87 
stack 164:    269 965 587 766 
stack 165:    85 393 668 381 
stack 166:    750 
stack 167:    599 115 240 770 982 186 
stack 168:    
stack 169:    21 
stack 170:    
stack 171:    
stack 172:    
stack 173:    
stack 174:    
stack 175:    
stack 176:    
stack 177:    
stack 178:    
stack 179:    
stack 180:    
stack 181:    
stack 182:    
stack 183:    
stack 184:    
stack 185:    
stack 186:    
stack 187:    
stack 188:    
stack 189:    
stack 190:    
stack 191:    
stack 192:    
stack 193:    
stack 194:    
stack 195:    
stack 196:    
stack 197:    
stack 198:    
stack 199:    
stack 200:    
