lower bound for relaxed s_ij: 1177703.28

#####################################################

solved with: SP.constructive_heuristics.GeneralHeuristic
time limit: 3600.0 s
time to solve: 0,00 s
objective value: 1304385.83

stacks (top to bottom):
stack 0:    734 900 601 416 25 374 
stack 1:    153 841 622 125 980 90 
stack 2:    38 502 765 424 79 304 
stack 3:    344 785 728 388 240 343 
stack 4:    214 590 257 311 730 223 
stack 5:    576 351 436 646 98 924 
stack 6:    56 528 743 253 808 475 
stack 7:    208 530 74 538 542 226 
stack 8:    894 186 549 750 954 392 
stack 9:    657 722 660 111 442 419 
stack 10:    3 790 11 938 286 435 
stack 11:    609 338 47 786 452 484 
stack 12:    225 247 828 495 112 891 
stack 13:    651 151 119 701 60 982 
stack 14:    625 773 335 399 988 387 
stack 15:    209 45 271 19 476 647 
stack 16:    456 460 355 753 950 248 
stack 17:    762 573 274 140 811 696 
stack 18:    979 812 376 918 31 113 
stack 19:    268 49 614 187 72 451 
stack 20:    312 406 390 487 642 877 
stack 21:    93 68 946 516 469 160 
stack 22:    658 363 352 930 782 545 
stack 23:    592 501 410 453 322 618 
stack 24:    418 896 220 677 232 726 
stack 25:    586 655 445 128 35 716 
stack 26:    639 494 334 957 583 207 
stack 27:    84 358 282 263 273 467 
stack 28:    551 280 488 96 688 85 
stack 29:    813 671 876 838 751 270 
stack 30:    767 105 616 597 157 910 
stack 31:    83 593 117 166 898 993 
stack 32:    955 760 414 798 381 255 
stack 33:    432 370 129 301 927 204 
stack 34:    448 807 721 199 853 191 
stack 35:    216 305 188 429 672 678 
stack 36:    541 407 181 689 978 507 
stack 37:    27 295 905 787 952 431 
stack 38:    296 712 606 814 342 298 
stack 39:    568 570 135 976 261 962 
stack 40:    607 420 559 919 404 643 
stack 41:    523 711 293 857 843 482 
stack 42:    915 561 757 878 937 176 
stack 43:    287 415 661 960 975 55 
stack 44:    539 510 132 964 803 439 
stack 45:    139 585 425 447 684 623 
stack 46:    679 864 836 990 202 645 
stack 47:    150 409 29 318 824 752 
stack 48:    863 563 206 91 654 820 
stack 49:    644 596 862 265 360 629 
stack 50:    543 219 736 754 92 412 
stack 51:    229 703 725 393 509 413 
stack 52:    479 913 440 401 744 198 
stack 53:    242 846 847 97 449 39 
stack 54:    167 810 584 521 144 256 
stack 55:    513 400 22 118 321 650 
stack 56:    69 640 873 520 172 297 
stack 57:    366 100 626 540 921 958 
stack 58:    372 800 816 446 713 641 
stack 59:    709 466 766 104 203 768 
stack 60:    732 375 383 694 594 50 
stack 61:    437 30 971 774 704 961 
stack 62:    411 402 893 66 985 591 
stack 63:    977 52 574 670 627 15 
stack 64:    548 290 912 582 71 314 
stack 65:    279 939 615 534 101 550 
stack 66:    972 869 727 801 608 179 
stack 67:    851 468 567 288 984 928 
stack 68:    673 197 839 802 515 815 
stack 69:    638 917 621 500 171 319 
stack 70:    926 705 174 190 522 62 
stack 71:    652 284 210 945 860 67 
stack 72:    32 872 729 307 205 874 
stack 73:    464 4 897 21 260 871 
stack 74:    784 691 75 294 793 903 
stack 75:    742 122 605 557 243 892 
stack 76:    272 369 504 832 141 560 
stack 77:    823 496 145 331 300 156 
stack 78:    310 865 532 598 648 185 
stack 79:    497 86 14 110 831 804 
stack 80:    196 218 830 552 636 164 
stack 81:    519 201 981 674 89 662 
stack 82:    708 8 195 159 386 326 
stack 83:    235 58 147 578 845 514 
stack 84:    461 884 966 620 611 114 
stack 85:    633 54 217 968 527 996 
stack 86:    347 23 336 152 656 886 
stack 87:    134 385 942 818 710 377 
stack 88:    772 348 493 848 758 283 
stack 89:    854 835 953 78 192 967 
stack 90:    137 349 668 667 546 51 
stack 91:    794 731 37 649 250 610 
stack 92:    895 382 120 7 776 995 
stack 93:    259 914 80 359 925 328 
stack 94:    923 887 603 492 547 308 
stack 95:    983 554 43 361 821 77 
stack 96:    989 102 6 826 907 395 
stack 97:    723 61 579 246 230 564 
stack 98:    681 992 506 599 806 612 
stack 99:    717 266 44 805 327 778 
stack 100:    183 267 718 138 840 746 
stack 101:    577 458 833 908 292 262 
stack 102:    739 631 367 473 692 902 
stack 103:    737 685 353 73 362 659 
stack 104:    443 34 450 866 755 143 
stack 105:    378 572 575 155 46 324 
stack 106:    932 761 480 697 444 956 
stack 107:    795 149 901 238 481 855 
stack 108:    997 565 316 628 465 637 
stack 109:    200 748 749 881 533 809 
stack 110:    211 252 180 76 875 844 
stack 111:    398 553 634 303 617 12 
stack 112:    337 738 944 745 885 70 
stack 113:    434 182 258 486 666 852 
stack 114:    63 797 675 391 471 566 
stack 115:    236 231 82 788 791 740 
stack 116:    224 994 664 277 428 133 
stack 117:    569 373 285 233 653 719 
stack 118:    5 251 503 59 379 339 
stack 119:    922 780 455 635 136 222 
stack 120:    518 888 943 581 148 819 
stack 121:    345 24 350 408 741 883 
stack 122:    856 313 244 108 512 357 
stack 123:    154 368 693 632 827 525 
stack 124:    394 998 715 587 423 825 
stack 125:    20 695 889 963 934 714 
stack 126:    17 724 269 781 683 619 
stack 127:    433 849 588 531 346 920 
stack 128:    879 556 936 123 249 867 
stack 129:    680 483 405 16 213 470 
stack 130:    699 931 459 613 389 698 
stack 131:    64 630 103 770 193 18 
stack 132:    116 999 511 278 764 969 
stack 133:    237 115 329 40 42 491 
stack 134:    330 526 472 700 332 779 
stack 135:    499 364 457 215 505 763 
stack 136:    986 430 911 663 325 777 
stack 137:    861 941 158 792 822 109 
stack 138:    947 95 371 28 796 189 
stack 139:    323 421 94 909 340 973 
stack 140:    690 168 799 107 2 146 
stack 141:    904 747 537 228 929 498 
stack 142:    485 417 426 916 106 289 
stack 143:    454 858 234 817 756 490 
stack 144:    173 589 624 906 99 317 
stack 145:    163 354 127 245 899 571 
stack 146:    489 880 970 175 1 882 
stack 147:    789 397 478 706 254 87 
stack 148:    580 965 302 427 669 463 
stack 149:    9 733 462 842 306 987 
stack 150:    309 829 959 933 775 36 
stack 151:    184 529 974 212 438 333 
stack 152:    177 162 356 783 555 935 
stack 153:    0 13 600 868 320 544 
stack 154:    949 562 178 951 535 121 
stack 155:    88 380 365 682 281 558 
stack 156:    276 771 81 665 595 48 
stack 157:    948 165 422 940 834 221 
stack 158:    508 170 837 477 850 676 
stack 159:    720 604 441 474 194 264 
stack 160:    991 169 124 769 26 161 
stack 161:    130 142 859 239 517 10 
stack 162:    890 735 524 870 341 403 
stack 163:    275 227 707 384 241 299 
stack 164:    702 57 687 53 602 33 
stack 165:    291 536 
stack 166:    396 41 315 686 126 
stack 167:    131 
stack 168:    65 
stack 169:    
stack 170:    759 
stack 171:    
stack 172:    
stack 173:    
stack 174:    
stack 175:    
stack 176:    
stack 177:    
stack 178:    
stack 179:    
stack 180:    
stack 181:    
stack 182:    
stack 183:    
stack 184:    
stack 185:    
stack 186:    
stack 187:    
stack 188:    
stack 189:    
stack 190:    
stack 191:    
stack 192:    
stack 193:    
stack 194:    
stack 195:    
stack 196:    
stack 197:    
stack 198:    
stack 199:    
stack 200:    
