lower bound for relaxed s_ij: 1177685.1

#####################################################

solved with: SP.constructive_heuristics.GeneralHeuristic
time limit: 3600.0 s
time to solve: 0,00 s
objective value: 1303064.73

stacks (top to bottom):
stack 0:    133 494 470 592 184 213 
stack 1:    139 164 216 740 399 22 
stack 2:    278 627 426 813 249 107 
stack 3:    43 163 158 643 736 236 
stack 4:    302 206 2 319 458 457 
stack 5:    531 186 339 4 945 852 
stack 6:    749 29 271 231 191 881 
stack 7:    772 511 963 283 445 896 
stack 8:    557 194 477 883 238 517 
stack 9:    885 683 961 884 978 308 
stack 10:    113 153 290 487 322 243 
stack 11:    378 614 99 285 240 174 
stack 12:    578 944 354 295 594 157 
stack 13:    202 571 340 500 279 581 
stack 14:    45 712 602 54 345 931 
stack 15:    706 215 244 449 67 959 
stack 16:    27 103 955 332 104 442 
stack 17:    126 197 679 147 326 969 
stack 18:    177 393 183 105 199 159 
stack 19:    586 7 73 235 300 484 
stack 20:    28 838 141 654 411 697 
stack 21:    505 58 127 474 932 953 
stack 22:    663 954 623 166 176 296 
stack 23:    435 504 233 951 664 693 
stack 24:    439 222 525 317 817 357 
stack 25:    41 735 365 889 328 665 
stack 26:    648 137 441 120 124 734 
stack 27:    488 750 894 252 203 31 
stack 28:    254 582 984 711 154 370 
stack 29:    387 912 768 892 947 956 
stack 30:    737 70 440 999 596 570 
stack 31:    516 480 422 89 358 433 
stack 32:    842 590 676 444 38 102 
stack 33:    467 858 626 392 820 929 
stack 34:    436 286 315 193 980 714 
stack 35:    925 757 255 201 915 895 
stack 36:    168 536 289 396 523 456 
stack 37:    787 660 756 707 316 601 
stack 38:    821 464 613 416 655 115 
stack 39:    877 77 666 726 352 450 
stack 40:    453 428 314 555 723 269 
stack 41:    739 329 904 403 527 508 
stack 42:    729 688 600 529 367 196 
stack 43:    844 162 377 239 373 923 
stack 44:    786 50 190 924 23 346 
stack 45:    681 950 580 595 579 118 
stack 46:    566 875 374 325 122 121 
stack 47:    294 534 661 569 646 63 
stack 48:    355 831 189 833 135 591 
stack 49:    992 404 74 149 752 134 
stack 50:    131 689 862 998 607 908 
stack 51:    15 890 384 242 272 421 
stack 52:    645 6 293 814 452 672 
stack 53:    36 173 608 171 482 800 
stack 54:    898 780 469 785 414 198 
stack 55:    395 810 260 771 637 59 
stack 56:    16 753 182 574 671 758 
stack 57:    463 424 981 721 13 946 
stack 58:    48 466 835 619 248 615 
stack 59:    30 807 827 939 356 624 
stack 60:    116 808 169 223 745 427 
stack 61:    539 549 1 87 698 891 
stack 62:    928 86 327 110 348 492 
stack 63:    35 865 568 839 425 617 
stack 64:    918 911 398 82 979 605 
stack 65:    207 92 167 830 145 748 
stack 66:    812 214 769 156 975 686 
stack 67:    312 922 577 868 409 380 
stack 68:    775 521 849 550 985 335 
stack 69:    913 991 170 468 633 982 
stack 70:    5 731 585 887 964 229 
stack 71:    635 90 952 226 732 542 
stack 72:    496 132 400 460 85 19 
stack 73:    179 537 893 861 83 826 
stack 74:    760 208 333 418 530 533 
stack 75:    755 603 559 9 843 52 
stack 76:    532 802 632 994 369 855 
stack 77:    941 491 741 419 144 84 
stack 78:    123 130 512 232 854 803 
stack 79:    967 801 611 535 825 241 
stack 80:    277 344 142 840 828 218 
stack 81:    848 575 33 997 146 431 
stack 82:    388 629 725 744 728 669 
stack 83:    754 165 501 148 292 684 
stack 84:    209 17 876 264 510 933 
stack 85:    699 353 943 507 919 100 
stack 86:    576 640 872 97 938 227 
stack 87:    375 622 880 747 620 152 
stack 88:    851 897 942 515 125 790 
stack 89:    722 237 829 524 282 962 
stack 90:    55 988 701 796 857 641 
stack 91:    778 630 224 106 548 509 
stack 92:    337 724 37 718 562 211 
stack 93:    565 93 192 180 408 490 
stack 94:    417 836 859 88 71 638 
stack 95:    656 368 764 909 518 498 
stack 96:    301 874 423 552 616 506 
stack 97:    987 451 78 649 850 811 
stack 98:    799 853 472 863 996 837 
stack 99:    599 993 972 32 3 413 
stack 100:    473 246 161 587 379 846 
stack 101:    479 888 792 210 551 461 
stack 102:    692 64 625 621 797 709 
stack 103:    489 906 481 710 667 631 
stack 104:    921 383 270 363 983 738 
stack 105:    653 212 438 111 561 471 
stack 106:    410 178 334 262 341 860 
stack 107:    597 704 320 287 652 902 
stack 108:    765 297 234 774 777 267 
stack 109:    834 95 674 905 257 558 
stack 110:    81 766 75 879 455 798 
stack 111:    662 188 200 47 598 695 
stack 112:    338 371 763 385 816 788 
stack 113:    119 350 351 412 867 917 
stack 114:    476 544 361 650 11 18 
stack 115:    675 34 386 767 870 497 
stack 116:    250 900 66 109 366 554 
stack 117:    143 609 995 974 789 79 
stack 118:    668 57 61 940 429 465 
stack 119:    258 447 708 759 138 160 
stack 120:    24 245 958 274 949 263 
stack 121:    791 702 761 217 784 968 
stack 122:    658 977 560 930 705 26 
stack 123:    528 359 275 720 781 307 
stack 124:    691 727 443 281 273 903 
stack 125:    187 553 916 618 546 659 
stack 126:    230 657 644 305 634 526 
stack 127:    390 682 965 21 522 563 
stack 128:    677 819 228 391 783 318 
stack 129:    140 694 782 502 330 80 
stack 130:    205 687 866 389 313 185 
stack 131:    405 448 935 10 430 910 
stack 132:    331 261 878 966 114 538 
stack 133:    172 60 68 0 324 343 
stack 134:    303 513 298 990 420 150 
stack 135:    499 989 401 779 871 129 
stack 136:    873 809 251 128 117 360 
stack 137:    397 886 717 49 247 323 
stack 138:    604 583 434 651 65 673 
stack 139:    680 685 901 986 268 151 
stack 140:    845 670 751 485 690 432 
stack 141:    776 971 96 46 347 181 
stack 142:    402 288 299 719 204 195 
stack 143:    589 25 69 364 948 495 
stack 144:    926 14 503 762 94 486 
stack 145:    91 937 304 437 610 259 
stack 146:    291 51 8 462 12 606 
stack 147:    44 446 793 253 136 696 
stack 148:    864 869 832 647 42 72 
stack 149:    284 40 773 20 276 541 
stack 150:    815 155 540 733 818 700 
stack 151:    62 475 564 101 934 584 
stack 152:    336 265 628 76 520 543 
stack 153:    593 794 219 823 311 856 
stack 154:    804 806 957 588 406 98 
stack 155:    703 280 715 841 372 376 
stack 156:    713 220 483 742 730 175 
stack 157:    795 567 478 770 882 639 
stack 158:    899 936 266 459 225 907 
stack 159:    976 556 321 53 822 306 
stack 160:    256 56 415 108 309 573 
stack 161:    746 920 394 382 960 493 
stack 162:    612 407 381 547 914 642 
stack 163:    970 454 310 678 973 514 
stack 164:    805 636 349 847 
stack 165:    716 112 743 824 342 39 
stack 166:    519 545 572 
stack 167:    362 
stack 168:    927 
stack 169:    
stack 170:    221 
stack 171:    
stack 172:    
stack 173:    
stack 174:    
stack 175:    
stack 176:    
stack 177:    
stack 178:    
stack 179:    
stack 180:    
stack 181:    
stack 182:    
stack 183:    
stack 184:    
stack 185:    
stack 186:    
stack 187:    
stack 188:    
stack 189:    
stack 190:    
stack 191:    
stack 192:    
stack 193:    
stack 194:    
stack 195:    
stack 196:    
stack 197:    
stack 198:    
stack 199:    
stack 200:    
