lower bound for relaxed s_ij: 1177695.96

#####################################################

solved with: SP.constructive_heuristics.GeneralHeuristic
time limit: 3600.0 s
time to solve: 0,00 s
objective value: 1298762.15

stacks (top to bottom):
stack 0:    449 181 52 412 120 788 
stack 1:    628 756 141 959 107 656 
stack 2:    969 428 519 763 970 84 
stack 3:    407 3 365 801 351 745 
stack 4:    669 409 43 660 387 322 
stack 5:    768 284 106 68 207 617 
stack 6:    178 208 807 291 651 203 
stack 7:    170 808 149 547 709 414 
stack 8:    923 317 496 230 54 512 
stack 9:    766 883 348 532 934 678 
stack 10:    490 229 644 467 357 912 
stack 11:    560 19 24 684 509 448 
stack 12:    579 681 483 740 225 198 
stack 13:    91 87 201 633 514 250 
stack 14:    77 175 421 551 589 517 
stack 15:    152 548 795 211 330 491 
stack 16:    583 265 964 505 612 354 
stack 17:    338 814 455 588 584 863 
stack 18:    276 616 631 129 395 550 
stack 19:    866 833 487 22 350 838 
stack 20:    46 32 636 641 173 582 
stack 21:    358 139 474 369 78 499 
stack 22:    244 469 168 650 115 904 
stack 23:    429 990 533 452 867 422 
stack 24:    459 258 909 393 28 672 
stack 25:    64 946 699 481 731 634 
stack 26:    35 853 577 698 563 948 
stack 27:    174 836 673 609 228 332 
stack 28:    222 238 914 886 751 742 
stack 29:    556 568 144 127 264 884 
stack 30:    342 945 89 430 69 493 
stack 31:    232 935 400 456 42 848 
stack 32:    457 894 877 398 81 361 
stack 33:    856 826 213 420 204 16 
stack 34:    388 40 159 954 932 200 
stack 35:    659 379 687 541 103 38 
stack 36:    167 116 278 17 780 993 
stack 37:    688 720 910 743 758 189 
stack 38:    104 172 754 933 610 72 
stack 39:    794 413 861 62 1 234 
stack 40:    978 947 528 846 799 839 
stack 41:    929 537 363 25 965 465 
stack 42:    898 202 377 275 539 269 
stack 43:    966 389 319 638 36 552 
stack 44:    874 626 986 782 263 271 
stack 45:    789 559 157 728 529 803 
stack 46:    381 461 955 298 843 737 
stack 47:    147 299 7 804 489 14 
stack 48:    101 778 691 164 835 221 
stack 49:    679 344 118 896 830 908 
stack 50:    818 383 96 362 748 251 
stack 51:    65 163 187 635 739 0 
stack 52:    727 256 315 440 340 445 
stack 53:    486 323 652 218 919 815 
stack 54:    680 917 849 869 872 581 
stack 55:    821 962 443 511 385 834 
stack 56:    714 463 773 724 840 603 
stack 57:    108 961 824 308 761 402 
stack 58:    809 150 859 100 938 111 
stack 59:    518 717 530 41 2 4 
stack 60:    701 508 735 900 335 570 
stack 61:    197 897 63 282 827 60 
stack 62:    313 239 305 347 958 478 
stack 63:    524 18 161 852 553 975 
stack 64:    390 674 292 957 51 902 
stack 65:    372 645 875 426 411 775 
stack 66:    723 5 182 391 606 703 
stack 67:    705 425 706 534 367 113 
stack 68:    472 241 759 752 817 194 
stack 69:    441 746 224 526 596 70 
stack 70:    378 764 823 55 9 475 
stack 71:    112 573 470 95 629 837 
stack 72:    349 485 155 303 640 66 
stack 73:    352 192 506 654 6 913 
stack 74:    911 719 535 262 716 574 
stack 75:    45 273 860 371 785 27 
stack 76:    370 952 998 368 715 309 
stack 77:    696 516 772 165 99 855 
stack 78:    806 33 464 522 939 119 
stack 79:    888 710 712 374 999 736 
stack 80:    94 783 943 10 29 375 
stack 81:    274 892 862 770 255 554 
stack 82:    458 595 918 245 494 334 
stack 83:    482 810 927 513 438 341 
stack 84:    235 845 805 279 281 931 
stack 85:    738 133 686 847 851 67 
stack 86:    523 649 960 8 80 594 
stack 87:    565 601 76 655 632 937 
stack 88:    713 924 870 479 320 722 
stack 89:    971 424 879 177 339 822 
stack 90:    406 158 796 404 179 47 
stack 91:    153 729 592 802 985 755 
stack 92:    333 122 725 689 992 881 
stack 93:    747 906 283 925 639 408 
stack 94:    140 190 916 366 11 668 
stack 95:    989 418 468 392 146 427 
stack 96:    621 850 671 227 841 56 
stack 97:    345 109 708 670 665 675 
stack 98:    734 220 171 193 695 618 
stack 99:    169 878 314 942 500 125 
stack 100:    318 495 930 243 661 460 
stack 101:    941 288 488 135 386 246 
stack 102:    940 257 484 520 571 185 
stack 103:    767 753 110 145 811 580 
stack 104:    31 73 976 310 525 254 
stack 105:    829 132 921 980 416 915 
stack 106:    598 233 973 997 337 90 
stack 107:    979 331 261 540 160 329 
stack 108:    397 37 82 893 887 247 
stack 109:    137 226 812 325 267 26 
stack 110:    642 219 658 507 83 880 
stack 111:    191 497 950 586 622 183 
stack 112:    312 576 865 86 564 324 
stack 113:    819 527 599 885 126 151 
stack 114:    410 415 473 97 249 277 
stack 115:    790 248 882 968 85 936 
stack 116:    769 607 53 34 306 289 
stack 117:    995 121 156 114 787 741 
stack 118:    124 683 44 749 442 566 
stack 119:    130 295 690 677 682 435 
stack 120:    542 587 360 290 786 336 
stack 121:    562 131 180 231 12 215 
stack 122:    237 972 286 597 831 926 
stack 123:    293 462 15 624 593 364 
stack 124:    545 399 664 591 419 74 
stack 125:    762 982 760 326 623 138 
stack 126:    890 614 627 765 757 98 
stack 127:    401 777 186 515 692 50 
stack 128:    477 195 620 214 356 242 
stack 129:    376 88 895 871 102 316 
stack 130:    328 93 726 136 434 436 
stack 131:    447 301 944 697 217 223 
stack 132:    967 49 451 578 864 142 
stack 133:    646 572 733 297 643 199 
stack 134:    307 798 784 544 394 188 
stack 135:    433 206 693 510 134 13 
stack 136:    920 23 663 619 355 994 
stack 137:    359 61 71 48 431 117 
stack 138:    260 600 439 858 615 128 
stack 139:    630 857 575 901 492 889 
stack 140:    557 39 984 844 744 963 
stack 141:    613 903 403 59 502 300 
stack 142:    444 216 657 549 792 776 
stack 143:    205 590 662 625 685 210 
stack 144:    176 791 949 154 382 702 
stack 145:    707 105 521 905 813 816 
stack 146:    253 212 983 567 311 608 
stack 147:    694 555 779 987 453 417 
stack 148:    268 373 123 832 825 546 
stack 149:    432 611 209 272 380 907 
stack 150:    676 868 854 602 236 558 
stack 151:    450 143 561 476 974 384 
stack 152:    466 800 196 538 653 771 
stack 153:    30 899 346 166 667 585 
stack 154:    704 750 774 543 162 79 
stack 155:    304 302 57 280 148 471 
stack 156:    504 287 891 480 876 240 
stack 157:    732 637 75 648 605 828 
stack 158:    781 951 423 396 259 353 
stack 159:    327 956 842 666 711 647 
stack 160:    20 498 285 270 988 991 
stack 161:    266 454 953 718 321 
stack 162:    928 981 996 873 184 922 
stack 163:    501 797 569 446 604 437 
stack 164:    58 343 405 252 820 92 
stack 165:    503 730 294 721 21 793 
stack 166:    
stack 167:    296 
stack 168:    700 536 531 
stack 169:    977 
stack 170:    
stack 171:    
stack 172:    
stack 173:    
stack 174:    
stack 175:    
stack 176:    
stack 177:    
stack 178:    
stack 179:    
stack 180:    
stack 181:    
stack 182:    
stack 183:    
stack 184:    
stack 185:    
stack 186:    
stack 187:    
stack 188:    
stack 189:    
stack 190:    
stack 191:    
stack 192:    
stack 193:    
stack 194:    
stack 195:    
stack 196:    
stack 197:    
stack 198:    
stack 199:    
stack 200:    
