lower bound for relaxed s_ij: 1177712.96

#####################################################

solved with: SP.constructive_heuristics.GeneralHeuristic
time limit: 3600.0 s
time to solve: 0,00 s
objective value: 1295380.69

stacks (top to bottom):
stack 0:    356 873 927 72 376 439 
stack 1:    804 136 667 807 662 919 
stack 2:    362 786 654 989 12 586 
stack 3:    128 225 626 9 623 327 
stack 4:    174 278 407 740 264 510 
stack 5:    874 606 507 901 949 815 
stack 6:    179 23 489 246 43 393 
stack 7:    305 604 411 229 227 799 
stack 8:    306 932 380 450 538 649 
stack 9:    366 518 436 913 565 401 
stack 10:    922 830 337 876 112 639 
stack 11:    147 571 812 297 479 514 
stack 12:    540 446 361 251 902 234 
stack 13:    794 914 534 123 549 420 
stack 14:    383 845 271 747 96 427 
stack 15:    331 224 431 828 467 26 
stack 16:    875 741 505 956 865 210 
stack 17:    801 757 11 614 267 435 
stack 18:    33 438 135 906 269 513 
stack 19:    143 444 746 146 303 217 
stack 20:    325 826 773 784 935 97 
stack 21:    38 785 725 471 624 87 
stack 22:    304 957 113 429 694 866 
stack 23:    708 613 322 625 728 896 
stack 24:    472 423 993 751 974 608 
stack 25:    484 934 461 827 106 577 
stack 26:    921 104 149 425 180 600 
stack 27:    842 88 797 347 14 712 
stack 28:    627 204 44 46 488 894 
stack 29:    495 51 74 960 357 175 
stack 30:    257 762 931 212 522 173 
stack 31:    750 723 671 531 501 526 
stack 32:    641 161 787 736 195 415 
stack 33:    970 889 328 463 364 795 
stack 34:    169 261 612 655 994 859 
stack 35:    230 120 316 56 904 506 
stack 36:    618 929 650 153 848 394 
stack 37:    803 632 345 186 766 131 
stack 38:    63 417 860 546 813 190 
stack 39:    449 20 432 346 70 634 
stack 40:    879 713 730 192 832 732 
stack 41:    168 576 817 247 486 321 
stack 42:    515 130 979 605 595 242 
stack 43:    223 552 987 369 714 219 
stack 44:    291 481 350 343 755 421 
stack 45:    213 15 619 209 629 154 
stack 46:    559 359 64 118 818 286 
stack 47:    726 556 631 214 524 986 
stack 48:    642 805 42 547 487 593 
stack 49:    532 324 948 171 796 958 
stack 50:    50 460 675 711 157 101 
stack 51:    779 35 857 583 637 758 
stack 52:    670 759 930 790 0 917 
stack 53:    584 809 156 77 282 385 
stack 54:    635 705 884 933 836 574 
stack 55:    374 476 975 465 103 399 
stack 56:    220 48 739 768 923 946 
stack 57:    477 392 403 10 110 841 
stack 58:    810 40 530 523 697 864 
stack 59:    696 294 831 65 342 448 
stack 60:    611 628 806 440 688 13 
stack 61:    573 84 685 789 416 358 
stack 62:    959 478 777 355 683 512 
stack 63:    313 819 621 333 555 761 
stack 64:    783 965 503 320 442 900 
stack 65:    232 208 898 241 281 548 
stack 66:    335 877 451 75 609 177 
stack 67:    521 891 433 453 701 238 
stack 68:    317 79 155 205 597 314 
stack 69:    351 760 734 947 329 717 
stack 70:    129 474 838 715 633 86 
stack 71:    615 984 669 390 693 397 
stack 72:    462 537 890 895 648 744 
stack 73:    916 24 201 132 296 616 
stack 74:    843 941 580 862 145 707 
stack 75:    408 897 778 309 354 301 
stack 76:    659 511 863 676 953 592 
stack 77:    603 978 203 722 98 18 
stack 78:    92 724 997 95 189 644 
stack 79:    202 108 940 793 412 646 
stack 80:    454 870 150 517 348 553 
stack 81:    61 295 821 769 418 340 
stack 82:    319 5 419 244 570 925 
stack 83:    684 336 617 880 256 849 
stack 84:    780 160 638 886 742 802 
stack 85:    858 824 656 882 200 470 
stack 86:    377 116 955 892 62 652 
stack 87:    235 233 299 367 334 266 
stack 88:    32 680 245 258 852 998 
stack 89:    400 445 764 753 93 7 
stack 90:    665 721 302 647 2 388 
stack 91:    326 969 172 982 878 332 
stack 92:    991 308 198 292 856 938 
stack 93:    125 370 499 585 928 835 
stack 94:    194 587 972 142 94 663 
stack 95:    207 839 485 406 581 937 
stack 96:    915 378 808 19 375 206 
stack 97:    504 661 981 781 643 428 
stack 98:    349 645 275 554 999 483 
stack 99:    551 341 99 995 776 36 
stack 100:    738 262 162 702 847 936 
stack 101:    193 402 386 572 962 31 
stack 102:    107 792 379 912 774 16 
stack 103:    622 720 54 679 197 681 
stack 104:    535 710 285 899 825 924 
stack 105:    352 83 265 466 434 542 
stack 106:    594 771 105 371 176 39 
stack 107:    672 231 344 558 480 985 
stack 108:    939 218 28 47 954 363 
stack 109:    596 951 311 992 689 840 
stack 110:    692 254 133 508 3 339 
stack 111:    29 944 41 365 529 718 
stack 112:    677 52 243 519 682 816 
stack 113:    620 749 950 298 307 368 
stack 114:    458 706 909 560 382 668 
stack 115:    6 887 885 409 719 426 
stack 116:    293 287 284 413 398 568 
stack 117:    468 500 996 727 837 66 
stack 118:    424 782 441 490 729 89 
stack 119:    491 561 636 144 772 854 
stack 120:    800 888 893 373 127 905 
stack 121:    660 566 968 405 273 90 
stack 122:    988 274 164 255 563 699 
stack 123:    279 464 945 115 49 404 
stack 124:    820 963 185 270 550 452 
stack 125:    196 983 536 653 82 199 
stack 126:    184 590 260 21 910 920 
stack 127:    119 280 443 259 971 578 
stack 128:    926 148 541 881 288 976 
stack 129:    743 908 798 562 564 137 
stack 130:    911 276 811 473 140 387 
stack 131:    17 277 579 158 237 961 
stack 132:    165 159 528 516 846 673 
stack 133:    664 85 216 973 630 330 
stack 134:    598 977 964 903 498 81 
stack 135:    221 283 942 300 248 437 
stack 136:    731 861 557 704 250 239 
stack 137:    868 674 59 73 737 395 
stack 138:    78 525 114 745 318 236 
stack 139:    30 121 315 754 181 228 
stack 140:    469 855 658 569 240 45 
stack 141:    455 700 389 666 122 381 
stack 142:    55 591 25 850 867 222 
stack 143:    735 607 183 27 102 990 
stack 144:    60 338 834 139 691 497 
stack 145:    695 544 456 4 980 690 
stack 146:    686 69 138 943 459 151 
stack 147:    178 527 539 37 182 290 
stack 148:    109 414 163 748 829 775 
stack 149:    509 76 152 767 589 907 
stack 150:    53 117 272 215 475 763 
stack 151:    788 166 709 396 502 601 
stack 152:    353 716 187 733 253 372 
stack 153:    226 853 822 211 447 457 
stack 154:    698 360 141 752 57 8 
stack 155:    657 872 582 678 966 967 
stack 156:    263 134 851 91 71 814 
stack 157:    167 482 58 410 80 770 
stack 158:    422 170 268 68 844 384 
stack 159:    543 533 883 67 126 289 
stack 160:    833 610 952 430 34 520 
stack 161:    599 871 111 602 252 703 
stack 162:    310 640 765 575 567 22 
stack 163:    918 492 791 493 100 823 
stack 164:    323 188 496 756 588 651 
stack 165:    124 1 249 545 391 
stack 166:    191 
stack 167:    869 
stack 168:    494 687 
stack 169:    312 
stack 170:    
stack 171:    
stack 172:    
stack 173:    
stack 174:    
stack 175:    
stack 176:    
stack 177:    
stack 178:    
stack 179:    
stack 180:    
stack 181:    
stack 182:    
stack 183:    
stack 184:    
stack 185:    
stack 186:    
stack 187:    
stack 188:    
stack 189:    
stack 190:    
stack 191:    
stack 192:    
stack 193:    
stack 194:    
stack 195:    
stack 196:    
stack 197:    
stack 198:    
stack 199:    
stack 200:    
