lower bound for relaxed s_ij: 1177692.34

#####################################################

solved with: SP.constructive_heuristics.GeneralHeuristic
time limit: 3600.0 s
time to solve: 0,00 s
objective value: 1301598.22

stacks (top to bottom):
stack 0:    172 840 988 603 623 920 
stack 1:    346 789 56 613 554 640 
stack 2:    935 68 174 235 631 797 
stack 3:    768 137 49 609 803 716 
stack 4:    93 447 262 809 832 336 
stack 5:    900 542 231 887 173 719 
stack 6:    259 186 926 595 3 157 
stack 7:    67 151 526 477 571 418 
stack 8:    146 824 5 771 676 929 
stack 9:    635 266 91 818 689 730 
stack 10:    604 594 105 972 802 856 
stack 11:    184 893 413 993 910 764 
stack 12:    305 820 850 863 139 682 
stack 13:    179 423 264 389 828 952 
stack 14:    297 221 853 116 744 97 
stack 15:    356 773 471 562 927 65 
stack 16:    138 591 823 549 351 6 
stack 17:    788 405 292 205 478 492 
stack 18:    686 360 269 58 681 156 
stack 19:    718 367 189 973 752 987 
stack 20:    103 142 318 867 572 163 
stack 21:    329 895 180 677 745 586 
stack 22:    344 450 166 865 518 207 
stack 23:    484 353 894 896 392 271 
stack 24:    485 29 81 63 125 509 
stack 25:    666 913 999 520 582 51 
stack 26:    529 891 587 409 18 124 
stack 27:    197 801 827 135 153 313 
stack 28:    585 437 385 404 864 986 
stack 29:    136 190 236 569 767 528 
stack 30:    547 763 451 835 340 249 
stack 31:    584 465 92 402 43 517 
stack 32:    454 506 145 339 47 170 
stack 33:    883 515 633 846 480 726 
stack 34:    349 370 890 714 85 671 
stack 35:    284 39 669 87 902 643 
stack 36:    885 158 373 994 675 326 
stack 37:    188 495 819 737 396 108 
stack 38:    580 225 237 50 519 964 
stack 39:    879 273 715 660 488 457 
stack 40:    683 383 514 430 168 361 
stack 41:    808 859 96 433 201 70 
stack 42:    815 644 848 882 128 258 
stack 43:    303 755 459 831 52 527 
stack 44:    463 295 536 60 991 167 
stack 45:    612 921 441 106 914 31 
stack 46:    589 564 374 19 648 59 
stack 47:    977 41 261 693 220 301 
stack 48:    499 183 843 498 943 784 
stack 49:    243 947 414 88 793 672 
stack 50:    704 439 474 733 388 407 
stack 51:    596 464 500 501 178 545 
stack 52:    366 575 646 997 377 421 
stack 53:    491 546 368 15 770 904 
stack 54:    743 230 277 248 757 32 
stack 55:    272 169 511 607 141 679 
stack 56:    950 375 428 2 628 637 
stack 57:    699 868 244 647 321 996 
stack 58:    736 548 283 892 434 12 
stack 59:    862 84 965 134 210 1 
stack 60:    424 588 347 7 187 279 
stack 61:    599 976 408 861 324 652 
stack 62:    127 155 250 855 654 616 
stack 63:    11 140 701 629 265 664 
stack 64:    901 412 774 805 71 387 
stack 65:    851 754 95 761 645 364 
stack 66:    320 209 854 426 287 304 
stack 67:    315 933 126 735 13 251 
stack 68:    565 707 117 74 769 923 
stack 69:    232 411 215 278 110 448 
stack 70:    64 164 906 42 35 911 
stack 71:    984 624 317 415 665 558 
stack 72:    206 192 880 390 731 294 
stack 73:    281 852 89 194 453 593 
stack 74:    449 203 690 290 263 780 
stack 75:    738 794 115 152 114 99 
stack 76:    656 653 765 661 838 955 
stack 77:    876 165 847 836 80 521 
stack 78:    812 825 343 223 698 316 
stack 79:    750 45 550 537 734 916 
stack 80:    154 420 756 486 267 252 
stack 81:    66 149 601 813 946 804 
stack 82:    924 844 102 557 217 709 
stack 83:    331 77 352 442 833 185 
stack 84:    30 378 240 358 260 288 
stack 85:    945 147 122 566 898 198 
stack 86:    79 161 202 821 400 401 
stack 87:    335 531 94 775 350 990 
stack 88:    787 82 796 21 610 705 
stack 89:    496 270 445 403 740 239 
stack 90:    981 899 121 678 829 440 
stack 91:    36 438 814 903 662 410 
stack 92:    917 73 760 579 300 600 
stack 93:    907 123 922 489 508 490 
stack 94:    694 334 538 541 510 642 
stack 95:    397 816 912 17 24 889 
stack 96:    8 406 28 213 113 379 
stack 97:    341 255 568 162 668 779 
stack 98:    551 791 419 256 280 384 
stack 99:    328 143 132 878 253 650 
stack 100:    131 532 245 884 561 455 
stack 101:    697 109 502 276 706 226 
stack 102:    778 766 928 369 216 578 
stack 103:    40 330 533 494 702 322 
stack 104:    293 365 622 951 934 268 
stack 105:    942 655 810 618 845 176 
stack 106:    62 444 759 380 625 979 
stack 107:    615 783 302 479 634 931 
stack 108:    795 382 581 932 605 790 
stack 109:    274 505 739 998 723 468 
stack 110:    583 381 727 620 632 76 
stack 111:    611 525 69 467 785 674 
stack 112:    960 200 227 839 696 597 
stack 113:    512 695 936 908 429 129 
stack 114:    104 713 834 309 872 416 
stack 115:    712 685 915 555 944 619 
stack 116:    144 989 462 286 641 191 
stack 117:    870 372 630 61 598 323 
stack 118:    98 393 83 530 359 446 
stack 119:    312 181 182 391 171 458 
stack 120:    193 732 507 573 487 101 
stack 121:    427 638 363 956 247 224 
stack 122:    425 958 728 16 799 806 
stack 123:    762 333 332 742 721 543 
stack 124:    717 687 985 830 26 811 
stack 125:    748 753 177 535 708 938 
stack 126:    881 44 837 544 627 75 
stack 127:    969 673 20 866 307 23 
stack 128:    342 800 553 398 472 746 
stack 129:    563 869 422 860 48 897 
stack 130:    497 289 918 975 38 982 
stack 131:    242 199 371 435 680 37 
stack 132:    781 792 574 208 974 228 
stack 133:    357 513 432 639 14 741 
stack 134:    482 483 78 516 722 995 
stack 135:    466 90 949 523 849 688 
stack 136:    758 55 657 725 0 919 
stack 137:    888 452 473 222 567 663 
stack 138:    285 233 299 57 476 703 
stack 139:    160 621 100 961 970 776 
stack 140:    720 937 875 962 394 257 
stack 141:    133 246 345 327 296 959 
stack 142:    53 857 667 72 27 504 
stack 143:    817 968 747 319 291 456 
stack 144:    684 219 461 978 362 777 
stack 145:    238 212 130 204 909 670 
stack 146:    576 963 786 436 659 710 
stack 147:    195 119 308 939 948 905 
stack 148:    842 470 941 957 159 552 
stack 149:    25 475 503 606 651 925 
stack 150:    570 196 460 337 354 234 
stack 151:    4 111 386 229 649 481 
stack 152:    992 798 540 608 86 524 
stack 153:    556 33 175 493 355 112 
stack 154:    711 46 560 953 241 886 
stack 155:    871 443 729 211 577 692 
stack 156:    469 966 275 971 254 150 
stack 157:    376 980 148 967 617 749 
stack 158:    940 877 724 590 873 118 
stack 159:    9 214 751 930 10 559 
stack 160:    310 22 782 874 534 34 
stack 161:    772 592 822 311 602 841 
stack 162:    338 691 395 348 298 954 
stack 163:    636 700 807 120 
stack 164:    858 282 399 325 
stack 165:    826 539 
stack 166:    983 54 431 306 417 107 
stack 167:    614 
stack 168:    218 658 
stack 169:    522 626 
stack 170:    314 
stack 171:    
stack 172:    
stack 173:    
stack 174:    
stack 175:    
stack 176:    
stack 177:    
stack 178:    
stack 179:    
stack 180:    
stack 181:    
stack 182:    
stack 183:    
stack 184:    
stack 185:    
stack 186:    
stack 187:    
stack 188:    
stack 189:    
stack 190:    
stack 191:    
stack 192:    
stack 193:    
stack 194:    
stack 195:    
stack 196:    
stack 197:    
stack 198:    
stack 199:    
stack 200:    
