lower bound for relaxed s_ij: 1177697.22

#####################################################

solved with: SP.constructive_heuristics.GeneralHeuristic
time limit: 3600.0 s
time to solve: 0,00 s
objective value: 1294338.36

stacks (top to bottom):
stack 0:    533 461 443 777 662 655 
stack 1:    756 709 68 804 622 376 
stack 2:    397 898 408 984 47 737 
stack 3:    718 50 752 235 997 992 
stack 4:    150 976 437 404 466 712 
stack 5:    496 745 592 25 640 238 
stack 6:    583 625 572 219 422 470 
stack 7:    232 996 913 576 728 732 
stack 8:    336 542 566 22 800 696 
stack 9:    330 710 927 386 144 484 
stack 10:    206 748 526 2 415 132 
stack 11:    125 727 222 773 651 520 
stack 12:    464 55 540 109 798 324 
stack 13:    129 817 894 175 805 29 
stack 14:    78 892 45 810 228 203 
stack 15:    792 21 269 581 348 341 
stack 16:    457 828 832 644 926 162 
stack 17:    418 833 512 501 230 249 
stack 18:    493 938 667 663 306 793 
stack 19:    147 116 933 957 442 685 
stack 20:    280 517 135 653 264 962 
stack 21:    654 51 215 606 488 681 
stack 22:    81 196 739 28 871 544 
stack 23:    693 919 27 257 901 629 
stack 24:    454 795 136 202 33 990 
stack 25:    283 697 994 248 884 614 
stack 26:    866 155 250 924 322 256 
stack 27:    724 702 944 498 869 825 
stack 28:    564 438 941 71 160 188 
stack 29:    791 425 319 323 647 282 
stack 30:    769 680 110 276 186 692 
stack 31:    161 277 152 762 313 781 
stack 32:    423 359 242 822 281 307 
stack 33:    300 986 16 573 958 854 
stack 34:    293 12 392 333 823 619 
stack 35:    641 719 285 297 699 835 
stack 36:    574 763 886 746 939 126 
stack 37:    588 949 649 760 331 19 
stack 38:    76 416 778 84 268 351 
stack 39:    563 369 38 609 198 451 
stack 40:    254 476 164 382 988 964 
stack 41:    672 80 596 165 199 902 
stack 42:    429 909 600 107 785 688 
stack 43:    767 279 335 652 367 346 
stack 44:    757 243 172 842 353 744 
stack 45:    764 872 690 383 316 797 
stack 46:    523 217 845 338 98 827 
stack 47:    508 270 421 893 309 505 
stack 48:    580 101 882 60 201 433 
stack 49:    119 524 292 131 194 482 
stack 50:    880 530 401 821 937 582 
stack 51:    511 584 385 597 85 494 
stack 52:    553 863 435 66 20 934 
stack 53:    140 928 48 565 209 370 
stack 54:    559 159 714 460 49 354 
stack 55:    173 897 628 405 89 195 
stack 56:    299 141 820 929 579 31 
stack 57:    474 246 883 814 664 41 
stack 58:    115 916 875 391 860 295 
stack 59:    440 771 907 826 74 532 
stack 60:    86 981 968 288 851 154 
stack 61:    231 289 403 452 15 624 
stack 62:    237 816 700 878 843 522 
stack 63:    766 67 122 169 684 877 
stack 64:    802 166 375 539 62 158 
stack 65:    183 707 490 259 387 506 
stack 66:    679 473 675 468 221 226 
stack 67:    549 999 859 163 0 151 
stack 68:    659 906 35 58 445 849 
stack 69:    310 263 448 953 82 388 
stack 70:    134 987 139 406 220 112 
stack 71:    320 204 729 407 537 95 
stack 72:    332 616 914 156 954 449 
stack 73:    643 315 608 868 567 873 
stack 74:    486 247 552 223 502 852 
stack 75:    327 294 108 794 171 611 
stack 76:    782 887 772 286 301 642 
stack 77:    687 105 463 850 613 432 
stack 78:    715 410 975 419 54 989 
stack 79:    3 666 551 87 620 400 
stack 80:    492 896 708 153 430 682 
stack 81:    261 255 645 278 983 358 
stack 82:    633 840 768 455 713 23 
stack 83:    373 742 290 446 361 716 
stack 84:    374 362 450 225 260 477 
stack 85:    94 545 973 626 562 723 
stack 86:    148 831 912 174 905 617 
stack 87:    398 347 960 189 991 413 
stack 88:    759 207 656 342 985 265 
stack 89:    809 205 113 812 590 191 
stack 90:    30 774 339 394 955 65 
stack 91:    424 96 701 180 343 210 
stack 92:    593 334 479 402 378 182 
stack 93:    478 706 379 858 434 302 
stack 94:    686 730 456 790 570 514 
stack 95:    253 951 287 337 117 5 
stack 96:    674 103 39 801 36 917 
stack 97:    274 536 789 177 603 475 
stack 98:    841 694 120 978 961 308 
stack 99:    340 356 393 485 546 304 
stack 100:    966 436 780 799 428 312 
stack 101:    37 870 510 876 328 594 
stack 102:    796 740 918 52 703 519 
stack 103:    360 972 491 521 678 40 
stack 104:    671 749 891 252 935 834 
stack 105:    9 525 621 480 561 824 
stack 106:    489 743 411 956 668 185 
stack 107:    931 441 218 819 635 53 
stack 108:    733 102 371 970 79 543 
stack 109:    317 595 63 899 557 143 
stack 110:    197 945 948 487 765 889 
stack 111:    90 731 127 467 925 6 
stack 112:    83 930 100 784 258 558 
stack 113:    326 13 266 661 980 14 
stack 114:    409 969 99 8 192 157 
stack 115:    212 503 291 447 384 853 
stack 116:    92 298 142 844 867 236 
stack 117:    813 311 535 587 389 726 
stack 118:    507 181 571 736 874 862 
stack 119:    123 130 200 900 578 998 
stack 120:    932 527 61 296 73 352 
stack 121:    630 504 895 818 604 420 
stack 122:    830 758 636 11 396 982 
stack 123:    904 137 17 366 755 950 
stack 124:    513 167 770 677 509 847 
stack 125:    329 865 431 349 138 240 
stack 126:    26 963 575 734 837 839 
stack 127:    631 187 605 750 458 472 
stack 128:    229 497 444 213 965 77 
stack 129:    262 890 390 665 922 811 
stack 130:    735 7 856 529 634 741 
stack 131:    272 910 365 241 516 10 
stack 132:    34 952 233 145 427 947 
stack 133:    483 722 114 855 184 284 
stack 134:    788 959 848 903 657 829 
stack 135:    18 124 586 660 417 720 
stack 136:    1 691 556 176 75 72 
stack 137:    372 864 344 368 607 993 
stack 138:    305 531 568 111 128 24 
stack 139:    314 118 459 808 465 364 
stack 140:    88 178 224 761 612 469 
stack 141:    695 234 357 610 979 44 
stack 142:    637 915 705 547 995 879 
stack 143:    623 69 179 251 861 806 
stack 144:    244 350 946 786 836 46 
stack 145:    721 807 97 399 42 363 
stack 146:    321 245 598 936 500 669 
stack 147:    275 585 747 70 591 91 
stack 148:    638 560 412 481 815 646 
stack 149:    106 787 550 632 170 670 
stack 150:    599 495 303 93 57 190 
stack 151:    673 857 499 208 838 618 
stack 152:    121 214 104 211 775 528 
stack 153:    615 414 569 426 940 846 
stack 154:    146 676 64 43 149 885 
stack 155:    639 711 683 942 227 395 
stack 156:    538 725 967 534 911 193 
stack 157:    921 577 698 541 717 803 
stack 158:    518 345 751 377 133 355 
stack 159:    783 923 908 325 555 439 
stack 160:    974 318 56 602 627 779 
stack 161:    977 689 380 943 32 589 
stack 162:    601 971 168 658 
stack 163:    216 273 515 920 754 239 
stack 164:    271 776 738 548 650 
stack 165:    881 888 267 4 648 704 
stack 166:    453 471 462 
stack 167:    59 
stack 168:    381 554 753 
stack 169:    
stack 170:    
stack 171:    
stack 172:    
stack 173:    
stack 174:    
stack 175:    
stack 176:    
stack 177:    
stack 178:    
stack 179:    
stack 180:    
stack 181:    
stack 182:    
stack 183:    
stack 184:    
stack 185:    
stack 186:    
stack 187:    
stack 188:    
stack 189:    
stack 190:    
stack 191:    
stack 192:    
stack 193:    
stack 194:    
stack 195:    
stack 196:    
stack 197:    
stack 198:    
stack 199:    
stack 200:    
