lower bound for relaxed s_ij: 1177692.42

#####################################################

solved with: SP.constructive_heuristics.GeneralHeuristic
time limit: 3600.0 s
time to solve: 0,00 s
objective value: 1303088.96

stacks (top to bottom):
stack 0:    799 894 609 91 298 701 
stack 1:    686 836 145 97 22 861 
stack 2:    385 795 102 771 935 670 
stack 3:    755 278 863 886 388 579 
stack 4:    930 988 715 96 735 749 
stack 5:    89 499 210 796 15 177 
stack 6:    794 304 959 26 889 321 
stack 7:    213 905 814 509 684 411 
stack 8:    696 981 787 446 451 619 
stack 9:    575 221 726 578 911 424 
stack 10:    848 398 315 463 355 268 
stack 11:    305 874 157 646 313 79 
stack 12:    160 540 464 604 14 288 
stack 13:    620 873 561 449 718 698 
stack 14:    261 292 895 956 68 113 
stack 15:    781 712 840 760 468 618 
stack 16:    822 531 103 736 564 427 
stack 17:    936 685 391 828 207 435 
stack 18:    88 989 713 843 45 645 
stack 19:    716 740 906 125 642 525 
stack 20:    884 129 94 248 650 254 
stack 21:    457 330 680 238 758 230 
stack 22:    690 746 36 487 404 455 
stack 23:    101 637 647 722 595 28 
stack 24:    825 52 225 224 697 731 
stack 25:    563 1 47 808 538 983 
stack 26:    524 823 192 336 678 439 
stack 27:    311 384 180 598 100 506 
stack 28:    791 606 834 85 709 293 
stack 29:    931 208 317 601 265 331 
stack 30:    725 249 163 83 523 804 
stack 31:    783 987 172 340 77 447 
stack 32:    420 679 342 3 807 368 
stack 33:    122 86 348 912 997 488 
stack 34:    516 358 996 909 444 312 
stack 35:    373 885 934 301 412 303 
stack 36:    273 124 19 81 970 242 
stack 37:    802 846 423 511 46 187 
stack 38:    964 169 972 202 974 510 
stack 39:    269 128 754 63 448 76 
stack 40:    341 724 386 683 185 162 
stack 41:    636 306 467 466 764 539 
stack 42:    227 159 858 872 552 520 
stack 43:    433 743 216 346 717 548 
stack 44:    923 299 847 110 297 35 
stack 45:    876 798 219 376 839 617 
stack 46:    659 773 952 431 926 240 
stack 47:    241 761 585 407 938 625 
stack 48:    986 896 396 347 612 837 
stack 49:    626 857 941 155 496 380 
stack 50:    209 663 887 115 719 622 
stack 51:    734 608 660 414 233 785 
stack 52:    126 864 831 537 553 947 
stack 53:    767 985 300 212 711 308 
stack 54:    687 704 257 135 999 294 
stack 55:    408 967 765 119 40 515 
stack 56:    443 545 692 920 661 589 
stack 57:    465 852 908 866 870 38 
stack 58:    252 332 900 481 462 247 
stack 59:    27 789 703 971 130 775 
stack 60:    489 335 214 570 638 258 
stack 61:    98 316 92 673 141 426 
stack 62:    667 430 267 833 475 131 
stack 63:    477 471 639 943 325 226 
stack 64:    472 655 624 529 458 528 
stack 65:    544 903 217 370 592 992 
stack 66:    629 893 786 438 990 832 
stack 67:    587 402 979 960 295 364 
stack 68:    401 820 353 453 957 566 
stack 69:    615 356 975 922 845 199 
stack 70:    281 422 5 850 526 51 
stack 71:    556 691 277 853 855 266 
stack 72:    929 200 328 973 383 11 
stack 73:    695 289 668 623 121 547 
stack 74:    821 114 868 357 156 898 
stack 75:    452 95 495 59 962 4 
stack 76:    993 460 567 892 473 363 
stack 77:    93 8 518 410 813 927 
stack 78:    644 702 478 792 397 149 
stack 79:    502 652 507 369 551 366 
stack 80:    170 745 961 942 337 195 
stack 81:    915 307 476 946 658 899 
stack 82:    400 389 741 902 877 530 
stack 83:    193 901 334 24 613 186 
stack 84:    33 914 482 161 627 118 
stack 85:    665 880 469 262 70 940 
stack 86:    779 600 343 953 543 503 
stack 87:    150 29 354 425 56 189 
stack 88:    648 705 806 498 633 819 
stack 89:    137 290 888 676 573 239 
stack 90:    183 500 416 829 723 907 
stack 91:    220 976 955 108 782 497 
stack 92:    527 66 80 58 48 375 
stack 93:    928 486 732 406 815 178 
stack 94:    30 550 480 34 146 536 
stack 95:    302 675 314 710 127 405 
stack 96:    136 610 367 664 436 84 
stack 97:    179 910 69 459 803 586 
stack 98:    651 951 811 688 939 501 
stack 99:    215 982 504 654 826 17 
stack 100:    201 13 117 326 851 165 
stack 101:    879 167 748 591 878 222 
stack 102:    535 859 862 333 607 991 
stack 103:    824 74 387 572 714 770 
stack 104:    700 588 512 494 631 53 
stack 105:    6 842 228 309 60 374 
stack 106:    689 797 372 275 148 913 
stack 107:    640 134 441 173 231 730 
stack 108:    479 417 641 329 674 483 
stack 109:    505 871 456 772 37 394 
stack 110:    139 41 324 602 751 634 
stack 111:    519 274 727 276 699 21 
stack 112:    282 286 206 788 144 965 
stack 113:    998 643 413 984 204 320 
stack 114:    921 43 55 133 597 628 
stack 115:    143 140 151 490 805 106 
stack 116:    18 352 390 681 371 835 
stack 117:    437 377 260 534 229 963 
stack 118:    65 577 491 759 948 57 
stack 119:    738 752 445 517 883 682 
stack 120:    750 580 154 493 392 774 
stack 121:    616 419 82 994 594 194 
stack 122:    223 763 693 351 737 919 
stack 123:    263 522 176 9 344 474 
stack 124:    428 827 418 562 559 44 
stack 125:    812 706 259 542 10 105 
stack 126:    345 793 409 762 116 182 
stack 127:    361 978 800 75 630 818 
stack 128:    583 950 280 875 549 733 
stack 129:    614 869 521 109 632 841 
stack 130:    25 197 605 817 322 891 
stack 131:    969 61 937 728 649 184 
stack 132:    657 32 395 582 20 270 
stack 133:    142 508 191 611 381 557 
stack 134:    790 599 251 237 378 669 
stack 135:    854 365 362 120 801 856 
stack 136:    708 780 596 944 932 379 
stack 137:    90 218 662 949 565 470 
stack 138:    271 729 360 995 966 31 
stack 139:    0 766 514 181 881 403 
stack 140:    132 319 166 415 429 164 
stack 141:    111 253 104 924 918 558 
stack 142:    205 925 756 39 62 71 
stack 143:    7 12 147 546 232 291 
stack 144:    49 99 196 904 980 153 
stack 145:    78 359 635 768 107 666 
stack 146:    310 244 769 87 349 849 
stack 147:    933 707 64 393 203 784 
stack 148:    123 533 744 757 568 541 
stack 149:    16 432 742 865 968 112 
stack 150:    882 897 168 440 255 860 
stack 151:    318 236 272 945 603 484 
stack 152:    593 350 721 338 283 152 
stack 153:    916 188 777 264 554 672 
stack 154:    67 890 245 256 454 485 
stack 155:    211 590 576 73 739 574 
stack 156:    958 174 138 284 778 776 
stack 157:    844 694 442 621 653 977 
stack 158:    279 285 2 720 42 838 
stack 159:    513 584 492 569 246 434 
stack 160:    235 234 581 287 747 571 
stack 161:    917 867 327 171 677 339 
stack 162:    250 23 323 421 954 532 
stack 163:    809 243 816 461 450 382 
stack 164:    830 671 
stack 165:    50 
stack 166:    399 753 810 
stack 167:    296 560 656 72 198 
stack 168:    158 555 54 
stack 169:    175 
stack 170:    190 
stack 171:    
stack 172:    
stack 173:    
stack 174:    
stack 175:    
stack 176:    
stack 177:    
stack 178:    
stack 179:    
stack 180:    
stack 181:    
stack 182:    
stack 183:    
stack 184:    
stack 185:    
stack 186:    
stack 187:    
stack 188:    
stack 189:    
stack 190:    
stack 191:    
stack 192:    
stack 193:    
stack 194:    
stack 195:    
stack 196:    
stack 197:    
stack 198:    
stack 199:    
stack 200:    
